47244
94432
141517
188367
235309
282412
329314
376261
423351
470459
517496
564446
611510
658503
705504
752514
799545
846531
893478
940564
987644
1034751
1081636
1128709
1175709
1222687
1269635
1316788
1363712
1410726
1457684
1504688
1551644
1598557
1645518
1692513
1739519
1786391
1833447
1880291
1927188
1974266
2021239
2068211
2115258
2162271
2209257
2256239
2303132
2350056
2396975
2443924
2490836
2537583
2584708
2631780
2678863
2725936
2772979
2819898
2866735
2913838
2960929
3007996
3054904
3102009
3149067
3196089
3243097
3290024
3337010
3384069
3430907
3477901
3524999
3572122
3619139
3666170
3713213
3760108
3807079
3854222
3901276
3948375
3995411
4042490
4089513
4136485
4183541
4230671
4277809
4324879
4371871
4418920
4465830
4512911
4559840
4606864
4653810
4700908
4747959
4794944
4842008
4889052
4936075
4982953
5030023
5077029
5124080
5171139
5218124
5265248
5312248
5359301
5406267
5453262
5500249
5547270
5594260
5641115
5688069
5735140
5782133
5829230
5876234
5923295
5970376
6017359
6064517
6111507
6158475
6205553
6252435
6299503
6346505
6393490
6440632
6487551
6534576
6581723
6628731
6675720
6722657
6769736
6816768
6863617
6910674
6957692
7004630
7051653
7098502
7145568
7192656
7239558
7286558
7333558
7380507
7427454
7474446
7521609
7568575
7615661
7662641
7709645
7756608
7803543
7850688
7897661
7944682
7991584
8038630
8085780
8132967
8179879
8226765
8273786
8320841
8367641
8414561
8461546
8508435
8555374
8602457
8649612
8696480
8743520
8790543
8837668
8884650
8931590
8978584
9025753
9072748
9119706
9166838
9213895
9260960
9307867
9354834
9401716
9448710
9495767
9542891
9589919
9637068
9684183
9731209
9778291
9825245
9872306
9919281
9966234
10013259
10060250
10107213
10154242
10201165
10248152
10295163
10342225
10389255
10436300
10483295
10530217
10577270
10624332
10671185
10718149
10765143
10812157
10859185
10906195
10953191
11000133
11047120
11094231
11141330
11188282
11235228
11282306
11329407
11376401
11423379
11470454
11517431
11564385
11611475
11658610
11705537
11752565
11799561
11846584
11893561
11940527
11987436
12034271
12081294
12128283
12175293
12222274
12269348
12316396
12363482
12410492
12457520
12504427
12551438
12598289
12645232
12692137
12739296
12786215
12833222
12880323
12927342
12974305
13021310
13068280
13115375
13162341
13209229
13256254
13303245
13350219
13397237
13444322
13491400
13538451
13585492
13632491
13679606
13726597
13773531
13820671
13867731
13914659
13961676
14008714
14055807
14102747
14149739
14196801
14243861
14290832
14337854
14384842
14431765
14478861
14525924
14572949
14619938
14667035
14714170
14761190
14808140
14855225
14902184
14949192
14996306
15043133
15090157
15137026
15184025
15230984
15277900
15324798
15371864
15418835
15465811
15512772
15559843
15606767
15653751
15700679
15747569
15794721
15841655
15888656
15935755
15982727
16029781
16076879
16123793
16170750
16217740
16264682
16311673
16358451
16405483
16452656
16499692
16546691
16593700
16640666
16687761
16734737
16781781
16828804
16875903
16922879
16969866
17016773
17063704
17110767
17157706
17204652
17251736
17298780
17345878
17392779
17439719
17486743
17533808
17580718
17627733
17674726
17721513
17768558
17815549
17862425
17909479
17956404
18003290
18050180
18097184
18144088
18191129
18238214
18285315
18332544
18379613
18426696
18473708
18520718
18567685
18614705
18661791
18708995
18755932
18803001
18850161
18897006
18943871
18990891
19037874
19084750
19131865
19178905
19225895
19272882
19319942
19366913
19413841
19461019
19507872
19554850
19601873
19648900
19695927
19742920
19789910
19836875
19883793
19930730
19977699
20024666
20071599
20118701
20165840
20212954
20260071
20307161
20354119
20401193
20448277
20495239
20542323
20589239
20636305
20683169
20730232
20777265
20824244
20871217
20918259
20965133
21012219
21059231
21106226
21153239
21200342
21247367
21294454
21341639
21388564
21435831
21482847
21529834
21576748
21623855
21670995
21718012
21765056
21811992
21859025
21905974
21952976
21999881
22046927
22093873
22140805
22187585
22234656
22281624
22328581
22375643
22422663
22469730
22516729
22563787
22610871
22657752
22704774
22751762
22798844
22845799
22892861
22939886
22986851
23033828
23080785
23127824
23174926
23221886
23268995
23315996
23363072
23410166
23457275
23504303
23551409
23598411
23645432
23692431
23739410
23786467
23833581
23880566
23927428
23974474
24021408
24068332
24115414
24162549
24209683
24256713
24303678
24350730
24397739
24444875
24491973
24539035
24585978
24632994
24680069
24727275
24774250
24821361
24868485
24915420
24962414
25009432
25056501
25103577
25150595
25197622
25244498
25291588
25338586
25385616
25432588
25479460
25526434
25573509
25620330
25667380
25714502
25761482
25808483
25855469
25902318
25949431
25996413
26043391
26090399
26137650
26184546
26231546
26278515
26325545
26372658
26419805
26466690
26513841
26560832
26607823
26654752
26701821
26748728
26795710
26842660
26889774
26936621
26983599
27030697
27077698
27124683
27171685
27218734
27265718
27312803
27359690
27406750
27453815
27500784
27547884
27594768
27641724
27688757
27735532
27782540
27829563
27876762
27923586
27970528
28017574
28064538
28111639
28158637
28205720
28252631
28299588
28346564
28393629
28440708
28487871
28534895
28582097
28629285
28676371
28723578
28770699
28817731
28864677
28911674
28958619
29005690
29052554
29099497
29146347
29193307
29240205
29287130
29334198
29381250
29428325
29475277
29522391
29569362
29616339
29663393
29710421
29757577
29804616
29851671
29898570
29945568
29992679
30039732
30086734
30133851
30180996
30228040
30275013
30322068
30368942
30416049
30462962
30510064
30557045
30604058
30651092
30698143
30745189
30792278
30839209
30886125
30933259
30980338
31027232
31074191
31121068
31168010
31215045
31261985
31308925
31355913
31402914
31449733
31496668
31543810
31590865
31638029
31685129
31732153
31779062
31826095
31873067
31920095
31967168
32014134
32061169
32108248
32155314
32202254
32249212
32296137
32343109
32390209
32437147
32484092
32531066
32578053
32625173
32672335
32719337
32766336
32813313
32860364
32907516
32954512
33001526
33048409
33095510
33142554
33189624
33236744
33283843
33330777
33377699
33424677
33471764
33518832
33565758
33612798
33659740
33706730
33753572
33800509
33847548
33894573
33941686
33988589
34035641
34082581
34129524
34176462
34223562
34270561
34317438
34364531
34411502
34458404
34505374
34552579
34599614
34646602
34693661
34740796
34787786
34834890
34881763
34928839
34975854
35022829
35069780
35116669
35163713
35210672
35257633
35304637
35351571
35398672
35445713
35492722
35539614
35586534
35633638
35680661
35727582
35774486
35821645
35868649
35915606
35962569
36009660
36056631
36103551
36150455
36197399
36244436
36291471
36338378
36385343
36432150
36479152
36526129
36573069
36620271
36667037
36713999
36761009
36808185
36855360
36902422
36949465
36996611
37043485
37090553
37137653
37184672
37231757
37278867
37325797
37372895
37419892
37467061
37514058
37561069
37608089
37655092
37702100
37749186
37796282
37843390
37890405
37937342
37984216
38031186
38078107
38125035
38171927
38218874
38265737
38312713
38359615
38406674
38453777
38500761
38547756
38594952
38641826
38688808
38735896
38782957
38829950
38876959
38923977
38971059
39018134
39065102
39112213
39159228
39206210
39253367
39300444
39347338
39394376
39441374
39488286
39535319
39582352
39629278
39676329
39723466
39770452
39817507
39864564
39911491
39958474
40005407
40052445
40099629
40146590
40193732
40240588
40287444
40334431
40381443
40428435
40475316
40522553
40569634
40616635
40663634
40710487
40757491
40804502
40851447
40898537
40945584
40992562
41039545
41086490
41133312
41180386
41227454
41274524
41321594
41368655
41415655
41462628
41509710
41556736
41603696
41650941
41698041
41745216
41792045
41839130
41886168
41933219
41980309
42027479
42074558
42121663
42168695
42215584
42262691
42309698
42356752
42403755
42450883
42497873
42544832
42591665
42638739
42685900
42732808
42779918
42827042
42874085
42920967
42967942
43015033
43062072
43109083
43156020
43202940
43250087
43297138
43344177
43391206
43438348
43485395
43532521
43579595
43626740
43673775
43720779
43767802
43814875
43862011
43909031
43956132
44003205
44050209
44097299
44144349
44191337
44238399
44285327
44332376
44379319
44426317
44473194
44520232
44567401
44614546
44661548
44708575
44755689
44802685
44849697
44896750
44943806
44990771
45037846
45084865
45132022
45179000
45226160
45273248
45320150
45367101
45414220
45461131
45508111
45555285
45602393
45649449
45696463
45743584
45790458
45837302
45884349
45931568
45978546
46025466
46072491
46119611
46166617
46213676
46260724
46307771
46354858
46401746
46448775
46495813
46542808
46589856
46636851
46683905
46731064
46778124
46825132
46872240
46919192
46966349
47013355
47060403
47107440
47154405
47201415
47248472
47295544
47342619
47389678
47436675
47483521
47530458
47577459
47624579
47671634
47718659
47765663
47812701
47859773
47907112
47954085
48001120
48048093
48095018
48142072
48189060
48236070
48283084
48330042
48376873
48423933
48470823
48517934
48565000
48612043
48659212
48706323
48753335
48800345
48847371
48894351
48941378
48988364
49035435
49082523
49129512
49176506
49223529
49270359
49317278
49364244
49411240
49458230
49505241
49552265
49599363
49646459
49693449
49740503
49787638
49834546
49881506
49928552
49975563
50022394
50069429
50116600
50163572
50210437
50257676
50304708
50351723
50398693
50445794
50492844
50539799
50586861
50633931
50681043
50728149
50775176
50822226
50869183
50916202
50963102
51010053
51057170
51104139
51151294
51198277
51245317
51292299
51339367
51386422
51433477
51480379
51527415
51574341
51621272
51668310
51715181
51762351
51809454
51856440
51903471
51950403
51997523
52044656
52091573
52138596
52185448
52232552
52279582
52326634
52373786
52420738
52467665
52514533
52561487
52608482
52655509
52702489
52749513
52796585
52843622
52890587
52937508
52984474
53031436
53078339
53125408
53172385
53219405
53266499
53313458
53360506
53407570
53454718
53501814
53548824
53595822
53642702
53689830
53736792
53783800
53830769
53877604
53924591
53971567
54018510
54065446
54112634
54159594
54206431
54253434
54300445
54347323
54394314
54441258
54488264
54535113
54581928
54628929
54676022
54723021
54769844
54816845
54863940
54910814
54957855
55004874
55051853
55098915
55145882
55192981
55240045
55286927
55333890
55380967
55428030
55475042
55522136
55569173
55616204
55663118
55710168
55757036
55804024
55850961
55897924
55945062
55992064
56039030
56085939
56132808
56179901
56227014
56274133
56321201
56368273
56415178
56462233
56509400
56556490
56603544
56650554
56697607
56744828
56791795
56838718
56885615
56932570
56979571
57026434
57073466
57120327
57167476
57214447
57261455
57308425
57355583
57402614
57449741
57496765
57543682
57590693
57637748
57684719
57731952
57778935
57825882
57872952
57919888
57966927
58014031
58061102
58108152
58155138
58202188
58249156
58296202
58343013
58390004
58437073
58484107
58531140
58578293
58625336
58672389
58719331
58766341
58813224
58860199
58907330
58954286
59001232
59048173
59095198
59142273
59189178
59236096
59283002
59330084
59377097
59424027
59470987
59518057
59565089
59612171
59659160
59706158
59753101
59800180
59847239
59894173
59941273
59988327
60035374
60082361
60129358
60176551
60223738
60270666
60317714
60364862
60411962
60459043
60506088
60553165
60600273
60647249
60694289
60741323
60788422
60835608
60882710
60929655
60976590
61023515
61070534
61117517
61164493
61211557
61258597
61305735
61352683
61399700
61446677
61493707
61540745
61587791
61634897
61681819
61728898
61776004
61823037
61869928
61916971
61964078
62011153
62058227
62105306
62152271
62199105
62246096
62293000
62339978
62386901
62434063
62481069
62528206
62575139
62622077
62669047
62715877
62762781
62809854
62856828
62903781
62950947
62998009
63045010
63091965
63139028
63185973
63232949
63279934
63326732
63373787
63420845
63467874
63514809
63561899
63608942
63655919
63703029
63750076
63797058
63844110
63891177
63938106
63985153
64032211
64079349
64126478
64173465
64220377
64267348
64314322
64361341
64408273
64455120
64502084
64549099
64596091
64643003
64690061
64736984
64784015
64831127
64878052
64924988
64971850
65018952
65065753
65112772
65159788
65206774
65253647
65300585
65347705
65394766
65441812
65488885
65535821
65582804
65629756
65676814
65723831
65770820
65817762
65864746
65911637
65958575
66005619
66052573
66099655
66146839
66193720
66240686
66287723
66334750
66381810
66428880
66475716
66522693
66569660
66616810
66663838
66710809
66757890
66804719
66851848
66898838
66945691
66992710
67039750
67086815
67133864
67180799
67227849
67274817
67321800
67368822
67415914
67462851
67509737
67556784
67603845
67650877
67697954
67744782
67791764
67838809
67885609
67932661
67979749
68026804
68073883
68120909
68168026
