1.0978741475712974
1.1013219686937492
1.0977671225283556
1.1006393074387741
1.0948594963283287
1.1042466318131712
1.1015222396184918
1.1057204016628694
1.1055989097986336
1.093545735582076
1.096914516776915
1.1021935499266775
1.102237250608078
1.1056323645452824
1.1116497299690593
1.1109045018886308
1.1058211928057897
1.1013010237381478
1.1025380839544838
1.100901299342572
1.101528336967751
1.1105190178566335
1.1022903385101739
1.1054422176549508
1.1001632836234079
1.1000825063148179
1.1034041293196555
1.0974252135452258
1.1013993733677487
1.111718342362766
1.1011712683463297
1.0957327650799726
1.0970665038734142
1.1081960403964688
1.1053466801712255
1.1037593670199342
1.103967736405031
1.0917805274811543
1.1067036282150775
1.1037339567097384
1.0962317509755382
1.1115261881040115
1.1059497074706612
1.0942777537200779
1.0992078058713743
1.1006563109592145
1.1041406015543875
1.1009051538469765
1.103537244179177
1.1037235567735797
1.0958346202661033
1.0873773798259876
1.0866532469338857
1.0882859296149263
1.091200090379049
1.0840368227498318
1.0920531822114474
1.0819550328700087
1.0898962621366994
1.089673805060313
1.0919008716305978
1.0963643792041988
1.0969080293830034
1.0910494400777975
1.0967818477480897
1.1054795758819675
1.1018926504642184
1.1028351734580477
1.1003689967856927
1.100355381471341
1.0945968331806493
1.0975843999996582
1.099918421496411
1.1043582879220826
1.1076920042499345
1.1056401426683173
1.1054176616674751
1.1050987824723206
1.1018071836058576
1.1033841045345094
1.1004607441104937
1.106740098760069
1.0952751333598005
1.097375830868742
1.106996549958586
1.09811715481205
1.1015150341816486
1.0987602268717787
1.0949930352358628
1.11035446692244
1.110195608376739
1.1039141866286628
1.105359220861233
1.0979965118854105
1.0957328383033602
1.1002219322654716
1.0974145814624636
1.1087787441259378
1.1104269204430186
1.1014150273619034
1.1025163123925563
1.0969012975108758
1.0956448959474399
1.1014771525379945
1.0896981975009117
1.0983291020579031
1.0989274463493572
1.1067914657780475
1.112331560263356
1.098060089791758
1.100991196423325
1.0956067866581956
1.0964041140177314
1.0925899601759261
1.0976095642875676
1.0994870476808183
1.1004642531056286
1.094489327762954
1.0993277243631328
1.100211811865512
1.1004990567918846
1.109688498914092
1.1013324631294172
1.1109437467396241
1.0922584960353685
1.1087604624173646
1.105564577634266
1.1006990980373432
1.1128044700664717
1.1053790787009836
1.09983590338693
1.1015361026237218
1.1030560689224613
1.1042453860895607
1.1014229834697808
1.1004520205847204
1.0994723047952868
1.1013569772136211
1.0976894406271538
1.0983044745334327
1.089677461642776
1.0972411195871854
1.0882029461950609
1.0914199365653983
1.0984654225055022
1.0978990650214264
1.0949812084256658
1.1035255832888478
1.0947204573858584
1.1006785134202834
1.0840350967166823
1.1042689844933715
1.1027742721273313
1.1038538262902016
1.1009084103670552
1.0977824102925828
1.101815403884553
1.1025185882345778
1.1002163522595365
1.0934439652953265
1.0986373467961308
1.0974275438794863
1.0992237025794898
1.093403683396069
1.092687311182171
1.0962072770934996
1.0961980234843494
1.0982795744676261
1.0973428571549761
1.0897580666475553
1.0906883005244352
1.0976873940025067
1.0986351669934402
1.1060999899612691
1.1034888668911425
1.0966210973255013
1.1011570013101815
1.1060066718499026
1.1038557212498517
1.0922698762901888
1.0889916203756547
1.1005568029216093
1.094820634505718
1.0954345478800476
1.0989827249748103
1.0962938843863204
1.0935809952007307
1.087993579512287
1.0966182195974934
1.0918360478992817
1.101919192735824
1.1026288616352886
1.1036125382316888
1.1022735325814383
1.0928117307304213
1.1059817716022482
1.1056987731244798
1.096126917381635
1.097447874446941
1.095386047733105
1.1004287089897247
1.0992242385119488
1.100929635140093
1.0953432088174027
1.0997117602158701
1.0969667219788848
1.0994618464647934
1.0947257537306736
1.0951710366991874
1.0972396338541333
1.0955930264324985
1.0979719444835856
1.102108281029248
1.1077014431773389
1.104885678581358
1.0958267068966796
1.102045668867136
1.099097580503125
1.0958498128245573
1.0932407907377362
1.0924255608202134
1.0894573082854555
1.0912204200292146
1.0940558499462267
1.0956164717345485
1.0986256181343947
1.102095762539099
1.097345260894145
1.1020895172690472
1.0952373838555216
1.098608831725627
1.0939110312626086
1.099169305486905
1.099167711036347
1.1196354039367256
1.108422201868701
1.1114294906273245
1.111657439378829
1.108619652783203
1.1099207091815553
1.1065460412444752
1.103892694957472
1.1042124120567238
1.10508925573098
1.1100352127589388
1.0952075683497249
1.0973742126669053
1.0945991362169083
1.0959578548521864
1.102887081282113
1.0996602659627277
1.0992142398851266
1.102169829259751
1.103096769436704
1.1027123653449602
1.0927782788121077
1.095936940296702
1.0991056663572163
1.0936015703943816
1.0952295023778622
1.101087027160956
1.0926411442230646
1.0975715845755087
1.0982036680887286
1.0961676024420473
1.093535506171462
1.106789558551353
1.1101865868807608
1.0994124430549348
1.0994181475797407
1.1097848284831344
1.0998980021299338
1.1159820207547453
1.1152980386645812
1.1070070609586913
1.113215978654707
1.1088153639861669
1.1122714476552362
1.1102447233250936
1.1043486946930319
1.1058901839999515
1.1086145758848918
1.115507554405577
1.1114039960619335
1.1067383874953025
1.104257628556349
1.1073392385530503
1.0987956136050943
1.0966621543082504
1.1059375312542912
1.1067648326915087
1.112768905446985
1.110583609243715
1.1062141242823413
1.1120045848142537
1.103314409837548
1.1065549093419047
1.0975796881521593
1.1005969516486847
1.09518113473381
1.1002091062801964
1.0933709786479582
1.096684263437398
1.09452787337192
1.0955087455833086
1.0984738780688308
1.094296828298762
1.1033158768069502
1.093575226999434
1.1006732217195776
1.104189059862204
1.10244273321676
1.1153059475461826
1.106688940007909
1.0988273727210567
1.102680788898117
1.0982458434496496
1.1024336500291434
1.1023162868439853
1.1062534163399902
1.0995099598963551
1.0981831071186994
1.09149806268903
1.0989390573897815
1.0988823006359314
1.0984001539064723
1.0943916438686547
1.1089112077637506
1.111813286174491
1.1020837804696888
1.1062358092323121
1.103744512825471
1.1038889971133319
1.107383231186414
1.1067279983837195
1.105169598809218
1.1040883452542825
1.0996375838910166
1.104364813519717
1.107351744038716
1.0984817914764204
1.1018891165937394
1.0921187806312507
1.094881623099385
1.0954681017906673
1.1019662625102913
1.1005712813099955
1.1037081161884068
1.0985373710458268
1.0975819303940506
1.1026070385025424
1.1022407282468014
1.1043775326121956
1.1004301515717834
1.090381271317222
1.0863281333534307
1.0923506059468397
1.0868792826470834
1.0935596303748758
1.1000889846441773
1.0969888813457525
1.0998773103228465
1.1035029487352115
1.0959262488647181
1.1029126117624928
1.1071031554611848
1.1084327969392567
1.105486234762821
1.1074158045590614
1.1149786160085855
1.115070205508039
1.111907808737434
1.1066674595789423
1.1047093491686135
1.1063488617149326
1.1035543349668617
1.1100768170111768
1.1050048477313905
1.0976978704153921
1.0962937584013432
1.084683201581637
1.0873459479299723
1.100025699903902
1.094173758851209
1.099359553148377
1.0930750628957182
1.1005210403288632
1.09852485902869
1.0977059585801856
1.1033101455537484
1.0993589858144706
1.0985104545219846
1.09823144139022
1.094833823474737
1.0914366480401583
1.0939632622893543
1.0901789903849324
1.0976395101962373
1.1043279887662283
1.0918895238786623
1.1000450727835234
1.1018254092494078
1.1008222732852984
1.0967696121284507
1.0960240316292222
1.0915011189479742
1.097926160437714
1.1036353613188337
1.1044021280393892
1.091662874522755
1.0954124184189262
1.0964954002669955
1.0985305868287174
1.0976821434886048
1.1037186535006216
1.0970272530251926
1.0888954536870643
1.1067419195686425
1.106671783567828
1.0966613624040968
1.096714083709836
1.110171420660457
1.107097681491334
1.10131124136172
1.1077508977230117
1.1167127213518473
1.1107392583126627
1.107762408309997
1.1005172085576178
1.1085429064351011
1.1038047833722655
1.0995758072625053
1.097649692136879
1.0973849888807203
1.0950061770003803
1.099407490178741
1.09285183001548
1.095607296834559
1.1047089043137583
1.1017468390472511
1.0905797629692429
1.0935369839109086
1.097587934708398
1.0949318512659296
1.0866689459603847
1.0914814937391206
1.1017173156966136
1.1027734085517502
1.0894381604182648
1.0943010834133933
1.0975484512903748
1.0979794640570795
1.0985284487034512
1.09595801702895
1.0996336790841057
1.0965674526148044
1.098184611279058
1.0991401497654487
1.0929335234982616
1.0923256479700578
1.0953702178165652
1.1036724726816949
1.098740584315991
1.0966394055485351
1.0889799039292511
1.102601279251282
1.0859012856088959
1.0981841518005755
1.0966566495065293
1.0913662567825884
1.0917833687163228
1.1074512477709786
1.098486495558737
1.1045199185510197
1.1065802237496207
1.0999980420254796
1.09378675411534
1.1043435981051553
1.1047125349798763
1.1048394045480903
1.10007774794772
1.099225587075368
1.0931327364642178
1.092681766558309
1.0986870705101421
1.1018486856218068
1.0966601378146041
1.0928281913424645
1.101651887415394
1.0937277206359002
1.09350440623538
1.0951167518458358
1.108562045092462
1.1072749303554117
1.098199310899305
1.1004130507256829
1.095455638270167
1.1082088806181845
1.1035325622758156
1.0914771654806024
1.100273097335694
1.1013691521349673
1.0912665788748557
1.0956135483734923
1.1026460516896992
1.113032049458663
1.101479078703636
1.1083839595782292
1.1037503645009221
1.1054067908245782
1.1096556336661778
1.105082246722064
1.111284038225811
1.1032660774636889
1.1047496119802682
1.0976449388922072
1.0901246443993027
1.0988051710422488
1.104860334763054
1.102402890854807
1.0958464235756602
1.0998254938953436
1.0962466603923935
1.0992255645490054
1.1054547552297678
1.0981805470049537
1.0994696558256263
1.096251242912211
1.0991196376549708
1.1038574327708752
1.1078774630670654
1.1060703464418715
1.1074572633961708
1.0989071189300506
1.0982152497482178
1.0947246009954292
1.093803250786971
1.1024753488956707
1.0968550223249127
1.0975438857631743
1.0907085586814276
1.102704127756348
1.1027906998508992
1.0890379541588007
1.0876154423643905
1.0932304381537106
1.095501258486624
1.0928384484447413
1.1061022626025352
1.0968445657384551
1.0994681419526144
1.0952440510856478
1.101800349612207
1.1005526348600734
1.0968945721860082
1.095288706045833
1.0966735316551177
1.1143112337998629
1.1092450616411766
1.1003720340555982
1.1057261741559459
1.1083762020260486
1.0992864506107354
1.096603335214876
1.100279325191389
1.099029340905063
1.098470139956694
1.100423793560367
1.09895101769778
1.099609887396861
1.100395695025497
1.100469685441366
1.1021581170384986
1.10745513641349
1.1083443444146361
1.1056579614730504
1.1067036133896528
1.1015203544007537
1.1044693505497185
1.0997043415554
1.1001452848834965
1.1022074489648999
1.0986547820239139
1.1023634046808288
1.0952436097151415
1.0909129545501925
1.0992133342223251
1.0980267918438185
1.0863309490046293
1.0925561631365015
1.1034431107316318
1.0983955202041622
1.0908704764797377
1.0972642895726201
1.0898863998889332
1.0924998700561817
1.0964429824306026
1.0952964036860706
1.0931727681791437
1.10120029920725
1.087655393434369
1.0956172869000942
1.0958709222311511
1.096900346931637
1.0967425452811068
1.0998795913623414
1.1015626418141609
1.1057550227404622
1.1020923402777225
1.1116832942914372
1.114452878128735
1.1011329239959755
1.11075251736556
1.0991634453548713
1.0976058208286184
1.0981038591616135
1.0944663320594912
1.0979175565776615
1.093888205657477
1.0903714315669477
1.089719704725937
1.0913696698904225
1.1007608479709536
1.104814816620154
1.10113020212369
1.1014892197527733
1.1036155298886472
1.1076457221523346
1.0993408308224406
1.1040481097728236
1.1020863377506482
1.0989967021594849
1.109923098067164
1.103701292963422
1.0998990565369904
1.1062257608568666
1.0999343006354176
1.0981899676109208
1.098615772483046
1.0918644994807538
1.0921096082700898
1.1003800775155905
1.0902534032086275
1.092563890185782
1.095347984914807
1.0949987093970404
1.1028056560999469
1.0869380614476027
1.0870343747757998
1.083264597587926
1.095610924729943
1.0918901111623804
1.1001566297452992
1.0949289523803722
1.0951909278489804
1.0896426692698076
1.0897643167148616
1.0943933403062034
1.0970440393659755
1.0939299844566386
1.1002496364823662
1.0888314871718856
1.0993867438411127
1.0964115122131564
1.0962990244693636
1.09543246957027
1.1027658144217156
1.0978506092282658
1.1070491048783686
1.098731302077647
1.1016820186488911
1.095870404102029
1.0977616122297529
1.0904244741248
1.1045011371722255
1.1001771268359832
1.1068448389619436
1.10169719969652
1.1009327676297265
1.1085790405385603
1.0988099936381137
1.1070727695284188
1.106648188224927
1.0982097610252692
1.1033809062356994
1.1041449072213187
1.09772040640192
1.103037451696633
1.115767975246579
1.1026084411580432
1.1085975795886929
1.1042018239396612
1.106469600141502
1.0884893850610382
1.0997956814514291
1.0994809753668815
1.1103682787863973
1.1015815523743642
1.104834433442326
1.0876887040659002
1.0755533834610862
1.0851411774283324
1.0926364741804888
1.0877709837834564
1.0954526869034735
1.088857258911791
1.0913337057919503
1.0921037016201887
1.0942424055212805
1.1000935129878862
1.099182539941351
1.1020048950336931
1.1006365910684015
1.0975367652287362
1.0926127950957465
1.0924257391101775
1.0910071441850329
1.0993410100565217
1.0949544965388764
1.1059464271440613
1.09052607447767
1.0992004621010496
1.0987350817411112
1.0978189702887442
1.0942448934864888
1.1003617557949275
1.103125811688916
1.10312646667047
1.1001939966711975
1.0969128962733874
1.1028312138916574
1.094675710464759
1.0922646913006566
1.1023681214796046
1.0958540519812423
1.101325848921093
1.1066063027029591
1.1003165072581438
1.1000809016241337
1.1036278583110979
1.0958300340894362
1.1004971539128947
1.1039238467589956
1.0974043174056556
1.1054749927930168
1.1102336267234914
1.1122309076434949
1.1050426759200016
1.1061667065923266
1.1032882663788006
1.0992179966289504
1.0962422178138869
1.096581213209134
1.102304977200004
1.104195374827593
1.0997164727273905
1.1067160348699125
1.1063031699753845
1.1144963975039959
1.1005794280025074
1.0967064760157128
1.1004406698056846
1.1007292448094135
1.097456505758204
1.1020902314981713
1.103266072548839
1.0987796246418207
1.093823726962655
1.1123076014199058
1.1098656319740554
1.0992710674682202
1.097281354869429
1.099414374936471
1.0984272382450395
1.0899452399268503
1.1024864139673114
1.1050546902947413
1.1007156166175474
1.1040024057641942
1.1070462577185785
1.1045104571168265
1.0941400085773303
1.0944423273526538
1.0989161564817747
1.093810317063694
1.098497950720681
1.0904573396901067
1.0932491561628577
1.0939298227613894
1.0922200779513809
1.0919073168410547
1.0964849215875927
1.0929471986951946
1.091048478269319
1.0901127891298446
1.0939150000247846
1.0915250754269272
1.092913392107449
1.0912339975256027
1.0930462276493174
