0.344857645652789
0.34533569140666576
0.3453195919934625
0.3378361727970777
0.33480018223275776
0.3479209627108929
0.35286761825069834
0.34179263157442896
0.346529459554619
0.3376871389399472
0.3430529989866177
0.3514455432514084
0.3387325051785314
0.33047143177197447
0.3418125725436972
0.3368268226823841
0.3391243529505644
0.3349847589354549
0.33527256243070497
0.32992595088207677
0.3372499858116024
0.3290758533202187
0.33141432988557107
0.32830573803274776
0.32839404941261874
0.3379107647584449
0.32242873984672454
0.32296248194011096
0.3357000906309
0.3290195729991793
0.33981507460985505
0.32880055074981107
0.3285497606510184
0.3354559912971745
0.34075975803020675
0.3357157614577033
0.33852833438061775
0.34393386405924964
0.3363519270228072
0.3349428483117314
0.3340898943550936
0.3435137195112135
0.34315999782700013
0.33222385690731476
0.3451991056656485
0.341974217082097
0.3470823368643301
0.34453265138645917
0.3394256526031923
0.33807516259679227
0.34860997924618253
0.34272662069105136
0.3469702801977106
0.3313183985731116
0.34562017317693006
0.34429529419583477
0.34762204947225245
0.34253377577123817
0.34551293933296456
0.34977361953190195
0.34694390151196164
0.33489588640110984
0.33632038304961287
0.3451556936387937
0.34516827395832794
0.3295514532106894
0.3442237581323633
0.34031676154725593
0.3398122529721042
0.3295037808695097
0.33506540136700624
0.34223284723156644
0.353280081938307
0.3444758196673697
0.346852737588336
0.33919291577441474
0.33043528053445803
0.34800316263578657
0.338728643366626
0.33848146492747055
0.3422346429728913
0.328476318506542
0.3386137274298352
0.33409754268870706
0.337202612759403
0.33575063380538284
0.3470789720329295
0.3327727956925383
0.33430787320679006
0.3350878265736793
0.3257711896359453
0.3356972076076616
0.34296574776406663
0.34143056609305145
0.3483162962857044
0.35564025165786084
0.34199266114285065
0.34018389087150025
0.3435756660253604
0.34395769268474263
0.33901179635089285
0.33605572300323305
0.3415982953910535
0.3405545706645984
0.34537313934055613
0.3543161038752408
0.3445945274744584
0.3297075783862811
0.33962130835994453
0.33652962326886005
0.3406476747833885
0.34518524720081456
0.3370027832940155
0.3278518216241595
0.3284004584514656
0.33164948905609115
0.3317854129718675
0.33131069329124097
0.3313741032546055
0.3448701300216449
0.3357641155205291
0.3261383782220059
0.33534195186640425
0.3364240436715602
0.3350459608423499
0.3348262892292251
0.3410387764465304
0.34183502627482387
0.3402657934331528
0.3341267395667483
0.3430366940896199
0.3425963413608917
0.3288299426252063
0.3372046487107022
0.33830570350206185
0.34578878960732407
0.3497295527075343
0.33962128423505766
0.34191738264776717
0.33394138566100107
0.3399891293663647
0.330474359426041
0.3407548479277107
0.34530948389057103
0.3406754751751776
0.3422424953047385
0.3312608419018621
0.32202912163659725
0.3350424417677922
0.33662599322833764
0.3380173345770803
0.3334396406388904
0.3375472290807672
0.33372392404887186
0.3375862222903626
0.3332315314459806
0.347629292394525
0.34619841171459487
0.3445397189740438
0.33830605509996187
0.34362352649862415
0.3452305228672468
0.33474601922970343
0.3265327778789196
0.3329157031823419
0.3377790043107075
0.3318503381919101
0.3263957736733606
0.3341495784880518
0.3319821836623508
0.339040290304194
0.337219944649357
0.34127700520937426
0.3454742814385027
0.3363327807371633
0.33024598674419686
0.3395970415446069
0.3443697362716269
0.3425855277430182
0.3371940215942257
0.345091408500948
0.346610557002575
0.3363625395807085
0.3369262290170632
0.33940727025899003
0.33353950032424956
0.32896428370786623
0.3386181165232319
0.335626364161006
0.3329040346969494
0.3304459145528551
0.3331755229530521
0.3317645801854937
0.34100267257142847
0.33859513456780077
0.3349412089899668
0.34643985882222816
0.3407946501785096
0.33089919827257297
0.33450113341255616
0.34175576286033943
0.33094555030225836
0.32767065563089487
0.324044773127484
0.3394748432804108
0.33880677114457336
0.341789349036754
0.33973515973364654
0.34545297671708053
0.34138593670730744
0.339503436651722
0.3360144576306645
0.3303053414279097
0.34210307650350513
0.33102270159747477
0.33636096097656554
0.3352051006356189
0.3463543143531425
0.33285767238526054
0.3373919884196438
0.34783416352624297
0.33130412580493435
0.3387984870691907
0.34673188848596526
0.33096797661295374
0.3415187080106624
0.3266392153632981
0.33866374052392123
0.3316026477459269
0.3371376429569075
0.3390125260022662
0.3202270461925478
0.3367071969442349
0.33821901540329097
0.3405604348364404
0.33565855352023877
0.3306002930950334
0.3354672669000565
0.3326755930106593
0.33741975334709234
0.3338446522555394
0.3489417433222799
0.3464373031387633
0.3448913959738162
0.33795571266245894
0.342026999624095
0.3339951160785299
0.34024713657341454
0.3422086707669082
0.3341041802465151
0.3403945669396937
0.3333575767039445
0.34345279074725765
0.33435485199664283
0.32765334053093736
0.34086039231421006
0.34806160776599987
0.3304808638484077
0.343978054365843
0.34295723534754396
0.3410870216334013
0.3372641592121465
0.33252839110129795
0.3241152217315718
0.34290779573234564
0.34627733573627784
0.338077823139436
0.3320148859987033
0.33430522783444216
0.33907781204092347
0.33959593370083363
0.3312215649312397
0.34471206691825323
0.3456924449137301
0.3318922323585297
0.33754076165757096
0.32986956840803183
0.3302350725684534
0.33825815019137007
0.33894365386798886
0.3333465973654388
0.34490251457773435
0.3467519643058623
0.33906632295176903
0.33260291698375566
0.3358790671123322
0.33984680347531643
0.32778622118780937
0.35088977825984824
0.33726270319994905
0.33123884347865273
0.32906111596707244
0.33925326236585773
0.34032057456318854
0.34035167140457434
0.3502482538644076
0.34494133547723466
0.35454568850037776
0.34401228405276807
0.3352916337628943
0.3330016783572839
0.3387947959007417
0.329149110807493
0.3342888742078563
0.3391425623074802
0.3288439731339917
0.33049134171785177
0.34355987426807627
0.33956830102413305
0.34055987610717087
0.3409843680256993
0.34005508590024747
0.3349591385785273
0.3443608970843147
0.3423316354121624
0.33165715599322965
0.3409501322276489
0.3380422582289503
0.34467737022195044
0.33667849660268306
0.3509614695879206
0.34745346216237755
0.34187594658284626
0.3424726301330754
0.34241183307786166
0.3418040696670785
0.32680278623494086
0.33965725371693156
0.337324218393043
0.3417669791097254
0.3294584989270788
0.32371121217515053
0.3298476365922419
0.33571063779293386
0.33407733839207737
0.3267832316038926
0.3338701980405371
0.337922030106133
0.3340035792769824
0.3545436044458147
0.3559155092281887
0.33901972263210145
0.3370231323303149
0.35323456969739414
0.33676050616898234
0.3357818450128049
0.33297770550961503
0.331350676810705
0.34415828450109415
0.34625648085552363
0.3380452886146869
0.3463014949335863
0.3542660418996798
0.34451936287524865
0.33724376419998564
0.35039090332954514
0.34555207460779624
0.34323161272304636
0.3318059563862714
0.3348075127615875
0.34098885864505923
0.34080625195412306
0.3370609558257456
0.3307100597534506
0.3248072877450534
0.3176460573656811
0.32400758694811094
0.3428252992634951
0.34382494824528054
0.3323243750431221
0.33955887548580593
0.3377490203361285
0.3378061304892811
0.33026393612681876
0.33807115962795803
0.33768207376669424
0.33545956132057714
0.3457164434568173
0.33767966232950464
0.3342076951262686
0.3435432015347144
0.34200949782783896
0.34284681727653277
0.3400320969753965
0.33661464131317875
0.3380828336398603
0.32970387484224195
0.33800889588290967
0.3488306619815068
0.33693535439825884
0.3426646149622041
0.33446837878957003
0.3377983180601829
0.3397472171083501
0.32917343449881853
0.3327022711019574
0.330114551575698
0.3287949518530715
0.3305842184480816
0.33282676735431355
0.33730287707755413
0.3326618162667938
0.33672305544604453
0.33663411296023105
0.3370705332957169
0.3374522393412174
0.34224058215228836
0.34180210039701203
0.33767625804884505
0.3431888947691601
0.3409292343267392
0.35175564334910897
0.34489347567911577
0.34247472984614147
0.35320202294285796
0.33927097720478083
0.34546266612971344
0.34242933467541214
0.3445981041904268
0.3392131467406035
0.3408772366464516
0.3463268231008495
0.3417913941398739
0.343183320522629
0.3331191384238382
0.33286273344341555
0.33159589158251024
0.33194584915315434
0.34333348353825144
0.3323040109335723
0.33396091587332033
0.3377028616932701
0.3489031303652539
0.34853105238559023
0.3375913133004622
0.33503460900462745
0.34790424753097837
0.3418083069596499
0.33967223792015555
0.33472957825200644
0.3349991791872291
0.34014691576755984
0.34203063748012674
0.33781978893442355
0.3328929733686558
0.3413734900079184
0.3419561603097577
0.33157779960819866
0.34319139879421623
0.3329947053768415
0.33649877616002677
0.34572770597543256
0.32994323921021473
0.3290672913526817
0.3386677250177648
0.34980588991454786
0.342981378674787
0.345971346330391
0.3466116950287339
0.35454618261085846
0.35141211505352715
0.35489329950204085
0.3411253110877034
0.3360116598069891
0.3326449519914626
0.34179971649327784
0.3418046270571128
0.3357963696514056
0.3345370071637343
0.33152394335878627
0.34510368478742803
0.34367270452909304
0.3365700988063507
0.3421164044288752
0.33146536365499063
0.3428242188752114
0.35946633545247514
0.3523667788215111
0.3507090946431283
0.351625560617983
0.34000129520146893
0.32852065691471244
0.3418163012965316
0.33755015144328826
0.33015416333668357
0.33282901753919314
0.3271816370933228
0.34066761851056504
0.34197373428394995
0.3482425221591773
0.3423890889735689
0.32836448992298417
0.3501818936722174
0.3416749344822586
0.34285310687423376
0.34665694308479567
0.33187870515232754
0.3374728708118102
0.340961920081269
0.3422888143632881
0.3388301454007663
0.3349167272871335
0.34165238276270365
0.34594684466818976
0.3344444037309135
0.34082254740927453
0.32854368380633014
0.3423715951114593
0.32717524650120366
0.3281249853209481
0.32839872919007107
0.33837482237718153
0.3374508127601042
0.3417727070211838
0.3372995368508961
0.3401498429873585
0.35164888852317466
0.33683162132496147
0.3499181639007485
0.35348043694998443
0.3396607039229935
0.33438109416068473
0.33721335655131035
0.3469526610920047
0.34130358792027093
0.3504237151507612
0.34307860788035366
0.34920496180757804
0.3353030173959833
0.3297054697524902
0.340179206108432
0.3445135283491526
0.34678108155054316
0.34359825469060445
0.3437049387631193
0.34611981039773154
0.33747947580845933
0.3346947073836409
0.33627854467941626
0.3397721135453182
0.33320210032682224
0.33449713976118206
0.3479886216323452
0.3414872557598938
0.33299275440855103
0.32577277377553937
0.32275960838998174
0.3321668341076749
0.32902439202300915
0.33257979653330094
0.34687395514024766
0.34497980154385
0.3335672837024072
0.3429115376733921
0.34133535375878576
0.332858297176598
0.33436815422599275
0.3441483906671634
0.3377805502379799
0.3341742200824316
0.3291411389725463
0.3405045588791481
0.34266913619537215
0.34032209943524894
0.3364751055194677
0.33627823371069787
0.327017099909673
0.32670826638368844
0.3361137567654242
0.33334938571843975
0.3335831609802142
0.33588336736954916
0.32993550904686386
0.3299648076479048
0.34115144922671675
0.33428700454538096
0.325020701289702
0.3358042429406377
0.3413207090988136
0.33539969782785883
0.3300273201926531
0.3403249513107471
0.33161318908866333
0.3250958141338537
0.34221242842492605
0.3326609481963425
0.3384085919471649
0.33241843790734726
0.3324791772462108
0.345108590985729
0.3352952208399677
0.33178723431153045
0.331771461065862
0.33740951065577274
0.3460807099009126
0.3385072609230053
0.3363425404734586
0.3316957430739001
0.33698485096598696
0.34710797228150125
0.34306035091085785
0.34969899931915555
0.3424545884526388
0.3386943435978059
0.34280478852355795
0.349044750499378
0.34796991297176083
0.34574441551609203
0.3412904373535448
0.3340339926232262
0.3316248928948309
0.3251779250663306
0.3480568984796595
0.34042413870870053
0.356554260229426
0.34034705025116363
0.34793364450533915
0.3458698340634821
0.3456481771685364
0.3411150709253824
0.3320776899824147
0.34224135661853805
0.33782955326506525
0.3307109734160068
0.3235869492532907
0.3269387992915467
0.3358721307465724
0.3352843207571413
0.3386348645982151
0.3391762633284997
0.33544551823645496
0.34187966582654855
0.3360998239568533
0.34376315268467916
0.34618815923771595
0.3336189713096842
0.34438703913285906
0.3377044590150069
0.34106248539602235
0.34627258193877836
0.33521482536547575
0.3353325980054398
0.3286127252551207
0.34350302454007914
0.33411963365568975
0.34346636447300116
0.3307119499851584
0.34066944797304544
0.3441054867008202
0.3386133542294147
0.3352464367870944
0.33759489454280317
0.3465090085898588
0.34462398433963143
0.35163453773884673
0.34582718653497524
0.3291317593255497
0.32294123610739206
0.3378176613621569
0.3410475113390686
0.33672539006500857
0.32703310720397616
0.3341995535101466
0.338990659023699
0.34268542470240637
0.33825335863750344
0.34017365518779275
0.3464045054816049
0.34905785299585995
0.33989686133442676
0.3431251142340333
0.3454808402627385
0.3324927968766228
0.3394804110014737
0.32897109668097385
0.3351148556919006
0.34178941132827667
0.3377627373789518
0.3354507410599442
0.33332175384939944
0.33519545255022004
0.33384476334885194
0.33878176006330596
0.3439647032109838
0.32795700917572274
0.3258555325228172
0.3388426662182428
0.34348974665704
0.34200861450815145
0.3345103491719228
0.3284230723068844
0.33994877500594045
0.3359781935097417
0.3304862205604449
0.3328558689791175
0.33819594222790783
0.33593398583443196
0.32514329324094615
0.33355805857076914
0.33423765910174297
0.3404033764203691
0.3368794785637324
0.32297173938994383
0.33985086793077224
0.3235091796906968
0.34000232040834
0.3410204850532209
0.34390646006185077
0.34090374373472493
0.33957034687080634
0.33784572589672557
0.33160220042274713
0.3234978863227851
0.3381662435050561
0.33473626616886465
0.33955405633010116
0.3255605239464294
0.3410048402241179
0.3367716325196728
0.3375077221584284
0.34659975224994866
0.3492040074009969
0.3273140635719335
0.3395612354146672
0.3307593914732254
0.3581440186852119
0.3465758992211175
0.338089357645072
0.34258745116767675
0.3372310016864204
0.3431723229146221
0.32979446922842093
0.33656012082888936
0.33837148375939186
0.3413271445477791
0.34334519393717833
0.3386122905228789
0.3358101373809199
0.3407539426725716
0.342006167740656
0.3375233373307446
0.34527860880678174
0.3448671773487031
0.33743127383454363
0.3383748952397354
0.329120300559347
0.32446973511758026
0.3236463824057443
0.3371647475735551
0.3324897218358728
0.3419074191188278
0.34253284860597344
0.35117604228798094
0.3357410439275255
0.3386716350334355
0.3553879830623796
0.3411124054095855
0.3432838455508518
0.34679862428532093
0.3342277611510259
0.348082322900485
0.3317288837594152
0.3410737969686002
0.34780645578367275
0.3347780876573262
0.34545467200710933
0.3514917390842115
0.33760191177678744
0.33804812757089964
0.33311961556847036
0.3444812085267327
0.33219704387147236
0.34031367751039066
0.3332930644837672
0.3269426878830951
0.34145509879061453
0.33854986186580405
0.349486454574567
0.3397220161374396
0.3328315104846816
0.33134901951923623
0.3340105740489296
0.3353981115750132
0.3345788557811519
0.33254537417867913
0.3314438591860096
0.33046816694399206
0.3279472723507412
0.3430435593838627
0.3427447796218555
0.3484250492456278
0.344844642175417
0.35057536011765783
0.3373775776020012
0.3417244981413896
0.348600519691214
0.3434355414791307
0.3273981900251558
0.3304957990366413
0.33995134373472774
