1516073
1545699
1575353
1604854
1634356
1663980
1693582
1723127
1752584
1782172
1811619
1841126
1870676
1900205
1929739
1959221
1988822
2018308
2047834
2077434
2106947
2136476
2166003
2195582
2225194
2254606
2284218
2313757
2343334
2372877
2402355
2431903
2461375
2490875
2520353
2549966
2579517
2608900
2638484
2668131
2697667
2727331
2756793
2786403
2815887
2845519
2874964
2904453
2934037
2963548
2993094
3022563
3052042
3081593
3111159
3140712
3170245
3199731
3229270
3258824
3288408
3317989
3347497
3377102
3406656
3436108
3465596
3495098
3524664
3554301
3583837
3613364
3642872
3672543
3702044
3731578
3761144
3790582
3820133
3849643
3879148
3908707
3938235
3967703
3997228
4026701
4056327
4085865
4115426
4144998
4174558
4204122
4233642
4263201
4292748
4322202
4351771
4381324
4410858
4440499
4470122
4499675
4529126
4558663
4588233
4617681
4647124
4676707
4706259
4735846
4765349
4794954
4824493
4854051
4883607
4913195
4942677
4972202
5001790
5031399
5060810
5090416
5119909
5149458
5178910
5208429
5238013
5267569
5297075
5326603
5356114
5385606
5415190
5444765
5474257
5503775
5533188
5562711
5592247
5621761
5651256
5680764
5710313
5739840
5769390
5798880
5828421
5857849
5887325
5916781
5946314
5975889
6005389
6034986
6064625
6094167
6123720
6153195
6182725
6212252
6241833
6271331
6300929
6330464
6360010
6389417
6419093
6448588
6478087
6507657
6537180
6566753
6596333
6625813
6655366
6684840
6714396
6743917
6773389
6802863
6832404
6861920
6891429
6920873
6950407
6979939
7009483
7038991
7068616
7098080
7127573
7157155
7186642
7216162
7245664
7275231
7304766
7334269
7363876
7393419
7423116
7452680
7482207
7511780
7541323
7570813
7600345
7629939
7659446
7688987
7718445
7747990
7777603
7807176
7836679
7866225
7895790
7925353
7954869
7984430
8013983
8043573
8073093
8102657
8132244
8161734
8191321
8220815
8250244
8279782
8309309
8338849
8368411
8397986
8427511
8457004
8486617
8516153
8545651
8575167
8604690
8634219
8663810
8693355
8722912
8752411
8781885
8811546
8840979
8870632
8900097
8929739
8959254
8988860
9018413
9047840
9077373
9106759
9136277
9165781
9195296
9224758
9254306
9283822
9313437
9342961
9372503
9402047
9431547
9461141
9490688
9520229
9549799
9579356
9608935
9638389
9667980
9697579
9726997
9756649
9786110
9815754
9845386
9874937
9904522
9934123
9963656
9993261
10022808
10052293
10081810
10111360
10140908
10170417
10199972
10229475
10258971
10288536
10318102
10347626
10377168
10406623
10436115
10465639
10495225
10524731
10554317
10583802
10613386
10642892
10672441
10701926
10731571
10761075
10790676
10820255
10849868
10879485
10909006
10938447
10967882
10997427
11026960
11056483
11085983
11115469
11145101
11174595
11204103
11233579
11263147
11292734
11322304
11351868
11381360
11410955
11440461
11470113
11499691
11529255
11558685
11588121
11617717
11647299
11676798
11706376
11735948
11765410
11794996
11824432
11854067
11883624
11913106
11942555
11972063
12001699
12031290
12060742
12090326
12119871
12149392
12178880
12208433
12237969
12267469
12296975
12326406
12355915
12385491
12415064
12444523
12474119
12503708
12533247
12562712
12592219
12621675
12651291
12680815
12710331
12739780
12769278
12798713
12828235
12857869
12887427
12916954
12946436
12975969
13005529
13035062
13064667
13094251
13123849
13153308
13182857
13212416
13241794
13271377
13300974
13330448
13359941
13389458
13418971
13448587
13478205
13507723
13537213
13566777
13596380
13625953
13655459
13684993
13714535
13743997
13773510
13803045
13832617
13862172
13891717
13921291
13950804
13980366
14009877
14039377
14068948
14098487
14127985
14157615
14187133
14216745
14246255
14275768
14305383
14334864
14364405
14393936
14423521
14453057
14482562
14511990
14541511
14571030
14600506
14630060
14659485
14689006
14718499
14748014
14777517
14807087
14836547
14866140
14895578
14925169
14954787
14984279
15013827
15043331
15072888
15102436
15131943
15161512
15190932
15220425
15249993
15279477
15309158
15338778
15368361
15397886
15427503
15457048
15486526
15516043
15545546
15575180
15604757
15634215
15663746
15693290
15722907
15752536
15782116
15811638
15841202
15870724
15900285
15929758
15959342
15988881
16018462
16047964
16077440
16106971
16136481
16166037
16195491
16225063
16254550
16284109
16313703
16343216
16372645
16402122
16431511
16461091
16490630
16520211
16549798
16579393
16608958
16638485
16667999
16697547
16727139
16756687
16786243
16815756
16845277
16874827
16904381
16934080
16963616
16993243
17022877
17052405
17081925
17111422
17141035
17170642
17200059
17229569
17259070
17288550
17318211
17347769
17377324
17406889
17436472
17466027
17495582
17525186
17554706
17584286
17613857
17643360
17672881
17702484
17732064
17761659
17791218
17820730
17850186
17879713
17909328
17938875
17968400
17997852
18027329
18056949
18086562
18116043
18145670
18175180
18204756
18234339
18263996
18293577
18323065
18352622
18382137
18411528
18441076
18470565
18500091
18529701
18559155
18588744
18618262
18647813
18677407
18706973
18736508
18766080
18795676
18825237
18854755
18884336
18913906
18943357
18972858
19002409
19031906
19061436
19091016
19120477
19150034
19179460
19208996
19238612
19268190
19297661
19327167
19356671
19386261
19415787
19445245
19474721
19504180
19533709
19563231
19592708
19622273
19651843
19681444
19710972
19740401
19769902
19799389
19829016
19858581
19888101
19917646
19947155
19976719
20006351
20035913
20065503
20094960
20124373
20153976
20183548
20213145
20242759
20272231
20301785
20331222
20360718
20390205
20419721
20449189
20478674
20508203
20537718
20567253
20596823
20626305
20655917
20685460
20715059
20744787
20774293
20803812
20833369
20863039
20892540
20922112
20951597
20981128
21010691
21040211
21069831
21099400
21128937
21158457
21188035
21217534
21247147
21276685
21306153
21335693
21365272
21394784
21424382
21453941
21483474
21513051
21542566
21572138
21601672
21631226
21660736
21690096
21719594
21749151
21778666
21808202
21837740
21867253
21896828
21926395
21956007
21985493
22015046
22044656
22074195
22103703
22133234
22162657
22192141
22221664
22251162
22280672
22310262
22339782
22369312
22398748
22428301
22457848
22487368
22516948
22546578
22576050
22605679
22635257
22664729
22694338
22723890
22753361
22782877
22812381
22841888
22871417
22900887
22930402
22960041
22989661
23019117
23048491
23078042
23107594
23137156
23166638
23196092
23225658
23255075
23284621
23314209
23343642
23373148
23402604
23432161
23461664
23491209
23520765
23550386
23579953
23609550
23639125
23668660
23698291
23727754
23757289
23786788
23816316
23845890
23875459
23904986
23934534
23964079
23993603
24023243
24052805
24082345
24111901
24141436
24171009
24200478
24230034
24259491
24289020
24318560
24348151
24377756
24407338
24436771
24466312
24495950
24525527
24555115
24584625
24614130
24643689
24673179
24702589
24732072
24761571
24791045
24820555
24850060
24879717
24909281
24938854
24968405
24997947
25027535
25057118
25086649
25116133
25145702
25175250
25204819
25234374
25263932
25293497
25323045
25352583
25382063
25411676
25441216
25470782
25500379
25529934
25559372
25589001
25618494
25648038
25677630
25707198
25736776
25766326
25795898
25825452
25855015
25884537
25914208
25943765
25973414
26003012
26032472
26062013
26091599
26121123
26150739
26180231
26209773
26239386
26268985
26298537
26328103
26357727
26387243
26416753
26446370
26475910
26505559
26535111
26564674
26594258
26623838
26653427
26682966
26712624
26742221
26771793
26801335
26830793
26860311
26889815
26919371
26949005
26978477
27007956
27037566
27067075
27096615
27126180
27155742
27185314
27214886
27244336
27273830
27303376
27332858
27362374
27391901
27421427
27451003
27480504
27509945
27539428
27568904
27598448
27627928
27657545
27687103
27716707
27746094
27775629
27805212
27834768
27864327
27893876
27923390
27952900
27982441
28012098
28041635
28071190
28100710
28130357
28159870
28189348
28218918
28248561
28278137
28307750
28337380
28366882
28396393
28425946
28455474
28484971
28514501
28544044
28573517
28603110
28632588
28662106
28691621
28721083
28750598
28780109
28809760
28839272
28868903
28898371
28927932
28957507
28987076
29016549
29046103
29075597
29105125
29134668
29164244
29193799
29223254
29252813
29282402
29311873
29341396
29370915
29400548
29430061
29459565
29488959
29518489
29547993
29577456
29607021
29636540
29666121
29695716
29725159
29754766
29784301
29813855
29843281
29872909
29902370
29931897
29961420
29991029
30020546
30050143
30079666
30109183
30138776
30168340
30197817
30227359
30256878
30286374
30315945
30345380
30374944
30404357
30433889
30463450
30492917
30522411
30551937
30581418
30610980
30640541
30669968
30699573
30729109
30758598
30788126
30817608
30847108
30876626
30906212
30935749
30965369
30994866
31024299
31053903
31083443
31112944
31142498
31172045
31201600
31231053
31260678
31290164
31319778
31349342
31378797
31408331
31437827
31467358
31496991
31526504
31556144
31585675
31615182
31644656
31674126
31703674
31733249
31762760
31792170
31821741
31851238
31880770
31910314
31939795
31969325
31998844
32028384
32057920
32087454
32116937
32146481
32176026
32205587
32235125
32264658
32294151
32323803
32353311
32382870
32412296
32441813
32471329
32500898
32530460
32559988
32589590
32619129
32648703
32678294
32707784
32737283
32766632
32796234
32825773
32855280
32884773
32914316
32943832
32973503
33002978
33032442
33061887
33091525
33121032
33150482
33179968
33209505
33239029
33268591
33298045
33327460
33357068
33386695
33416247
33445809
33475455
33505042
33534579
33564073
33593580
33623176
33652654
33682218
33711747
33741345
33770856
33800311
33829888
33859468
33888962
33918504
33948035
33977589
34007203
34036747
34066264
34095759
34125287
34154753
34184309
34213764
34243277
34272815
34302282
34331842
34361350
34390898
34420380
34449902
34479462
34509028
34538611
34568035
34597572
34627097
34656598
34686142
34715679
34745238
34774813
34804378
34833876
34863422
34892997
34922490
34952020
34981564
35011110
35040645
35070168
35099714
35129201
35158800
35188275
35217874
35247422
35277046
35306549
35336120
35365638
35395217
35424824
35454426
35484026
35513406
35542912
35572469
35601971
35631492
35660970
35690496
35720067
35749636
35779143
35808652
35838238
35867765
35897241
35926780
35956371
35985887
36015377
36044861
36074371
36103921
36133487
36163037
36192600
36222130
36251634
36281157
36310787
36340328
36369919
36399384
36428905
36458552
36488140
36517535
36547031
36576619
36606165
36635742
36665370
36694934
36724486
36754063
36783577
36813153
36842679
36872161
36901674
36931213
36960640
36990174
37019656
37049180
37078681
37108232
37137780
37167266
37196764
37226339
37255757
37285297
37314840
37344365
37373922
37403481
37433033
37462550
37492013
37521584
37551085
37580626
37610087
37639582
37669261
37698787
37728350
37757943
37787435
37816876
37846453
37875963
37905704
37935216
37964812
37994427
38023967
38053557
38083061
38112606
38142110
38171534
38200998
38230453
38260099
38289606
38319141
38348651
38378209
38407801
38437457
38466978
38496546
38526097
38555619
38585266
38614940
38644481
38674085
38703764
38733339
38762867
38792519
38822017
38851547
38881161
38910714
38940294
38969842
38999438
39028895
39058479
39088077
39117591
39147218
39176819
39206366
39235989
39265594
39295046
39324575
39354072
39383607
39413143
39442674
39472171
39501674
39531252
39560712
39590238
39619721
39649216
39678794
39708331
39737859
39767351
39796877
39826390
39856008
39885528
39915025
39944593
39974126
40003574
40033188
40062713
40092175
40121719
40151340
40180863
40210440
40239948
40269402
40299025
40328619
40358162
40387657
40417270
40446723
40476249
40505730
40535274
40564794
40594353
40623864
40653455
40683049
40712484
40742040
40771569
40801067
40830576
40860096
40889667
40919150
40948750
40978362
41007961
41037520
41066983
41096479
41126022
41155544
41185129
41214715
41244226
41273828
41303308
41332823
41362399
41391949
41421526
41451026
41480602
41510129
41539645
41569159
41598589
41628122
41657671
41687225
41716695
41746239
41775758
41805336
41834868
41864443
41893851
41923438
41952955
41982409
42011978
42041547
42071120
42100669
42130163
42159712
42189299
42218791
42248268
42277924
42307467
42336983
42366587
42396140
42425622
42455120
42484730
42514246
42543674
42573142
42602653
42632128
42661656
42691179
42720649
42750238
42779807
42809392
42838965
42868475
42898075
42927613
42957075
42986560
43016079
43045554
43075145
43104709
43134239
43163812
43193339
43222845
43252370
43281905
43311432
43340940
43370506
43400071
43429637
43459260
43488759
43518288
43547919
43577415
43606932
43636415
43665920
43695490
43725001
43754550
43784154
43813778
43843269
43872778
43902312
43931814
43961268
43990807
44020286
44049785
44079403
44108902
44138394
44168002
44197628
44227198
44256845
44286332
44315827
44345347
44374967
44404420
44433957
44463519
44493102
44522677
44552204
44581874
44611403
44640934
44670520
44700038
44729587
44759129
44788605
44818049
44847607
44877128
44906807
44936325
44965889
44995420
45024930
45054472
45084029
45113588
45143080
45172516
45202128
45231664
45261144
45290712
45320111
45349706
45379273
45408837
45438397
45467832
45497349
45526945
45556387
45585877
45615454
45644972
45674552
45704087
45733620
45763130
45792614
45822210
45851820
45881345
45910868
45940425
45970046
45999588
46029158
46058664
46088214
46117720
46147232
46176794
46206391
46235892
46265407
46295025
46324617
46354172
46383648
46413147
46442579
46472066
46501568
46531074
46560668
46590189
46619698
46649298
46678864
46708400
46737979
46767502
46797004
46826580
46856160
46885659
46915147
46944698
46974307
47003876
47033400
47062885
47092421
47121885
47151503
47181002
47210611
47240073
47269510
47298995
47328532
47358088
47387628
47417168
47446714
47476229
47505806
47535305
47564933
47594487
47624030
47653566
47683090
47712638
47742220
47771869
47801394
47830803
47860328
47889793
47919418
47949007
47978611
48008117
48037647
48067201
48096759
48126347
48155891
48185360
48214852
48244441
48274069
48303604
48333144
48362759
48392370
48421839
48451215
48480784
48510329
48539876
48569425
48598906
48628494
48658022
48687697
48717333
48746925
48776478
48805989
48835540
48865091
48894660
48924216
48953707
48983300
49012739
49042306
49071721
49101344
49130822
49160367
49189920
49219404
49248945
49278582
49308143
49337749
49367345
49396986
49426696
49456206
49485660
49515238
49544747
49574329
49603921
49633471
49663057
49692627
49722107
49751488
49780948
49810473
49839983
49869580
49899110
49928664
49958124
49987685
50017275
50046744
50076315
50105882
50135387
50164927
50194464
50224015
50253565
50283089
50312632
50342123
50371556
50401036
50430571
50460054
50489589
50519092
50548601
50578085
50607686
50637244
50666724
50696162
50725688
50755231
50784780
50814324
50843813
50873438
50902993
50932486
50962113
50991682
51021286
51050805
51080357
51109964
51139561
51169046
51198490
51228035
51257567
51287175
51316716
51346237
51375780
51405424
51434949
51464470
51494036
51523461
51553068
51582605
51612209
51641704
51671325
51700891
51730489
51759951
51789526
51819000
51848466
51877952
51907563
51936990
51966535
51995986
52025616
52055115
52084650
52114204
52143783
52173319
52202937
52232440
52261913
52291495
52321102
52350651
52380182
52409692
52439247
52468777
52498330
52527836
52557397
52587024
52616495
52646141
52675730
52705259
52734864
52764489
52794034
52823691
52853105
52882632
52912217
52941785
52971332
53000863
53030410
53059926
53089364
53118887
53148386
53178027
53207611
53237064
53266504
53295968
53325550
53355012
53384580
53414129
53443713
53473303
53502871
53532414
53561984
53591521
53621092
53650620
53680221
53709742
53739230
53768718
53798253
53827825
53857438
53887018
53916592
53946101
53975687
54005186
54034648
54064162
54093716
54123248
54152723
54182171
54211708
54241286
54270858
54300414
54329971
54359514
54389075
54418573
54447997
54477488
54506990
54536489
54566066
54595602
54625110
54654651
54684125
54713528
54743132
54772700
54802143
54831661
54861201
54890633
54920252
54949821
54979290
55008895
55038478
55068107
55097731
55127298
55156843
55186340
55215838
55245326
55274893
55304444
55334008
55363530
55393003
55422567
55452105
55481636
55511214
55540864
55570426
55599924
55629460
55659026
55688536
55718140
55747574
55777132
55806715
55836323
55865865
55895404
55924869
55954374
55983999
56013600
56043189
56072687
56102250
56131727
56161255
56190675
56220214
56249643
56279262
56308796
56338345
56367903
56397522
56426998
56456539
56486044
56515562
56545140
56574723
56604228
56633669
56663298
56692902
56722463
56752011
56781569
56811053
56840625
56870081
56899665
56929123
56958606
56988137
57017610
57047112
57076656
57106246
57135717
57165239
57194733
57224257
57253795
57283251
57312763
57342375
57371932
57401529
57431058
57460622
57490196
57519714
57549350
57578835
57608511
57638005
57667597
57697182
57726749
57756356
57785881
57815452
57844945
57874425
57904011
57933558
57963117
57992542
58022118
58051644
58081259
58110721
58140298
58169879
58199403
58228901
58258434
58288031
58317510
58347043
58376547
58406047
58435647
58465195
58494702
58524192
58553708
58583240
58612718
58642213
58671769
58701264
58730876
58760468
58789921
58819377
58848864
58878350
58907809
58937307
58966812
58996324
59025806
59055384
59085041
59114615
59144066
59173561
59203137
59232790
59262286
59291828
59321495
59351119
59380636
59410119
59439648
59469052
59498580
59528168
59557698
59587203
59616765
59646293
59675804
59705376
59734863
59764414
59793962
59823445
59853040
59882563
59912039
59941521
59971080
60000663
60030253
60059737
60089315
60118827
60148391
60177888
60207338
60236858
60266369
60295970
60325564
60355058
60384597
60414167
60443761
60473326
60502810
60532288
60561875
60591417
60620897
60650507
60680028
60709612
60739151
60768713
60798228
60827701
60857293
60886808
60916332
60945953
60975536
61005039
61034556
61064051
61093594
61123105
61152705
61182293
61211765
61241265
61270805
61300361
61329967
61359504
61388937
61418371
61447839
61477281
61506767
61536309
61565886
61595368
61624917
61654499
61683957
61713509
61742969
61772427
61801965
61831497
61860980
61890617
61920150
61949703
61979184
62008736
62038246
62067787
62097199
62126712
62156231
62185747
62215239
62244803
62274369
62303856
62333400
62363050
62392571
62422196
62451642
62481183
62510646
62540216
62569773
62599219
62628788
62658334
62687795
62717416
62746910
62776333
62805835
62835330
62864812
62894380
62923940
62953476
62982957
63012480
63041977
63071498
63100975
63130502
63160042
63189590
63219164
63248755
63278314
63307859
63337405
63366945
63396508
63426069
63455642
63485195
63514755
63544301
63573855
63603361
63632891
63662396
63691875
63721468
63750996
63780545
63810072
63839648
63869179
63898789
63928327
63957906
63987530
64017108
64046711
64076219
64105787
64135405
64164929
64194475
64224032
64253594
64283207
64312713
64342228
64371841
64401344
64430857
64460363
64489997
64519496
64549096
64578694
64608211
64637743
64667334
64696803
64726367
64755863
64785412
64815024
64844519
64873994
64903540
64933093
64962669
64992228
65021751
65051350
65080824
65110337
65139831
65169402
65198910
65228425
65258009
65287455
65316938
65346453
65376004
65405501
65435024
65464554
65494077
65523618
65553180
65582590
65612070
65641583
65671188
65700734
65730321
65759906
65789329
65818906
65848456
65878032
65907611
65937152
65966671
65996221
66025737
66055292
66084854
66114432
66144005
66173392
66202872
66232350
66261887
66291496
66321060
66350643
66380166
66409709
66439177
66468739
66498284
66527832
66557265
66586746
66616269
66645813
66675391
66704880
66734435
66763972
66793529
66823085
66852647
66882129
66911720
66941215
66970755
67000237
67029777
67059381
67088952
67118502
67148049
67177576
67207252
67236794
67266299
67295860
67325421
67354974
67384475
67413978
67443507
67473099
67502683
67532158
67561687
67591178
67620746
67650141
67679732
67709220
67738711
67768266
67797772
67827181
67856716
67886320
67915944
67945489
67975050
68004497
68034101
68063567
68093194
68122696
68152355
68181896
68211497
68240983
68270517
68299985
68329552
68359121
68388819
68418446
68447951
68477498
68507000
68536635
68566220
68595831
68625405
68654991
68684603
68714166
68743718
68773141
68802653
68832259
68861797
68891430
68920985
68950544
68980133
69009702
69039242
69068837
69098385
69127902
69157352
69186955
69216485
69245996
69275609
69305193
69334774
69364403
69393990
69423508
69452926
69482452
69511966
69541488
69571091
69600616
69630145
69659708
69689338
69718939
69748519
69778037
69807645
69837255
69866794
69896362
69925820
69955383
69984909
70014340
70043893
70073496
70103023
70132546
70162081
70191583
70221090
70250593
70280177
70309751
70339167
70368689
70398244
70427826
70457287
70486763
70516310
70545896
70575451
70604928
70634518
70664185
70693763
70723358
70752828
70782383
70811968
70841551
70871151
70900792
70930312
70959877
70989376
71018890
71048502
71078109
71107618
71137041
71166562
71196090
71225647
71255237
71284711
71314282
71343841
71373231
71402800
71432347
71461870
71491454
71521054
71550583
71580145
71609737
71639335
71668958
71698460
71727989
71757526
71787077
71816696
71846235
71875830
71905420
71934853
71964380
71993875
72023475
72053102
72082703
72112233
72141746
72171276
72200771
72230257
72259783
72289253
72318718
72348219
72377776
72407339
72436868
72466425
72495992
72525586
72555178
72584704
72614330
72643896
72673446
72702990
72732500
72762163
72791784
72821252
72850772
72880365
72909829
72939451
72968975
72998564
73028160
73057754
73087229
73116699
73146142
73175711
73205233
73234761
73264299
73293845
73323431
73352941
73382396
73411857
73441451
73470980
73500495
73529971
73559481
73588912
73618385
73647999
73677535
73707004
73736512
73765974
73795494
73825026
73854542
73883963
73913476
73943035
73972531
74002100
74031627
74061168
74090771
74120317
74149804
74179308
74208843
74238371
74267893
74297443
74327029
74356570
74386110
74415628
74445127
74474581
74504136
74533770
74563316
74592833
74622334
74651806
74681375
74710958
74740464
74769851
74799388
74828874
74858374
74887970
74917509
74947042
74976665
75006205
75035784
75065299
75094833
75124304
75153889
75183301
75212820
75242397
75271955
75301533
75331186
75360626
75390169
75419773
75449354
75478945
75508433
75538017
75567539
75596935
75626521
75656005
75685459
75714899
75744434
75773946
75803442
75832982
75862540
75892156
75921628
75951139
75980716
76010251
76039857
76069383
76098926
76128622
76158169
76187786
76217356
76246911
76276443
76305985
76335565
76365149
76394589
76424247
76453835
76483323
76512853
76542373
76571797
76601331
76630825
76660364
76689973
76719525
76749169
76778768
76808329
76837954
76867494
76897052
76926563
76956064
76985634
77015158
77044674
77074227
77103701
77133148
77162677
77192131
77221658
77251154
77280794
77310301
77339913
77369411
77398913
77428461
77458046
77487538
77517148
77546696
77576286
77605874
77635469
77665108
77694660
77724280
77753752
77783286
77812865
77842389
77871868
77901427
77930904
77960487
77990067
78019599
78049214
78078670
78108182
78137735
78167341
78196968
78226512
78255954
78285475
78315068
78344637
78374157
78403590
78433102
78462633
78492093
78521629
78551179
78580710
78610273
78639792
78669351
78698850
78728485
78757945
78787464
78817027
78846505
78875984
78905545
78935108
78964816
78994360
79023950
79053501
79083036
79112620
79142182
79171723
79201279
79230887
79260332
79289947
79319564
79349051
79378539
79408059
79437668
79467194
79496792
79526430
79556008
79585481
79614996
79644564
79674107
79703676
79733247
79762904
79792352
79821990
79851546
79881113
79910572
79940175
79969751
79999319
80029006
80058548
80088182
80117689
80147314
80176889
80206377
80235941
80265523
80295218
80324775
80354371
80383911
80413299
80442844
80472523
80502005
80531572
80561127
80590651
80620254
80649817
80679432
80709047
80738515
80768171
80797763
80827233
80856775
80886344
80915896
80945391
80974885
81004482
81033973
81063493
81092985
81122526
81152103
81181743
81211316
81240840
81270302
81299805
81329309
81358849
81388376
81417982
81447499
81477070
81506559
81536262
81565815
81595289
81624695
81654159
81683697
81713191
81742612
81772219
81801799
81831257
81860739
81890300
81919819
81949351
81978983
82008458
82038074
82067543
82097178
82126742
82156337
82185900
82215504
82244955
82274507
82304087
82333696
82363308
82392826
82422295
82451793
82481355
82510966
82540514
82570008
82599496
82629028
82658514
82688091
82717601
82747174
82776750
82806235
82835787
82865322
82894921
82924432
82954016
82983610
83013205
83042873
83072495
83102036
83131541
83161047
83190598
83220117
83249575
83279041
83308466
83338027
83367587
83397098
83426593
83456040
83485549
83515088
83544546
83574010
83603483
83633031
83662490
83692001
83721534
83751052
83780583
83810200
83839739
83869177
83898697
83928256
83957817
83987247
84016708
84046272
84075858
84105431
84134999
84164567
84194060
84223658
84253149
84282729
84312281
84341855
84371379
84400832
84430383
84459892
84489377
84518897
84548389
84577985
84607444
84637028
84666494
84695923
84725433
84754873
84784425
84813958
84843472
84873062
84902654
84932147
84961659
84991187
85020794
85050314
85079839
85109363
85138929
85168446
85197959
85227455
85256973
85286484
85316039
85345569
85375173
85404601
85434184
85463791
85493317
85522791
85552317
85581884
85611398
85640862
85670379
85699877
85729344
85758891
85788394
85817941
85847525
85877041
85906507
85936060
85965608
85995175
86024644
86054175
86083648
86113289
86142812
86172275
86201750
86231293
86260911
86290461
86319943
86349441
86378968
86408465
86438031
86467524
86497050
86526672
86556190
86585650
86615069
86644573
86674088
86703665
86733115
86762677
86792208
86821741
86851207
86880713
86910288
86939847
86969319
86998832
87028379
87057751
87087322
87116877
87146295
87175769
87205221
87234825
87264386
87293918
87323493
87352984
87382469
87412020
87441526
87471056
87500541
87530068
87559548
87589046
87618628
87648137
87677749
87707424
87736889
87766474
87796048
87825598
87855125
87884612
87914143
87943711
87973300
88002828
88032355
88061993
88091577
88121152
88150705
88180224
88209805
88239307
88268840
88298325
88327843
88357327
88386869
88416367
88445979
88475545
88505105
88534621
88564278
88593858
88623408
88652923
88682341
88711869
88741417
88771011
88800522
88830099
88859605
88889149
88918730
88948284
88977750
89007305
89036887
89066404
89095957
89125535
89155122
89184736
89214334
89243917
89273406
89302934
89332419
89361980
89391636
89421139
89450661
89480196
89509714
89539339
89568852
89598392
89627975
89657465
89687060
89716628
89746161
89775699
89805333
89834902
89864480
89893931
89923402
89952892
89982495
90011986
90041534
90071041
90100726
90130306
90159828
90189401
90218905
90248490
90278081
90307654
90337250
90366826
90396396
90426028
90455616
90485234
90514793
90544375
90573937
90603455
90633027
90662556
90692147
90721772
90751322
90780867
90810338
90839807
90869232
90898829
90928311
90957840
90987402
91017022
91046503
91075967
91105479
91134973
91164551
91194095
91223621
91253175
91282640
91312185
91341738
91371259
91400800
91430274
91459806
91489315
91518891
91548424
91577937
91607484
91637015
91666609
91696152
91725708
91755282
91784818
91814345
91843952
91873466
91902984
91932513
91962083
91991573
92021076
92050617
92080287
92109836
92139362
92168887
92198355
92227878
92257476
92286989
92316442
92345964
92375473
92404981
92434612
92464136
92493718
92523201
92552841
92582386
92611892
92641505
92670979
92700473
92729975
92759565
92789041
92818536
92848094
92877615
92907173
92936605
92966291
92995902
93025422
93055011
93084580
93114094
93143675
93173186
93202841
93232324
93261900
93291392
93321001
93350570
93380074
93409585
93439275
93468761
93498215
93527749
93557326
93586769
93616270
93645856
93675397
93704881
93734309
93763755
93793279
93822781
93852279
93881807
93911307
93940948
93970564
94000161
94029680
94059215
94088714
94118261
94147773
94177259
94206772
94236298
94265925
94295525
94325033
94354567
94384068
94413583
94443091
94472658
94502315
94531803
94561309
94590908
94620371
94649850
94679453
94709024
94738515
94768019
94797506
94827001
94856503
94886076
94915695
94945244
94974749
95004283
95033852
95063357
95092799
95122328
95151867
95181452
95210999
95240561
95270041
95299564
95329067
95358513
95388063
95417541
95447081
95476590
95506113
95535609
95565053
95594626
95624211
95653758
95683318
95712813
95742365
95772018
95801485
95830987
95860543
95890110
95919551
95949122
95978620
96008087
