0.16250351836238197
0.19339530305343497
0.13893034697997797
0.18777665081345102
0.17861097365939108
0.14735466427150035
0.18914891271390943
0.17682755067777225
0.1406932927631625
0.1711400203204831
0.1769226745993694
0.15444105020051815
0.18093683204664707
0.17435721244094204
0.17677899455860369
0.13317610679936526
0.16072969350865846
0.10985113870061314
0.1367295348939841
0.1620718750627225
0.15996618828789277
0.1703335509806379
0.14950286691687403
0.16417697545287613
0.1557802411378611
0.15518634609994003
0.17155499688941575
0.16725022907320963
0.1379464308365353
0.1838905143122065
0.18238113261682443
0.17569040241172912
0.171614311275556
0.15620703241407746
0.13720264343278166
0.16306980424653156
0.1926360308800209
0.1388525346386833
0.13155737561789643
0.1489832418935765
0.1496117468658618
0.15705254962157156
0.1608294808565906
0.1633822774598422
0.17565104565302853
0.17113459824790464
0.15795950138576073
0.1697182406587052
0.17643969265224155
0.1541339800331485
0.16525327658919559
0.16142342667087523
0.17078407578914886
0.14038227998350442
0.15997693435471577
0.1431324783969532
0.15336634654234377
0.17900448448037523
0.16704346343662335
0.1624509788688772
0.15734833630294537
0.18517365491288962
0.17179468488011074
0.14116636079214606
0.1681486132594593
0.15700768976287427
0.14091549261766712
0.1640438329861648
0.17905349997018039
0.16692786884367927
0.1690012056320445
0.15349347945270883
0.15838415890568328
0.17512664887349963
0.17012952269080467
0.218696430015886
0.17162842929486677
0.17368355524423273
0.16351811725908896
0.1577266168645674
0.1666997807600818
0.1585090332757562
0.1787321182497457
0.17425483604076358
0.1894082735594997
0.16602111486380194
0.17886684545387282
0.17001470012736158
0.18027837820492254
0.1900517198947838
0.16289706096481538
0.1451433939041527
0.18135788578354187
0.11522222976145156
0.16469483739931629
0.1591387188617349
0.1446724254562931
0.16023037693937645
0.14265787302181968
0.1742352893776772
0.15922002131545532
0.15576128147100346
0.16727808690148524
0.1434031997665876
0.14422314353020563
0.1447984522577423
0.16510316301216327
0.13000492676272343
0.14651648871883624
0.1872182383259089
0.1348277733121874
0.1468100752132569
0.15713028345039132
0.16804231551180848
0.16739591757913302
0.1378705481680041
0.14003298615416285
0.15125018197345536
0.13020295043021685
0.16365801902098592
0.1552450672142381
0.17224259075867404
0.1628931768580223
0.18520774908799076
0.1888811885249072
0.13083119001393345
0.1561761122189273
0.16443545465876136
0.14717933844860798
0.16333894071332566
0.16477193339673096
0.15059351159755544
0.16686278972807123
0.17006335174921766
0.16138325561633346
0.15775302522267254
0.16606621267956273
0.16106367049811002
0.15097788530643774
0.19645636805549557
0.135778218990449
0.18550320516458918
0.1900961389123117
0.16348910486395868
0.16058037810200906
0.17550848156199733
0.1843257846624496
0.139450811366363
0.14298776077781442
0.19151614667842917
0.17312660358510057
0.1507141118007403
0.17856272696692016
0.1487942585534281
0.15198632458341194
0.1680178063976324
0.15753462447632433
0.17900241052148247
0.1883576168829892
0.16855653305250481
0.1586125624427847
0.1376399930226027
0.17479610350519298
0.1603146829437408
0.16781418773508266
0.15861126348200066
0.1263604171335257
0.16986868104192013
0.13837215788269966
0.17272924573644388
0.1502071556878919
0.148537720088116
0.1655759789758221
0.15144471963434797
0.16321672410886962
0.17361336644500144
0.19469382874773766
0.1830554693722041
0.14989642834335765
0.14774621840035335
0.15159120445147223
0.15358301154048629
0.18308671289814804
0.19905537467251128
0.1668528981347497
0.15350014473643953
0.1656843923450542
0.18163124246200785
0.18181209392324862
0.2149010408803626
0.14429479263371603
0.1738488521440688
0.15572965247946563
0.16087038214880328
0.18010416200329865
0.15544399170232226
0.1382948717103954
0.18191352497745428
0.16611865097898199
0.14441110870699478
0.12979711988025727
0.13534821704326377
0.12967620255132045
0.14691311731336212
0.158822689076831
0.18111026601339525
0.16980811062086254
0.18507201477810287
0.17944830882042287
0.17166655599125924
0.14625278843770564
0.15973589679628453
0.17589317657491316
0.18111691407459385
0.1613010241418335
0.17256640452321226
0.18277271510061632
0.17915029802782517
0.16861381782613294
0.16621954896785113
0.17944325062442384
0.17374172572921046
0.17658941595788502
0.15296478938984798
0.17924688170844877
0.16394556792335535
0.1678897444450277
0.1740022682264969
0.1875858223251553
0.1632032790285866
0.16529082148234908
0.1648385077589828
0.1506541614076104
0.17811979507782827
0.16984169062584464
0.1639156136549151
0.14859237984848872
0.15301663796747786
0.14063623426786404
0.13708825397710966
0.15066479574773284
0.15690568248145553
0.1476908949728879
0.1957869378233521
0.17790408103291805
0.1694508110581106
0.1433350950123136
0.15150279666583805
0.16383125378740898
0.1749654854985906
0.1562605089135516
0.128933560518797
0.1304606863951876
0.15836567763964418
0.13828539701869594
0.16860567947227612
0.16143388867336567
0.16120943154053968
0.17377530041986994
0.13870518207049629
0.16355093463537662
0.1799915124467374
0.15602362986035814
0.14806020144086454
0.15374175567584164
0.13600672980477038
0.14123746899776166
0.13885886476360054
0.13897369914846247
0.1717562605062607
0.17216578706056299
0.19524858299333794
0.1645014685250653
0.16263938444861925
0.14836607467332463
0.1539198346349493
0.1508676918015963
0.18600765339670838
0.13926325634746894
0.15653840145934675
0.15936757135336965
0.15035941578723083
0.13324879320809813
0.15208120795863272
0.17441543188228986
0.16182525079898172
0.1515097022390796
0.17741040857795592
0.13361801796717301
0.1882460870669666
0.17042748776167094
0.16448738714762529
0.1718399743731503
0.1945281693502301
0.16083092946991212
0.16114732568364623
0.20944555669551013
0.17270984269834458
0.17114010632304605
0.15371681324607572
0.17603841218154564
0.16247088085850173
0.1625296384306147
0.16604758857924112
0.12836973925418532
0.16536642681571134
0.16802634188298712
0.15545294906801072
0.1646935944485599
0.14715980876135726
0.17766675444237046
0.16808569028280504
0.1981971225126587
0.1733383104325551
0.14702024388270674
0.20817904167596485
0.18479846944542072
0.1975297314720713
0.1857461135250931
0.17937927699916434
0.16097965883148288
0.16454106320932155
0.1627249954885882
0.18733506081859802
0.1572094217756236
0.16972640238035636
0.16713934737561414
0.16300268139214502
0.14508933937313606
0.14323935004327776
0.14965948692147973
0.15404128203862488
0.169820080013993
0.1883551760680911
0.19309290387536326
0.1828066617008633
0.1643521911312848
0.1686259321586598
0.15521477617584362
0.17316423839745054
0.18342977362466265
0.180012111138721
0.1500441653542806
0.1732144737970961
0.13393011995409457
0.14123904407782711
0.15879922237155591
0.15573273431484802
0.165400250131519
0.14261855796009648
0.15220101012235657
0.18612441500043594
0.15304460763905453
0.1642736369109072
0.1574791649995052
0.14391526715951367
0.15958939634744493
0.14290446500624648
0.16092151962807005
0.16402435672995969
0.16068552718168763
0.159547153167669
0.16095926911452363
0.14933427387634893
0.15194636445020376
0.14336143968368553
0.16681302616565924
0.15869302314093484
0.11944005697698973
0.14809772671772875
0.15133832159441094
0.14399223991225557
0.1527898289498253
0.14483798984085594
0.1715376353276783
0.18573018240179787
0.15600450373996438
0.16083062784436813
0.15576671299661948
0.17132862201391014
0.13766355259478458
0.1499293771984042
0.1829004703436084
0.18662448448357155
0.2104904616116283
0.15657482497442676
0.1806125155108918
0.16095189841408925
0.14880082247654486
0.14755207531460185
0.1739410043014065
0.1353406367610996
0.15389733090079305
0.17818168053197475
0.14699862115468704
0.178808631094791
0.19018936479501436
0.16162037499123
0.1786237928581669
0.17513034079702483
0.16172266759637557
0.1662002081486882
0.1607159888591661
0.15640774235381405
0.18634633263864442
0.16358413420574391
0.1777198402069034
0.1920885513308806
0.19177469811578432
0.1992580221593146
0.16941363948975025
0.19944261482034692
0.19290283727903285
0.1788945381564544
0.1506447838796764
0.17226176092191792
0.19076324480792592
0.1596806701998724
0.19304770042819375
0.14031417484077846
0.17356102031949217
0.14634923131002614
0.16082514956591656
0.1592507540777049
0.15390903302773223
0.171992270330256
0.17820720464952944
0.13150607999394323
0.12944550095089305
0.14716427052962883
0.16859742448420503
0.16242357146762637
0.16760853233753165
0.17398238240492278
0.161742706815197
0.17462795919471888
0.18502140084318378
0.13922487175738454
0.14407534664063407
0.17250019395553912
0.18202441888385248
0.13800587469359968
0.14394331381406575
0.15188971483933633
0.18682930087436847
0.14384051228392428
0.15447727661573463
0.16956435050624746
0.15397167303488002
0.15214934525852997
0.16975665283946156
0.15917954326639222
0.1424464641065217
0.15919870749980325
0.1732486492772215
0.15204820237127398
0.17353960723541442
0.1399045989941668
0.13930371016723492
0.15253063058267496
0.151716191847473
0.13790285767142613
0.1719827516457376
0.14304345410448135
0.12260488201052283
0.1349720305801022
0.1686258556318846
0.17679658805417928
0.1478717699754976
0.16517298841974737
0.13254584848084996
0.17735025332336607
0.17822850864936662
0.12315463899617243
0.13537297465190287
0.13674258872135925
0.18294727580230838
0.15754735863747593
0.17315641966150389
0.16395499239240224
0.17567108809358206
0.1688425124441849
0.17241254511972043
0.15567199998108958
0.17509185649705328
0.16241784715235288
0.18571734441234033
0.13691322308729564
0.13757756764603268
0.15563263975141828
0.13881210298929308
0.12902244929644463
0.1398071092790364
0.1749550859717584
0.14349391666534778
0.17036107074171208
0.1648719130067657
0.15339282858705006
0.14653035828633443
0.17010625629425483
0.1688087994414033
0.18752255034369675
0.14515303657476455
0.16257065255983377
0.1483677514926368
0.15073973327043555
0.17306800563315888
0.1704028223962994
0.16028493706532676
0.13727851339275116
0.16213492991486259
0.1596752235056819
0.1669583694727237
0.18184359701173963
0.19854234167166424
0.15278530746035088
0.1596784052195915
0.1331775584137216
0.17976918215366267
0.15568761630442454
0.13915817339629946
0.15386214016575975
0.17254659109768394
0.1299204632789874
0.17698747542741808
0.14131471269155582
0.13740463763494057
0.1781164570234554
0.1626332253144912
0.18967264752349272
0.14589015588619886
0.1598869986812862
0.10383412286735605
0.16860799265050122
0.14835614034232447
0.1453962681100035
0.1480311775706389
0.16375993987992127
0.15075844818110934
0.16202401743867412
0.1566709328089512
0.17277958924979586
0.15262197195428512
0.1766935960575988
0.16075297270691127
0.1643535270730112
0.17057685000663197
0.1615630921249516
0.1824478969537332
0.15003954161015426
0.1649147286341706
0.17108724971051065
0.16946636810582522
0.14914444306086308
0.159383076199395
0.16658349123095784
0.17475889528071592
0.15320458238730408
0.12973533134535165
0.16154467086980603
0.17055636342678032
0.1654372403834632
0.162483213710284
0.140105014063716
0.1628976983659185
0.17098435956412042
0.14947041221994492
0.1860370606911123
0.1539562249605861
0.1516857314636207
0.13369610347454547
0.17034043966357829
0.16220472287680865
0.14937136909363719
0.1829692356001453
0.16569229754476567
0.14991986568810634
0.1754777153228506
0.19451668615555287
0.17003687690487207
0.17783995340388956
0.18895828604933085
0.17582759708059847
0.1643710963124207
0.1693096120234161
0.15569529497653883
0.1690667254616714
0.16023821679464148
0.1743169120241045
0.1858086355272577
0.15637684394333284
0.1655801424929455
0.18748235271608402
0.17951791456574567
0.16649934968579716
0.1642418734697101
0.1851866410261842
0.16758257952111294
0.13996045770050702
0.16827444808855502
0.1763471527705274
0.17710937290424003
0.14119335647038125
0.16466727780624885
0.17640293855285968
0.17142876770907417
0.17686516825087067
0.15348757263404017
0.1933090117654723
0.18310339769511486
0.13615455975290844
0.14091480289835695
0.15354293588190512
0.14909988927078074
0.15526581194001865
0.1677739946913287
0.16808761767967462
0.15363191689483868
0.15785882189181713
0.14546567334149618
0.15144966252432135
0.14914643501665653
0.17346656593928914
0.1551975368070998
0.18520705765461815
0.1514341464823053
0.15647541373258383
0.12304995696465615
0.14362136437423512
0.16756146329337918
0.16234477781414983
0.15503625824612427
0.16634353590090156
0.14765607405154407
0.12624662450029087
0.16009301381015884
0.17192695731125138
0.16894408828144514
0.13312561432394807
0.13970074508734664
0.1855340956112354
0.15220996415823437
0.13571712924176615
0.1260466533590927
0.15366417920167347
0.1430959392526234
0.17198396633823304
0.1530062258251632
0.1534357483508204
0.16839058833190335
0.17011338993776387
0.13776851803620838
0.15854929723713673
0.130452131838723
0.14456590166919808
0.1703114295281952
0.144126314509192
0.1744862264841487
0.15374104107055508
0.1709201008989804
0.12231319146692733
0.15958272290438785
0.168704839156809
0.18523973155399137
0.19716156120973777
0.15851338752730523
0.1816776306769332
0.15868401988339725
0.15541532755641085
0.16537534128038858
0.1611448524305779
0.11962383778431698
0.15438720862510208
0.14728852398109898
0.18254361362701976
0.1924771478462064
0.16799564812413983
0.164121957952956
0.18754559815432698
0.18435472268588993
0.15875259936070815
0.17868894040994704
0.16812871088084347
0.1793580480473283
0.19273680878061772
0.19310555293746248
0.18148848524571237
0.17217271032904052
0.16218151140856768
0.17241606203483534
0.1532619187221891
0.13614083372609187
0.14712610998694053
0.15840201246962163
0.16944954018901615
0.18219564611629296
0.147644232358739
0.1649785016798535
0.17466410455145204
0.15505391530291388
0.18461465906219274
0.16692248746220706
0.15759989576953973
0.1493267435389708
0.17903258135622002
0.14554332273804294
0.15356725712165337
0.15611582563442206
0.18904189681803932
0.15012943104203613
0.1444622186646467
0.14844695727820817
0.14751974079195995
0.12757134426231892
0.1572167463168604
0.16052934339461436
0.17477154597723538
0.16229067074565373
0.17373895497337666
0.1206368676358778
0.1514521892710613
0.15275410925436844
0.1601322400225272
0.13475601077420957
0.18804496738836243
0.13956788774291168
0.13857376548817224
0.11829814821410209
0.1820225789875683
0.14756282535220933
0.15513952921456953
0.13800270893790983
0.1409818189184348
0.14157292418562323
0.15847568208706037
0.18186053612481834
0.19504287667118997
0.19694186896618737
0.16614771145665058
0.1867353090547187
0.17593624580280753
0.1741940810051163
0.16401277733449945
0.16845798891995245
0.1651305042073874
0.12359106827376434
0.17478158605454241
0.1432326069031143
0.12871545097658255
0.17330775030086254
0.13809122464950038
0.15341036343551573
0.15654712414324298
0.16786994034821662
0.18178944964472582
0.18623539892090893
0.1357407641244044
0.15548924486242985
0.1748454624263124
0.15565603803871936
0.18156776248255302
0.15221308142728945
0.18259621907998685
0.14088196139642076
0.16633239310739267
0.17995318484420886
0.19520054535550485
0.1836896401933253
0.138295097630184
0.18665605304325855
0.1794027030144608
0.16598786131440918
0.16041424637864876
0.16235765114584128
0.15839652521020608
0.1427942662925272
0.15860036415776912
0.16263656997828232
0.1948121043278518
0.14928295255805762
0.1610167316867585
0.14639331631043248
0.18021923263639328
0.18687310443411642
0.16849513211015577
0.1896559841781265
0.1604923851681811
0.15489895089061212
0.1289332094026589
0.13984634488008085
0.14589470892622144
0.1626974550407092
0.16137529375887205
0.17821640750372597
0.16954051952589463
0.15188873267251693
0.17368333479371453
0.1647847647442855
0.17138644080101045
0.15372262755904967
0.15443815168237013
0.17219879584689166
0.14424000387362224
0.16841536813665134
0.15965400109571418
0.1479302950165881
0.15567134373764624
0.16752323711817435
0.13457436369734338
0.17977146004508882
0.15519394279157028
0.17762441846027105
0.1395932019661785
0.14519775222345513
0.17323387654471362
0.16810720118309513
0.14447025296076627
0.17221692934588329
0.1641716647824421
0.15533768421300442
0.14923151302205398
0.15290926561411766
0.15728197327245516
0.16034709275863324
0.17542075951548675
0.17320278115000548
0.16298391520085811
0.12427170730133696
0.17619145008184245
0.16415839629390871
0.14004699306333052
0.15473023542712322
0.13041739230531407
0.13017216247565655
0.15640903103329074
0.16081376793520935
0.1344041067835986
0.15994035638159604
0.13690192590018263
0.1475760823859974
0.11961786984245647
0.12576507017167082
0.15058312467606516
0.1118057579621266
0.12439607472002362
0.1490389442260836
0.15994782376779343
0.1397001495984071
0.14646327353015764
0.15800515631362005
0.1512888674893637
0.17661218414678706
0.15919089747544174
0.1405896724693482
0.14124037269666184
0.15979605797889793
0.16347622377399867
0.15085878768652228
0.1712841217029447
0.18581204398268608
0.15418189315337985
0.15463306338475374
0.1775272869494412
0.17277694084726758
0.15481464050605312
0.1457732841064449
0.13889787893859856
0.15338820434293754
0.1616948684289995
0.18756056559570577
0.1997041656750873
0.16731500361508267
0.15682767927100133
0.15306080302248132
0.1765617870937174
0.18083936296377173
0.12488188880717477
0.17921498022891036
0.1670674413247885
0.1636925080913214
0.16962864205767952
0.17185346738060558
0.18247067662090372
0.18747738195387875
0.17607760887879959
0.18182094538574428
0.1700695334672051
0.16812445573357693
0.18123818807309008
0.1732896686526617
0.16261025645520066
0.1612535880317575
0.16307405797438376
0.1810272574226509
0.1731916946038342
0.16864159416306518
0.1752639963611062
0.17094585851180272
0.17277431798024326
0.18191066152595897
0.13893255817439695
0.15756501690663666
0.1453006357415108
0.15136319714929353
0.15701458821810207
0.15273318473945335
0.18190264531268585
0.15491757707895493
0.16909356835617345
0.15358896240920666
0.19599533580829684
0.14966568283112452
0.14953698440867785
0.16402636329096015
0.1912192239663585
0.1470520399353976
0.16671821780325694
0.14992944892858873
0.17624205473367732
0.1538658256726202
0.19822910798536292
0.17279683687612266
0.1494317858405344
0.16574413012475364
0.16618238927937704
0.17037760024084786
0.17510296904972839
0.18587155756217943
0.16104518729993536
0.16817185238900667
0.18665921544273534
0.14129705496992953
0.1701878559002175
0.16097051981550786
0.19190735577478346
0.19651229464438202
0.16931715997048644
0.16311449582997722
0.17594713155943476
0.16685846002804408
0.16498841598552957
0.15924366019071337
0.15333733224156693
0.14617171461934553
0.16386931811596858
0.18817791370382847
0.1671820862845803
0.17085064301377756
0.1525073571615716
0.1623486473064633
0.16804787817301678
0.15514715397307932
0.15750249707880906
0.1510824792133308
0.16592720226263458
0.1881436077746579
0.17420801667396957
0.16115963348239226
0.15845222894785876
0.15271956811049997
0.17923074803821054
0.16498042768117388
0.18281988083231493
0.17385275853687707
0.12134046270155767
0.1441278201528006
0.18452978837966105
0.16150302049615195
0.15249410756526205
0.15921484589451962
0.14720507480414888
0.1704638824315867
0.16290955372971563
0.18627421615195067
0.18301687470484793
0.18557753905476473
0.14378098325149893
0.19006140679380332
0.16867487833631345
0.1934742212567349
0.1985411713715432
0.2159490476873233
0.16495268548140762
0.19554843093560226
0.14853907731916854
0.16144883381395653
0.1551496527519727
0.15647500474213838
0.1387462299090645
0.16300126845658178
0.1538324201686672
0.16022994026701104
0.14938127086150085
0.1770511992733996
0.17150528094392747
0.16388871337459632
0.1734896242846637
0.15700488156632253
0.13072779743220495
0.17836399424787308
0.1392726875127985
0.15432769737122776
0.18115464510252394
0.1703245303271615
0.16715188951592608
0.17309290606546496
0.17234295922218376
0.19378992079215138
0.15166086868514161
0.17055424738928285
0.18834943502368584
0.17791747084385617
0.16204536552888174
0.16908648870121434
0.16367006797363037
0.1870780006305909
0.16211412827522936
0.13993295829505475
0.1717087583514487
0.1430915882024406
0.16252327276107834
0.17052411042616356
0.16066645842871363
0.15878175246690215
0.15150934591739892
0.16129116086538153
0.16691766724398288
0.16812929130356988
0.15421660694312112
0.18354206373939713
0.16141627248988782
0.1393634998145331
0.14820936227881126
0.17729400709451876
0.16132010513146217
0.18316395101008257
0.1476933731006686
0.1567602587912889
0.1322063192205477
0.12774941960662872
0.16462236766276506
0.16136157380164112
0.17844027161996578
0.17465271265057467
0.1979692261109669
0.19011754821923393
0.17606771177511146
0.1414340895405258
0.1641781020993365
0.16605459790483407
0.18030046078274187
0.17060730879661687
0.1510553670910198
0.1716802834649072
0.15638022517539046
0.176785222731434
0.18145626497410872
0.15610157164836663
0.15160611097039992
0.1447208203061916
0.18539188183222796
0.16572903465561062
0.19245161687439089
0.1632781217650653
0.17660718519848642
0.18832183418735718
0.15270619936405241
0.17267791773078645
0.1632564638045204
0.15822686388732582
0.1388641286819995
0.14376686593948984
0.12168796940512341
0.1746336594069296
0.1559891154947835
0.1733117901446266
0.19355235329636422
0.14471331357380693
0.15550266639185867
0.1552639770972047
0.18156226137533088
0.18544242831816463
0.1688422490833566
0.1730108343377072
0.17315547862423808
0.1696939121083122
0.14795141254169258
0.15639160691381634
0.17714718308440477
0.16005659784280687
0.1614631648915712
0.17381090235488314
0.18142447476446938
0.1767180898458073
0.15610150311824011
0.1560013824437803
0.16213903906862978
0.15068550866059666
0.17487948226309438
0.1612137424447547
0.17463874552055417
0.15196130608548014
0.16077252594920616
0.17013078146379101
0.16288095036451783
0.14244634089274574
0.17349185497951958
0.15244359730544638
0.17031901323419232
0.13923405865699934
0.14699039657591526
0.14482932763614886
0.17894997649049355
0.1468262662787973
0.15010451856165802
0.17192908396717624
0.178751740619868
0.16511765615931032
0.18418522374787227
0.18335243075465374
0.18943827700745677
0.16105709317309774
0.1741639217189671
0.17835811524761183
0.13974387359769627
0.1782746784143526
0.15072888495139128
0.15931561807180222
0.14687835596993776
0.1918118957663139
0.16643011420582982
0.19789719292010413
0.14823099124316658
0.1634310835625695
0.15898098135813815
0.16272845846029532
0.14988135475556108
0.17436808192857534
0.16839921628867094
0.14992250978956542
0.16082228811195148
0.16844278192376366
0.17315079487517457
0.14087840397828574
0.13120235712112088
0.1413691917960681
0.1347193376973455
0.16017615373809674
0.15550870814484835
0.13639402940750572
0.17834787497439844
0.16932827845639023
0.185253786633988
0.17164008658624885
0.1780305367847278
0.162372944104775
0.15618533645538935
0.122095000372481
0.16328847111230207
0.15606080531142752
0.15648749847902313
0.16850805121962179
0.16647311987476598
0.14504645337065492
0.16096626380237214
0.12817758736801405
0.16095603521598376
0.15106185928043378
0.1608811668394323
0.16065269034762641
0.16901624211948582
0.18293632534293128
0.17774388358597762
0.13864925061610034
0.16779108652057148
0.14758333438661408
0.1585892371271106
0.15403598992155487
0.1625497244951608
0.17147087361168423
0.16215532141892358
0.15587291163871864
0.17454801342757453
0.14649246274026412
0.1635904671705972
0.16771643694102195
0.1552861677866016
0.17009742732204497
0.19661437654491865
0.19481058400302684
0.1581943206571738
0.1597915406986016
0.15090953736040869
0.1715055121488444
0.16030655839684024
0.16178439218581236
0.14251752672422283
0.16772475744373777
0.1753146970960327
0.20466295185309982
0.1815810712583957
0.17599137481132426
0.1868252596520268
0.190247953330781
0.17526821049604022
0.16920593468034903
0.17735337103843465
0.15253908054246884
0.1730863368738955
0.1617264790730576
0.15608420552747612
0.17469865051994354
0.17056523429092652
0.1756997893009603
0.16085078128214791
0.17170599405012998
0.152580765987075
0.17348250046870622
0.16102390775230868
0.18003698066083096
0.12726360247963403
0.13541432289186284
0.17995273006873497
0.1331306193866024
0.13350815908696773
0.1733862307087468
0.13804349099469615
0.15190959133647328
0.1646884247673155
0.13395890681372613
0.15422416029793734
0.1519439009281346
0.15691984604320924
0.14941400572169866
0.16975895673626268
0.13917426571538463
0.15109470032635014
0.158059724205366
0.13315538611387706
0.164828512702557
0.17370834861545412
0.16034449767791914
0.1776809188761448
0.14530291025807202
0.17012925612599888
0.16479210947961423
0.18056684933844708
0.14887457144818494
0.15196175921026606
0.16030337076850498
0.13538233271650843
0.17545148343026348
0.15341442079711196
0.14795759613873677
0.1521909746699113
0.15087030499091367
0.14798636956527195
0.1493684329879354
0.14452086829637625
0.14433455175354207
0.16690545486556074
0.1860445196807669
0.1802211423448291
0.17023011095966045
0.16221529563538406
0.15095418561221965
0.1672437870024678
0.16043775321075154
0.17868582636524816
0.1781793180976619
0.15409991947751572
0.1517136893926318
0.18476492161205438
0.15389754758838392
0.1685865068532713
0.14627631293338786
0.14304445706821198
0.14503899923506836
0.1754653121609759
0.16047078358458688
0.1608833113706018
0.1416550587607618
0.17464690230858437
0.13912217572785124
0.18412054529425173
0.14208137574424373
0.1445420038407193
0.1664251922785184
0.17745267450570684
0.16733394980405608
0.1851539716844118
0.17987822701471137
0.15052748031145213
0.16528031185941294
0.1685244840933826
0.18482181152332647
0.16690833645361014
0.19490121969978313
0.17225858248316275
0.13950400609706326
0.14314628577313415
0.17642817985605455
0.16932423750494152
0.17791640688297375
0.15668202774917572
0.15219785184800483
0.16542479223120177
0.12340240476599315
0.14459609750207877
0.17656164131542754
0.17018906279027632
0.1569659392716342
0.14128194027086974
0.2007540382610876
0.16335299346014864
0.16782679661944694
0.1927316922293309
0.18235584571594549
0.18867940090579163
0.1559563609434289
0.17024437350776053
0.18725847069127105
0.15034728646917223
0.18310995838255062
0.166862147207918
0.17875093483848498
0.20297480427706663
0.15350592297786114
0.16097358961486163
0.16294508239579
0.18916877444102073
0.13510615936714546
0.1350498987873875
0.14277063201398635
0.14236263726985632
0.1550182937869467
0.1688198810472603
0.13944302527787084
0.16860023953250497
0.18057400837018456
0.18226738221806496
0.1271858961780458
0.14778196279339284
0.17442821406134365
0.14841721362488336
0.14429687234361394
0.17534126430358637
0.16376604924965116
0.15688130676318598
0.13102292218368988
0.15362124802989507
0.15450339402311242
0.1625553147942484
0.18022470609626257
0.14629995308703742
0.1632406993528685
0.1754271114808707
0.16533935291238336
0.16602686298451536
0.15669810993860048
0.1525463707517969
0.15842597147263482
0.1614649908224972
0.1570992350531909
0.15276486110929716
0.17492913440313035
0.18841654372001498
0.1855535611917187
0.16193725881302995
0.18120438759276053
0.1744806864721124
0.16604024974473028
0.1789417526859621
0.16672309209449462
0.1905809912028306
0.14606985226314984
0.15921803257735143
0.17766931282926035
0.16653746432977595
0.1686320682780918
0.1969142323432721
0.14906457075627047
0.18947936887512304
0.13388653175879334
0.1306205737830266
0.17170982134743462
0.1761786133828596
0.15230400725903392
0.16254471174886512
0.17690015077973098
0.1646930566676261
0.16929388942903428
0.1625897812579154
0.16587034673943116
0.18398991894116443
0.1551214204221866
0.14799240539835956
0.14480773649775797
0.1584694007248512
0.147984790428629
0.1805117814244725
0.1847876534821513
0.14881958651198576
0.16328463616699312
0.17045854016248435
0.1581569334203835
0.15618438941977078
0.14620266014521596
0.1774999090374002
0.14579288039529142
0.16906205518852718
0.13143945217675812
0.15968774856275614
0.14818603818900722
0.1605382512508962
0.1656987931517329
0.15245234139932962
0.16381521603060956
0.16132611345980083
0.14485913625159025
0.18791576815227604
0.1817127990285317
0.1492547825053958
0.1254411901926098
0.1687112718942538
0.16062411085699901
0.19310128313467503
0.14865714322890328
0.14169441200575777
0.14377849655224328
0.19646230127548758
0.16202536105874
0.1684246978298341
0.15349175777473628
0.14469638960335515
0.13563313818116773
0.16851793726667225
0.1468635131691422
0.16642170889369443
0.19492722221025655
0.17796591801791006
0.17618669169126522
0.1822881471244885
0.14428750545750907
0.17603379412567471
0.1381301960975273
0.15559439720812474
0.18153546042237623
0.1648586187829905
0.18614663103625
0.12925776268556372
0.14142974836985028
0.1624162852092607
0.17009514417518234
0.16662225341954442
0.15879728620190214
0.15142875196505784
0.17690809187593298
0.1770315287800792
0.16999431122914496
0.15682196318313868
0.16535143974085065
0.1675867841012477
0.15565248700126172
0.17887840472536054
0.1678125344216456
0.18577596955574982
0.16952171838063007
0.17593126864055986
0.16043848148173895
0.17239841909259945
0.15004329951361345
0.1365441621491073
0.15782187082578422
0.1466515709484968
0.144868809246353
0.15905250752144717
0.17663357763651907
0.1636468211486799
0.18198881320746577
0.17441975711143667
0.1473807658120065
0.17836765619970307
0.176197281648587
0.1528031539647509
0.14449068038334695
0.1797296020005396
0.19380905031382112
0.19505191232716546
0.17130890272641736
0.14363044107461936
0.1525009706460645
0.18449697970558543
0.16690727356767016
0.12926166851123028
0.15777195490828022
0.1429771341986726
0.14457710336970034
0.17966588533087957
0.12411152115116092
0.18620782419746731
0.15703499264085025
0.15396648911795582
0.15100897759660514
0.14896060654334248
0.18454719271101816
0.16110958043470813
0.1619263187532251
0.17197944449074715
0.1583925778456063
0.16453193680609252
0.15070202739796282
0.15202084693750423
0.16810855415557058
0.15490182229779093
0.15271515025825172
0.18165512081049778
0.1654104118746641
0.17601563882766452
0.15263548722151335
0.1572305394829136
0.16266377402236523
0.1410266483289681
0.17108010477301588
0.14427812073816218
0.1381416951700857
0.1481533602114033
0.16281138847790927
0.19082932316825174
0.19401629875343107
0.14771640660197233
0.16038593017415867
0.16689943900394133
0.167343773263271
0.14668507603445918
0.13291086869316143
0.14086412259310366
0.13867805436126082
0.14448665000075836
0.1502145993852812
0.1528549102529273
0.19001346261214874
0.15668664878673255
0.17603914270818183
0.18605424335552967
0.17324133679998002
0.1670318560960137
0.15884326432257437
0.1813137983259369
0.1647420692711981
0.15262636015908526
0.1451142744457383
0.1320662353417166
0.17255368165271703
0.16245641268828073
0.15974764763980767
0.1620444158067613
0.19225901956043326
0.15691511180982112
0.1592630841278444
0.19374333032622337
0.20294028677278103
0.1668597211554861
0.14346304338661203
0.15486516890663965
0.18095551376727137
0.1710010905232623
0.16554895303480413
0.163489040411091
0.1778548680632256
0.16966022599068856
0.1820218204847076
0.15919704903604198
0.17042960855141445
0.17408619824898863
0.1649781277177452
0.1843252805674123
0.1689894640447808
0.1722807363929829
0.1585868458493384
0.15525380660858173
0.14320904837401385
0.13979731138487306
0.18728916968846285
0.17230732305520574
0.14579804757799877
0.14975330796156555
0.16858835436891867
0.1569321925598096
0.1479310719369961
0.13301302627664205
0.1929450385785734
0.17370308670287216
0.15819556468667162
0.19199245649069024
0.1648092069457341
0.15547972629949938
0.15706789019402884
0.14625475456040327
0.1651250697538002
0.18356144375364433
0.16834410505993258
0.16366693693641743
0.175830619401703
0.14131918256200093
0.18505791277740719
0.17127336090103437
0.15947237845455522
0.1536429119291849
0.1568621494490235
0.14850236484378282
0.1638199709021333
0.14908821376826462
0.17003107705651455
0.13299350731082948
0.13395852854397172
0.1414221954356485
0.1467693212068308
0.14077182028710736
0.15047276391668246
0.15738893927796893
0.1587218530604233
0.19635241173366558
0.15236947220732247
0.18547416399941058
0.1575970684805938
0.16452236849297175
0.11596392025129142
0.18665613310338894
0.18493187799706604
0.16632537473008066
0.15301735423569754
0.1636122162064635
0.1739329887529072
0.19801069976010074
0.16768939779475278
0.17197721032315094
0.16020095693623557
0.16526581079307726
0.14721992227902211
0.15590480684785238
0.15754243977326973
0.15161670811629113
0.18655286072609414
0.17631140364874934
0.10921960532366484
0.1472424057103361
0.1948168518316336
0.16431428485322294
0.18429698071762263
0.17290811936933842
0.15890748461450543
0.14884827562001562
0.1852065318548533
0.1210215013137913
0.14247113391101027
0.17399736628265158
0.20121878596179169
0.18097408527811257
0.1680218898266404
0.18820867114044912
0.18020392831477552
0.17591681168933393
0.15128516634177241
0.17871589814781974
0.14625667760849298
0.12469316546482467
0.1600377909108838
0.1761486456467889
0.16549643102266565
0.16467435101917338
0.15242250986678574
0.14954792218180457
0.16844876255175317
0.16554354252965206
0.15711637265321293
0.18246537599046314
0.1639398836672483
0.15023053581362555
0.1449028299556196
0.1639022713494333
0.14757442632896567
0.14641972353724364
0.15712327103427298
0.14522510428078816
0.20566293182951545
0.1778228341297232
0.14054655183255868
0.16972225406829644
0.16918645610540584
0.15813743852610598
0.1717373294403795
0.13712158696349064
0.1516646214647711
0.15067153684987739
0.13548615523243746
0.15573198400861915
0.16565554536246346
0.16891199861188522
0.14633528885718167
0.169675764537595
0.17322281869922632
0.1388780023691965
0.17513921928323367
0.18699473892380442
0.13822591686236774
0.1839871742449006
0.15632362333702862
0.15829371095225198
0.1827765132853965
0.18817341726611453
0.15919727282116647
0.15945672077723386
0.18849673868529465
0.14467464472906177
0.1603839679757374
0.16595809909607173
0.16809212238011317
0.15601145899519722
0.17366553030580256
0.15168987985043875
0.16672220960585205
0.15921413093308773
0.15806084755916774
0.17455702638032725
0.16422748770010231
0.11911178509817566
0.14956738493218177
0.15636996721375063
0.1332194442049408
0.16711951859600355
0.1427202598239531
0.1364260007274376
0.15418325071499336
0.17513804042713066
0.1659686970424199
0.1757598834449221
0.17628058274759878
0.160075247735475
0.13908484455949988
0.1685221026524516
0.16437703707941043
0.1834994146660538
0.1743768779349808
0.1760949233216772
0.1943017431182793
0.17395291547498476
0.16698852592175886
0.16553533730582237
0.18004972889254856
0.13848703977682175
0.17053855223906556
0.15856227067827317
0.14935099700779933
0.18186315598408087
0.16631869311861272
0.16854919199349996
0.18751941441198644
0.17923820481358127
0.16581384638340263
0.14700935910845941
0.18239509899845743
0.14253050471749723
0.1777416172730183
0.181401819162198
0.16426097786322677
0.16111878827519366
0.17244337250417238
0.15939246839517296
0.17076823853576023
0.17714733682187045
0.18337760912478446
0.16616524508455627
0.18709793631600513
0.1535546558713375
0.15243259887847185
0.182507173276941
0.16313414383442523
0.18370739107169884
0.1461436530720872
0.14046726821319308
0.15041636658355578
0.14548356716575683
0.13166052525429983
0.15532083757047743
0.13087267781863932
0.18396508724684174
0.15708396899337126
0.1414701398629064
0.13340560193326506
0.17810499954798908
0.17057377119865855
0.15507627094322235
0.1730768657101257
0.17050741450064033
0.17775670280877054
0.18322147905031694
0.14497868683172438
0.14489572888310182
0.17308036300968865
0.1688676773319227
0.1649941855058533
0.15516747483897053
0.1720681299207636
0.15379408527694094
0.1796865149146361
0.14855060983873614
0.18290712475294202
0.16533039132663177
0.17891074715637226
0.1439119740819832
0.18091584414918832
0.17850826588962415
0.14133214249107529
0.16958421654050132
0.1718118519017692
0.16859120461846414
0.1718509573519569
0.17450816476645886
0.1515612861981217
0.14956442994445432
0.1683402756367151
0.15519087703604106
0.15120681696425514
0.14162803495654372
0.1402606402681426
0.16200116350732857
0.14029270632170654
0.17696088044408997
0.17506026170473127
0.16222593946072944
0.17770720609807444
0.1575598050458929
0.16799646844518462
0.14325858567161942
0.15829414799576524
0.14936674761345275
0.18610742487527415
0.1600818947416142
0.16723488785525548
0.14287743795027108
0.18826203618819287
0.17018828019094345
0.1490923294176511
0.1741977143381028
0.1667415522859691
0.14783841975858394
0.18244477179538832
0.17100562902226724
0.14887901735671677
0.15940048706243448
0.17673305183191423
0.1625150697651565
0.16286863442870186
0.17019517935627804
0.15567965948641072
0.1746063005188374
0.17712143029800567
0.14811409540211234
0.16741295466434752
0.16592509939739747
0.1733207342848417
0.16973448217140605
0.15025852663938305
0.1816369072451203
0.17264804168769704
0.15146227418034675
0.17142752932064395
0.1867408505309277
0.19828591402151616
0.1759752363544834
0.17600699122894495
0.12767825490773266
0.14324645005968417
0.16904456275800553
0.14878531228800945
0.13553011302926488
0.15320408593167503
0.13454101811702848
0.15166523094959258
0.15517406122067046
0.1665855251257923
0.15325977793639683
0.17692857538454612
0.1741810901678049
0.13278740458505042
0.12934899446338022
0.17650257385000595
0.16342252938562962
0.17429215332338704
0.16889571202107165
0.14129968009659957
0.1770831874458621
0.15041121410253128
0.13086261641555574
0.15887809349487286
0.1463304802484322
0.13122674338650275
0.1557183796401505
0.16189623294967745
0.18473612565439754
0.1529041620404702
0.13171547241229006
0.15243009490159729
0.16258150138722288
0.16421677206952365
0.15918732766818017
0.14698721280691973
0.12192210216963546
0.15013819433362938
0.14824836209889447
0.16137479963716958
0.16972459719629887
0.18163194703007018
0.16912863425839791
0.1454222390470276
0.15597764320215726
0.1455415865816112
0.16363639713864606
0.1589466957310432
0.16012613038355755
0.18679108714453746
0.16918521653663116
0.15375381241243544
0.19546193344811477
0.1486555828460551
0.15437890918794944
0.1448936605854515
0.16530626317994254
0.18469622647362
0.18428250979394606
0.13645528401473622
0.1800180504752827
0.16671846798957707
0.14011018974273354
0.17166192982399292
0.1499696596670112
0.13106718693043432
0.16502960207089945
0.1949995480744151
0.1687991459624877
0.18268696637467602
0.16953381758770047
0.16999727632839032
0.1631659590919002
0.15118127950992016
0.15797508672251476
0.18838817976726235
0.16146309163044315
0.1734623030910134
0.1585060951909835
0.15594318602832433
0.17557869645975177
0.1427732131058464
0.17416917714241503
0.17864606257562515
0.17355112111966514
0.14340988547215125
0.17702197745552573
0.16078532920508384
0.15631434687013301
0.16659971598066234
0.1848973047364314
0.1736701387745565
0.1953384423646309
0.17190364040613937
0.17031704645850382
0.12778792016554938
0.16759836618543017
0.16900787086293487
0.1845581916831499
0.16032635117589522
0.1640847267034788
0.146393245680694
0.15538737561791835
0.1605670173956827
0.14575378875915274
0.1714660191498714
0.16455955095190444
0.15900249973034714
0.16417413991262855
0.1285376599270342
0.15716859454157373
0.15494072099697498
0.16025743048592367
0.14104413409738584
0.1731424601828471
0.16999354101244118
0.18597476320630596
0.1629801854997927
0.14291546294008065
0.17833441772027547
0.13821287242542185
0.1523878602593049
0.17119157647381403
0.1614656807420033
0.15477695154463703
0.1353442591987931
0.13441590930470923
0.17994158815598965
0.1756007441719737
0.1558855810795231
0.14428910923532204
0.16342263182459726
0.18705053544479436
0.13966845015567714
0.15253469234596828
0.13047266027338159
0.16935829587711126
0.16396871396466647
0.16351212514491642
0.1914791349817066
0.15933173422393962
0.15854036719519832
0.17838796820654962
0.1312741788506263
0.15850145545885158
0.15899011636329557
0.18478686373184236
0.15067240709819096
0.16263914983092415
0.1559448953026498
0.16213476877890484
0.147507691865047
0.15497530024167674
0.19040624246503723
0.183198657836841
0.15688646673969198
0.14685626524665465
0.15051766114298773
0.1635114741380762
0.14884723862119784
0.16863377172759053
0.13527986732017497
0.14823845189907414
0.16759570283570346
0.1769344679166775
0.15176741173746056
0.16569845461599153
0.1575284966301535
0.15267368674067433
0.15612519864761637
0.17218784393642353
0.17000225403341518
0.1566522446051071
0.14799141117651463
0.15105490093312524
0.16142804676934625
0.11436544040252568
0.168377264484951
0.16620239777241208
0.13159444869521542
0.17416530046424156
0.14705336642457317
0.17486844855037803
0.15817676554244076
0.17399911917549915
0.18138127722856695
0.1552486316199027
0.18124973708050915
0.15239221994224939
0.15833796992247007
0.17811506636297605
0.13999900880720412
0.15758396887076523
0.15568192282504797
0.15360009279907605
0.17695904825736408
0.16139089868078782
0.16506517756129915
0.15845994768773014
0.13660566102461935
0.18039023325170145
0.14073787456781922
0.12878284289122965
0.15036260373700935
0.14023908861521261
0.1696356416608291
0.166885793504823
0.16811477988908222
0.1518499015716688
0.13782821683979996
0.15876275688765715
0.15626130882018308
0.1655384635399272
0.13741916674652171
0.17090238747589098
0.17652440527853092
0.1535557811583334
0.1420608569244206
0.15401998414937082
0.17545963492395655
0.16322070033722105
0.1560233313584894
0.16159730955927093
0.14101919720216322
0.1489988603416457
0.16640257318016788
0.16880216023758998
0.16413727838250347
0.1721260752220749
0.14321790603852708
0.17281859918450407
0.1726179871685563
0.17379108985992145
0.19215574055563317
0.17991024454161564
0.14272947012046816
0.15576483678995978
0.14022310708567898
0.15526355086001487
0.15881166957580317
0.14542368041364429
0.15546368648026176
0.15067177428384979
0.13377041050567323
0.17952208465509534
0.1572483757972436
0.20047841689472135
0.16151339584238517
0.14710760345129403
0.16215584749450357
0.17647154587178723
0.15461016536667438
0.1547698929159345
0.17871398915950495
0.14031807894793152
0.16772280653539018
0.1515047022454564
0.16719461367167832
0.14148020925021904
0.1927707416617846
0.1326358980057658
0.1548482990313535
0.16247777659634746
0.17356278994754865
0.15145359306283207
0.16145435805534591
0.16818708831347473
0.17785353644615823
0.17823849428000327
0.17822105603415245
0.16938312347597723
0.15999029686149135
0.17114326869738228
0.13814992356053257
0.1643426429991661
0.15032741127185528
0.17332315121695974
0.1758953648061097
0.16174905722897598
0.19486743444555388
0.14353186037487295
0.16678307100765577
0.15096661804509326
0.16872945626082528
0.1718391122200209
0.19435085230550087
0.1737770355919905
0.16027701250911036
0.16560032235203656
0.1840202761033753
0.20797852414235846
0.17863603906349032
0.15413167838847938
0.14919520070390907
0.14672691218970735
0.18378357222750324
0.17686554136459565
0.1863026979614282
0.1767575350918126
0.1647784595188704
0.14378612711294003
0.12304665876953512
0.15271755401690776
0.1695485425096298
0.15406100060560862
0.14963351947070785
0.1825240876433221
0.15047078670162006
0.17716174267982301
0.17649176150522095
0.17541809592165308
0.21511175968273427
0.14177368794157913
0.17758349012349356
0.17134348121030346
0.17885271746035192
0.1573151210405018
0.15928343096630715
0.1726461231877954
0.18184179064290018
0.16072378658727338
0.1390458685480119
0.15982914674050433
0.1302397539603359
0.13106459431058715
0.16823420327008748
0.13828023401884415
0.16262813954244815
0.14195149924349207
0.16823737784920217
0.18543653228456053
0.1577471323758866
0.15197260993022166
0.16527121350794
0.14048245910369628
0.18446862120595311
0.15072043916085973
0.15946516183027143
0.185438751500535
0.13266246425341313
0.16909922513570613
0.1561977368450225
0.1844902256829586
0.1533375483239714
0.17352812230464693
0.1721574193398335
0.16660108105777552
0.16256740096343789
0.12684060152642285
0.16491695067060094
0.1684046017876082
0.13864786554709893
0.15013809583078264
0.15943256453226834
0.17318637427833558
0.16912944221303122
0.15055787023162392
0.1873305872460671
0.173952345576043
0.16571109818872695
0.19108828370821518
0.16317018861460258
0.18369478697584365
0.15755278546251564
0.17129932366827516
0.1640602405764361
0.10397033705511635
0.14853087173873133
0.14972775206020283
0.16239031147517347
0.17195667291362873
0.15459448767077394
0.14056898967160814
0.19754121897144022
0.1835376948196799
0.17076612940376637
0.1619884572056119
0.14957430765543944
0.1647928374724877
0.16031768498762275
0.1912095806522568
0.18578382612653221
0.18190504719795414
0.13637265356231676
0.14817155580705085
0.16619224725162096
0.1432091821786789
0.14165540346767913
0.16652206027190747
0.1549727071989483
0.16931375445440458
0.14639731301287345
0.1612737398110144
0.1629499564522783
0.14808564709656996
0.15786390121703325
0.14021455740940514
0.1687681687173111
0.16032216540445937
0.16466957498239854
0.15826228571900652
0.16232708284668093
0.15725180158818708
0.13856875311654893
0.1647158938987308
0.17044776553190427
0.1818257204345912
0.14428775921528114
0.17524192053129506
0.16557953607711115
0.16710144128067475
0.15985260698612105
0.16842931397762348
0.14989691744571096
0.1320237145053989
0.1301192623099707
0.18756500426796635
0.1612019489783476
0.14930321753405632
0.15449537439234023
0.16056486354851612
0.14889611748529274
0.14512356852058955
0.12572345816212416
0.12732965143975977
0.14712159312238537
0.1630275415436405
0.15333653072950093
0.13401981182010694
0.16299694347316301
0.15468896766563067
0.14109085345792022
0.17555683565542768
0.15197115565024633
0.15585049679713528
0.17716698964499775
0.18449727907327404
0.16298843136277377
0.1311303984310861
0.163112183622128
0.15657353179041333
0.15981648452462055
0.15446205055702478
0.15577999337500342
0.15896727973459918
0.16541281631236393
0.15001138638905948
0.17146259647310236
0.1631960649593864
0.16921263011880538
0.14304054353073803
0.1863847126508365
0.13717898050561184
0.1635132360215747
0.181372834777766
0.12377128905247277
0.17036427062504042
0.17075864678062708
0.14049405954473004
0.17415838911331671
0.16114888647252518
0.1813151289543125
0.19449281670349425
0.1606968448431612
0.16461916004157434
0.15522141381681365
0.1894984727820172
0.14350144856290392
0.16587265924996736
0.164139475598967
0.1886240993013661
0.18078985718091875
0.15925165688949544
0.15579781313654034
0.16198949564142054
0.14555999687874127
0.16739302675429252
0.17429191114518053
0.14292086357273376
0.12196741407873024
0.13406189609518804
0.1488397479065023
0.15727603873803114
0.15651800299123436
0.15671249564641201
0.15514028114317277
0.1261169948609172
0.15540317646142965
0.15833931163959233
0.15980659688075238
0.15587056462771998
0.15683810936191211
0.17907889848737873
0.16460682413219258
0.16469496078244616
0.1607031955005245
0.15442290305332748
0.17131792326266926
0.1670881967884898
0.16582030318933855
0.1496801484941297
0.15177994449371093
0.17227508963060068
0.16695092740515743
0.14800217952246553
0.19631804641052944
0.19317728358512715
0.18205534005495172
0.17863867183698862
0.1632713481793726
0.1515062531751819
0.1849300058789414
0.1415331731791397
0.17944727304239294
0.15569449970575203
0.148597030869377
0.16103995303814486
0.17316236214747807
0.16909397438955595
0.1708694172551169
0.15411506341308767
0.14934512139124728
0.1649166035096699
0.16977931817219194
0.17799935309516862
0.16143568810609316
0.1716483138797719
0.15448278163327134
0.1627862048754306
0.1774276284569127
0.13249940089625065
0.15565879358857831
0.13770514539445747
0.16045186347768683
0.18833968768691556
0.15447174725689167
0.1240344382401478
0.16495049483728547
0.1608175732861601
0.16528786186918354
0.1772916677190602
0.19551419981729304
0.1705042805442547
0.18977010217966606
0.18722043986089917
0.1801315829692231
0.18117920415743938
0.1452049500250379
0.16135388003507387
0.1538979718576889
0.12867833067157253
0.1772206235954698
0.1664592281892064
0.181885116331721
0.15417922630211567
0.18951932121222279
0.18637261984371503
0.1786069119022131
0.1748292837085968
0.16733603652713275
0.17958334175269508
0.17863376625276328
0.18386286451779751
0.17057530465201126
0.17643940085323237
0.16864773342913342
0.16116809519996722
0.1691816541666698
0.17593543687553015
0.16723047495123275
0.14795222970163802
0.16959546018245786
0.13546951969751753
0.17395942077109788
0.1834317362016155
0.14590796956618102
0.19660508446169522
0.1508498715716282
0.18784875925295672
0.1676865815979383
0.13880120214911162
0.1676989376058034
0.15489835717131434
0.17002108384788858
0.17748698932982931
0.16988653347236285
0.15519740356827028
0.18849178030688368
0.15362008257880708
0.11255517408401494
0.14117093030736866
0.18382488124977228
0.18415564308395144
0.18329517716934157
0.16999641564114434
0.1330890006373623
0.15972802598847935
0.14980617063381207
0.19726589612306206
0.16391931553738343
0.17820132469877537
0.15616328216681413
0.18878481538684688
0.16935847719399927
0.1146373733599865
0.16940190930796234
0.14098953179616797
0.16132986718948678
0.16182306881764855
0.18350989079497654
0.1532195040925577
0.15087161330481313
0.1362837991006794
0.15883315704547685
0.13972450660486097
0.17696765189715566
0.1933842943547971
0.16991490682249913
0.1636623051480634
0.16333479949606725
0.1628859089649604
0.16339945761112573
0.16847114708901634
0.16126737321214066
0.16149028173783708
0.1588093346307029
0.12994369049350607
0.15563086674556148
0.14707955391819233
0.14807423478440385
0.16391627954021099
0.1521505886141798
0.1664956765600081
0.1673350011724537
0.1630232211049235
0.19505121992036145
0.1798390758953486
0.15597576343081945
0.1669021485780407
0.15014950355175422
0.16695477763610683
0.16887601511096934
0.1554336497783396
0.16249819350766675
0.1671859880758555
0.16227050067405932
0.16709434250183675
0.15828859461634903
0.17021821560465117
0.15975505410867702
0.15632438552390857
0.17054428172108832
0.15616770379861727
0.15294814448326666
0.15213450400951967
0.15928424173272154
0.18906442501577608
0.1789770544671751
0.16018636172664802
0.14017526989355067
0.18206249356266957
0.16088125939270911
0.13199154346418535
0.16064510766983214
0.14678327334805047
0.16644734321768923
0.15889020972742438
0.1613888019821149
0.16446034008478572
0.16518450259358666
0.16821736114789573
0.16654960647403227
0.13048109550566844
0.16725016787184396
0.17758257899090646
0.1774536313478703
0.17419640693699884
0.14974162331355473
0.15105739907756163
0.15247664918965084
0.15011073723952478
0.17955935000513346
0.17204763212891266
0.18252988314387386
0.1809815236551125
0.15008869261746127
0.17169564113576824
0.1446866385972985
0.13629774903270742
0.13690257998791044
0.16305922012512133
0.16198984320139415
0.14896055095181143
0.12014821677005401
0.140204762324525
0.14651640979218125
0.1804135990898369
0.15422995248710425
0.1652811671970827
0.19207533822474104
0.15472680937862843
0.15756375525391225
0.15224014179160528
0.16319571726392568
0.1626323601012592
0.17689063863633708
0.16380919436872593
0.13669030891667971
0.1875815397387708
0.13861777122154997
0.1387312093561274
0.15017870219393092
0.19432434213396757
0.16321767322696176
0.18085873357123808
0.16230901934732422
0.18430519478116436
0.145101126712443
0.13220179083163083
0.15506757922803083
0.1657394900450903
0.15558259572101235
0.16928051842977618
0.1390994009521208
0.15596463541043076
0.17330006999125885
0.17319453387662595
0.13057813112881483
0.17449337864711886
0.19214626762244047
0.17182801412398535
0.18011541962100158
0.1551609951477847
0.16718747757231933
0.168753158657966
0.14705067289719403
0.1550506245275602
0.15571214924654675
0.15954604167985145
0.1649753750572397
0.15635219087726704
0.15534451350254452
0.16133919099108066
0.16439963604785432
0.16062703759693184
0.16034599189338883
0.14901796412608398
0.16489209648912898
0.17884930604439825
0.16180992050055634
0.14473996240512788
0.1804866424273938
0.17797176152097263
0.13315119017597732
0.13216274794149085
0.16821292711772315
0.14628547793020513
0.15673306074183524
0.1727649772066681
0.1309267101762827
0.15529539262275058
0.17467175187715317
0.16565026397704674
0.1546405953762913
0.14746610528325826
0.1353258025260775
0.15604527283697328
0.16621543102508562
0.1334417340960758
0.14693929215646595
0.15390947355031476
0.15870576880452103
0.15877546374222712
0.1945328930592239
0.15466399152658283
0.14985401137330578
0.1532212598022635
0.12764004162502068
0.14955918461529805
0.155855030064562
0.17084271540846485
0.18449528051706904
0.14792445610338295
0.18644663296506736
0.1517727971545143
0.17215326149670657
0.1809630682922625
0.14323186074884392
0.1751189435612249
0.15329355710487258
0.18051733546304655
0.15645945924944304
0.13665007242281668
0.16939171194070843
0.14937990532787204
0.13984828022372456
0.1643721252916412
0.1471073835756153
0.15120264425029706
0.16133855407059133
0.1564413975989526
0.14626437223352348
0.13974604420175335
0.15598822110817281
0.1588447800129616
0.12919753516861762
0.17276813198889845
0.18690925104467457
0.17489896642488612
0.13002967987720968
0.1235066206635618
0.17948626306559762
0.1727974427143631
0.17884180732694815
0.15088284226651666
0.16748239129109005
0.17290150070249025
0.1726805597606857
0.1914749306010289
0.17868773675814598
0.16741572224480186
0.1878277293254353
0.14621151332887405
0.1625734694771152
0.1665759279195948
0.17624444367501152
0.1415431921056533
0.14701643248240562
0.15238845593744685
0.17580412297658166
0.15564822363950823
0.1739458462794618
0.1543972287505321
0.16512172255201138
0.1753073045402385
0.20530193561697777
0.19046749277997876
0.16245115038612729
0.16036691766675348
0.16001362397403407
0.18146546640537703
0.15282708257591832
0.15620908920755033
0.1342673960782726
0.14709002518030007
0.13760271260664003
0.12514220389893155
0.15552025010652754
0.1771856576165799
0.1873982458061948
0.17125769190481688
0.18519638265574412
0.16239837487575295
0.1664917383399682
0.16701941399422224
0.1529232721225668
0.15965464876174934
0.17385792784076382
0.17044611812383278
0.1727904833477361
0.18704182879547243
0.18745859031109166
0.16782374392271884
0.1903169117951514
0.16115184978008454
0.15843797221650568
0.1773341100601436
0.18154375768157116
0.17819837646675302
0.13381867410786585
0.16742913942926269
0.19000722749937488
0.17650361192748823
0.16888625626521844
0.19463622229000888
0.14945826718740982
0.1516701023875507
0.16282004673641173
0.15114354704777588
0.15921173508189712
0.16437096269386706
0.17936128466054838
0.18527912972615776
0.17473432378959364
0.1317190148155483
0.17828496632406735
0.14579274374502646
0.13041854428641558
0.14264467071110398
0.1835963636885513
0.1497396636082634
0.16963032595315147
0.16918372660943182
0.16761514524844975
0.20164463688056378
0.1830934448656042
0.19308649683647172
0.1920987621680368
0.19455646860947934
0.17105021463239067
0.1261255749214657
0.151967967807167
0.15994548118573626
0.1814813533309239
0.1668264067203146
0.171695583392962
0.16933405487852818
0.1428207097905808
0.17178294238050684
0.16114893137196973
0.15320879107749735
0.1593445585357352
0.14979031549963961
0.17310705604508125
0.1786748499525222
0.16258815944909932
0.16288631101154033
0.15043441488461218
0.15942827214250152
0.2086887305129787
0.1571040471771869
0.13982296977976194
0.1862733984080153
0.1739738989293823
0.1822653099476083
0.1779706925900308
0.168033055928865
0.13364084224183043
0.16219391708720338
0.16458724077250114
0.1728166115757007
0.18846521127207297
0.1739882105278115
0.16514857857165724
0.1378529534802143
0.16066841048978367
0.1814264400771129
0.14081894355384722
0.14844894196996677
0.17059225247289742
0.17146384612633753
0.16008151933597364
0.14282409006682723
0.15318640850536802
0.16707322059876564
0.17343291330248617
0.1663836104523835
0.15423937460961135
0.15484074062755648
0.18579617915169977
0.16558442117905187
0.1503294396666493
0.15486233319627202
0.14718741727608398
0.11735425649832223
0.14148201126349058
0.13563461770200888
0.14295297709372706
0.1641700941198712
0.15206971496524516
0.17655236217861203
0.1549130024789998
0.19780706771658957
0.19969615583169245
0.16513263263229122
0.17229268426178085
0.19288989706698811
0.16436035678412347
0.17225987147728386
0.18876033447618887
0.1595753811261274
0.158227198018751
0.14569543824186384
0.169320984342323
0.16127084324657903
0.18201307489128907
0.1548462716131748
0.16490381514001728
0.15296891685795827
0.1631656173062392
0.13917971904183976
0.17345086313446606
0.1434555364152409
0.15627595436924055
0.16294783236457233
0.17151265187026127
0.12221457039333779
0.1511142945725256
0.15019260144591348
0.15987880946843808
0.18244064145440014
0.14698329296959678
0.15712801999158144
0.1723478130427891
0.1458120012005164
0.13506844384818545
0.1548688587193822
0.15470695169831966
0.14244299130765561
0.1457537163666833
0.15860619085578231
0.17844516123280577
0.16804542529076916
0.16683903625753854
0.1827650337345909
0.17108145716782297
0.16355655969967212
0.179534962805907
0.14737149516814463
0.16229266818306415
0.16496377697243148
0.16846928604762862
0.1605747962997461
0.15894948678516624
0.1292452694448089
0.1459138470934297
0.1610094571499813
0.155649542858593
0.14379660129735386
0.1634103185106281
0.14738904180291107
0.1422958801217611
0.16487947498244393
0.1581558118402761
0.15841131446679269
0.15923278772825955
0.13315791856758383
0.15492324106533417
0.1361604054054229
0.14165484302002485
0.15797954345887316
0.17932612943060117
0.1785482938066441
0.1504162004661151
0.13398157213065093
0.16303138039742734
0.17897132424989043
0.17973746979459726
0.1781475088525562
0.19263732151814633
0.18213757336865566
0.18656139064757582
0.18014400341903095
0.1502976020185058
0.16456808516340027
0.15520740281471646
0.13564001016924426
0.19150022448501597
0.17326175036273206
0.16583841943850303
0.15110132813980015
0.15859040560040918
0.14786184824357693
0.16634514840293457
0.1390553334749094
0.1484885299300494
0.1776126485785844
0.1564220359011665
0.16225658424199746
0.15773499316938838
0.13250417861127342
0.17521604790979883
0.1232841756339635
0.1307226624561125
0.15369276919114372
0.18186667750832555
0.1477489479167571
0.1752947719772518
0.15739291192595234
0.16360590962748517
0.14676293787384437
0.18992397934402488
0.1287180542018846
0.14208454790496194
0.18054071018855739
0.1648085278892838
0.16049611960765897
0.14670836689879002
0.20143070419258402
0.19315472468236583
0.19549574378940515
0.16461777283383877
0.1657115082997198
0.14880970880934474
0.15132768522722018
0.1556437573358571
0.200683419297349
0.14978084698345803
0.14979176206502548
0.14003421613380057
0.11082797164467113
0.14215978291021175
0.14945022354504084
0.1663564189585091
0.1285720878725587
0.1750319605041475
0.12281537320332714
0.12013444898189415
0.14812806329078726
0.1607471744469988
0.16039476679926068
0.16942542265232463
0.15131390034043513
0.15095409827349024
0.18496322664872278
0.17073514136710533
0.16468862371891152
0.17045417983871503
0.17286722480188607
0.15549795359817345
0.14404070043543615
0.14235949381606006
0.13219318747243872
0.1459342901268216
0.15740026050337946
0.16012189265473808
0.149126042495972
0.16741404890029354
0.14910406947498117
0.1837265178453793
0.141133480832629
0.17583436812175446
0.1528062677717323
0.15875941896164544
0.15180671735461956
0.19321949880466693
0.1773526372677377
0.14953514623673114
0.1719445072399795
0.17861604845518658
0.1563706527217792
0.1650727281474113
0.16305030123796146
0.15584965038733067
0.1598949684616937
0.173448230743147
0.16646233419129491
0.15621009904210093
0.19205982792223666
0.14335828924302757
0.18589262935039536
0.18328348389485427
0.18991904261246806
0.20129266346038488
0.16673014358843546
0.15996795014880702
0.12798171448551313
0.16488142966045613
0.1805364896468183
0.16657300399555078
0.147241070119123
0.16786469994972758
0.17158740006088646
0.14228623256567194
0.1498212765831325
0.1804262750235798
0.1823067463578057
0.1712093751349033
0.1890367918462747
0.17501045854125274
0.17600640461303202
0.17084218469748863
0.17937100879338874
0.1476774102768248
0.16227679367194442
0.17306368130056504
0.15171447638337857
0.14800234298333165
0.1687551059937822
0.16860766454979995
0.14868856434538485
0.1600856377595759
0.17945087802773627
0.13102381868897708
0.14867725047809963
0.10695082604949424
0.1561829645177802
0.161402652817646
0.1641799684455476
0.15627544506775537
0.13878966838361542
0.13269332583994103
0.16781363175666947
0.14400854422242365
0.15461065896714923
0.1404143607642831
0.1577479277353096
0.1556436012030557
0.13789282843540723
0.16640089470844674
0.14485177949639003
0.17266132743452234
0.19147938142839543
0.16196941869886222
0.16560487522783016
0.18869726001770437
0.21376610953648142
0.14604529197907962
0.1342756910587569
0.18799944908015975
0.1556813480620924
0.17031583435583042
0.18882195924141001
0.17357548243326487
0.1613492090221639
0.1578841780583261
0.1682642199420311
0.18315054287955057
0.15862024751025144
0.15224543015674577
0.15746858998923102
0.17064137256286685
0.1652982669221016
0.1783355847531946
0.17524719346526824
0.1697454025986151
0.17694057266283938
0.12977138299336977
0.18615188708229555
0.1776342397695788
0.1493550701806542
0.14955859429587404
0.1505629117281475
0.18362030740373952
0.14330303153300683
0.13508003438807847
0.16094834726050677
0.1623971556029887
0.18314049446629166
0.15459933367126028
0.17873298474918758
0.16303265356841165
0.14891019107504838
0.1707574664776908
0.18196362571536673
0.17311209072567119
0.1671988939760527
0.18085489181383327
0.15638387611558316
0.1432290164395087
0.17230041011986508
0.21288613516553362
0.15987256389718224
0.17662172290904563
0.18326707917982243
0.17195449813571417
0.19182933270450336
0.18810129232195405
0.17843873400222626
0.20584336587229435
0.17926996645326196
0.1702343282454194
0.1649207231356462
0.16001597278253551
0.16111120044351274
0.15033951564084042
0.16579112020403391
0.18051832206829824
0.17656024377396567
0.2025891286719895
0.16488668350385585
0.18056194310363397
0.12854842061414135
0.19321741460749053
0.1498887130040621
0.1706720929368902
0.1649022806215007
0.17393313077322442
0.1746031517470068
0.18245659588149682
0.16204453158029486
0.1520040019551439
0.18685507236366566
0.18819238041015673
0.18440988728236177
0.17270055915070381
0.17423608967140683
0.1839906215472077
0.19031446533382942
0.1488425539375947
0.15570700033008109
0.15990570460193726
0.17785367758311793
0.18939846874723248
0.19410785629074517
0.1858356617285153
0.1710899326343722
0.13865612488685058
0.12699358265665844
0.14112489275313916
0.13152669098642122
0.15310004593120735
0.16291463898287362
0.14313748920734454
0.17757554902381162
0.17932912929656644
0.17904567837339275
0.17082472720218844
0.15610868726527102
0.1552695131534439
0.17130853949642189
0.16262748495222362
0.14870468964774625
0.20165208994090267
0.1774420047303012
0.16437974816655954
0.14526700011289023
0.17145293056440997
0.1816244015618437
0.1762580378664112
0.19599357501738982
0.16664112734625744
0.15528554012243118
0.16325942564051094
0.18436068581779214
0.15073839865463196
0.20928322458091397
0.17143372600834803
0.19253378971999138
0.15809366714690365
0.15461613789344586
0.18039797067964045
0.16548937964183336
0.1690179753343577
0.1647335633830218
0.1701777692229852
0.16341398594468848
0.14835090078019156
