3309367
3375663
3441878
3507973
3574089
3640141
3706316
3772456
3838576
3904716
3970989
4037134
4103185
4169330
4235401
4301598
4367751
4433774
4499903
4566103
4632243
4698233
4764436
4830540
4896749
4962923
5029067
5095462
5161568
5227749
5293860
5359896
5425962
5492085
5558179
5624413
5690561
5756678
5822926
5889050
5955122
6021363
6087516
6153516
6219614
6285721
6351955
6418258
6484461
6550717
6616762
6682894
6749270
6815445
6881596
6947673
7013869
7079960
7146186
7212157
7278226
7344401
7410803
7476858
7543074
7609074
7675297
7741551
7807727
7873773
7940075
8006265
8072370
8138680
8204791
8270884
8337008
8403139
8469339
8535549
8601757
8667896
8734114
8800354
8866637
8932720
8998809
9064965
9131126
9197267
9263539
9329687
9395770
9462071
9528219
9594470
9660781
9726911
9793241
9859535
9925653
9991915
10058037
10124316
10190419
10256590
10322686
10388889
10455072
10521237
10587432
10653596
10719741
10785887
10852161
10918410
10984515
11050659
11116745
11182863
11249048
11315147
11381259
11447431
11513562
11579792
11646001
11712052
11778191
11844201
11910449
11976575
12042632
12108812
12174913
12241023
12307069
12373147
12439190
12505233
12571392
12637509
12703562
12769675
12835848
12901913
12968124
13034184
13100400
13166594
13232903
13299033
13365210
13431269
13497559
13563673
13629862
13696200
13762448
13828592
13894778
13961031
14027168
14093304
14159392
14225482
14291605
14357816
14424156
14490265
14556451
14622848
14688998
14755101
14821353
14887582
14953560
15019841
15085906
15151958
15218226
15284264
15350662
15416748
15482847
15549126
15615251
15681451
15747657
15813832
15880075
15946263
16012550
16078696
16144820
16211182
16277229
16343307
16409561
16475606
16541705
16607791
16673955
16740219
16806344
16872483
16938767
17005032
17071167
17137391
17203490
17269508
17335763
17401883
17468026
17534069
17600180
17666368
17732414
17798681
17864857
17931034
17997222
18063270
18129590
18195795
18262111
18328330
18394383
18460633
18526672
18592830
18658848
18725017
18791109
18857277
18923380
18989628
19055814
19122002
19188278
19254501
19320673
19386876
19453039
19519207
19585269
19651351
19717480
19783557
19849822
19915996
19982102
20048507
20114727
20180868
20247159
20313172
20379421
20445655
20511670
20577842
20644094
20710077
20776204
20842519
20908625
20974865
21041006
21107156
21173352
21239340
21305562
21371731
21437955
21504167
21570318
21636636
21702808
21769112
21835190
21901457
21967733
22033944
22100116
22166295
22232440
22298659
22364796
22430956
22496880
22563045
22629113
22695238
22761352
22827557
22893682
22959810
23025902
23092220
23158303
23224478
23290640
23356769
23422882
23489059
23555178
23621287
23687217
23753336
23819572
23885753
23952000
24018053
24084117
24150181
24216248
24282425
24348564
24414601
24480772
24546883
24613026
24679024
24745110
24811171
24877305
24943502
25009601
25075913
25142028
25208062
25274182
25340393
25406515
25472551
25538696
25604737
25670890
25737117
25803225
25869318
25935696
26001947
26068251
26134407
26200546
26266766
26332872
26399117
26465352
26531542
26597636
26663800
26729886
26796046
26862126
26928150
26994344
27060472
27126664
27192936
27259114
27325280
27391299
27457574
27523679
27589838
27656010
27722226
27788348
27854642
27920913
27987170
28053367
28119699
28185819
28251897
28318232
28384221
28450249
28516394
28582559
28648602
28714801
28781149
28847141
28913250
28979400
29045692
29111871
29178074
29244284
29310530
29376662
29442778
29508930
29575019
29641239
29707364
29773537
29839633
29905696
29971839
30038108
30104223
30170475
30236617
30302860
30368962
30435109
30501312
30567546
30633671
30699946
30766015
30832233
30898333
30964530
31030709
31096888
31162979
31229090
31295304
31361447
31427706
31493813
31560219
31626540
31692626
31758850
31825001
31891249
31957390
32023561
32089842
32156163
32222466
32288724
32354771
32420990
32487144
32553366
32619613
32685854
32752181
32818180
32884290
32950343
33016549
33082603
33148686
33214838
33281029
33347353
33413606
33479781
33546027
33612292
33678374
33744486
33810711
33876882
33943151
34009358
34075629
34141905
34207962
34274248
34340551
34406645
34472871
34539017
34605221
34671387
34737589
34803748
34869877
34936113
35002339
35068576
35134804
35200949
35267140
35333257
35399485
35465661
35531801
35597987
35664198
35730268
35796391
35862564
35928884
35994988
36061224
36127446
36193698
36259860
36326124
36392240
36458474
36524637
36590758
36657011
36723221
36789355
36855579
36921854
36988105
37054443
37120623
37186714
37253011
37319203
37385410
37451600
37517848
37584024
37650105
37716255
37782413
37848703
37914742
37981036
38047223
38113273
38179610
38245651
38311748
38378046
38444216
38510315
38576660
38642849
38709133
38775332
38841453
38907639
38973935
39040190
39106467
39172610
39238708
39305003
39371172
39437336
39503442
39569570
39635641
39701792
39768013
39834151
39900497
39966714
40032839
40098976
40165370
40231537
40297697
40363882
40429895
40496020
40562172
40628347
40694628
40760727
40826959
40893070
40959412
41025642
41091735
41157934
41224090
41290058
41355991
41422274
41488471
41554689
41620847
41687091
41753372
41819587
41885693
41951944
42018047
42084163
42150481
42216703
42282900
42348984
42415239
42481491
42547706
42613931
42680215
42746376
42812652
42878745
42944972
43011138
43077373
43143549
43209697
43276007
43342140
43408357
43474490
43540626
43606731
43672861
43739214
43805332
43871493
43937712
44003872
44070049
44136348
44202444
44268539
44334704
44400888
44467060
44533264
44599539
44665766
44731802
44798059
44864131
44930352
44996685
45062823
45128824
45194946
45261131
45327275
45393303
45459511
45525531
45591649
45657796
45723865
45790050
45856311
45922485
45988642
46054712
46120800
46186969
46253210
46319316
46385276
46451343
46517483
46583667
46649839
46715982
46782200
46848471
46914783
46981022
47047148
47113275
47179480
47245573
47311708
47377769
47443931
47510169
47576317
47642571
47708717
47774813
47841154
47907272
47973512
48039730
48105954
48172257
48238515
48304601
48370824
48437081
48503323
48569446
48635621
48701857
48768204
48834473
48900694
48966876
49033136
49099301
49165449
49231552
49297775
49363938
49430148
49496409
49562648
49628786
49694965
49761075
49827233
49893534
49959696
50025886
50092064
50158116
50224280
50290473
50356601
50422765
50488984
50555312
50621476
50687630
50753879
50820083
50886139
50952394
51018575
51084638
51150805
51216961
51282980
51349239
51415447
51481507
51547683
51613899
51680048
51746223
51812388
51878481
51944690
52010944
52077092
52143125
52209242
52275333
52341528
52407860
52474036
52540262
52606361
52672642
52738705
52804844
52871031
52937061
53003196
53069365
53135511
53201784
53267930
53334128
53400282
53466413
53532662
53598841
53665054
53731130
53797276
53863410
53929700
53995892
54062003
54128367
54194608
54260728
54327039
54393207
54459407
54525572
54591687
54658038
54724266
54790602
54856926
54923165
54989228
55055378
55121488
55187672
55253923
55320194
55386546
55452657
55518792
55584928
55651250
55717467
55783740
55850033
55916398
55982526
56048567
56114700
56180866
56246986
56313161
56379332
56445542
56511696
56577883
56643961
56710107
56776246
56842461
56908623
56974791
57041037
57107191
57173410
57239573
57305814
57371973
57438145
57504221
57570350
57636363
57702576
57768842
57835078
57901216
57967327
58033538
58099653
58165789
58232036
58298295
58364373
58430658
58496888
58562984
58629198
58695315
58761592
58827782
58893863
58960000
59026158
59092488
59158769
59225010
59291156
59357409
59423732
59489731
59556052
59622101
59688328
59754544
59820743
59886858
59952955
60019141
60085395
60151617
60217727
60283810
60349964
60416076
60482190
60548539
60614825
60681099
60747270
60813444
60879618
60945766
61011905
61078099
61144325
61210576
61276677
61342781
61409009
61475278
61541511
61607735
61674066
61740174
61806404
61872493
61938594
62004862
62071033
62137239
62203292
62269529
62335660
62401827
62467866
62534026
62600187
62666386
62732487
62798640
62864780
62930907
62996976
63063350
63129420
63195607
63261897
63328046
63394235
63460501
63526632
63592893
63659042
63725251
63791392
63857499
63923738
63989942
64056098
64122238
64188291
64254475
64320617
64386822
64452757
64519062
64585293
64651440
64717764
64783894
64850217
64916472
64982634
65048961
65115269
65181420
65247626
65313614
65379809
65446009
65512128
65578312
65644518
65710650
65776828
65843087
65909239
65975390
66041623
66107720
66173844
66240048
66306257
66372422
66438647
66504869
66571093
66637118
66703227
66769416
66835678
66901731
66968020
67034253
67100542
67166542
67232726
67298995
67365162
67431439
67497636
67563879
67630167
67696285
67762507
67828735
67894984
67961047
68027235
68093351
68159426
68225447
68291672
68357886
68423969
68490078
68556249
68622447
68688658
68754833
68820930
68886982
68953105
69019303
69085384
69151542
69217717
69283953
69350081
69416257
69482358
69548584
69614735
69680928
69747138
69813366
69879638
69945856
70012067
70078227
70144536
70210828
70277001
70343147
70409299
70475440
70541606
70607705
70673879
70740238
70806452
70872615
70938678
71004740
71070918
71137113
71203253
71269489
71335592
71401755
71467880
71534101
71600257
71666301
71732561
71798599
71864816
71930996
71997196
72063374
72129540
72195670
72261845
72328131
72394407
72460547
72526680
72592768
72658770
72724907
72791083
72857321
72923578
72989820
73056089
73122281
73188494
73254645
73320820
73387072
73453171
73519440
73585660
73651624
73717769
73783836
73850036
73916289
73982344
74048623
74114616
74180790
74247132
74313387
74379576
74445799
74512081
74578162
74644360
74710475
74776646
74842827
74908916
74975054
75041149
75107444
75173661
75239732
75305823
75372103
75438257
75504480
75570625
75636707
75702915
75769047
75835171
75901363
75967456
76033462
76099706
76165593
76231778
76297925
76364127
76430291
76496495
76562665
76628704
76694895
76761077
76827322
76893434
76959696
77025872
77092082
77158216
77224402
77290691
77356920
77422877
77489045
77555081
77621160
77687345
77753485
77819538
77885717
77951974
78018178
78084664
78150819
78217017
78283121
78349319
78415600
78481837
78547993
78614166
78680403
78746601
78812597
78878636
78944776
79011045
79077291
79143579
79209740
79276031
79342151
79408213
79474400
79540604
79606843
79673018
79739257
79805336
79871427
79937740
80003801
80069897
80135986
80202113
80268355
80334516
80400705
80466759
80532938
80599148
80665221
80731299
80797395
80863486
80929670
80995847
81062011
81128104
81194267
81260255
81326429
81392678
81458867
81525077
81591344
81657623
81723701
81789836
81856127
81922319
81988557
82054859
82121137
82187399
82253606
82319639
82385835
82451913
82517981
82584121
82650352
82716418
82782470
82848770
82914982
82981161
83047254
83113453
83179606
83245785
83311972
83378217
83444496
83510589
83576919
83643090
83709135
83775190
83841319
83907457
83973578
84039735
84106004
84172128
84238193
84304279
84370448
84436656
84502821
84569071
84635187
84701409
84767633
84833748
84899811
84965984
85032172
85098336
85164487
85230549
85296702
85362918
85428992
85495067
85561200
85627436
85693632
85759861
85826038
85892205
85958434
86024577
86090643
86156944
86223233
86289413
86355601
86421786
86487936
86554192
86620333
86686527
86752702
86818791
86885015
86951207
87017251
87083320
87149437
87215805
87281951
87348228
87414348
87480497
87546627
87612933
87678964
87745206
87811478
87877565
87943830
88009927
88076057
88142200
88208463
88274555
88340638
88406799
88473013
88539317
88605364
88671492
88737718
88803946
88870003
88936354
89002495
89068502
89134577
89200865
89267231
89333368
89399635
89465822
89532021
89598213
89664441
89730711
89796937
89863136
89929159
89995370
90061702
90127792
90193911
90260118
90326145
90392295
90458536
90524739
90590928
90657158
90723362
90789480
90855687
90921664
90987826
91053988
91120169
91186380
91252625
91318832
91385063
91451316
91517535
91583654
91649885
91716086
91782333
91848541
91914703
91980874
92046973
92113060
92179272
92245449
92311697
92377896
92444049
92510131
92576248
92642287
92708448
92774577
92840694
92906803
92972916
93039107
93105196
93171436
93237483
93303732
93369995
93436248
93502601
93568633
93634920
93701211
93767330
93833532
93899645
93965884
94032025
94098148
94164314
94230488
94296619
94362674
94428885
94495015
94561219
94627302
94693412
94759617
94825759
94891935
94958070
95024263
95090444
95156537
95222560
95288787
95354919
95421045
95487300
95553550
95619697
95685826
95751909
95818027
95884120
