5187113
5288855
5390524
5492307
5594033
5695690
5797325
5898884
6000537
6102122
6203857
6305570
6407191
6508948
6610602
6712459
6813944
6915676
7017464
7119200
7220831
7322500
7424127
7526054
7627675
7729352
7831025
7932627
8034377
8136050
8237737
8339451
8441207
8542788
8644452
8746158
8847970
8949400
9051063
9152593
9254463
9356189
9457908
9559707
9661578
9763144
9865014
9966536
10068062
10169630
10271393
10373007
10474657
10576435
10678094
10780040
10881659
10983305
11084967
11186767
11288440
11390078
11491595
11593275
11695070
11796801
11898439
12000010
12101630
12203174
12304908
12406667
12508297
12610044
12711710
12813449
12915105
13016684
13118370
13220269
13322016
13423830
13525465
13627258
13728945
13830634
13932183
14033950
14135582
14237197
14338973
14440756
14542202
14643883
14745574
14847285
14949002
15050941
15152669
15254542
15356202
15458004
15559691
15661539
15763212
15864901
15966656
16068287
16169864
16271553
16373225
16475016
16576596
16678295
16780058
16881676
16983336
17085036
17186700
17288499
17390214
17491977
17593730
17695474
17797119
17898777
18000416
18102276
18204247
18306008
18407682
18509341
18611045
18712768
18814281
18915965
19017563
19119316
19220939
19322656
19424404
19525957
19627637
19729409
19831128
19932805
20034386
20136038
20237555
20339286
20440968
20542743
20644283
20745958
20847588
20949273
21050942
21152631
21254423
21356142
21457849
21559599
21661203
21762974
21864802
21966438
22068155
22169855
22271468
22373208
22474844
22576534
22678254
22779894
22881378
22983105
23084764
23186567
23288367
23390179
23491744
23593522
23695300
23796932
23898752
24000372
24101981
24203731
24305347
24407001
24508786
24610453
24712373
24813975
24915720
25017394
25119256
25220829
25322602
25424428
25525981
25627683
25729360
25830904
25932700
26034222
26135915
26237687
26339261
26440965
26542671
26644320
26746136
26848032
26949720
27051536
27153088
27254841
27356475
27458243
27559853
27661667
27763404
27865141
27966727
28068277
28169897
28271640
28373294
28474943
28576570
28678332
28780040
28881813
28983586
29085367
29187033
29288754
29390531
29492234
29593730
29695473
29797140
29898804
30000602
30102162
30203765
30305503
30407120
30508675
30610395
30712061
30813864
30915564
31017259
31119084
31220933
31322581
31424185
31525747
31627435
31729043
31830732
31932565
32034213
32135798
32237445
32339195
32440826
32542435
32644111
32745773
32847438
32949204
33050792
33152467
33254135
33355839
33457521
33559385
33661191
33762921
33864625
33966316
34068051
34169685
34271347
34373181
34474789
34576397
34678113
34779956
34881792
34983447
35085185
35186793
35288398
35389972
35491592
35593168
35694972
35796539
35898392
35999981
36101855
36203439
36305210
36406772
36508465
36610207
36711880
36813448
36915006
37016809
37118568
37220215
37321784
37423546
37525203
37626978
37728679
37830432
37932195
38033968
38135592
38237296
38338979
38440703
38542540
38644190
38745863
38847432
38949135
39050978
39152799
39254256
39355969
39457537
39559292
39660964
39762755
39864464
39966242
40067882
40169648
40271406
40372998
40474663
40576482
40678205
40779862
40881479
40983060
41084659
41186394
41288319
41389909
41491592
41593161
41694608
41796342
41898077
41999828
42101612
42203319
42305122
42406796
42508628
42610352
42711982
42813778
42915431
43017011
43118770
43220497
43322113
43423704
43525396
43627178
43728967
43830832
43932398
44033962
44135805
44237376
44339070
44440749
44542479
44644348
44746002
44847629
44949292
45050853
45152395
45254086
45355675
45457541
45559433
45661173
45762942
