0.07655419642089933
0.08129162688181231
0.0815918037140005
0.09053309396162305
0.09055998284098239
0.07703778994198689
0.0825727619146559
0.08804059226957837
0.08251600837080518
0.08107906964412885
0.08870955125575254
0.0820569377522616
0.08129708813792154
0.08388544556106352
0.08415630284495292
0.08422046651905445
0.07519931953529743
0.07521400844885869
0.08108337852047967
0.0865023706499352
0.08645443120509146
0.09606446223392652
0.0936615507211551
0.08181356576355059
0.08363518169325229
0.08486463579502747
0.08535462755356799
0.0774578406415309
0.08108126910397044
0.08233752844031769
0.08597873723559862
0.08597273924962523
0.08032148578159283
0.07415950905514397
0.07473692263619976
0.08726429760814212
0.08287173176938858
0.0811117418223898
0.08903903767919319
0.08227401201628538
0.07902895572278919
0.08726495901832017
0.0881299783562533
0.07562891465499863
0.08464718417058047
0.08300822742691652
0.07995635199106996
0.07337508975810612
0.08626251552465446
0.08285318343226813
0.07700497798226404
0.08627878936804935
0.08095861005160325
0.07644424416314985
0.06957769040130822
0.08441708013142886
0.07560652357322015
0.08178373822342502
0.08512114438880697
0.08596532754769483
0.07765256535320224
0.08462574321567394
0.07805609424384741
0.08035437473163605
0.08789853994673179
0.07166319240843948
0.08785430077622375
0.08515195785092729
0.08308055221588792
0.07715361875063285
0.08866182512391065
0.09019142228460043
0.08871962183503751
0.07597419684278364
0.07870201874861522
0.0872597290748005
0.09266598837914063
0.09037529730714228
0.07926368675993549
0.08728943267369095
0.0868272277674073
0.0868817927264507
0.08686593058329169
0.08162994165544864
0.09430337760686171
0.0847202291349745
0.07907698867548985
0.08255899149933514
0.08533555753246856
0.07535725779309356
0.07818500696069612
0.08015674469328969
0.09195545995784699
0.07980163598840888
0.09020877598643133
0.08439930277689607
0.0787628423395577
0.08521640949188808
0.08434874558777346
0.09367652423760531
0.08260475084045307
0.09092127434428561
0.08423488749629847
0.07940907715131104
0.08440307067297137
0.08312241183009454
0.08399783979242824
0.0848361779703089
0.08199262039438292
0.08536186753098941
0.07410923266950883
0.07919462459537703
0.07538123254133318
0.07852532235381968
0.0804848084934667
0.07454942183061776
0.08560800807717471
0.09205812192895085
0.07545580436202841
0.07775495437005327
0.08217661452732487
0.08876010508387717
0.0881022997408929
0.08307410576137123
0.08800143021834107
0.07662899613538059
0.08764052101645786
0.08349848756811802
0.07684773603158297
0.07442805457831073
0.07806975699677844
0.08397249690734249
0.08069533662675665
0.08005242004266751
0.07847339307686112
0.08286070960047102
0.07990073884209424
0.07961809518260651
0.08098671856779509
0.07690407455453079
0.07902694484644353
0.08443019126840828
0.0781125102427601
0.08636582072006355
0.0908480932276987
0.08878946291162111
0.07903054974938481
0.07528561675315637
0.07412213814187436
0.07738074447982245
0.08425414057915553
0.08264806087688213
0.07516626420058443
0.08633720230337616
0.07370737635750342
0.08367530384621903
0.07561757190029125
0.08069693423439024
0.08242134997895188
0.08034547589930839
0.07691362781596357
0.08445572612623224
0.08500842448063965
0.07577047839137759
0.07633643921494533
0.08373978730711855
0.07604462501147977
0.07709258228607695
0.07881841897115928
0.08456617353270095
0.07806977421826536
0.07697585850147205
0.07886980907152556
0.08216489274229002
0.0871623800851114
0.08998484282935564
0.08473407809406731
0.07712747247776479
0.08122968328223719
0.07976095117778724
0.07985327325480585
0.07384871763458345
0.08322119217305331
0.07721529958357777
0.07748199887994299
0.0820452148727079
0.08367329117124377
0.08832391278079323
0.08330746418951174
0.08629238514068799
0.08399675330607735
0.08386136794773758
0.08243800292678595
0.08616535454090085
0.08567718271944247
0.07511409076828786
0.07540943887741604
0.07341076754487988
0.08187757370888774
0.08152933765414114
0.0870489984712267
0.08868038017454836
0.08563231909827923
0.08677324421392058
0.08753352406404358
0.07489483554751863
0.0756187062381816
0.08303070460892115
0.07917151237441897
0.08027301741733153
0.08205126681137984
0.07793231622287286
0.07434298833510157
0.0736237845833585
0.08209579723401594
0.08045141755404536
0.0816442111399995
0.08303902741828477
0.0812188246343987
0.08730332382286914
0.08095688325367754
0.07726262369217922
0.07561446504254594
0.0820015866436729
0.0771017807278788
0.08400710171049913
0.08526858254206236
0.08398147490705445
0.08238017334514798
0.07949922285145791
0.08301844697593111
0.08093319991697911
0.08507906373090779
0.0833300592307863
0.0802401616228031
0.07929970420439499
0.08068421247043993
0.08343005183397713
0.07857567380330548
0.08394310627808636
0.07632201999339798
0.07556890902742673
0.07369459183996743
0.08321232812384283
0.07982150696691945
0.0818159705035244
0.07529229751027065
0.08001976693337395
0.07774099126803698
0.07992592030566291
0.07956813098201897
0.08188479926877433
0.07880652124783956
0.09231287395277883
0.08821114206961655
0.07544856286699084
0.07447630367490114
0.07229743480932327
0.07000732486940105
0.07027478593124907
0.08528410063197257
0.07762911787922826
0.08989962564937981
0.07888935824559466
0.07754695701721435
0.08748492357297061
0.07442666068394033
0.0782770800614965
0.07404210942862248
0.08638130409201929
0.07557595671385386
0.09226319775887824
0.08309337388634493
0.08528705691321918
0.08636280881122439
0.07959440654264248
0.08090935704031524
0.07756816238566884
0.0890539977638687
0.07397653602693736
0.06955428680347749
0.08644626776424404
0.07819005347781546
0.07626727027818189
0.08169049001825997
0.08249639326021978
0.08996415716718499
0.0867866960589078
0.08743935535374159
0.0800674137174237
0.07459657403918238
0.08384650303512481
0.07991631864908835
0.07751549332808676
0.07146303540417434
0.0790556811411036
0.07459382666949928
0.07323682687275254
0.08536639774015276
0.08118014789739314
0.07816671636064439
0.08846486972194628
0.08041510949289975
0.08875444357725677
0.08281318639780023
0.08137159521141377
0.07937915099447387
0.07840659280766561
0.06910491865334221
0.08886383463222468
0.08078305949540335
0.08184884468745553
0.08056308282149434
0.08356870695776432
0.07411797935109757
0.09248048360043858
0.09539654350609537
0.0776896640896709
0.08057244879927701
0.07996136482096713
0.08304915772741041
0.08589141430971053
0.07381362787240554
0.07732796235385112
0.08954885864810498
0.08445236271529816
0.0907529304369311
0.07602012747155848
0.0867732735424252
0.08121633044854706
0.07910320974229483
0.08269020340826967
0.07804723513817631
0.08373469665936308
0.07816526508889579
0.0751480820077506
0.08026973759718377
0.08154665974080462
0.07752359711286771
0.07633624091664741
0.07061500574680937
0.07503507864218302
0.06893544247942332
0.08817463298462504
0.07612476726853708
0.08368400956828147
0.07877234538566096
0.08381926989695597
0.07946655970956408
0.07969877155190759
0.0905100401054247
0.08719431968236611
0.0854513181963551
0.07963000249766626
0.07871844775410879
0.07304463035459219
0.0854472946360957
0.08142690324730228
0.08299112091121721
0.07977683634793273
0.07631716158338576
0.07441254091208534
0.08140745791255909
0.07142867918705223
0.07738800932989713
0.07926810516753278
0.08193847849463862
0.08422301391598717
0.07895045310648745
0.08304249105186763
0.08046658401915925
0.07759606706956025
0.07323791345559587
0.08492826433213524
0.07633978009637525
0.08672179822922456
0.0884388185029949
0.08658686931933451
0.07835676583183158
0.08437523809471487
0.08276079116297992
0.0787606240697173
0.08064473222112094
0.07455069176149383
0.086692835917416
0.07826081671537957
0.08236995222797347
0.08808998143989742
0.08942068683016569
0.08428072038183175
0.07980196848215902
0.07839620895391149
0.07357207782639032
0.07850306778325612
0.08444116386911625
0.08022451936585746
0.0785020562380808
0.07952391317017767
0.08752343871850704
0.07721763685216075
