0.20614900088845303
0.19401459185626305
0.20499707879591855
0.17161474987013936
0.20782796750299176
0.22656799973792363
0.2068481739281558
0.21109252873544782
0.2043255867401562
0.1877414687519777
0.20266126451864344
0.15805862164134288
0.20900440308219578
0.21291986452737197
0.18402605731492444
0.20169668869655433
0.18438368096879804
0.17984370668450747
0.21176235416949368
0.19539716451911435
0.16651959236476926
0.217595126698236
0.2194342151053596
0.2057448285826672
0.22489304741469018
0.1863996734273987
0.19436471166121852
0.15417106252529195
0.1743877519620865
0.19197898887916362
0.18135570374200177
0.16298438408113286
0.18336129313847943
0.1742729726815012
0.16711459324137917
0.18112274494491729
0.19760629687654066
0.20586419291781494
0.1662597415990486
0.18641127397250906
0.20903169462857718
0.19407651713926458
0.18707067189594268
0.1617340561619784
0.19749355868174642
0.2019045268498663
0.19683193025290396
0.2224694292653647
0.18967602590976945
0.18906378928086828
0.21433637938391586
0.17510606832196873
0.1802335613687608
0.18714619629672005
0.20119205299011728
0.17100580599439744
0.16866014034579954
0.16494769690148764
0.19766293752522765
0.18925741696903708
0.19297585928441105
0.2009755832825952
0.17625123839182194
0.1758509226922026
0.19129580023321285
0.18114333894702608
0.16125788786119327
0.19878868621520582
0.19203557479247294
0.1986821363584936
0.1609579081967147
0.16450840635981168
0.18448593408333167
0.18069597153728842
0.19474156329205156
0.19616712898171412
0.18048409146608882
0.19742187434871414
0.18836378575383578
0.215791988066423
0.22332615673596554
0.15531477222625842
0.2061162038615686
0.1627078885803906
0.17772503393925482
0.16866477272984068
0.17240250855954015
0.1960822579015644
0.18609950109689932
0.21309548202231932
0.17172998095043374
0.1995537334509122
0.18718656734917666
0.17675320212124607
0.18735630447800705
0.21215887740304726
0.22385128692183345
0.17664566442620536
0.2169710432404505
0.20263536226807755
0.2012367082964886
0.1887954071121321
0.16308163590207583
0.19373993926858002
0.20026580073121028
0.19752551788583714
0.153130397912854
0.1477243365303442
0.19394123878500172
0.17549418704918454
0.1828575035303643
0.1981475830588714
0.18803205659242261
0.19260655556160097
0.18980119482200886
0.15289928375126705
0.17927035989467663
0.1846450734511486
0.1791452645001433
0.19687927426628302
0.18231229575467398
0.19795656416499557
0.16299773367838366
0.19336729047410658
0.17960864936247378
0.18253791061675267
0.22027226481304735
0.18878537748979474
0.16668536779081694
0.1888204534932872
0.18068056927728848
0.16519599377969624
0.19117531668255439
0.1799269978458102
0.1621692806341532
0.18041720787927373
0.18790202340181486
0.1844780342000845
0.15905259255077941
0.1662649446786999
0.19366307555341197
0.1890823966188326
0.18198750075604758
0.17371875908300338
0.16858722695911435
0.15576235181234846
0.18710798982760204
0.15727268744928893
0.19513069688013898
0.16785737133673154
0.15883088502393988
0.1508899426749213
0.17290701922285312
0.1696928528087883
0.17558518895284775
0.2230345667702524
0.20433019042433262
0.16962877505083163
0.18834495234254187
0.1821053761222357
0.17012794118944188
0.18380345048377883
0.19957649043850614
0.19551926427083074
0.19013998050069617
0.1765606762544888
0.18469057789060847
0.19399065498693807
0.20478804814847426
0.14091794266393176
0.17716817794486853
0.13441736850498295
0.1470700158387237
0.1753268476985945
0.1407991977197
0.16271463185288443
0.19334118307515286
0.1615622892094698
0.1750800329727785
0.18262819297547586
0.18215218802353725
0.18949574555384488
0.2204258401190289
0.2151002082350466
0.19653115920753395
0.18573946729480054
0.1639881256505652
0.1873351828833474
0.1911226836774705
0.22191780157789867
0.17828426769745248
0.2207169232614842
0.23270454725178613
0.22513331786912097
0.19041414431667608
0.1981514228801318
0.18450593439886048
0.18255875382902328
0.20111888767704697
0.1895223058980053
0.1539132691342349
0.16988526423388017
0.17168305120835728
0.16504052528753507
0.202520213834125
0.18325037691348328
0.21454573238680247
0.1932116827942997
0.2004116012740623
0.1920383491465734
0.19650148557997
0.1703086096643779
0.21510123353023022
0.1777870269411375
0.21381048363945612
0.1698494514017106
0.2249436147446726
0.22631194392859866
0.19039990857980427
0.20622978090912705
0.185615580957148
0.18105331877321526
0.1764222955423653
0.19904319292504627
0.17902556550949614
0.19592905277283326
0.18909468664759582
0.2108045896175316
0.20306391364559181
0.20071328296716498
0.1837008762017246
0.18720500655257172
0.20625391996708098
0.21085238989838453
0.18327441387475205
0.20438316689063338
0.25107657566361335
0.19068369356215753
0.20373842148243596
0.21165190935262432
0.19077029756576577
0.2043106741486341
0.18451464605336707
0.1884185906180946
0.15171560868071948
0.16978852138683795
0.18863019731583547
0.19523456591694105
0.20176898130459206
0.19625528516304502
0.16364350645397197
0.18078344966320117
0.20310063728950567
0.16749844234440625
0.16577375398904987
0.19785647494548103
0.19830407084629714
0.18594067632562095
0.20573675186626011
0.19302227248086198
0.2231002429011826
0.21843103348571596
0.1691332683453
0.183023933911246
0.18027735928040434
0.19234024797431928
0.17001512207178507
0.1831523160846052
0.1859753745274216
0.17572474852402858
0.1880633937409362
0.16630217459361235
0.16282381015607617
0.15288250510334114
0.17493891643670662
0.19684742733442787
0.19316931204264517
0.17775392397247172
0.15809518858727534
0.19364049038711753
0.1844359727488412
0.2220783408118354
0.14007275029533411
0.14317209546561904
0.2002542374899474
0.16697191492764984
0.18931173152717817
0.1972198649133185
0.17724578921351355
0.18647841135676727
0.181691241654461
0.20890430144572733
0.20928127883441314
0.20565940520409753
0.17617205470245406
0.168627543001632
0.16643443724737975
0.17637925247734312
0.16468274780344042
0.15684743683821248
0.20317658711635478
0.20731696457410687
0.18391451945283527
0.20098255108447735
0.21122005555315648
0.21227410057932722
0.20051179813055608
0.15998304131267713
0.23145659392343107
0.18724012432946863
0.1797548633563543
0.20229705198038445
0.1690615873385246
0.20068963066362352
0.18703253850847226
0.20248159436915855
0.18965592568524353
0.14339629878418317
0.15384392492705973
0.17245145740008555
0.1946091145893034
0.20619775222610615
0.20784842470623324
0.17945559004445993
0.1852113171360895
0.18943286863593103
0.19609270220391442
0.17832254294095154
0.19072347522614042
0.16014722298186032
0.16920413236463144
0.21202965422396206
0.18072830434412163
0.19412516684417902
0.1844394684771558
0.19313514360842587
0.2191948345908866
0.20881176997822007
0.20824146979905916
0.16573196594975326
0.16753472488922735
0.18121996420528286
0.1676656405545715
0.18884117047050067
0.15028459059948998
0.1813353764253196
0.21034942586648106
0.18624048240817587
0.18244100888909395
0.1705199805967007
0.159428323811699
0.15583240247129218
0.20045862989035612
0.1684906502086179
0.17537458866901853
0.18660181205387003
0.19529014643978831
0.19326611630776794
0.18872620074436094
0.17818916678717522
0.20163773221006137
0.19481580883950952
0.199155901339947
0.1972293473410247
0.20352285525594702
0.1888087664964969
0.23305943586135355
0.19317821545162067
0.1840231692064975
0.16707797605850022
0.16334698533830852
0.14218059574925115
0.1597016530233917
0.16796561870714014
0.165627797469495
0.19279026302456737
0.17448528694295493
0.18060805251174822
0.18700149211534178
0.1744091276553187
0.15018370034865647
0.1791217827562493
0.19559083238420563
0.20911303337962436
0.17212505466744538
0.21041029575191939
0.20032991954176302
0.20337796578568904
0.17124707812602658
0.20254346376276533
0.1907696200213423
0.20307141206944454
0.18477582493215164
0.1836243171076757
0.18948409114400297
0.20572245291922722
0.2249736160690169
0.1948296432310245
0.20908927045401793
0.22279766820913544
0.20959481277273495
0.20030642931520448
0.18868296069353788
0.17200049403622306
0.20280569433622428
0.21993799925518207
0.17110176291194767
0.1667380814028433
0.18589721000451193
0.14924252129718132
0.1619460963728641
0.19370712051628933
0.18849189430315064
0.1275740842657363
0.14457239252158233
0.18482260241091858
0.17601850638697952
0.16204081984264834
0.18037013542839248
0.18555914371411666
0.22151012843618087
0.18845771370165348
0.20028139687351448
0.17923396383417384
0.2110368924327019
0.2211778968017976
0.18426446610332964
0.20972033092261808
0.19915400708852882
0.16626736957874097
0.18537121556947164
0.18134982755072376
0.17972399822370339
0.1984633230670663
0.1814118967094122
0.19946698692013926
0.17290520964320014
0.17989847229311776
0.16311889939412264
0.23533292029874758
0.186466563747713
0.19277203212110536
0.2059675114713956
0.20288813073937395
0.19643353349633502
0.19918546904624387
0.19475170528819008
0.16786730940383732
0.18352849630795828
0.20676748316074256
0.15398692765077385
0.17615594317398922
0.17517752991704091
0.19002670364624022
0.1549772058624772
0.16440902966258597
0.16385448543767958
0.16662756168001508
0.20189192001380835
0.1892408480660786
0.20218253592307553
0.18312417625400276
0.1960495195649691
0.18368427210008792
0.1887667738017633
0.20439479891470752
0.1898070574901475
0.1931820466310567
0.17472033805906662
0.2173102145101602
0.19985768427496645
0.18222768084705243
0.21069276856335042
0.18234976261547475
0.20471827162845577
0.16702296352881524
0.16525059275553342
0.20230646201370367
0.18064251221716898
0.1867241090858652
0.19121397770101217
0.18238526969046168
0.18625473742013862
0.1867238553785933
0.1937421349440527
0.18103842208714424
0.21767659848337614
0.22593877558238865
0.19538899971693108
0.18450056250580932
0.19058810911244267
0.1897401591776349
0.18151005464984327
0.1990013317300437
0.19869053479634222
0.16941443728747282
0.18320332836180792
0.18984760822242822
0.20287001334912919
0.1783945908365522
0.16837962967789866
0.17614595838585204
0.21381843355281818
0.20251218544744265
0.1922501519648932
0.1992313151521713
0.18420789919187597
0.15100167328915884
0.214524889178729
0.15602338230392232
0.20317526824466473
0.20151948402041603
0.24243005561792524
0.172745672169109
0.19347447744655072
0.18353483689147101
0.18029683125891788
0.193399617250968
0.17773251982889365
0.16300748555857636
0.1654984386401929
0.15938360620979308
0.20192836319405605
0.17319184477961533
0.2160692523314016
0.1531271938490442
0.1866406692303369
0.1808407871469533
0.1882268175308392
0.1877035688144729
0.19890004245528248
0.1918297355640177
0.18820049179939283
0.1848197784511986
0.17725253581095746
0.20612876587342457
0.20093808307106983
0.21435751824615168
0.20429689386448274
0.1843997412174352
0.17866916447776712
0.22553918446085375
0.1837623777025508
0.2101851554514996
0.2114606214332417
0.1922690015598152
0.1729610086338238
0.18951473874168187
0.17306935613728927
0.16665312232911428
0.15398622763172715
0.16670120094550717
0.15745670996051495
0.17057237231400796
0.2291933025645978
0.20192163221342863
0.19088074634294194
0.17115483181984043
0.19117618068417536
0.17393326480053994
0.19126821611174297
0.19438494266171996
0.1956770576239346
0.19404561181457092
0.21110463912136335
0.19972103565027668
0.20503387541825543
0.20968944645075704
0.1833152287489515
0.20268159581755082
0.1968661080370607
0.19426922236198674
0.16982274637317593
0.18837358856701275
0.17965051137923352
0.18316823573007748
0.19681105626894782
0.1642756256509399
0.16295636004872024
0.186169523826018
0.17825555470818633
0.17546446961813195
0.20347020894499515
0.20369949408754928
0.2146724889156718
0.18406791133837222
0.1882055856116177
0.20141966125280147
0.1872168723260513
0.18104684304997742
0.21248903543127445
0.1837512321548629
0.18558433959898252
0.173006400264851
0.1657226995832808
0.21083089759037862
0.15390732371541796
0.19681664120253592
0.19500942471746557
0.22281030344815284
0.18405687179174934
0.18069572042835103
0.18495100571828652
0.18800998143129313
0.19579938912742278
0.17419678582965678
0.17764073245464249
0.20273652155125704
0.20411463084626916
0.19575897523577693
0.1777295449056067
0.19850420202772218
0.18049701018013004
0.17412090813555944
0.18680090049960207
0.19246693950724686
0.20089519465206232
0.2243823860240121
0.18841325529927666
0.1963516558775944
0.16911842891617906
0.17697139297381678
0.17884754410081302
0.19403104369761806
0.190171866275052
0.2027943551019853
0.1867338802839031
0.2012428605838734
0.19241739632377983
0.18926707459837097
0.18694624571927926
0.20463966160850078
0.1978624419728547
0.16686363772038712
0.17747737489670856
0.21484029355144277
0.1733682024641296
0.15534653103711016
0.1782112290974039
0.18197969593371013
0.2083539993913203
0.17503118083885447
0.18541930009188903
0.16126305071484512
0.201438292906025
0.1912674334376634
0.2244818331620139
0.195183345611337
0.20578023231874176
0.18220379450089788
0.18613847820606966
0.17608532909975097
0.1866579332777643
0.16431324393397104
0.1698973321649855
0.17177652725906878
0.15745862283851952
0.18272502455821849
0.18672014552032676
0.21156079895021065
0.21454721546991967
0.16971102350305098
0.17921855043320054
0.18487091978605733
0.18567443484963422
0.1575788742725686
0.1436804920762412
0.19012437908393665
0.18486754727190904
0.19042712392873656
0.16838575024242702
0.18298547197914394
0.18979762245745946
0.18196706340005456
0.1703807888766733
0.17654618078559728
0.2054070208887507
0.17741323916727825
0.18356277332691745
0.19607425091931482
0.16538807513538806
0.17206746150326133
0.18816781872397856
0.152511225213658
0.18196811918758746
0.1725598892691954
0.21655223997476958
0.16830823691075344
0.16592396257659087
0.21532887226256273
0.20328975566412094
0.18578267847387783
0.2025050436341153
0.18788183259592856
0.18381591632394925
0.1796014302498925
0.17715819213362294
0.16481515594378804
0.187888208893818
0.1447076466072085
0.14906876329768115
0.18137592117510704
0.20260553523659158
0.1896135633931725
0.16940385994011198
0.18863975491839485
0.17969692976233018
0.17178547475516384
0.18996827220834467
0.17928430252446476
0.18137115193911557
0.18824358128755866
0.17068331750608587
0.18603534722890724
0.18266464357370413
0.19963317428761426
0.19366827394903297
0.19059022015694158
0.17053275249866792
0.1632867488811854
0.20758055970189818
0.17216424380074963
0.18059197608291339
0.19002318937951407
0.1887769585491978
0.1954038549469908
0.1564175537166957
0.15884437105122015
0.1814805759877943
0.16125234027121751
0.1676438894521185
0.1671406124131241
0.21012134914597969
0.19257947984620066
0.19594722322033753
0.19104504270839104
0.1839151467129047
0.20400482725931554
0.20744765519986355
0.19433937346170205
0.20740186760034185
0.19069518813693415
0.19139755865066646
0.18484860473369696
0.15433625593599226
0.1587903809800493
0.18718641929915808
0.17358603135374887
0.18791356644991483
0.17077590699197276
0.17461271539260473
0.18508023847609045
0.15486579136639497
0.20339431052655293
0.18381041746048185
0.17269067148210682
0.2072170990572307
0.19671051336083786
0.1994582098147814
0.22518151133565795
0.1700053753902226
0.1751300036909325
0.19155371182793246
0.1995640190484974
0.1974833733090984
0.20344701417568142
0.20385037152244997
0.21395676063790187
0.20539671845000243
0.1947442069222573
0.22171690339989528
0.20957592281875898
0.21058260761544473
0.1581443680223164
0.22636313304569966
0.19099023108304483
0.20783243206276075
0.20852004302349125
0.18131962579962912
0.1670420364490689
0.19008101599155366
0.21111526687250934
0.19913646446703623
0.21805627155234844
0.179778943621434
0.156677277774059
0.2013383894363888
0.20271629392355558
0.15275528575594388
0.18384722311035903
0.1720085588425792
0.1906850270730054
0.18878339265040375
0.1947823512376087
0.22640442934135743
0.19556486995679395
0.20468541483941882
0.1988072192987146
0.19676622990573386
0.19413261506238086
0.20955632323958828
0.21698222323954244
0.16134219482683748
0.1837164880827691
0.19948775111114989
0.20204990970134956
0.1843379740695095
0.20372009722964193
0.19452678290903996
0.17947761335148232
0.20618062033375592
0.20791966391612018
0.17250689094496333
0.18566775066985758
0.17091961525699642
0.16564932932164586
0.20280974167076535
0.17185359608629752
0.18445843401438064
0.18932641081379176
0.17353987405055224
0.18983286612656133
0.20637537043969048
0.1519169007000261
0.17935549406162193
0.20589994142353227
0.195301074971263
0.176667111565508
0.16907530414753552
0.20226884092627986
0.19744165508061143
0.1622947550325941
0.1906796262472285
0.1784798210962451
0.21113558605136176
0.15643530903581193
0.18530649748411432
0.18059019939039683
0.21311522085202772
0.19212496638147022
0.20376808531305945
0.18537648614008884
0.17183185440480267
0.22011080700476654
0.17699847625569237
0.22099714223713474
0.23405999826357776
0.20162037865572224
0.1715051570016024
0.19046598359084696
0.161989332620405
0.20585800668184015
0.20731811947679313
0.21542586467074737
0.22385913391693676
0.19146997595479204
0.19732195337389646
0.20587143053195775
0.1990164615097506
0.18184622238390324
0.21786755860840257
0.20286805059769458
0.20349108185411602
0.1831148650343207
0.1904990964964935
0.2181799624283847
0.2115009770776995
0.19830927711758867
0.17402173651892158
0.1516499678549835
0.16262455161155884
0.19004936005838752
0.18157120167029894
0.15012679924418085
0.1869501939349724
0.18115736333384153
0.17082797862624477
0.16147048155803748
0.19481929061701622
0.21928732214819444
0.21766889373588377
0.2038456673207003
0.16745124287694638
0.19437999243823517
0.17210651313652378
0.20287343278537884
0.1823805917782791
0.16110614149161268
0.17737431449413663
0.20947650297460654
0.20527955816751137
0.1986637073837625
0.19876116096701305
0.20502998776937573
0.15760563990635007
0.17623144758810566
0.17357006147107348
0.2189299666176502
0.2062334250163451
0.19405200780253018
0.16350161969479807
0.17945101438093145
0.1735613905326059
0.18132705324117399
0.18554500898171572
0.21176119235588034
0.2091003542295827
0.2065139113180036
0.22019158045715817
0.2170552936554138
0.217036700477736
0.19958411992199387
0.1860294193020749
0.2079740547882286
0.18054450754596893
0.19079584482736767
0.20653902960586598
0.19369425418325195
0.18984894075277955
0.18787217085823293
0.18212041600228465
0.16798240818509497
0.17080380849978033
0.17542416047330847
0.1876347744759377
0.20623420618300778
0.19803758134041385
0.19648316562651502
0.20615155202613855
0.21882890126910354
0.19208720189619405
0.21198317286351762
0.17444486592941655
0.16778180277082583
0.20475372825446073
0.2387288358133685
0.18908539434742722
0.1968694841408514
0.1736906744274305
0.191002623540582
0.23726095853374204
0.19097117524075216
0.20727119387524218
0.18734039528481772
0.20560082147570927
0.2135865871240815
0.17849097035496617
0.16113747615421006
0.16341819448497488
0.1787870337818386
0.17206784552389973
0.16068636509523454
0.191632658064281
0.18543458730386547
0.18468805431632465
0.17839453520819107
0.17753955923491788
0.1693410841458511
0.16723579538937672
0.17565937681337235
0.16099414025249295
0.18787947169187694
0.2204701942419514
0.18776251805197589
0.1926504200613152
0.1833557096536672
0.19979404854670596
0.1687224237488215
0.19257068076920997
0.19100594433527335
0.23049240041575283
0.19311417960492352
0.1988268670470007
0.17856369983500928
0.18775066311650615
0.20652054763615446
0.24750774842383366
0.19358766271907346
0.17509196681321976
0.21064968075495033
0.16949421317295893
0.19377771930866233
0.20604456560050366
0.20467345801178355
0.1939437471151642
0.18712285158684908
0.18458591331675692
0.1893789863570022
0.2061287629541292
0.18721057960231155
0.18361281548360325
0.16248375694636383
0.1383607260243152
0.20241132583890384
0.1788656725606544
0.20399065329868873
0.21142462760758807
0.20184589935753514
0.19304566315314203
0.23032884028110276
0.19325653193064438
0.20742720096547163
0.20001199853138976
0.18727529919703248
0.19335734708264293
0.19950358338770385
0.208634303919893
0.18996188364530073
0.21162249276548367
0.19668631784467233
0.18970712592623168
0.2025259947763234
0.20124390415245344
0.20295667576785478
0.2093982272598917
0.19075327233905995
0.19805726282980401
0.18244463590750762
0.18844291716266318
0.21700955525131366
0.18128186478141842
0.1710991346648791
0.19471051984045454
0.1980557608885072
0.1820153037264962
0.19302486718306058
0.2011601045945815
0.2342427496578411
0.16878160923406252
0.15124221461681078
0.1880784764482958
0.19529015399929237
0.19736178710376756
0.18490120742736205
0.17499078195496848
0.1843907752789396
0.1651852832623501
0.16653886384484978
0.17699720643739816
0.2163045415122171
0.2170464675945001
0.21132953949364638
0.1906957939002073
0.1821905420541826
0.1623766646025602
0.19084838662333728
0.17324413145752565
0.1596821026681496
0.1894676913779396
0.1788770874157259
0.2071851226744708
0.18027593437558412
0.18948439371347747
0.19385784313597126
0.201801930363387
0.18239471923370193
0.1724844509703752
0.19560600689659377
0.13346129945897856
0.13723965288032322
0.1745393877041369
0.2075931786804498
0.152720974269725
0.19028401134417255
0.1912815605317931
0.18637028460365038
0.19589978725509763
0.19565798797681405
0.1952011299708145
0.1635620075887102
0.17504939622626678
0.18971693285871905
0.19249241333688552
0.18339197306500168
0.1695812310681998
0.17721048988152988
0.15394412338777705
0.19152746243175867
0.20384387404429483
0.19801670817071174
0.15671215135857247
0.159428826558838
0.2155995926670955
0.2082162813079896
0.17187965068923036
0.19560838895651383
0.19637573382685378
0.16062792325714922
0.186939813652299
0.17013102318412804
0.15004151154268036
0.15087880996309852
0.16686273973691734
0.1998606920828737
0.16408750377514886
0.17667014546632598
0.1890244897849614
0.1415877845187347
0.1886009198295246
0.20115827154446697
0.16699291101988337
0.16042509414476577
0.19206914918985113
0.18176898304546327
0.17070514308618526
0.18932051697706098
0.1460472962449252
0.15441064726134535
0.18753049705668748
0.1885915622060491
0.1568675595109208
0.23030321295327832
0.19110448762789914
0.20009669669998562
0.17956649006040118
0.20414021717573408
0.18072413973493137
0.19333877255952545
0.19113556648667168
0.1955314439207903
0.19825529947795473
0.1965222513419943
0.1697310201971204
0.16791756610728098
0.20133249008435938
0.20616129800712304
0.1684408625077722
0.175256270912353
0.17908630367593312
0.20021269299177105
0.214609471625761
0.16818948790645644
0.21014398839484724
0.18818231697291787
0.1883913628526491
0.18649194709452668
0.18254366704749855
0.1585968871608245
0.188640608729939
0.1774761305268317
0.19764978795421403
0.1816305925790789
0.1826658354447472
0.17699933954824715
0.14486505008203465
0.18251121923749522
0.19422145202775226
0.1951730945236897
0.18050113004647328
0.22749838562846747
0.21820788370096147
0.20338845824296808
0.1782279838257975
0.19440371796399147
0.20373926861744077
0.1918667210722694
0.22640682459199302
0.2134275856326322
0.2072040399648054
0.18069084887155729
0.18163574547726416
0.17491943894781858
0.209544054757365
0.1756967747051409
0.216719429334235
0.16145330180110448
0.1696167655526253
0.19065425471822178
0.184164116926559
0.18558740045549882
0.17925274056822818
0.16520096190667943
0.18408964307718972
0.1939267585958933
0.17135730698545737
0.21260871032594247
0.20197292425774022
0.2133990934652141
0.19895812481502922
0.18038053536263193
0.20588394878597113
0.17307517797131383
0.19529617226756288
0.23001227836213445
0.20425084052987483
0.19447178674671495
0.1855900443365361
0.19094308223175505
0.18430095575743205
0.1850198466904483
0.20397264233178936
0.18659943883220612
0.17333143376260796
0.19203582005620404
0.19273775121452297
0.21438188542012193
0.2070776484066129
0.18924743378679296
0.20870543590882645
0.1954973449840418
0.17595064687369152
0.17974322140262022
0.15243870587910296
0.1831557802285664
0.23626805533807138
0.1884193625967441
0.17865884084730538
0.19472669232177817
0.17377726132319907
0.19788103593402953
0.21571504882205075
0.2140059459698243
0.1738234560219249
0.1891546949962879
0.19284709344746964
0.18068515779696998
0.21393455635477981
0.22468064458513698
0.181046255721339
0.16600072381239644
0.14333844474656848
0.18225349117163978
0.16841466563004648
0.1396938324445328
0.18393852485838286
0.15701034428088356
0.207236893576746
0.20535934057962033
0.17742755710038846
0.19950616670179683
0.16761127472456386
0.17416111048287095
0.20052704420334513
0.19129285697279644
0.19115535673508235
0.21781548813412155
0.18066896387374126
0.16627741023343726
0.20831949724945878
0.18105900599020244
0.19341549122759782
0.1555039843051255
0.20920057177273624
0.1698273590120085
0.1735639208483218
0.19038495605951566
0.21782288943983347
0.21088468899714566
0.20679855535541028
0.16792237482849895
0.16377549225360047
0.18012411512242738
0.20348102013733282
0.16623956803672066
0.1765141270307283
0.17084516465097982
0.1913066739804148
0.16284742856965612
0.14909416691668148
0.16397905502147778
0.18383088067423167
0.18163968229951535
0.21707359454585892
0.19052872254637332
0.1991224600033041
0.1569495098652146
0.18494769146453857
0.16311324827308338
0.18019713388148947
0.20265140207169682
0.17832493232741642
0.18507147316483655
0.13235664110693157
0.17396885996191436
0.18254552439430768
0.18342398509569255
0.217860822874933
0.20138622336553194
0.19928957459549623
0.20227129372879415
0.1854740609084077
0.18036356957494684
0.1857272834377671
0.19334848759190232
0.17810688637846156
0.1747213582117087
0.18538642907702593
0.17571245356397444
0.18124988310736034
0.1877438352114411
0.17858247109881759
0.18883502777523026
0.1777233978669082
0.16961846243646625
0.19667048492721448
0.19568442609354977
0.17940971743636142
0.186563878373899
0.18512148999150244
0.20942684727312913
0.1712954085758196
0.20298242294981547
0.22555070489335324
0.20453515517755808
0.19181680903591977
0.1771029793514738
0.15907093835850764
0.2009587473426468
0.1684991084733757
0.20332800316019645
0.21008958800092337
0.2276635321295432
0.18674739674471916
0.19261154502374764
0.2109145837937737
0.22841489885856772
0.20435836447915692
0.2041589405903655
0.19495356099889852
0.1943905335879326
0.18101969685582353
0.16768319629721687
0.17270965194174204
0.19460349430598609
0.18118454391683686
0.18926439169055867
0.1786162856295561
0.17060892311021603
0.16176972520183988
0.19291108400169496
0.1919390402076234
0.1817276980529872
0.16355574755502203
0.18851760042497254
0.20854039237501823
0.18506922503755474
0.18389769985335172
0.15347812793706186
0.17856001886090098
0.18381007477102215
0.1683222711980587
0.2388943255976615
0.2020403352905027
0.16658361217484588
0.225878544871109
0.21831926376765784
0.1992107545159388
0.19100345967599577
0.17036584815674574
0.21115063012985386
0.15862150377226397
0.18080523075139382
0.2031981638871866
0.16568168977209063
0.1782011580252766
0.21444338449680198
0.17815335305977975
0.2011076701459818
0.15590590147413974
0.1999152645334317
0.18402417702729618
0.19312814224371955
0.20735473190476325
0.15339141484485
0.16625677282271845
0.1872430543712417
0.1970856295245055
0.216102675609013
0.21435907679683475
0.1754858820630035
0.19024898248733474
0.17336442071383548
0.18977722336076427
0.2242860069552889
0.18630578543949616
0.18031320176751595
0.2106781395411132
0.17481407597145043
0.216941213052533
0.19510589934332281
0.22413444353238673
0.20937364250082793
0.15802591996867552
0.19872584955039563
0.21067703445253738
0.18387208136645444
0.18984137624191968
0.19827749873983594
0.22147168480768978
0.21399495486971915
0.19196466732172432
0.23109047242468933
0.17387822603617972
0.16422214750915595
0.1781043803429663
0.21872662742332613
0.21125941169664447
0.2045302773847225
0.16211298867789903
0.1929896859117533
0.19044305154957764
0.2037769235905352
0.17474039658501808
0.19094930907170285
0.2144937941757188
0.19749238106012915
0.21027784449112286
0.1912145528407356
0.22807918633752292
0.17965415696690756
0.2099707041701384
0.19385386278298272
0.16900111795407452
0.1658035594834512
0.1766944819093235
0.18174448166302684
0.16195876345394392
0.1826591013860874
0.19089581650903545
0.17928155564787127
0.18314326315828544
0.2087875448749401
0.194513457286504
0.2032914893327747
0.18405529384068187
0.17939433037780583
0.17682183769958487
0.17459742435568645
0.19430936724463643
0.16063564156507057
0.19288589311669654
0.19807157914484275
0.1977735195221215
0.1816485960188954
0.21794928981763864
0.19192488195519194
0.18462000290971398
0.19197226500662817
0.17832298498260468
0.1900061735909735
0.19487399468712222
0.1956372975534942
0.20045528879744873
0.1869285350479256
0.14540875148000132
0.16754077726889832
0.15880847497041542
0.21137413151759543
0.1776858303419507
0.1777526019163899
0.20829019993015435
0.15888450499060627
0.17982819988550736
0.21424028861641636
0.18839266905000063
0.18332393890571014
0.1939943996183427
0.21505244081970326
0.15174526631611626
0.18714290791984256
0.20638139018339724
0.17278857467489422
0.17574090571913387
0.15212980028804451
0.21043672008709577
0.16303772842362466
0.18678522389671282
0.22264042212242618
0.17496987415694212
0.18304622758420266
0.18590146632356847
0.18508445069834875
0.16408902039387838
0.20722928891211922
0.20475019193725152
0.1709841161056768
0.1691819147331254
0.20832719141854392
0.22346388737901268
0.1877070451886253
0.15644101900655297
0.15353118353987308
0.21141390884803657
0.1853966310896309
0.1458252726329547
0.18394146355133695
0.16683168778242669
0.20883884753116388
0.2073098972704085
0.20558895692695875
0.20031577944135645
0.2072314993002058
0.14930120311791173
0.16910191870244504
0.18096368012077962
0.1964399994500103
0.20214317649539354
0.19187635079502355
0.1805256726675199
0.2075197620144407
0.22373712939941814
0.19711171920139667
0.17814746527496347
0.18584865480171928
0.17765119992132053
0.1795611651924072
0.18616719315124053
0.19090065897394096
0.17548085089142168
0.1701345206975117
0.1699785354270955
0.15283120281920307
0.2081436420320411
0.21012195084659827
0.2098418646431306
0.1789625067273355
0.21325376213538014
0.18973033245874238
0.21199035140552108
0.20284406065102015
0.19549488863949027
0.19373862368119224
0.17172817254739633
0.18812610675776884
0.17557930970903357
0.17688423363514974
0.1914908931943175
0.20939661864270548
0.19489913776864384
0.2022017301130054
0.16594749701187533
0.16443163264267605
0.18122314490820404
0.1896890010788658
0.18937682827141264
0.21001549948605414
0.19352529510503275
0.21104862809190128
0.21559436390215445
0.22262198839882497
0.20589336385434479
0.20220177087139465
0.20853969610737516
0.20604983391054732
0.19287913932565157
0.1947763280027534
0.19676057407708925
0.19467136706125815
0.20506773629313385
0.1593238763718363
0.1873126046196334
0.16166767933506776
0.1929080521123751
0.20240153393778976
0.22155608142644118
0.16628076511261727
0.2076373841206915
0.18774527636737784
0.19750650888874335
0.20287936195929235
0.22484023006093778
0.19745750690413302
0.15638157772120265
0.1898485566861414
0.19325973316706146
0.20653831942894774
0.18919505855488306
0.17594456286893215
0.18664028308545302
0.1911237501403964
0.17876109590361333
0.1730059793710424
0.17612641282695674
0.18062660056823146
0.18074362922160297
0.22012978273592657
0.2058658166643073
0.20172364172834606
0.2030561302416222
0.19362410357807494
0.16246303121660352
0.17182517567264627
0.21464445990802472
0.18029380558584973
0.1932160847014523
0.1848947483515735
0.20556036586764184
0.1582494980697254
0.1739202866203358
0.15547148155356516
0.19426265489702174
0.19438953853263777
0.1997711932411558
0.20482350136400432
0.17873855268301822
0.1995170279778601
0.22014525533968418
0.17624675930689201
0.18179192621878779
0.19008699433360507
0.17729824341042444
0.19256409935371271
0.19542280349153018
0.1857458909214624
0.1715258220433475
0.17516813261686603
0.19532778223334388
0.20959130494039788
0.22268344545636962
0.1927313174195871
0.1969572085489759
0.18214830923263195
0.1957912480688261
0.21220242422836902
0.19557182657295444
0.19323409162616537
0.2021224669684437
0.1784244805590191
0.2055256857447917
0.21396407947404497
0.19849918119863336
0.20675186029423628
0.1416521118424031
0.2076695316421529
0.1508164092982333
0.19286123326847
0.16573854307255892
0.19316018253491773
0.20012064576852967
0.17040936970388199
0.1754833466914452
0.14770861902494187
0.13499540049346168
0.19383956639298527
0.18149635305752645
0.15859094435818347
0.1743544992644377
0.19484984682779002
0.18773900637213442
0.19445968904532498
0.19162936850297363
0.1812970991455222
0.1521861761410373
0.1502949411115128
0.16677036700113954
0.18975699820829464
0.1633880227047762
0.21999912223580836
0.2118967449940831
0.2094777596303067
0.165458659386384
0.21882062265421234
0.19429202680212235
0.181670719372092
0.1994372672107191
0.20004791327279803
0.1909807925343758
0.19094892898879992
0.1872678805178651
0.1979319960253169
0.20717283190568794
0.1885512016151563
0.18342142543419504
0.18390359057834244
0.2024460651090546
0.18288421712318514
0.18129829101869846
0.1943559453891038
0.16674866495882545
0.1905784397560691
0.21001078531685644
0.2033560670735562
0.1954773098720092
0.17501864603741404
0.21009284400612516
0.1856169817556519
0.2016675704478255
0.17370230375445228
0.18385721643059022
0.2167266189446855
0.18284234380710507
0.18305538449962164
0.2164563593046459
0.18764555390379556
0.15130771468695642
0.1620646471399995
0.17619449814668736
0.1606056404475693
0.1806558658377985
0.1576970056399651
0.1648621289693086
0.16941241089402082
0.20869355014376717
0.20676340506253138
0.14753656603145113
0.20017174978104496
0.17694457666162702
0.17504285262056543
0.1761994942161578
0.19691177019228048
0.1977721844320179
0.1930936004005805
0.17478223687066272
0.15825631688390115
0.19974071792846007
0.23818908691134746
0.1945676036189566
0.2196020410747872
0.21431460319270804
0.18458048787820305
0.2213126191124077
0.17987365036865025
0.19838763847516216
0.1545376197065686
0.16623120867464386
0.1799955883052757
0.16999929524557209
0.17986942997257896
0.1974958365378929
0.16047837650206803
0.16162136000721106
0.17613171153787285
0.16368264393189916
0.20681985282231016
0.196017848025219
0.20496197308641953
0.21254129274371986
0.19396516223611027
0.1960647906334644
0.20545598055595193
0.18896814183773047
0.1783119294342899
0.18988909189683356
0.17744113518516968
0.18195345271768118
0.17489104559687482
0.16896521005695783
0.1756068127486089
0.19728431836727664
0.21104100548578314
0.17214804622045474
0.1656083148922678
0.15752631505640957
0.1936509251006413
0.203684307042599
0.19352687381632505
0.21076282260571957
0.19085145297162398
0.18927378567765377
0.18425110283554333
0.18041831913928916
0.17847253464332077
0.14882299238865304
0.19396031085389742
0.18241302624579905
0.20819062004265337
0.23153017956611602
0.1866409476921294
0.21341128639995371
0.20061148572095086
0.1963094801602706
0.1742703101572624
0.1862285955000443
0.19726533740302382
0.17585346071008678
0.16740467704362655
0.19786876690565178
0.1653796709935599
0.2000091317537694
0.22562158744345054
0.20940872728208795
0.14605133042754698
0.21632785788304015
0.16513863284936564
0.19499788527132358
0.17752342465784784
0.19813033736810154
0.1712969548953815
0.17713619448528853
0.17935058679266327
0.1919324597307247
0.17012389430634883
0.20763004324652187
0.1760111223797626
0.2304032536150427
0.21251609665964288
0.21126543944969467
0.18484007407900407
0.1698422682949443
0.17846520542418776
0.19957315072815887
0.17746668587489692
0.17703662234404047
0.15120944168438463
0.174391592260787
0.19473362758950033
0.1803295247972268
0.1716423217236385
0.1896923088405577
0.1606672025069835
0.18387247895129796
0.18158593589456046
0.22168859515821132
0.20176798738656884
0.19270270775027318
0.18700219961513512
0.17124560626462546
0.1861593790316574
0.18005999620508478
0.1772686945403252
0.16775224178511397
0.1853822240703801
0.1675892677217242
0.2007812132139182
0.17907867150501783
0.2053360099093109
0.15829529453157512
0.18587231145266517
0.16591760773067368
0.18564358232916459
0.18425376274328376
0.16399596927930274
0.19718490115978907
0.20459774564597216
0.20748764031231165
0.17179061812056245
0.16733828787955216
0.17730728454015887
0.17764500035652153
0.18499840549869107
0.17343813116929066
0.1867931587314775
0.190100550912867
0.1752313732629722
0.18427219540415385
0.1837981783550306
0.197664007491288
0.21178793731841947
0.18364790320119315
0.18095312806856703
0.20318866039336225
0.17443040134626184
0.20962900136071855
0.2114694109765064
0.16062602205588594
0.17768686678800227
0.1780409102344931
0.18084773290280504
0.1857131288152248
0.18652424775356508
0.19100171347357286
0.2015423477874155
0.18041272486630808
0.18851455482570165
0.18819495902971345
0.1835810199093667
0.22265366100902614
0.1883081957442148
0.18253966570324195
0.18406234350101358
0.1907859633477443
0.18094725913089307
0.17739203314593294
0.18018483094912258
0.16478926802041952
0.18388980119159526
0.1800362462097338
0.19203942729624873
0.1760196360999946
0.2076308028570012
0.19326661411855353
0.17088909052490336
0.2104500130645608
0.18062277514821914
0.19011703074746544
0.15516232543387257
0.16980208197248792
0.20130845222855445
0.18671159819540842
0.1895688759694397
0.18880761004674107
0.18474855206913984
0.18681862405028501
0.19433763885969027
0.19962890862504742
0.1842560868054483
0.20113395260144104
0.19871722706889888
0.1948932843137484
0.1777627968924638
0.16562056675737402
0.1880025784057615
0.21710052533705074
0.17899058408042884
0.18222418773126117
0.19187751341246656
0.1910023967323636
0.21314591155784132
0.20322699555086948
0.1701385507761331
0.17572888707451764
0.1596681700543709
0.1965748553484922
0.14342362563765038
0.1976161266068498
0.18911192766378138
0.20962534264041882
0.20535006251848442
0.19902010117803173
0.19585978038765303
0.16847731386512604
0.1737518872776264
0.20189624509402734
0.1984522717784956
0.21897101865648655
0.20368356068330862
0.18180434278150354
0.14792130854422733
0.21380184898547308
0.19434358887738715
0.20030690267026843
0.18857032168663332
0.17536791523699818
0.18738159422226106
0.17563636957493786
0.20980731713851106
0.18070549711686715
0.19367267581289319
0.1810481486711577
0.18227771184466052
0.17781847927871733
0.1892589366044966
0.19306602540553788
0.2053823447563022
0.17536446172846357
0.19490217653244313
0.1926106849214722
0.18548144246778606
0.1967447118386858
0.15536381006087593
0.20352199477535743
0.1708041773470366
0.18965698877755693
0.18088035060061602
0.17694922317998485
0.17506865984564945
0.184454506261301
0.17031371683757018
0.17053851219631722
0.19928612875959664
0.22480092467421475
0.1979419928579989
0.21569361122037212
0.21774818620263095
0.18711998836823637
0.21619065774532645
0.19786609721026008
0.17809043938499472
0.17062712663423668
0.1632450028067851
0.1604495806797761
0.2018539149221249
0.18290868113103212
0.1910233733560784
0.1599100805182272
0.19263443515057202
0.1808993081885703
0.1980492505247113
0.2153596481388066
0.18184886800815406
0.18723834274371778
0.14596828236822088
0.16888707851879056
0.18058614521110505
0.2059591354928611
0.17385781850561724
0.20853325292048736
0.18651333536161632
0.22281629207683765
0.18622928412919895
0.1730769691759881
0.1872693521103301
0.15722147924277116
0.1609813178726011
0.18949119327098946
0.2037150129616891
0.15772338284595044
0.15786475675582426
0.16866939867533193
0.13528180139009727
0.16954438115134035
0.16854661865919338
0.1722015489218894
0.20734860376317005
0.18345437588761906
0.17738155287167578
0.1873507351992462
0.1786319993661125
0.17657907260961375
0.1864988441639872
0.17013364088355895
0.18171653119767006
0.18072974181426735
0.18831401007486026
0.17591821692535256
0.1769464154900939
0.2002967456702477
0.22194574362627517
0.21348088046378413
0.18428403431371224
0.18681275018634216
0.16699181740002927
0.1601626353266429
0.18253180852129713
0.18269576113186142
0.2049747285982722
0.18727240571622666
0.20001958501287018
0.1767982340626517
0.19486158191979175
0.18599649665899048
0.2023160674277758
0.22158027871538402
0.21963569230875005
0.22483716202826384
0.21125698520813757
0.1956216657531387
0.18082832628917503
0.20464455297340908
0.16208744700773034
0.1900774364313849
0.22656005067244372
0.21376877124636862
0.18399718580298455
0.17705712373338897
0.16495582506876463
0.17793244726587035
0.16737158577637679
0.21709030965588066
0.2014258030809906
0.21548606293838896
0.19390241232179367
0.19402771573254343
0.17623306148830248
0.18498164837331005
0.20039515688467485
0.1850594948960384
0.18655898722905068
0.17910702718704183
0.1377979065057942
0.17414717839960658
0.18234404527711898
0.1864123409428182
0.16774737306520207
0.17662811622489916
0.18843970221812842
0.20805653248689043
0.19902717651402546
0.17856920985072341
0.1839913856890749
0.17635982710504106
0.17819784246030992
0.1826020728042237
0.19559839185982208
0.1902175129494771
0.15798801456161252
0.1753658552329137
0.19456117906910683
0.1570473389090733
0.18406138772098599
0.15502553853358686
0.18581623587049095
0.19570911219605017
0.18865140329012853
0.18428342518891733
0.17291469810725796
0.2172021258136782
0.19471447285243593
0.20991148558512576
0.1818562047684057
0.1763351831767244
0.17449399435021476
0.21293773037423236
0.19232417698070703
0.1688868113015544
0.18929184558982928
0.19385258783896142
0.1822207027089504
0.1627191133941813
0.18597656549195163
0.17388293168750707
0.20684001684792347
0.19035846826559663
0.208897176849021
0.17640598235386767
0.18065849943674983
0.16666107408343295
0.1712976060927695
0.16534355814825663
0.19734021780255845
0.18066734357826877
0.19110494288718477
0.2012244933446836
0.20120757816162657
0.18972114909295218
0.1952478847421766
0.1758051330270327
0.18851204570761845
0.1680063931176142
0.17308356345070572
0.1651407192050795
0.21010449318615773
0.16559600854677953
0.16977519984046768
0.18392865897676863
0.1605135812101808
0.18637284073497812
0.18688678435099948
0.2419838441183234
0.2135802468339549
0.19142846525365195
0.16890551474079663
0.19862804923656097
0.17686260616638755
0.18976231362683402
0.16875740483467555
0.18426627507361915
0.19545774985303715
0.1772771046298696
0.19972646767466298
0.17571145215641845
0.18891788414510452
0.176896797311357
0.18274628450851318
0.20537125157503544
0.2003929564260155
0.1633186201195831
0.20695071145639823
0.17920973851803843
0.18428721558082542
0.17475401588539105
0.18231429245290623
0.15827394934652075
0.20494182509861905
0.20011558787520448
0.18473586173997922
0.19079159247006114
0.16694691117557592
0.18504553721631736
0.15824022322466155
0.19983719467151623
0.2246040022632763
0.1873040126452799
0.17528341469392106
0.20285820767827098
0.21834415394685597
0.20087401576442945
0.17313740832666252
0.20790183161793613
0.1715482591573513
0.19355806360184355
0.19830226217114758
0.19940331326221933
0.1566784813290326
0.17438047442853116
0.1761588612306775
0.18751251752130677
0.17890797352718385
0.18733210480198845
0.16448978405603149
0.17557326073724194
0.21053408698847395
0.1858888880250687
0.2031324156954193
0.1670172637515868
0.1962862914265514
0.1908240641466334
0.21518871565181813
0.1708897913366701
0.18418190309180324
0.18518079780704125
0.20759030662637795
0.1810698741412581
0.20284187370952647
0.20296368310897026
0.19419331586242616
0.20049001980188189
0.20984266996085704
0.12426410944689109
0.21518696227384843
0.2275090206164557
0.1762274959403343
0.19955287787943762
0.18211246863930564
0.19794628290354854
0.1805936109726563
0.18457827420372624
0.19062824208058404
0.21332363207116894
0.18240217580356569
0.18699345685838592
0.1959645077299536
0.17918817432337347
0.21693332394578285
0.20079417054734472
0.21422467117443886
0.18842368922412536
0.18707734453148528
0.18895401761622252
0.18108716942785577
0.19703196067359624
0.17340651466474022
0.19196637351766568
0.21204938337642504
0.17833700145325143
0.18876277054345006
0.22052857121780534
0.20568165312878836
0.1919802613883346
0.19281565665960915
0.17662191145191458
0.1819902084768973
0.2011295855470204
0.17685645988821122
0.1615022982457733
0.17118745247011719
0.1902697748260596
0.19270648427016646
0.1853159831234531
0.1808865194798988
0.16971066225660553
0.2202187848441605
0.21476895112364905
0.228881418300662
0.17664497315331326
0.1486938524079933
0.1953335913515078
0.18668212068543621
0.2033039188727591
0.1989756338922851
0.19944000047008562
0.20823339770612653
0.18978983968001734
0.1765113079480613
0.1493850700720576
0.1930759099280802
0.17054330163852086
0.17790617880880183
0.1866078433409288
0.20443559424181137
0.21848703247036513
0.18463457148824436
0.18037133395314323
0.16719772207462372
0.13603815511429324
0.1893669870305437
0.1405002796305906
0.1747298844357685
0.1679039616415953
0.18435323628392983
0.1904714476599301
0.14867461929385992
0.19624955954475876
0.16163516176425152
0.1731696318605902
0.15822732262714143
0.16380428359876378
0.15719894813388344
0.1994053542602279
0.19110359647985398
0.18338290050559208
0.16659043913294963
0.16970641866851818
0.15563796388651907
0.17732262708303512
0.2041401074687158
0.17575384626703147
0.1781772721784149
0.17769449815799268
0.1723815568719357
0.17192164204671495
0.16181718493036099
0.22355663249733013
0.21695304241103924
0.20590242908717968
0.18706931347564407
0.17706866840430324
0.20098040787242397
0.17917830961924366
0.17746300699746032
0.2081305973065121
0.20522878271137956
0.21965827879688668
0.21451624499869998
0.1960995769939651
0.18550115360029348
0.17775038216766986
0.19570275851213803
0.17113399411007038
0.18562506802276663
0.16600130407489444
0.17797292212559468
0.16976688961403463
0.18155387810309723
0.19510270769735838
0.16310765819743106
0.16200190584015425
0.16429367557793775
0.15575081568173654
0.20504971436143377
0.17969435879393097
0.18208105076862524
0.18213983285360014
0.188021391660164
0.2000703443830441
0.178630780701466
0.20589186160628503
0.22041205791805024
0.21999818078626374
0.205047119606762
0.1879229576142554
0.16447278489534956
0.1952033849319685
0.21261268074069523
0.19303004639060597
0.19589185583820862
0.19099258001454533
0.17133337579401745
0.19483931220666048
0.14242830200502415
0.13422910469456376
0.1671868007030327
0.2032335307512386
0.20487940310314057
0.21252722702214463
0.17209871721774275
0.21297507624715786
0.19210080830702161
0.17885714612732145
0.18894116905156244
0.2277228415422499
0.1968793842016087
0.19958301307146487
0.15455134312491942
0.1856027844205192
0.18487599665295348
0.18894701478053547
0.21336744803662408
0.19679766373325103
0.16325937113448316
0.16756865965442422
0.17440364573682307
0.1535784345438905
0.2009472904417054
0.18530655673357924
0.16802144311358455
0.156452660716277
0.1631525138131324
0.18394909785402488
0.17071390919783425
0.1856025075192883
0.1800495640695326
0.17037429680347257
0.21741798875997118
0.1966949791190996
0.20293970587227603
0.211588527670728
0.19376863273493905
0.17583168271171645
0.20454798228751475
0.18706534952151485
0.16904884150049387
0.16948471794351103
0.19118589109407064
0.18388123568346534
0.18334136048388786
0.18602040439246237
0.1523316430266618
0.185433374585308
0.18347735956752917
0.1676718834235686
0.16041492807259083
0.19638563823264596
0.18322785617809947
0.19517305282380573
0.1697972196159468
0.1586572727023361
0.19147773273587065
0.1714631564531651
0.197133557942146
0.21897888902343202
0.1716614331346964
0.18055157696352414
0.18984527261486933
0.17262321020531005
0.18323641258890397
0.1538138973159538
0.1910857220212676
0.17466187266589758
0.19499010454612575
0.20529114559024034
0.19149140048422433
0.18067014117013014
0.2122338206388153
0.16776431008886186
0.16158559476973677
0.17975705831965913
0.20887246544646987
0.15761113896627138
0.17235761785782278
0.19222982013024228
0.19129053192188544
0.1925949251850413
0.17075900136813518
0.1734283446525466
0.18601468146998767
0.17725090888349054
0.19528066041072303
0.20423158525565602
0.2068938534079108
0.147525653608965
0.18793429894233502
0.1791377182451041
0.15951631817379877
0.16099426676763962
0.16541777851810485
0.18316512335911272
0.1587581963487707
0.16511279039812127
0.21190326641688942
0.20112552412992002
0.17091719838510028
0.20234682101874113
0.20648344787375722
0.22262921721590836
0.1835020880378215
0.18548155188281557
0.21475508474460464
0.19800366605748265
0.225209795550859
0.1882781535643297
0.1959058312575999
0.1769046630513936
0.19661012446042617
0.1925985286232852
0.16970759572749863
0.19260917783278916
0.1942888136110798
0.16554102236755158
0.1692154929917414
0.169957584035919
0.19964859669430748
0.17186090307204496
0.18219848894464358
0.17965587924313833
0.1557815088885063
0.1767355859726011
0.1494578786437919
0.19478999588299586
0.1830698214003018
0.1714113487551383
0.21229510761780107
0.18228312314647538
0.1962535065429755
0.21326616974838483
0.17879042405264411
0.1995422707152154
0.18588148123163353
0.1810596075965591
0.13244441540133434
0.15606122950026002
0.16980524174420067
0.18175502883412709
0.185724078559958
0.17607802532094238
0.20095990128467334
0.17270840259736692
0.17478015437027902
0.20885744536540163
0.16366582125107593
0.17324875946675186
0.16313051038365664
0.16696288453880337
0.16538086800652518
0.16897269422102387
0.1647301603965577
0.18270740348689854
0.16168120134319855
0.1699781326116736
0.18003598873286966
0.1632071240053669
0.16666889075671198
0.19380060347495587
0.2089177852591796
0.20111616930308845
0.17101174454150653
0.2029289301533034
0.2082515985372689
0.1830446755021539
0.1821435341580332
0.1961505234659466
0.1913107569281822
0.21005016317663575
0.17599341620642242
0.17831465896753515
0.18747565827140952
0.16981618947337182
0.16423781389460732
0.1684293763320841
0.1649149377611041
0.19783901165240228
0.21017315393992347
0.2030368891073517
0.2134871695206198
0.2125474959773544
0.23131873374950798
0.1890061530912653
0.18964515073430221
0.18095816641980544
0.16895339100598478
0.2178249892160822
0.19226535709601325
0.20155430262619187
0.1746340200755636
0.18367069115903323
0.19014605197768078
0.18583273679580686
0.18082274669551107
0.19465132293746157
0.18858084551402418
0.18779728706065216
0.19388452725863434
0.22016743219193732
0.20991139122781496
0.16016400496635944
0.19458058700053876
0.17643313082064122
0.20114072519953577
0.2257694510551893
0.17984536454280303
0.1949186543303506
0.17163158573340942
0.17709753788859006
0.19794819415985665
0.1940332953782134
0.19290335006031883
0.1661291372876858
0.1846183621042866
0.19939423687441582
0.16918667160255824
0.18615245778977682
0.190642963004344
0.16727345938521077
0.15513121741096358
0.20415521166340708
0.1570265685684629
0.1506300196998537
0.16554078633013664
0.18692821772750776
0.21924158530721027
0.18120992793745308
0.18512362919709158
0.19019155856220674
0.17911225268396821
0.1298744837731758
0.13814895244565856
0.1818321225480343
0.20414578560572927
0.210958162758473
0.2142682738797449
0.15762535845433523
0.2051376010770759
0.17015292308046237
0.18438768202198455
0.16869022675504342
0.21183981231045512
0.17827425632548066
0.1780860624776364
0.21442222909530634
0.2184495807446377
0.22295779649193834
0.1739922772573307
0.21578571747672431
0.1748894483963492
0.18574742427902965
0.19418553877880312
0.19177137661865104
0.19186953805950108
0.1848696922278361
0.19760891514186651
0.20490669977666431
0.17648371082716027
0.19309140277804177
0.1939618470174698
0.21759959293365372
0.19006035087244758
0.23677200341021196
0.19319227416155246
0.24535412198066336
0.17105498471742106
0.1750993604215879
0.16754593638595158
0.215874389521175
0.193939274188238
0.18834859666764087
0.18335141653585393
0.20178549450215702
0.1858287430029259
0.19172936720542685
0.19631506749707728
0.13440841283875188
0.1990023575055223
0.16724039014090078
0.14560203358305218
0.1578694691318607
0.14894711378995884
0.1904906603767253
0.19493360907644186
0.19629069098984048
0.1663030924898167
0.17715044007291167
0.17009266538480652
0.1912656489696426
0.22580488207426272
0.19466572240892435
0.1770973755766831
0.18948732785587155
0.20022183176346547
0.1825237684591642
0.17728907852839762
0.14544299753322776
0.16315055983390092
0.17717206262034513
0.18640522661544168
0.2103568150282225
0.20129723920295906
0.20152027191825625
0.20460540828264775
0.20665856661262588
0.19267543371091816
0.2035046300030154
0.1969574494938287
0.19197555076688894
0.2174750841431901
0.22053208162866117
0.19557525300875334
0.1689072101692624
0.19010263825827914
0.16244851050247136
0.1716181667240465
0.18401643371110876
0.17085026240729065
0.18137504331777618
0.17186039980031254
0.21170765931071173
0.1863698423541238
0.17285507615304524
0.1790605554056455
0.1624114474843543
0.19783383142174507
0.1937359564925542
0.17155171296955937
0.20748363714538906
0.20341868373575064
0.19652674340343107
0.24188166577820872
0.20044629638424538
0.20307999952544498
0.215783501606886
0.2027795798813636
0.18155293512205106
0.1897635757028554
0.18646943936040233
0.19325142956957875
0.17839744576146768
0.15973040465617902
0.16937047680089126
0.17848788260313594
0.20201852085470876
0.1481010971643984
0.19358748474618995
0.18705768326069055
0.18205855157469022
0.1985946640157839
0.19691279119821384
0.2111257773797399
0.2285581288605723
0.21475880365742359
0.19736953477436364
0.1860888014681364
0.2131482835929295
0.1991270428087099
0.19616425122224115
0.20341290349141214
0.189350511950219
0.21472606220297824
0.1857944880308249
0.17753072004170484
0.17693663764993375
0.18410131646726058
0.18879201449714578
0.12990229267468775
0.161136042022613
0.18045403306544633
0.14092748045960884
0.2001163306347699
0.1677746888741777
0.17272720166276484
0.19369334370439262
0.18597881567483024
0.1937189953525851
0.16730997133320952
0.18765070614215953
0.1595953668346842
0.1822866251223736
0.17486237613304562
0.190091594280504
0.19708997591419725
0.2136329518093415
0.1963719013562104
0.1970420203970189
0.15365380467806913
0.16892748310804168
0.19406908626182914
0.21619143016555412
0.18035277419293924
0.19105592459477402
0.16623839297322884
0.19480299159564132
0.20930402156556327
0.18450769154181093
0.16471632713891252
0.17933295640395275
0.17021432800909253
0.1936762894628484
0.1513228451698215
0.14032333464252134
0.18060392873853193
0.22516709612759192
0.19367168523088607
0.1852697207213924
0.2074328296482436
0.17813899323815852
0.18369288531076605
0.19454950455704462
0.1859262641616746
0.20090923458190926
0.15873085261427125
0.16828990863370874
0.18791412475920938
0.2090393136804368
0.19391774495044858
0.19577917630726965
0.15926889854611406
0.16484825234581083
0.15692971566433758
0.15161092802742224
0.158867871658971
0.11445688130790667
0.18384637593870684
0.17514260967292059
0.15548592371404527
0.1995855008377148
0.18420154774725075
0.18274675647796906
0.15450828131631753
0.1794781924825115
0.20309320201411774
0.1452823506021263
0.1804667837739313
0.16509646262750324
0.18056286013741646
0.16908799293249302
0.20460442050055686
0.179600214960288
0.19643975658542395
0.16031855067040088
0.19754826315583357
0.18124521655593492
0.20977519857869872
0.2009258629686824
0.1938044803142843
0.17581971320364675
0.18954795163790203
0.1889468952627212
0.17352441367670196
0.18798270668558517
0.167305085174958
0.20037459120776882
0.22070377252408616
0.19438576723174225
0.176097336030374
0.21631580495791922
0.183417782445796
0.18775462674571686
0.15764113644009137
0.16883613252972124
0.18713046386281515
0.2192211212427767
0.22521889833681102
0.21739272762657105
0.19281184417985908
0.17589086256281677
0.18180875915992312
0.18082428604382758
0.1586321533741367
0.17454488526040876
0.21003254274484498
0.19807539348857495
0.20125373422113604
0.21598622899259406
0.19714939822261468
0.20418481100367203
0.17590566922662268
0.18419870336409272
0.15518148273160415
0.18339548623408486
0.16971133991044574
0.2066304380030045
0.1918414530529009
0.15399642837185135
0.17919388551207707
0.18476288207160232
0.19383988324583568
0.20937096496282928
0.18335602785402347
0.1668639538031301
0.19781208789337487
0.16327587451322417
0.18362585785426425
0.15356256289910059
0.16027417694179588
0.16788460289201446
0.18171622539319524
0.18681719942399483
0.18723983074028025
0.19067276484902257
0.18279225277380176
0.19295963137776598
0.20883710634728742
0.20098527182074374
0.22119554082917714
0.19641446432024226
0.18477937004723932
0.1979435292393945
0.1733023232071236
0.20808677909778328
0.18334581089062224
0.20480733119303435
0.1716476480102057
0.1709803400323852
0.15372356528179923
0.18574972271867346
0.19604699122040628
0.20565634944965933
0.19783183365985169
0.2069273031492256
0.18682950598377787
0.1976171505801712
0.20875223375296317
0.1800865205876864
0.17145751218549715
0.18517483698978368
0.16449914011291036
0.198299396829613
0.1850008198700452
0.2064832665488627
0.20566013159340968
0.19678800430037388
0.18367687433281063
0.16564888318943685
0.1911709615098669
0.17266501510488894
0.19142391233387748
0.18624427169364138
0.20215220229510383
0.17187474995498822
0.18931934965558306
0.16785936155857523
0.20003044959625016
0.1751832548477454
0.18761729184101494
0.2004521929670133
0.20196447912083124
0.18357402175001178
0.17392185251701703
0.15661117808973854
0.18058476988257735
0.19402358794191626
0.18858329401357496
0.19874138512750694
0.18756581570425412
0.17510985406221358
0.2029219973430959
0.1620515799281473
0.21459499506973284
0.1931474262129092
0.21616413260807124
0.1956907776954603
0.21556082569723828
0.19537392616677587
0.17815586873748235
0.20371555274013783
0.19077733918428622
0.23466600021657366
0.18382441809444028
0.20845018919330868
0.15683908864203708
0.1597717580484447
0.18113767086848268
0.18106804140650185
0.2196723968519297
0.23411620511755368
0.1639176256744268
0.17746302839535927
0.2089294514158627
0.20166029185335116
0.20386594217882414
0.1936684867634422
0.18565578840634778
0.1771393335951308
0.20317163544955297
0.2100088188552108
0.17547874899991533
0.17553793658093503
0.1597924292611926
0.20184497946343125
0.18006380816016263
0.20402519639780184
0.1615188460236536
0.16714052194681642
0.1624082797977993
0.17246003300852542
0.2120308501738673
0.14653657060588512
0.16771452692889635
0.1605640197420387
0.151804320593556
0.14526698295325588
0.18237894979372815
0.17432630487046108
0.15260851519770574
0.14896821221345302
0.2163723880295786
0.186022935368203
0.17833313419713315
0.21514813296983107
0.20282480399977607
0.17659122659622223
0.16201176937480766
0.19150185018690757
0.14104895889340638
0.17271492902526211
0.15136007544610966
0.21420080134231084
0.19539752909107405
0.21620636368220614
0.19603512645853122
0.17157788939068097
0.16731052586622505
0.19244910031082244
0.1985735447773222
0.1885222092213909
0.18566818113446826
0.16355194956640984
0.2183523455303417
0.21158922973816038
0.19275099034385082
0.1861635083369615
0.20309910544072446
0.18748747108875943
0.2037522026620537
0.1940392096762991
0.17955093823050186
0.15379644904966816
0.207225665135534
0.18146135632946453
0.15342078467743128
0.2038969937286893
0.18360803589566743
0.19896658424318808
0.1832713780881535
0.17891171576672943
0.1927714056380282
0.18692641963194973
0.21621835885636306
0.20514924444020954
0.18527455918423816
0.1870309763423552
0.16716386752845946
0.17873605722236394
0.20643164312699686
0.21417154595133975
0.1809120826109226
0.16532378576654924
0.1748567488097412
0.17828333102843805
0.21911319401812243
0.2120378468783331
0.17969481370060694
0.20352590824506006
0.1532194078520598
0.2027354858819781
0.21532798392787128
0.19728080424137875
0.1851221249886311
0.20781120756604396
0.2322029807657162
0.2063137946686713
0.1967071641262213
0.1891976646075561
0.19329077494257876
0.19944160898260263
0.16544866762424226
0.1605421470547217
0.15055692494491682
0.1559708055862649
0.16356852248031561
0.19269932447967672
0.18277306697323725
0.20293472891322312
0.17729621314570493
0.20446645988093656
0.19708892284124596
0.14096866899729668
0.15914889380817596
0.15831976908277737
0.17640034170077024
0.17982444005842144
0.20221308647308237
0.1704406016412221
0.1887910503429934
0.18779927214722864
0.19455243657538562
0.19345654597286818
0.19222175178625525
0.19629897253817494
0.1663047700045938
0.1971124998369609
0.17704482134982352
0.18634912566345657
0.19741469151235477
0.17323200471689526
0.19875991567212573
0.15507118162547281
0.21416784758492827
0.212837661298258
0.2036368509252211
0.18306133971020877
0.20723854143806858
0.17838347524673234
0.18765859785972333
0.19975347369340307
0.20995257198546746
0.18075281421220743
0.15678261591607587
0.19168521287094858
0.14972910452418364
0.1891211392253877
0.1828165221231934
0.16860609219725103
0.1936451806036003
0.17487676093777796
0.19176030346373085
0.21553959170002715
0.186819219409464
0.19070387366360658
0.21984776582684468
0.2080435922625307
0.18711368007095108
0.2122748279204255
0.18699331617880038
0.18830868545068968
0.19782711383003462
0.1864042212069915
0.1611358418574077
0.16438738831784586
0.17821339414527892
0.19835990377930168
0.17293184675231507
0.15365115969896623
0.15697958722389485
0.19068355364499973
0.18256101687561518
0.19837621766020333
0.19210922482801523
0.18042994706327395
0.18215591104478002
0.20652121549787586
0.22165286530445663
0.1778283122640051
0.19934482548774773
0.1886261269659492
0.1981043931604729
0.2076284413515377
0.17371699087403125
0.1591090874833595
0.18073147369066747
0.17541750238061932
0.18658267694212988
0.20031998418159958
0.17514233482803596
0.20671995216715625
0.19193427817375625
0.18006645767926927
0.18246195921372615
0.13682907944544997
0.18533174285655035
0.16958994039238787
0.1895438889500824
0.20426661515207445
0.16556405587126186
0.17465633704155623
0.20129792435988383
0.1853806183515577
0.17384349244785338
0.18044724428549871
0.21495939988064117
0.20888913766007647
0.20185481454209298
0.19034104190649678
0.20353894839404116
0.21005111202519175
0.19986523640050718
0.20200401324091644
0.18344059254212283
0.20446036196448958
0.1591339295425798
0.17142952847804638
0.22115262014453874
0.1707216063092267
0.18514925434208296
0.19824970818122437
0.17849353016830566
0.1765304699121934
0.18210083321256412
0.21282476243296714
0.18362135558653533
0.21820193496324086
0.19885601038171088
0.17536911168559666
0.21250023317499636
0.1719077285181616
0.20416802666291242
0.1794999251364268
0.20284271798271591
0.1858234984599529
0.1710263668195458
0.2041476759046219
0.17759057535993658
0.17923976496234734
0.19925422199452147
0.204423108060808
0.1943062317612997
0.17196021094593109
0.191960119572386
0.14667485223043586
0.18734012309842815
0.18881690479540988
0.18757096930335643
0.18578655680432785
0.1952716569183242
0.18662361658337692
0.16041892713244202
0.19918439516301062
0.16910115657172575
0.20451839188119542
0.21622522897006405
0.18782968990391707
0.20288571234032543
0.20033416578580038
0.18799325764071265
0.1868083609194108
0.1669088708817312
0.18061180024395854
0.19865521692902025
0.19828004773031685
0.18048707727289384
0.17488146253490192
0.16363781924199153
0.18460927899946286
0.17917471528683654
0.18377750362241552
0.18481468307512686
0.16375020837175416
0.18283683537905154
0.17695249364827262
0.21986028642185326
0.23764000823499784
0.18593575066814624
0.19986812111595034
0.1536287087972126
0.23046205950475743
0.16494586640103598
0.18300074565473246
0.21627725636481077
0.2069063507530097
0.17726598953981687
0.22261025608498547
0.17187189768525993
