0.30180500858277026
0.2963055631999477
0.29808586882815813
0.28820969446017186
0.3052366652607447
0.30970813213945225
0.31374997454088394
0.31257825746248796
0.3092584384648409
0.27613114140507367
0.29735680897342803
0.25902109522299804
0.29227518961145504
0.30543533368857617
0.2877108005382233
0.28912922270017416
0.3032637280651129
0.2873523921550328
0.3131136129427431
0.290227698082161
0.27285708161724737
0.30139006856612865
0.29860012246525486
0.30998730498671295
0.3031876756807173
0.28749946612267385
0.2768037101643805
0.26808515937938293
0.2749757828682839
0.2763506838395302
0.28118687375418217
0.2769335352037367
0.28693343898019635
0.29320097203531814
0.2774329167155525
0.28247729261178167
0.290924222657829
0.31129766069989995
0.2986140989070429
0.2911723176810035
0.3135179251364506
0.27579115377646185
0.2836072058877009
0.26743418116088297
0.28582377315692675
0.2907076155701525
0.2824192201658077
0.31666908591822907
0.2862957994303994
0.2956758064144893
0.29892976757377765
0.2670241870460212
0.26980586869970236
0.2855705311775363
0.2847205352115088
0.2781176995654653
0.2695375325942154
0.2723156902786441
0.2956236737265647
0.2924547998701612
0.2878354566531174
0.300008419274319
0.2942881915906443
0.3066741911821951
0.29014418742103293
0.2840090389762487
0.27416484470611713
0.3077547906796956
0.29170132787314845
0.2800180044846919
0.26396431780189406
0.26986824137943644
0.2970075044050036
0.2745398923056429
0.30175648884729256
0.2806580064741431
0.27998878421305157
0.2881255247171752
0.28478077295725945
0.29406083204740263
0.31859420050997544
0.2720019960475407
0.28299626590675186
0.26616702767600614
0.28648278487942935
0.2676901027791754
0.26219394928005596
0.2960345779859612
0.2808384300863647
0.31153707581561313
0.2945615622770907
0.28990791589918097
0.29392192062822126
0.2636017234388001
0.27477095685710456
0.30646904811744063
0.29759847466732137
0.28634807820007246
0.2844462905362817
0.28233296010290515
0.29530719328464766
0.28250189125953906
0.2566953899752637
0.2881586293286258
0.3015772549913897
0.2957739399682332
0.25826718733635307
0.2505461046863026
0.2957115039484829
0.28065132014614463
0.27708997480766717
0.3019938357316624
0.2881508376715015
0.27611775405707895
0.2860130112300593
0.24753015878615883
0.27885830369417114
0.2674299756271927
0.28363526580867887
0.291987490508756
0.2828342582332876
0.30808816042955456
0.2758596245747929
0.2879465911641635
0.2856075204734942
0.28010503861301767
0.29412597130709983
0.28643906898432026
0.26220946639075393
0.27044894168951833
0.27282846598554006
0.25971842820289337
0.2765826495297926
0.2817079806014734
0.2660636704355957
0.2988112909570413
0.2845111605458794
0.2663246929614131
0.2640248048599887
0.29046545228081355
0.2868133465626109
0.27597197714228916
0.2804057678627505
0.2605999906278155
0.27425440311391247
0.26582547912268967
0.2767215645838819
0.2621452248642307
0.28772204786752587
0.2838881482074416
0.2560726814500705
0.24595122883984052
0.28124617509949223
0.2732576815830721
0.25919213044310496
0.30939643212588813
0.29700537596091087
0.254475604438525
0.2805028130868457
0.2682370690600478
0.2645971192894548
0.28131971652029936
0.29631699476758494
0.2914109632813256
0.2998263864546794
0.28379907293845463
0.26769479659943357
0.2867361036577116
0.296772066616195
0.2547365435660972
0.2704870006958337
0.2412313824803665
0.26021108171386087
0.2645638584005501
0.24318049056222268
0.28131737671287355
0.29202117361342383
0.26155763938629484
0.27671739192295264
0.2879736018202055
0.2849165127194224
0.28348512421759536
0.31885072042128304
0.29363533656736385
0.27585077194933877
0.2801669217862719
0.2774982247540536
0.28416707950915143
0.29071291856309384
0.3207957418693399
0.3027315980877445
0.3193055842753248
0.33265445946904465
0.302191404605129
0.2926065989083753
0.2759890965628347
0.27576479059132714
0.2856417728106559
0.28153465604772254
0.2884907442689537
0.25992561405924863
0.25094356788007616
0.27650533344433187
0.2604250356206087
0.2933826525177329
0.28552766659607237
0.30987327646937407
0.28563146401262896
0.3058953730425683
0.29517309693704874
0.29212683605180745
0.2694113630251623
0.29037953572493636
0.28586784672410526
0.3097473911198309
0.28271961475393753
0.3323039304997495
0.3300728386374063
0.28679912611147007
0.30707682945979964
0.284426859724592
0.2808046047307663
0.27468378816623973
0.2815282897541162
0.2784286553432194
0.29008263377020205
0.30712785515555435
0.3038256943240204
0.29342179235174437
0.29548963599863237
0.2834804757831039
0.2949832986862982
0.303793215574784
0.29357044119690395
0.2843540536554887
0.2900441311666309
0.3370311296807254
0.29298033483539654
0.2883882316553882
0.30215849799299044
0.28249392923397804
0.30243258522140326
0.29784011468629396
0.2973645647217077
0.2592811964671881
0.250343215830906
0.27592814724408166
0.2747778151393975
0.2925497898128594
0.2937651908114591
0.26881901267457864
0.26569467776039707
0.2750477474154582
0.2645758834816574
0.2594111831154515
0.28746991152143225
0.28022872721712133
0.2780493518046684
0.28941812966151265
0.29151294597331595
0.3164405172822193
0.3020310372593835
0.27920576167355105
0.2781429461986202
0.28498356113093676
0.3140894308429862
0.27850950940336766
0.256081406903157
0.2777006783083872
0.29683805536837865
0.2847874422623512
0.25123298354807894
0.26593858642737705
0.24833018424603093
0.2634116231902947
0.2928865541962912
0.2700445099276972
0.2769858665271364
0.25818071824123634
0.2978890996600706
0.29222225073907576
0.32098043861614817
0.26769687210243515
0.26552043101390455
0.3107070311514274
0.2629895153752139
0.282360843970297
0.30359530396035384
0.29021333994852483
0.2922433906117588
0.2761411097073516
0.29795090524180484
0.29394807620428615
0.30246490741788434
0.27805264906195204
0.2725354631839126
0.28001537637760776
0.25760718056686754
0.2686724677867432
0.28228207190022114
0.2933420872666591
0.30274741891999596
0.28066543994979204
0.2864131351322611
0.2911009001562636
0.29719251596763613
0.29531273047886936
0.2673855893996869
0.3384343890912718
0.2909690516849527
0.2932518288666255
0.27343753925439135
0.2873593011344874
0.2933619254687332
0.2887555497345451
0.29504156867244563
0.2711160613364904
0.2536725701510363
0.2615684800842237
0.2687339988461624
0.2960624231509255
0.29469728887206365
0.30885567013347265
0.277906853275226
0.2665739775792434
0.28923352048869744
0.2897287398061574
0.2837791877889397
0.29581129652223337
0.2727500586488817
0.27933660852559045
0.30639109770144574
0.2813978884927356
0.2932263795268089
0.2708377554622912
0.2712540947203926
0.31060617104098415
0.30855346934594324
0.3096760952625751
0.2608891061714253
0.25974078023116803
0.2767434873862416
0.269249161868375
0.2752191402786853
0.23637028540368485
0.2820952322127261
0.2964613620072057
0.2905564907286743
0.2817807236746963
0.2500476376310597
0.2648456337832721
0.24717613885635067
0.28854586427813905
0.27450401274153485
0.28143601082388936
0.2893094475906298
0.3039108751475407
0.2929694556287846
0.2855105257809803
0.2701767735626566
0.2914320397586901
0.2827031673070623
0.31372910937703735
0.29320829719165276
0.3028841610109229
0.2890949240668772
0.3088924830510192
0.3015724442192063
0.27288890571092767
0.2691318306580597
0.2562500809803073
0.23468050711265312
0.2755592161512718
0.26483477937736044
0.27184942466116935
0.2784890694041173
0.259066199175306
0.2643702787134398
0.283347815975323
0.27679490878684504
0.25418857571124437
0.28109284113643296
0.28098342879526644
0.28378168999431574
0.2678503477184021
0.3026935236817545
0.29336912788595504
0.27843313185155705
0.2686631981618606
0.2705476769605217
0.2874345662649921
0.31317584681038585
0.28783576205703737
0.28091520120923413
0.27693492642915807
0.2970968356070207
0.3108321424488715
0.2909523261709496
0.29648740172412397
0.30166649850369043
0.29834124019990677
0.30399299816011266
0.28488556673983356
0.28414809815292497
0.3053273136589101
0.30349433381037577
0.26942277557969113
0.2862827438330935
0.2803818215379726
0.2592617079648028
0.26022084881725244
0.2966843321852467
0.28712453645694347
0.24926948450551362
0.26401085692497694
0.27577601255148665
0.2635362914615198
0.25624969181317064
0.28357386065384843
0.2942240879097167
0.3159419428954179
0.3042604957881519
0.30108542871809113
0.29058738610438184
0.2988174582115941
0.33061861345407406
0.2815643354153932
0.3118332842540523
0.29392182532957556
0.2881563298041216
0.295352261332684
0.2753595202442902
0.27582198217348436
0.2714603152384646
0.2627613173198461
0.3046934397649639
0.2683108689711054
0.2731151051243298
0.2702845329053813
0.3013086180303147
0.2850791895203907
0.2928498773287726
0.3038006166342351
0.29118738529510635
0.2994103674513366
0.31160297653437113
0.2856059986992772
0.2697231574244489
0.2850015680720668
0.2869505098824792
0.2504127236415605
0.26476323716628114
0.2532292080003835
0.27800717838767064
0.26375245682206905
0.254062297903565
0.26496949073837006
0.2699006304298115
0.28613786769132193
0.28651244243388063
0.2867285610709248
0.2958485827639249
0.2958363371843149
0.2817068437898806
0.30334752847963703
0.2910159102480112
0.27892670309738155
0.2997146046362603
0.29478945495188347
0.32666529006784906
0.30029744460925023
0.27550950838163096
0.3078308854120851
0.3040148521426508
0.302338246872325
0.28996013058756265
0.29443375122162885
0.2860373254987201
0.29289170930174874
0.28418399820707285
0.28433342337520773
0.2774138122535276
0.2876049510849961
0.26309193892814964
0.28382835929235173
0.293168076329113
0.30801834915036147
0.313849162415451
0.29137449709940183
0.2873335936230493
0.2863724467197338
0.27353780616639317
0.27344574371858754
0.3050130740263048
0.2953120917971141
0.27687693848488043
0.2863797540113133
0.2793519955149516
0.28112870852506455
0.2897968384567982
0.2681668530913221
0.28364197768937915
0.29051119500743
0.3045663525414281
0.2804603919327707
0.2985512697242415
0.2861252216061598
0.26324885384190627
0.3153747940636459
0.272406832155627
0.3070735339025348
0.30630160485796143
0.2994952074037709
0.2902518677678809
0.2943914965534181
0.2842098992856389
0.2870025302520985
0.29587349820077036
0.281784217614843
0.25142334690519846
0.2497904594361661
0.2599986288579654
0.28972938150776806
0.27732643736228424
0.28556431876527794
0.2562779719184051
0.28145756402980004
0.2853445721521494
0.28337251042954703
0.27888534450641594
0.28985918019268
0.27766801275719066
0.27586959707845865
0.2790328935403926
0.29156634512952334
0.29461878772629535
0.29041801221087865
0.3077898857867323
0.31336434653656275
0.29800763887569215
0.28036274160180785
0.31849010626464025
0.2899332057486351
0.31737067765840205
0.29685375482845905
0.2919483857946014
0.27385372931309565
0.28275447705247364
0.26046242521473906
0.2723465289003691
0.25074843360975263
0.2635102524662699
0.2781432969126926
0.2668046762014071
0.3201661880547632
0.29820402048999195
0.27586194644654427
0.25504883978512477
0.2983466094333785
0.2852434349795124
0.2856717763931802
0.27631488618423394
0.30249495778214713
0.28924905105178517
0.305623427774487
0.2845300467397222
0.3033258887996185
0.30750251789917543
0.27494278498769675
0.29162811134594163
0.2711731579439539
0.27824194513994716
0.28238035929082533
0.2837690937266638
0.2758623372333998
0.28157275641794904
0.2947425734235364
0.2694920045530577
0.2679784087854667
0.2804495604490286
0.2675993284420554
0.27649154637952084
0.280752974018606
0.29548873640700096
0.30679945251644264
0.2884433730245479
0.2950185235887821
0.28495945866824984
0.29051180753562605
0.285350770469321
0.3004657959898917
0.2753786799161411
0.28195445253803836
0.27137129630088536
0.26096672560648704
0.3029836824763816
0.2720903382963022
0.29976743107463727
0.28781962955990237
0.3094386389797959
0.28102966763458237
0.2827292566587102
0.2840574866431287
0.272810330356802
0.2955530137370795
0.2628559846659306
0.2723482329831332
0.28334688729464397
0.3110160174497045
0.31107232518723416
0.2894135732607833
0.2965527739382977
0.2764910073932732
0.28252112877181595
0.270174573577144
0.28742729018043073
0.292953368807819
0.3015588507787756
0.30136975619252515
0.2857974934370465
0.27447903715604766
0.2731232763209519
0.2778770690609669
0.28982182943189366
0.2755392313408775
0.30244506966731693
0.2886604113319695
0.29151302099368326
0.3018665559260418
0.2711467810207365
0.2896499668997432
0.28935299001372944
0.2919135584157568
0.2763732630271959
0.2657762309779808
0.2842322460645305
0.2694435599808313
0.2661146226963929
0.2902188203053864
0.2909168698716217
0.29439669553204467
0.27166627400611554
0.2699269338962396
0.26023627857275095
0.2931002051404466
0.31043704202557576
0.32915354080768733
0.2960695783590691
0.3041452167355389
0.26757235415627434
0.2879458815101025
0.27770631469352114
0.28088723737922855
0.2630985481085817
0.26401176311378693
0.27118874246487257
0.2698893827946102
0.2857289964762722
0.26803610312928666
0.30035891663619435
0.30191127511580856
0.2845784420021912
0.2647248949738661
0.26787958185433375
0.26716143718695706
0.2502360759534262
0.24689968292287548
0.2894101040795131
0.2735784287783495
0.2709840652355283
0.2594977402201502
0.2777443692418014
0.27778814872564256
0.2769771185929838
0.2733096158696089
0.28392559267772777
0.29982205526735256
0.2660338191193481
0.271017905954957
0.291136008514287
0.2772694957448331
0.2766433263482904
0.2731006102561884
0.2517910841417304
0.2751210445360386
0.25020508051386237
0.30447121954613016
0.26500466119173804
0.27149634828781083
0.3031521022490483
0.3031603447925517
0.27877328434183063
0.29367100917240113
0.29499601056301156
0.2907765124289344
0.28311514393043713
0.2739045599464761
0.26518049807933036
0.28136947793258943
0.24788552381605441
0.266137594763586
0.26303080116639954
0.2711253519540653
0.2665995409066087
0.2684376727733485
0.2845449648819693
0.26541237173978477
0.2698204355413949
0.2816400446085836
0.27685376708769716
0.27655003378730164
0.29571197547094114
0.2783369466581706
0.2942309036319592
0.2964792900334312
0.2899513216485633
0.2908933453049904
0.2945262536551062
0.26773038766132873
0.27130176143266516
0.2956787919883319
0.2570582143955197
0.2739233302904854
0.293896867506176
0.29101882474242274
0.2888310336690417
0.2739206388348483
0.26796325682821737
0.27956194220838787
0.2595169538888647
0.278221810750301
0.2685131773744266
0.2973867672410054
0.2951247990059132
0.2941077625204088
0.28969711871239695
0.30963512281739225
0.29004616532678346
0.30089347853495924
0.296614475970792
0.2972104739342682
0.29430523730566654
0.28961438584322824
0.27588158802594154
0.2797019479853346
0.27973122837134884
0.2712117948278815
0.2634590156319429
0.275151785929162
0.2703420616644965
0.26071876182465875
0.28243356468964625
0.24789861819947887
0.2979188356258129
0.2922740053254474
0.274556208711984
0.2806768893593401
0.2738858396485258
0.2967280396910562
0.3057709369707018
0.2745050722315378
0.27875392886455697
0.2962013386866405
0.30984578365958415
0.30863378678475345
0.29306813327157316
0.2944339008791115
0.31921079322859536
0.2998718459681145
0.303436567869837
0.30548474563770434
0.3236104459185938
0.30857422331732837
0.283059401450506
0.3021426391971206
0.3021796591640088
0.3099449667369397
0.2897776560774071
0.2889266735410575
0.28102591365924273
0.3067228168912118
0.29972245363898997
0.311479580124364
0.29686990182108547
0.2734260386112401
0.25094281139683255
0.30570886408865716
0.2970188299457967
0.272321231608118
0.2792612810589392
0.2680939767107419
0.28977947438110013
0.28131197714647493
0.2924740584747714
0.322587301925068
0.2971051229009977
0.3047120502240948
0.29127880935750433
0.2900574326584617
0.30324487910253334
0.28951742524964874
0.29903608868044784
0.2645952516164546
0.26838015064862575
0.287667262729649
0.2837580464906161
0.27485323320694494
0.2818435314813725
0.2854979766124626
0.27675083044351884
0.31179554301398893
0.31157293333109315
0.2656338929472073
0.28114666689886975
0.27235626016694836
0.25994714404683983
0.28797248526647
0.2854739893789304
0.2694134176224436
0.2686753120639959
0.25531589642595937
0.27908513742034957
0.31007861979319706
0.25452818123350873
0.287952118283162
0.28827168319012614
0.28988002652245354
0.25995913184457775
0.27536925844130355
0.2938410357656375
0.2841496943541711
0.26369019572147806
0.29504073796430547
0.2785751321847743
0.28691280656250656
0.2652428988427614
0.28416333010797384
0.30170025596611433
0.32136185620143987
0.2835804500657387
0.30175157147102144
0.28082055986178034
0.2832165781985119
0.3023097185313102
0.2773604328481646
0.2884637887778011
0.3004803904221126
0.28278244595666885
0.27110549319758454
0.2945247692891781
0.2634318562091359
0.29997185398618254
0.3000260167421657
0.32703994423767263
0.3245513338733099
0.30243785174821364
0.29472661535314204
0.302300450288255
0.30637217747804807
0.30190243584946774
0.32418544075402833
0.3065536062103246
0.306838022468819
0.30134106861006726
0.2972165122399576
0.29895404636677736
0.3165573135826047
0.2812703156536864
0.27175338039153746
0.24934891492511482
0.2597695604470925
0.27701889322600076
0.26383459444554785
0.25297558404874615
0.2717371152758802
0.2774553218343909
0.271049088413983
0.2736934518916947
0.30148530107270366
0.31104504910524877
0.31448358280341254
0.31624079948532946
0.2584525724645749
0.29616624730739655
0.28783438406734585
0.286924042685837
0.2853161097862011
0.2591531112639091
0.2681717310054455
0.29183062195991244
0.29661967863296723
0.3057241126775513
0.28930768956989256
0.295156888673746
0.2616563624794286
0.28903366711215367
0.277326015245632
0.30550874554158847
0.3119717515814926
0.29806850483240716
0.2844925926099197
0.291273481918587
0.2773892229609778
0.2831859156527547
0.2813731197728122
0.29727416960677094
0.30102023214285417
0.3188999536849068
0.3100700176704857
0.3040430987014344
0.30997529660500056
0.29929311177300766
0.289507739597427
0.3029692226060974
0.27964216143100357
0.2755100822568279
0.28959513318066094
0.2831747661006943
0.28184562431603855
0.2871294329976302
0.2737137205895849
0.2611561241742041
0.2734274752710517
0.28716650556483064
0.29330172979681407
0.29728481216739366
0.29891437053051817
0.3010454568137541
0.3057166222943027
0.3046295430433506
0.3025015425969905
0.3086997178621097
0.27994878707377874
0.27069998853134525
0.30564892732322385
0.33210385273804827
0.3013562529897106
0.2920969297980946
0.2816615650555397
0.2873698853378206
0.3224063507348526
0.29081410235273625
0.29089096498012146
0.29669809818859944
0.2917899801298616
0.30223427446575957
0.2953572137533033
0.2551123250963225
0.24936523767149707
0.2739679455320447
0.2661570258850647
0.28355917213975024
0.29737556158211953
0.28616883960330125
0.2847001448698804
0.26968937922974384
0.2727959942395629
0.2691266553408838
0.2524565204810377
0.2612890537279111
0.26724541559450515
0.2761452177164275
0.31514478375216465
0.3023081976942732
0.29447577908877304
0.2939440793527868
0.2826839937880861
0.25781582102318834
0.2896474813952967
0.29767909005226617
0.30372509293554073
0.2952212712822556
0.28166339237428545
0.27647656245274255
0.3001909744704841
0.30746850253757274
0.336546291521732
0.28139173457716005
0.2759303683804676
0.30462389793695605
0.2697571662844207
0.28908536819561537
0.2952334745152044
0.31306779724801603
0.291454753826468
0.29168772437463036
0.2885555655019237
0.2831676518421619
0.2860830688057079
0.2760882425897129
0.26257551526476464
0.26601733741699013
0.24935737677283748
0.30810656009956433
0.27666129894273556
0.30427488504961336
0.3042431757893364
0.29201770484668466
0.30092275407869534
0.32558219626895724
0.30093725683675626
0.2874029540501761
0.3071301125494768
0.2931768604133942
0.2972618362884244
0.315317145846567
0.31386195235247366
0.2904073112227118
0.30325047783256814
0.2900979004323235
0.3014146358287743
0.30192959370440486
0.3031605579504934
0.30400105558484475
0.3050576889217268
0.2881376991750732
0.2968688453585573
0.28534187581685894
0.29618511596718766
0.3189967066760671
0.28175261644436733
0.28805092071528315
0.2983936233193311
0.26746300313230104
0.26930799468269007
0.2808921081191546
0.28237079106444457
0.3262350139588436
0.26886625773061695
0.2533093225317095
0.27705376225056344
0.28724802107719843
0.29274477580858876
0.284452554073644
0.2778376003969485
0.2725567360486577
0.25786656610044756
0.27033773381962767
0.2704586564174887
0.3068075436970434
0.3043344196835708
0.31273017555546256
0.29403402037905935
0.2821280092950139
0.24812886770474635
0.26727228492582655
0.24428862223258538
0.25938578991259004
0.2844412364282678
0.28305765135069577
0.2962465964174838
0.2695090588261476
0.2801458533375958
0.27926504242436107
0.29223983880391685
0.2732464171855711
0.2647664962712441
0.30008246208863393
0.2560842035441245
0.25414250971603347
0.2707677015692605
0.29207284122232924
0.26214296933413084
0.2815740954783903
0.3068618886077988
0.2756718399687726
0.28077439340843363
0.28981150939535927
0.2778413287920992
0.2644883611566998
0.2815550824335366
0.2690625882247405
0.2918853232442057
0.28577211671368324
0.28447626083837896
0.2760284381839216
0.2618964273707728
0.2862972911585941
0.2914688675106124
0.2853368098129151
0.2835254855804271
0.24629598789273988
0.27940454056491837
0.2892633082628183
0.26564011905177887
0.28659175135454634
0.2969178039985769
0.27152526836292373
0.30321718287018273
0.2735245044350289
0.2654668475659396
0.26327819860700435
0.246854346389647
0.3160697425079721
0.25953247040907634
0.27282134414578735
0.3038263996380437
0.2583140016393802
0.28689270254687516
0.28313836440839846
0.2675290732357769
0.2670810249300102
0.2997258510608897
0.27725693783686056
0.2658816273101808
0.2976918226011307
0.248919830516338
0.2550444472320538
0.2832055240936165
0.28216702305645947
0.28131236357234085
0.3316209754104463
0.30409766359230794
0.3024366742709592
0.27004799604914653
0.29670020136475567
0.27797882959883535
0.28867092891218504
0.30132050658518933
0.30508652223248206
0.284626556013948
0.29227309804477514
0.27304623814092355
0.2656496337173664
0.2763533720298717
0.2875595367886207
0.26622177486137016
0.2678949442554319
0.2688847528204498
0.30855556180870514
0.3071885032097699
0.2789032077180587
0.29538333164938657
0.28820384385310305
0.29147993093536906
0.2816793798382278
0.28782885988132184
0.2729073555364046
0.2851875669799027
0.2729709176383809
0.2984840556161224
0.2767072253438679
0.281433778543683
0.2749427860500155
0.24496536907127503
0.2848875971788474
0.2799806927391622
0.29460067817685154
0.2900931350233273
0.31502576323679415
0.3097815001682476
0.2963257050633918
0.297647734084165
0.27536503981778204
0.29658315998049106
0.29490647541620757
0.3055949996268171
0.3060224260970597
0.30254578584751207
0.2800667672762422
0.28902068743628345
0.2891013463541898
0.2970841831454769
0.2705193164707689
0.3064307252516691
0.26620531231138045
0.2658471635068363
0.27608604377278234
0.28443141395399657
0.29554635981271915
0.28913536153968034
0.26204474693675023
0.2739852038842749
0.2838454366580775
0.26911814494323977
0.29964648019751233
0.30124246702930435
0.31692626052086664
0.28881113445568224
0.2897265007385264
0.30039383512237583
0.28667414070951247
0.2998526390048901
0.30486634526619827
0.30245270051774836
0.2870545549135309
0.27313667224664917
0.2904188880738617
0.2814095806798848
0.2869822755488338
0.2886503646580066
0.28435530758759237
0.27488158067287377
0.28997250496975585
0.29823494502064823
0.31119282523924624
0.31184920804695904
0.3014911247961079
0.29491631384039135
0.28834393615129206
0.27676876533907324
0.27685500026040116
0.2627789271993862
0.2853536525662081
0.31775434818184806
0.2992131344943201
0.2823657168821553
0.2877613015960765
0.2848042753012326
0.3121110964452091
0.3003407217843894
0.3132489457109147
0.2768543176272826
0.2733456567885493
0.29654349408029673
0.29650556175088194
0.29959225085400093
0.31844883637332444
0.27834273597119585
0.25780590829599337
0.25619902960212054
0.26986593387420044
0.25149106317030473
0.2564581600616628
0.28534966495623376
0.27736510209442444
0.28420589746317126
0.30007791079334384
0.2708125983466155
0.28543945033466794
0.2630329090307624
0.260713140704236
0.29026515322533336
0.2867954669028492
0.29581090505484275
0.31401867407575784
0.29043684611053144
0.25363530037540255
0.30858118178420263
0.27967954865410855
0.2865949185706715
0.2635107443873325
0.3017370998375902
0.26794557150045006
0.2842908079951848
0.28859697959350883
0.308587474987623
0.30806990688574815
0.31755530031960744
0.26558590349312483
0.2691461789982541
0.2951773690788965
0.31460259616705544
0.27424589458584486
0.2662889902591686
0.27687294700001347
0.29059994367292225
0.25593262662153365
0.24182158237249177
0.2642703600902483
0.27935281190453276
0.2784931641004975
0.3017972439552803
0.29368364758350013
0.2926613630265001
0.2622923935111626
0.2782391068310443
0.2586901064762655
0.2757884020811254
0.2952024383976874
0.27043885392958034
0.27496837836373117
0.2526823364317941
0.283999104515335
0.2785424041765204
0.2908999827603026
0.2983407516043257
0.3009572907003323
0.2895088489042639
0.2972755388808993
0.27616795440321423
0.2818403279374802
0.2813800466207387
0.27616671647315005
0.28163586970550586
0.27450294399955355
0.2722801984635588
0.2776541454819356
0.2861983450275737
0.2742457208804245
0.2726006777272749
0.2717310484608144
0.27464897352178613
0.2767063016858108
0.28142413226680446
0.30843152199833923
0.288106200658115
0.26752413646898343
0.28621732590233706
0.29877632339354865
0.29002570909667635
0.29450461426038094
0.31463024501665915
0.29780848866062065
0.27823569417972777
0.2850441225340551
0.2735329361832387
0.2890807319477192
0.2693279640701958
0.3033580311256357
0.29826970136991365
0.29938554192367656
0.28202256720552604
0.28305133572935887
0.30864281473419153
0.31784318211406143
0.3016550030518652
0.29188267335206064
0.293751890833591
0.2991487221536008
0.2819293330767947
0.26479989424367706
0.2770426360993175
0.2886172124956102
0.28385064105368024
0.28516127167813277
0.2936655813780839
0.27384117633406646
0.27176916987248695
0.30089535222147507
0.2974449376377106
0.2700995465361151
0.26431195744975633
0.28897821385559813
0.2982191378077314
0.2863992025091476
0.27217907759451454
0.2611114038765522
0.2764755734249783
0.268709586459687
0.2842855076941751
0.30370909586807304
0.30738022300414397
0.2821970698827654
0.2915993960244747
0.30759499934477713
0.2971735219510357
0.2941679657349988
0.271574020161351
0.29798681668181626
0.26483504870036334
0.2774709795481919
0.28630286001239147
0.2671887630443944
0.27830636708488343
0.3082169116208357
0.2685819243185235
0.29434888924674985
0.29203332925135184
0.2800157953603319
0.26360131410888665
0.2927276567286838
0.2865702484170551
0.25654465796447845
0.26896238652724735
0.2893405946623979
0.28992315419900316
0.3230847055625383
0.3223338785255174
0.27782665464751827
0.2914667263552236
0.2669600708402937
0.2729520798634044
0.30975817486907514
0.27922055951663527
0.2789095827994594
0.30221084939710524
0.2723795418411157
0.29827798567460406
0.29083368643524515
0.31869358798092734
0.3069726635898376
0.2683182072217669
0.301248557738019
0.28841222376878334
0.2858567120888281
0.2988704101768321
0.30750726734091005
0.30566776658602557
0.30673420126921724
0.2960819823833726
0.3152305222515982
0.28706420234853725
0.2731017582576241
0.2925263400794255
0.32487323818227276
0.3046443740793221
0.2983888337725075
0.2628767681470166
0.2938570607425738
0.2857385525283604
0.29961633304979357
0.2822148692212276
0.2920180175623409
0.29460898546027564
0.3095626995315749
0.3100463159671263
0.28897257315514513
0.31490441602404806
0.2802754607913165
0.29781451409489046
0.2834366826588173
0.27334094434606787
0.2622537488357713
0.27599651782133156
0.2695581619280559
0.2622340946702234
0.2897959089438849
0.30236295557815535
0.28151666983633133
0.28502681126553614
0.30188478829581367
0.28800480723505517
0.2880308223283389
0.2915047487952092
0.2653527016477105
0.28234669438672155
0.2635803530603211
0.30359232731886765
0.27240895334312343
0.29714478182948534
0.28200563761482134
0.29211229866550487
0.28524651705310483
0.3052335298858357
0.28779708226774037
0.2600652208364005
0.2910819416567989
0.2602131490345352
0.2906285624452261
0.2850929965316049
0.2937702269616679
0.3051043349067934
0.27867775506137243
0.25154768410787537
0.2630626072705297
0.2713663608584771
0.28850831039985503
0.27703598456018946
0.2620334168428072
0.31184758221060327
0.2555847315266837
0.27466962098292313
0.3098553825248022
0.3015722562471236
0.2803661261801951
0.2903412308966761
0.2962899126555506
0.2642691909621868
0.27975114635807763
0.3053081180235935
0.2835811876696834
0.2685878971871448
0.24916712484110543
0.3020039391343622
0.26864072025384383
0.28366529562991355
0.30810890718786926
0.2739295584135733
0.2823328082684925
0.27966037624933227
0.2892514010905109
0.276933776275938
0.3068838415412658
0.27936584858703567
0.2752998980231011
0.27572820377091944
0.2860771554700184
0.31983241821520575
0.30275145911935725
0.26705024054369275
0.2588695875234257
0.29666962876283576
0.27728007084551903
0.25005385597656915
0.29070998336982123
0.2413226787987899
0.2840794962152122
0.3156082201797594
0.29881159068062924
0.2801430740530109
0.30202650590206637
0.27150150728189726
0.2776313009868277
0.3036364896319227
0.3016297605733615
0.290519205522684
0.2765410777954043
0.2664918216958388
0.29374420767224874
0.29642509085077295
0.2946194469672256
0.26946180092454397
0.2670615766368778
0.26896523123855093
0.2823837946943107
0.29800906482553524
0.2758173432555865
0.2768801593410373
0.28049778745479964
0.2760034521903225
0.26455064464781697
0.2935410510467745
0.2957545090676766
0.3038851216902075
0.2702131185612053
0.3043484023765568
0.2934979296281455
0.32242745129060557
0.3104511945400048
0.288738417930041
0.290197306158115
0.2748981396973862
0.28372910232517656
0.2725599908678907
0.27516719424732894
0.27435950670189985
0.3039328116547277
0.28926002303005544
0.2866993282033588
0.2825878292834862
0.2553086865100219
0.277911747721717
0.28507699173972306
0.28867555388297994
0.31519578220145444
0.2925870842527198
0.2993285272742429
0.29723574947980913
0.31694367032284243
0.2890359691357164
0.28975343801444225
0.30210227318629057
0.3054832810631205
0.28891674797667605
0.2834413374891854
0.2872455975719759
0.28995552038885175
0.3075947508165033
0.2736789336842845
0.2942916549277641
0.28148800759644604
0.29794951372354433
0.29774359742215845
0.31987569853037495
0.28192620083245795
0.30231842164569206
0.2893255120066342
0.29553471717619373
0.2986442217615348
0.3097793543866867
0.29024985405112497
0.27055862608867426
0.2819759323120351
0.28923545758145
0.2989700784746225
0.29183517888206073
0.2699385805402949
0.2740528971690646
0.28751227391388257
0.2954979621807878
0.28910486274278147
0.2794583336235643
0.27331530349827976
0.2807150040549406
0.306922605517801
0.31235158034672894
0.29225257115773606
0.30254686358868205
0.2684085489950815
0.2576571163578401
0.2649145130259519
0.29485335073578334
0.2878547597551959
0.2956429352745168
0.2910260322671128
0.29662935999348017
0.275853374532939
0.2498405840524821
0.2594925993971311
0.27081317218297934
0.2981241833015602
0.29495559587828446
0.27829425291592336
0.2862057674535776
0.2912079672082398
0.31338558533165883
0.28579019920412463
0.2831341886748593
0.27915770372904314
0.28899477975892635
0.2835469686164886
0.2881984571532584
0.29754045208382784
0.2896523183258606
0.289411532916644
0.29919928441821547
0.30223808696552484
0.3217945224384384
0.2970124797050351
0.30001204515723423
0.29973691507802414
0.2840526523442527
0.31185727201185276
0.3011337528086718
0.29806005941523706
0.2925835319469283
0.2775837690459398
0.3000111803525576
0.295460822329248
0.3003763246352734
0.3039651663373368
0.2641857614766116
0.2972383266376288
0.25440323144014604
0.2749814093945474
0.26542570947957234
0.2745503585232128
0.27942986959137067
0.27454905188263495
0.2654868672994142
0.2520361139762311
0.25429058912743135
0.27870652648140837
0.2702093261409598
0.25238059080289843
0.2594040852288732
0.292857030104286
0.2848072285214029
0.2744897726311122
0.2970824137827349
0.27408902782200184
0.26048495751833356
0.26008186548893125
0.26873963767816633
0.27597533137844965
0.2773793647407303
0.3285180638346944
0.31220504805037463
0.3058457446489194
0.26581649723326156
0.29715973841618915
0.30524730213021756
0.2919698583476718
0.3009423561757799
0.31162582458211835
0.30405288502858224
0.29176748173940137
0.29209763657990323
0.28807853746063705
0.30619793656725214
0.2693416168453643
0.2805328064988082
0.28153787103386685
0.29333562912114164
0.28607909340436566
0.28007962597817726
0.2985089138691274
0.2791215761247529
0.2861268276336352
0.28507116264983406
0.28084023513396417
0.29438951726120566
0.2844159693724686
0.310636378094127
0.28565570906667204
0.2960706872733186
0.277844341843051
0.28034304604066995
0.3044385896511884
0.29033814841628874
0.2898575996102307
0.3135842746153047
0.2902044394403948
0.2522665629662234
0.2713929714301243
0.2814917448435106
0.25639681800248
0.27127561283811186
0.26571859248656476
0.26572983105980597
0.26831826145951915
0.30566205786065415
0.29998119668742707
0.2680793871039745
0.2886039609358657
0.28714268174823687
0.28780796362492045
0.27441183970333316
0.29945046064119757
0.2874555720046244
0.2872775615352273
0.2766327065815091
0.27097187952525287
0.28787000228261084
0.33073490500782976
0.2956057192338068
0.31886581903831707
0.3092193920202449
0.27896828431771736
0.29299953721491184
0.28004330020331064
0.2844694471681216
0.2727184640187665
0.2585046366465295
0.26393169587926973
0.2658805387497774
0.27471881479021354
0.2700792887367814
0.2676029041939728
0.2631435507624467
0.27148307499875857
0.277328166616269
0.2991829728008454
0.2893208532518367
0.2897450500951927
0.294301968830073
0.28393310474178
0.29796690741966175
0.29751764064260705
0.2980402439839114
0.2795714387325732
0.28228316281060895
0.2730910996377674
0.2779461661133977
0.2736964892886826
0.269567800331086
0.26583149151512037
0.28537052836472565
0.2987777169407672
0.2670551951372047
0.26398906794455096
0.276067420212666
0.27613895557540147
0.31510895503059844
0.29490299752649046
0.2942081809420874
0.3041954391572328
0.2945405068378047
0.2929371616378858
0.26827917090446174
0.29864104887417897
0.25633373681922034
0.2776350217705891
0.2855186196968509
0.3076151512660888
0.3233020335497447
0.2896490284666023
0.29724731693375933
0.30542595637672143
0.2886461414471491
0.2695020615900944
0.2610370056959799
0.27474538929172626
0.2623404270289972
0.2555596368944675
0.29527223706306155
0.2791694949632636
0.28076351649221076
0.31308376454738096
0.31117374029234757
0.2533119277823956
0.29580320819002487
0.2823141161506728
0.29798269372073843
0.3136697507849293
0.29989368342598854
0.26122050011473036
0.27888687902955606
0.293836277255732
0.27892728471213835
0.26907872410482786
0.2837091549433715
0.27621383737018973
0.3056484142345216
0.3139584568252676
0.31901279274831695
0.2909574131374282
0.2773891998662681
0.2912941102508396
0.2961625806388778
0.2704648989818709
0.2787930199909421
0.2588898158304308
0.26197040185141535
0.29382312536732075
0.2769167681220263
0.26759968245043353
0.2746412737035731
0.2752028908295531
0.2616961142525681
0.28266192490349745
0.30147293511413126
0.2912293441438134
0.2881241114746868
0.28446425897214594
0.27393381020476437
0.2882534555900547
0.2822970061722228
0.27875276846123787
0.2671384144660926
0.28097587122898304
0.2523518255392308
0.27862218599680455
0.2824116587947571
0.29669448320558217
0.26216973902971724
0.2754425957081795
0.2602291325994538
0.2869821748500122
0.2902415689467872
0.2713488181943702
0.28524530787626795
0.2997642747477099
0.30269639327272135
0.2691129432274469
0.2514984696710282
0.27854963572357405
0.28577282227523293
0.29275533468420517
0.27341555578801174
0.2729576527690859
0.27421109716968767
0.274377457197109
0.2801607772384734
0.28832670218944356
0.3009594120673412
0.3119154301428421
0.2878041379021664
0.27724294847759073
0.299381245141556
0.27011878775471493
0.30513301528851977
0.29723184873919956
0.2563828830079031
0.2779279130452876
0.2885454439064212
0.26963812338008497
0.28115358605415774
0.2750195034788387
0.283031300067378
0.2841529264329764
0.2907101148470281
0.2897182277580913
0.2926339904918424
0.28609794012626555
0.31782514318985955
0.2832891054155952
0.2701258053327981
0.2840385802929183
0.2960028870409227
0.28637829953585286
0.26938749358976927
0.2593871707481687
0.2642136653650111
0.26668339463148893
0.284961452458615
0.27994056225901814
0.2744420708448636
0.30451507046680926
0.30300522183100775
0.27102202498601535
0.3094868626475169
0.28698761374350085
0.2786224457382801
0.2623244435805807
0.2592808422088108
0.2823086816274129
0.2937812909332669
0.281700177110475
0.29004944806465477
0.27917255665500873
0.271154696016567
0.27630986974446786
0.2930442196343854
0.29467688317107377
0.2856614754920968
0.2880453786711475
0.2738860518756088
0.2910164924295686
0.2674327956144842
0.29579100508277295
0.30066752883008485
0.300892672033144
0.2794511830171809
0.2899490088231072
0.28299187421128114
0.3012310522905276
0.3107056247078442
0.27188671893945593
0.2708259922541686
0.2682115852274281
0.28699678683167007
0.2582567566760239
0.2869965123117833
0.29274101353507387
0.29583089266146584
0.31302229774018336
0.2941992467246158
0.2975187064430448
0.26015585520714213
0.2830514529635675
0.2941650073419558
0.2938613928098839
0.31518251967413213
0.30729421291687575
0.2894423105911734
0.24837025349194383
0.3127133800581469
0.29510205223780184
0.2865653741674179
0.27510062487570053
0.27812740777243766
0.29038864008358256
0.2742068955693795
0.2999842927747476
0.28289841522273146
0.3002406387667395
0.28281782723738363
0.27823708240200473
0.280147112659391
0.2801643679676039
0.2691434290912705
0.2892811207336646
0.2801138393656754
0.2894630745723286
0.29086776255067315
0.27636492381107913
0.2809493245453847
0.2682915688751998
0.2860612533180572
0.2610295872565364
0.2886530404401935
0.2760444478386366
0.2590727225595248
0.2674578797823344
0.2723617724862946
0.26957932914571786
0.2796130772014437
0.30239574684662757
0.3151258571269824
0.30834207280381115
0.3003079615745129
0.30105283362405866
0.2913379943746502
0.299524307069236
0.2989919412242866
0.2743734553970952
0.27728749692961413
0.2774517069366311
0.26337114458282695
0.286859596394543
0.2797916753403712
0.2717812628982236
0.25755909022274964
0.27031664102386127
0.2604214135828292
0.2991902462902162
0.2975065140461412
0.28169607670105706
0.2760313574702103
0.25749284235859404
0.2601850698606457
0.273946085386401
0.28937537694456084
0.2874987876381985
0.3048145548624756
0.2980380799303031
0.3007058282497763
0.2918718946306658
0.27914295770269887
0.27102153863788175
0.26849229692433
0.2621654643904691
0.2892929643690739
0.29319392978233333
0.24235696851020117
0.2755158111863143
0.276452082326862
0.2508090030148215
0.2722189838136099
0.2587928732545048
0.2817675531295444
0.2881247751373405
0.2747992387523445
0.2728963371224508
0.28699968476943877
0.297523892221701
0.28217835230273386
0.27769104780910003
0.27551955076247864
0.26938031440447524
0.26388503067368524
0.28046152833094123
0.28392435493714957
0.2820825950373558
0.28980030961021297
0.3013456995782164
0.3068078185281833
0.28951822804047933
0.29286815691311696
0.2666131302550727
0.259977000979923
0.27425479978663003
0.27589153160444296
0.28464775548576643
0.2720211380814471
0.29651072899750747
0.283665032810394
0.29219860517148305
0.2865873323244604
0.2956232787118009
0.32073623444415483
0.30903283515961044
0.29244036330916695
0.2869766567853252
0.2885473697205398
0.2917972242138898
0.2961500245913184
0.28279388125633875
0.28111445957433856
0.2922936394402501
0.29044533680992024
0.29050694894636964
0.27088040655583134
0.26927229397604746
0.2682893644356027
0.2740008941142884
0.3133890832065761
0.29150975538254376
0.3095006967925173
0.2968995685901323
0.27874329672446807
0.27670828585664825
0.28440669903517773
0.297093569954852
0.28497068298545036
0.2787905371841537
0.2711287619523435
0.26569837576870536
0.2725467171354395
0.2843377100853675
0.2982569953268589
0.2629384558490014
0.26911375238138674
0.30252248004988314
0.30708674882994785
0.3047410030846206
0.28941385191293606
0.2614333027284472
0.2659897784788778
0.28270555748043974
0.271685661392435
0.2871727647853236
0.2842785797610581
0.27278101841297386
0.274786033597395
0.28036693216902714
0.2652978465144524
0.28237905919010964
0.2588522166344504
0.28909035719244225
0.27700775288907475
0.28397372129779325
0.28798981569175114
0.27995730269388663
0.29973295603957995
0.29746164316078494
0.2904110588847281
0.29483398994323007
0.2783220929118877
0.2698874157613858
0.31168216561703793
0.27748223971635705
0.27431919601146515
0.29084972686500976
0.27478010730165175
0.28713377694548126
0.2629683068007327
0.28708147959091757
0.263876756305384
0.30009613083496917
0.2795857968742369
0.27376854053438576
0.27731094762223596
0.27150078736467786
0.2549049463632584
0.2706380101159281
0.2767470044880595
0.29084768359724167
0.2796414798185324
0.2897224038963887
0.2896283203326774
0.2928817811816068
0.2882694439609796
0.29073127524164116
0.2741902028256693
0.28630543533766756
0.27723037430007635
0.2864290592439894
0.27261112362747547
0.27318515858094256
0.2549158155107566
0.2731385635886652
0.289859743373743
0.27573675660649294
0.29147167317200734
0.29545100228824406
0.3255179715080307
0.3072716545399904
0.2843013028352124
0.27639395322831545
0.2799532877747889
0.2807955416055308
0.2906612546155801
0.2851114980026357
0.2845380661442276
0.28371777395706566
0.28479599252685367
0.28780895534269085
0.2852855603170381
0.2674121269115826
0.2930457095199502
0.29211424950664594
0.3057377882319356
0.3005197565623803
0.2834365101083968
0.3090153716840981
0.27695116968361677
0.27869478268307885
0.27618126283606725
0.27635075985340846
0.2721074260560062
0.30334907492741775
0.2901372394624383
0.2796079591746319
0.2898536864513545
0.28278079767148595
0.29411510574912597
0.26152806361525577
0.2958246526993532
0.30053994469531786
0.2897516525892
0.28227709578155763
0.2931635106312966
0.2985080722141042
0.29326647839946285
0.2700072315974622
0.30806964798812164
0.2762671942530263
0.2834210752061834
0.29354088883793983
0.30221212061255553
0.26445751686459934
0.25678686760169334
0.2742015475395393
0.2757406094587807
0.26453854034355284
0.28134761967225075
0.2815626064182972
0.28247634825738277
0.30849778299994446
0.28716012672568025
0.29449331308640375
0.27427633681923297
0.288877922501065
0.2874170938120545
0.3109900034439798
0.2679859700837605
0.26755492762347327
0.27008382370792616
0.2861638177841271
0.2745710134887867
0.29065422876369734
0.31105935395270096
0.29240508154061284
0.3054179760019257
0.3179559655851406
0.24450215507647222
0.2954839918012969
0.3038658225166072
0.2837884566639892
0.2997862419733355
0.2823097544088345
0.28502427719021445
0.2776314487771924
0.2758143150032636
0.28369281010760866
0.30862525448322503
0.28699135804812326
0.2995432316690902
0.29838625921407524
0.2701080071572909
0.3110079601384907
0.30971836849373496
0.3133179504308629
0.2912556898216906
0.2894704668032476
0.28100406827886343
0.2861496667570987
0.27918813989620694
0.274542945251421
0.2795340384055219
0.3035790019517261
0.2766415271321366
0.2839734283708139
0.3060798343787465
0.3047179836046031
0.2958779464691799
0.28735451379065213
0.28801378539084815
0.27915307847309223
0.2889201254843918
0.27426878000043536
0.2587563906129675
0.25344075536343513
0.2886034596200248
0.288166890350262
0.2575830268711557
0.2867269583574913
0.25967686198189843
0.30238355105694437
0.29392853716583056
0.3199178896694498
0.28159450450518286
0.2497777815568491
0.3078830789485846
0.2748984015960716
0.3060175675657124
0.29397776796958547
0.28754729923030065
0.29172434876228187
0.3030300418613263
0.28186056576459145
0.24145049054563122
0.2794130473769306
0.2795785281778784
0.27077956795340935
0.2751466921377436
0.2796104203616272
0.30238469194185913
0.28292591266554395
0.2953466626757375
0.2693835124056281
0.2525822170729557
0.27574399271018085
0.25644984658755715
0.2797997400320305
0.2815610402893737
0.2880600141824051
0.2870525959820014
0.24948118819285844
0.2903326135247012
0.2714981131624689
0.2808912142264306
0.2804889349492683
0.26972763418461354
0.2575218312131636
0.27981932204842763
0.2883204180196112
0.28288995928525823
0.25927636898086215
0.26258007357192453
0.24266896121829076
0.2730159428510434
0.3134348231752708
0.2758364391351458
0.27041865581597374
0.2788295950556093
0.27807190694155604
0.27335885897369755
0.28150796855607313
0.3164460279630721
0.2978872776174545
0.2901095634886305
0.2893367811622734
0.2888775770135542
0.3107354472898348
0.27806945023186713
0.27133707736275503
0.294512833580931
0.3046093797170709
0.3125511634572758
0.2926744574842734
0.27437153123402674
0.28432448122192383
0.2800299065714434
0.2850084447164322
0.26188050246664035
0.2811644692703613
0.26486172522776186
0.2946160622957262
0.280668343020849
0.2884735186741203
0.30136884599895536
0.2796516723921623
0.24430363062582294
0.2685514955399771
0.2636735154552932
0.2904259511268795
0.25629020464871993
0.2703544725195151
0.2983028514268899
0.2894695288820051
0.2991267911274337
0.271930860439026
0.2766839024050415
0.32058902352420854
0.31298883198442057
0.300755657098427
0.2905779625159286
0.2853422744289817
0.2993006026977278
0.3019222615235324
0.2873900960100886
0.294659308292089
0.2807559514207522
0.27033457840979686
0.28076995355520634
0.2521194076175762
0.2482305601774358
0.2682129222873766
0.2923721468329049
0.2764916206963875
0.28735321526059937
0.2837777576256956
0.31969147886874444
0.2928883022453525
0.2924326836719448
0.2798407801868844
0.3120072580369758
0.29627840298230623
0.28981263370294275
0.25800097550861245
0.3026368343998775
0.2888051246508302
0.2940730670998906
0.3033615872659547
0.2946737417206851
0.27483932315433596
0.26489457176910525
0.25123686877668483
0.23930700197394705
0.29047305936830575
0.29132732162591596
0.2679130432650982
0.26953751047477426
0.28408896960933566
0.28053021748689444
0.25263357311642376
0.2778339238092643
0.2703954884867617
0.2684569909654748
0.29373314635499076
0.28508052371726333
0.31254545510703474
0.31166643111552395
0.2842739891647152
0.2813383467663769
0.3119968586611756
0.28697408934251833
0.2738131123274692
0.26545083834355326
0.2900339452886208
0.28933836163897153
0.28387212046290966
0.27964881360439386
0.2649668345838471
0.2745132729584925
0.2819415399784724
0.2707252351288595
0.2660958272067312
0.28515169084199055
0.27497248268557245
0.2855685924863367
0.2794910011450477
0.27930639918242206
0.2780310584749673
0.2637500018866832
0.29817635418166105
0.32168831603075926
0.2771064035617864
0.28027857999001826
0.2756980007771314
0.2819945128189632
0.26300447353938977
0.2529309479669186
0.29339495457079506
0.2726891250132026
0.29341106111118676
0.28698169402345075
0.2941822289693971
0.2724158046254835
0.29681910680013673
0.27404636134250115
0.2589445599373522
0.2665943362921706
0.3001129794390747
0.25579112931443004
0.25736617592725475
0.29464513335996634
0.2961387320633464
0.2904326461580486
0.2696538576887158
0.26802026044102023
0.27924621313263537
0.29552189395627493
0.2901752745793642
0.32960465782447496
0.3020807037602136
0.27490343112113885
0.30142803483862995
0.2816104249004669
0.26317365689342714
0.2738218220532863
0.2714701012612055
0.2779761006908508
0.26253643953286804
0.26796259860472227
0.2923059829936394
0.2941744418214141
0.2860008370668722
0.303007983904428
0.30120122202189636
0.3128382182057542
0.2707965177655483
0.2742495151900318
0.29529426646136475
0.29042577968866123
0.30317643616277934
0.2779281033454822
0.2901683966953509
0.2792574039501974
0.27991496935558047
0.2731686393632133
0.26558765223021896
0.27494347263819435
0.29800398724599997
0.2927421813904553
0.26121913670271246
0.28055392623108516
0.29042356227598826
0.2725450800678662
0.26951387147982914
0.28523020347440114
0.2648001074324737
0.26970050975135035
0.2637907313194081
0.2829529144528508
0.2771503202167944
0.26040886839643074
0.3062075843866697
0.2718792904976828
0.2864092860133545
0.2897092880831383
0.2964073288141509
0.3022715566303955
0.2819036147142537
0.2773540927756779
0.2398300270593299
0.2739623943035223
0.26188645426397783
0.2760183771295916
0.2878005433472832
0.28576141831211627
0.2887954512204731
0.27409036105179907
0.27939249432599483
0.303312981056924
0.2666715448016848
0.27090255698157434
0.27059494664112776
0.28021992983159877
0.2584045843258724
0.2643628957355513
0.2620590247582075
0.26026347429290236
0.24303916339892892
0.25331460085275564
0.27529510070677127
0.2747934855441575
0.26133714393941815
0.2854191867130768
0.2975260626746353
0.29663264856715016
0.27979849814880514
0.3015684005378118
0.3023147803104465
0.2838608895822128
0.2890432935572507
0.2951483807053523
0.2903709750773298
0.30165240517095293
0.2867453428163538
0.2709891803124512
0.26856067759973423
0.2542118469339508
0.2578172973654335
0.2759896351010003
0.2536949794839973
0.2834254760192744
0.3155274278332621
0.3094631626981471
0.32111772264435223
0.30183674848095293
0.32303736392251725
0.2941519559253879
0.3007705766968157
0.29107652493250885
0.26485965851241544
0.32096124489895833
0.28878697782339724
0.28687742132348454
0.2750101069682999
0.28194469058428356
0.30173277617109706
0.2884857320252654
0.2897752587221647
0.29036296501143044
0.2949910268054346
0.2926859585979172
0.2936921119492663
0.31985654384344453
0.3033441584277008
0.2652137392012658
0.2845643986005506
0.2888791476228635
0.3048843092420408
0.31142021008748216
0.28597074534637357
0.2952664777948938
0.26195766046930935
0.2775546988519248
0.302715492478876
0.2767702565230862
0.2896987381166784
0.26354266986346825
0.2990625828538333
0.3130394886070335
0.26751826983805366
0.2764937387241474
0.26763907439325924
0.280838284288999
0.2616318471589924
0.29240596934740365
0.25122695153087915
0.23399507295598748
0.25750031912717314
0.27142713295528853
0.3157939212060184
0.2806020371683299
0.2789886428677615
0.29128677577063283
0.26656988144503535
0.22801992539918411
0.2597362756711713
0.27712272868080423
0.2885825125054189
0.29373753705639477
0.30253424811517693
0.2687313674588493
0.29900574674702296
0.2739916201336109
0.30569066691824726
0.2668822925431811
0.3135944899264812
0.2963691545989619
0.2884176439582287
0.3042145290780499
0.3042814574721766
0.31376892906897763
0.27561567342925664
0.2978872420706183
0.2898384279510116
0.2893231446232131
0.3025831797005309
0.28600685202194503
0.27579582323794866
0.28516249439457997
0.29854486084869253
0.31143353296048504
0.2753854572096692
0.2845134973157261
0.3009480329808775
0.30963756807289144
0.29519447811837124
0.33408314865828076
0.27310405776761265
0.33286851314845745
0.26945015823954666
0.28932230597586234
0.2715694513977982
0.2944551951867634
0.30866136623907947
0.2804441712297425
0.2866778875627927
0.3087501644248355
0.2825543029161269
0.2767280046536148
0.29089613585756907
0.2573248729212302
0.29258336966477844
0.26223943642093334
0.24376083238044985
0.25325235215650455
0.24871886450510583
0.2978150024181112
0.3044010240486384
0.3045432274631847
0.2767734682963601
0.2833170221988803
0.2921489688794557
0.2826643396895052
0.3301990596104616
0.2910677591347061
0.2928595869648327
0.28132747755277004
0.29981026484503986
0.27381010037285214
0.2827012870606566
0.23622181752772686
0.268951673454657
0.26740451273296395
0.2727854581797734
0.307520082436962
0.2994514882628953
0.29352124766082344
0.3038105378431487
0.28468594444638057
0.2953007518128248
0.28480876551884604
0.29549679703184456
0.27351851841897384
0.29743997320145243
0.3037349583642021
0.2898000567179904
0.2795083196642846
0.27640870510030224
0.2580113493858875
0.27511998825601935
0.28081458902598977
0.2894312490728143
0.2740609830670075
0.27108920806875
0.2950049435440727
0.2810206642586503
0.27986686866176985
0.2721860272064323
0.27290678267771906
0.29688548637582923
0.28669056332901055
0.2759373707037389
0.2830944311576004
0.29889222294600487
0.3024533026894742
0.3172073693666217
0.2920565500186232
0.3028356737146179
0.32313772745703917
0.288390047463827
0.2952955439365265
0.2768279187022626
0.2911003925407879
0.2981461552700389
0.2704794857766068
0.2658428482940411
0.2805932796946365
0.27452695605660793
0.2978050996688564
0.262137474493413
0.2912333186642331
0.29502178967572334
0.2846232185323972
0.2973509148626252
0.2951619313184717
0.30215612802151176
0.3051106915652202
0.30607731081973494
0.3021866672334884
0.2805183995198054
0.3015112664252615
0.29111001471769365
0.2930420009533727
0.3039576106149039
0.27149343905979023
0.2970157517502057
0.2734440733787549
0.28345589255192966
0.29714419711271756
0.2890984396803181
0.30469342419734363
0.23878124363659436
0.26296086222623344
0.2766684866274571
0.25961440054799334
0.2910639325589912
0.27606088698052805
0.27486873799966227
0.27792212482218176
0.2782524025361524
0.2802213282328737
0.2766364795789469
0.28284420700390267
0.2625463026007771
0.2902184569309494
0.29035875075137435
0.29507805657823877
0.3018176066044799
0.3132092301809213
0.29532734610750666
0.28252774350556253
0.26845071339088084
0.2563152825436587
0.2681797285377713
0.3015036520357025
0.2848985646093355
0.2752000528832194
0.2743063459531869
0.28837922150195894
0.3065250545086323
0.29285232423648927
0.27383067246738735
0.2834447614422808
0.2726330109656478
0.27839284327750136
0.2648891628348792
0.24401553376132043
0.2833967270471067
0.30453672162884643
0.29972324043051984
0.2671002581739203
0.29245031607787786
0.28400708849856815
0.2809705959542555
0.29854944476261086
0.2921026596770291
0.2878869915140281
0.2699913914811209
0.2768706835168659
0.2654778726405905
0.28632950871613916
0.301681005789118
0.3159284623177563
0.279255877419285
0.26134669828107576
0.27086321643100075
0.25761790782354976
0.2477819591179497
0.22013295009988867
0.2708169001192311
0.2660945893968795
0.2670008126653357
0.2842108175645399
0.2818056688440828
0.27264403794358544
0.2620883272122352
0.25259994538953046
0.2940506667350392
0.25386903851003817
0.2817189422861538
0.269438060379801
0.27307386801954275
0.2780295959904442
0.29905264754120603
0.2789266175172388
0.29262588992097416
0.2811171721734309
0.3008147962312198
0.27528749197621294
0.2731836651692585
0.2866977739448398
0.28769535518218925
0.28103003850285324
0.27799006161375855
0.27683653364789496
0.28430072695582576
0.2675298607929977
0.26598418114604705
0.29243306843162364
0.3075099124679725
0.2934011644343822
0.28350689821364217
0.3007261593314702
0.27198616466313663
0.2790274458738563
0.2542092168761097
0.2658771837687601
0.29637500710691794
0.3230316774022406
0.3194948374565603
0.3124332263266611
0.29708271398051095
0.2733314047444954
0.28250561251315076
0.2756288593732043
0.26975058888544134
0.28224453426679413
0.30753969653778757
0.289989126964513
0.28354776514339985
0.2993631067803035
0.29500133113495847
0.316212938112978
0.2675078976155028
0.29023492965759423
0.2686031420777255
0.28382247906842556
0.27171579709087945
0.3031200851460053
0.29142510302081376
0.25488694251151506
0.28326892333382964
0.27096007413219136
0.28969088745201355
0.28475572383556824
0.28960626014579943
0.28228659676920825
0.29812314586329997
0.27176859136571474
0.27893303462566266
0.2499323521515834
0.253453251928651
0.26366757816630715
0.27366179805753615
0.2974784770139928
0.2809798418533316
0.28102603079945193
0.28232561992928146
0.2758192184393827
0.298914480311484
0.30110257572780563
0.3166025997458793
0.29171439075154304
0.2864020617976961
0.29101594913250756
0.2909863460909289
0.2951772598580425
0.2855021626846394
0.31012423015527046
0.2763569563018039
0.2758986178256564
0.25244982833496427
0.27899576122816233
0.28155998387403397
0.30726219700710483
0.294403815501777
0.3070961023209066
0.2805949954647069
0.29041647152050026
0.30253989156603833
0.28030710996200636
0.2741019197379932
0.2753107307338418
0.26693109473702015
0.28969391253239785
0.29847449093925643
0.3002183499129893
0.30244518139920684
0.3031731266642728
0.27617026402693295
0.2599851885601913
0.2637125533644805
0.2600280828784561
0.291631925374598
0.28934985163783533
0.29841267309851444
0.267969826088463
0.27632306125881867
0.26638014779945135
0.3021526441496205
0.26991314016130913
0.29102316382409255
0.2912991470628026
0.2960549821540919
0.2752999262371563
0.2694607650534882
0.2733228198513504
0.2754673222808792
0.2864642311734381
0.2903023995221931
0.29347384737846594
0.2843840491568247
0.2716297629204835
0.2728494220512247
0.2709972899696984
0.31315937222431306
0.29796739024037366
0.29743964685580354
0.28792496774669807
0.31254328010806937
0.2898107148577504
0.2883415184633823
0.2792463060054188
0.2640139749262361
0.3113978393456897
0.29578778602688244
0.30304249557234736
0.2595045248289745
0.2705646999489806
0.26322277594342164
0.28216934604561306
0.3057440571483213
0.31244761841420166
0.2566780962407393
0.29403615091982943
0.30875429725503944
0.29184799592529337
0.29536637044062125
0.2908443541049785
0.27350762426534553
0.27371656583983694
0.29866058864317596
0.3001368288664485
0.28393769222911996
0.27138861158705013
0.26654124290789327
0.3014448009875422
0.2706565172985738
0.28756799321739857
0.2650623082857791
0.25468308934748757
0.23755959552785644
0.2551079853773439
0.2813453843153022
0.2469052597600951
0.26688303092707394
0.2500576230511563
0.2380229951953179
0.2543265331678717
0.271343765300184
0.2797504780281697
0.26689798577428187
0.2533267168937351
0.29661841269826067
0.26700714257696145
0.2710613002282559
0.3064527451686216
0.3079300736029394
0.2796053255643484
0.26505427839774565
0.283979323075871
0.24430552124012536
0.2586602202070991
0.26163780919837537
0.29484000105813835
0.29235883909543936
0.30400484486108115
0.2819534825930493
0.2757671095391161
0.26608894107392284
0.2782070779623091
0.270666127421983
0.2868167334461542
0.27202628275890023
0.268773415175937
0.3188261268333669
0.30570790798638836
0.28805682805167176
0.2905507714301951
0.3111000476155174
0.2790665063384699
0.3125460056639998
0.29949720697458027
0.29445484000404964
0.2676226652315632
0.2882747821076955
0.29381438017723166
0.2776653956626557
0.30013204071566435
0.2810297279126859
0.296771742045219
0.27974002315150237
0.2761968520871459
0.2813847626965473
0.2987530349396898
0.31230918773345406
0.29091216202698705
0.2849813131804996
0.2784288756175517
0.2751426289250491
0.2715792413280187
0.30210243273612547
0.31306848251882713
0.26853491088346715
0.2573328321011024
0.269507231426412
0.27428490041581843
0.3036924520973345
0.31104015362206633
0.2771924440909963
0.2993363213914222
0.2792742818603832
0.2951658069902031
0.30989004341400683
0.312936454903062
0.27620299690435735
0.28661717825867034
0.3198883848487995
0.3015640338537531
0.3062863037290912
0.2750064481352577
0.2916838816676076
0.2801138456159871
0.268416445766212
0.26484392149077446
0.257292792793277
0.2640374107845564
0.27170407863306
0.27589247830385344
0.2829557637256458
0.30046183025305717
0.2827951969778491
0.27241777414982987
0.27447891208799363
0.2597380032882236
0.27347198466413886
0.25059419650892945
0.25040523483220584
0.26091372089082654
0.275276828666218
0.2708892861200635
0.2923381844286811
0.2786447262198865
0.29663269776408985
0.29350173202295743
0.2884218194523484
0.27635384534678875
0.2550430753236722
0.2895733592563546
0.26192334045317295
0.28283619225542783
0.29842106849767364
0.2814201242894554
0.29969089637435414
0.26143812797335914
0.28444404879273216
0.3084082072986311
0.2852312558473258
0.27928128838456673
0.2872037204855188
0.28268658102741323
0.2834771566733
0.2895029575425531
0.31123649203105985
0.2759662556656131
0.26722489859868376
0.2799277365772136
0.24022426806650737
0.2648837402757564
0.27238424438414666
0.2763045157176165
0.2867796150678852
0.2796838136925811
0.2983859409874909
0.3073237475240041
0.27554460633151306
0.26472726696498977
0.3263005866482017
0.2985343144651443
0.3020199990226822
0.30842835273768676
0.2844601519943017
0.2876594480682984
0.287464127749476
0.29220231147763337
0.2664154886748693
0.2636910547237064
0.2805818511121002
0.302985143372301
0.2863724051737456
0.2560264003354264
0.27584940161004207
0.28307400370695895
0.27885547093389434
0.28580193265146414
0.2819024961301752
0.2947971129370711
0.2801384573211982
0.3148228697986297
0.3154262105617709
0.28767860364584097
0.29855790759562223
0.2916298997277692
0.28478477574010413
0.30808344204832777
0.2721362188580241
0.260645858043663
0.28434061274062683
0.2744565698764115
0.2739744761001611
0.30571470292063413
0.2770161391285054
0.3047241331464854
0.29640845410486727
0.28021882951787996
0.26971054747606665
0.2516288185115474
0.28182988397570125
0.2628577192346053
0.3001036135618332
0.28805903939652794
0.2620636428609507
0.29418783682008937
0.29777290152027347
0.28863801778846154
0.2765094358287587
0.2889150215498427
0.3168296016245265
0.30708227965020124
0.2994982824048452
0.2928172505432763
0.3098530041429337
0.307106646383523
0.29698851189694725
0.30820934327301447
0.29802886710107646
0.29802310058904413
0.250740842197578
0.2655300152110157
0.32429811015764726
0.25449681442752164
0.2860143807418407
0.28737640351902116
0.26726210326302413
0.26546206139194595
0.2749293418509235
0.3119084276730672
0.2818699845556015
0.29727049944901096
0.28576227916360586
0.27725573071314197
0.2924760136283458
0.26997771002191
0.2901723431746672
0.2779260253958341
0.311779891642998
0.2863195987015303
0.2783692665483907
0.2882941850919096
0.2806840907285549
0.2863448180977395
0.28581804020726737
0.30607983650983633
0.318635893702741
0.2628466347798339
0.27052487204611825
0.25500438187012486
0.2907882276173692
0.2957978916091639
0.29797313272703685
0.2848083408214989
0.2905591588805095
0.2733362635482021
0.2610463751312265
0.29414935824925675
0.28392523699052086
0.3027094856927767
0.29408439552981325
0.2775538924936136
0.2890011576527625
0.30021543329708644
0.28365399425367094
0.2860277745589295
0.2814291717433076
0.2654642797283279
0.3111892496748205
0.2930516859775162
0.2774959603767021
0.2898257559221395
0.26409836796702385
0.28613670927004675
0.292155226741653
0.2821772762462431
0.2914454633452845
0.2673036011795516
0.2795683433264884
0.26983929884347757
0.31593035095598615
0.3148526160411396
0.29855945650264515
0.3067818904778949
0.27805605662492433
0.3267623950579128
0.27278824731850987
0.29374353267583186
0.30075255652272764
0.3019510923071895
0.26681765035024246
0.3015345822318758
0.29095473149522055
