2810125
2824056
2838077
2852157
2866108
2880048
2894019
2907960
2921921
2935858
2949843
2963790
2977784
2991813
3005703
3019662
3033557
3047533
3061531
3075593
3089489
3103367
3117354
3131279
3145284
3159204
3173223
3187290
3201337
3215467
3229472
3243431
3257280
3271324
3285379
3299414
3313403
3327478
3341382
3355391
3369380
3383305
3397329
3411323
3425269
3439172
3453148
3467193
3481102
3495203
3509158
3523085
3537038
3550924
3564827
3578834
3592825
3606816
3620812
3634853
3648890
3662822
3676916
3690852
3704723
3718732
3732666
3746704
3760634
3774720
3788676
3802628
3816652
3830580
3844601
3858657
3872630
3886713
3900725
3914731
3928733
3942775
3956691
3970780
3984742
3998664
4012682
4026655
4040722
4054662
4068555
4082479
4096442
4110434
4124403
4138255
4152311
4166314
4180381
4194467
4208383
4222351
4236305
4250335
4264399
4278328
4292344
4306379
4320281
4334245
4348237
4362091
4376055
4390087
4404117
4418166
4432129
4446180
4460207
4474158
4488119
4502080
4516039
4529963
4543987
4557962
4571893
4585881
4599817
4613829
4627942
4641888
4655938
4669931
4683946
4697833
4711772
4725750
4739708
4753759
4767737
4781712
4795792
4809600
4823566
4837660
4851641
4865629
4879501
4893440
4907444
4921401
4935305
4949396
4963383
4977341
4991308
5005315
5019317
5033292
5047341
5061274
5075237
5089236
5103213
5117290
5131325
5145254
5159194
5173247
5187242
5201264
5215174
5229128
5243116
5257200
5271034
5285116
5299003
5312966
5326891
5340785
5354726
5368666
5382621
5396569
5410530
5424525
5438456
5452373
5466430
5480323
5494349
5508306
5522178
5536064
5549919
5563946
5577878
5591881
5605907
5619839
5633943
5648010
5661926
5675865
5689865
5703822
5717803
5731794
5745828
5759834
5773868
5787928
5801885
5815903
5829865
5843850
5857856
5871778
5885758
5899714
5913625
5927544
5941509
5955523
5969492
5983479
5997600
6011517
6025480
6039508
6053430
6067387
6081387
6095309
6109279
6123249
6137293
6151252
6165195
6179256
6193296
6207216
6221229
6235093
6248852
6262890
6276830
6290832
6304819
6318821
6332822
6346845
6360858
6374802
6388701
6402679
6416739
6430716
6444730
6458611
6472523
6486539
6500508
6514520
6528474
6542518
6556451
6570376
6584407
6598368
6612323
6626316
6640290
6654310
6668287
6682196
6696221
6710156
6724049
6738115
6752121
6766116
6780002
6794065
6808100
6822056
6836019
6850037
6863927
6877835
6891755
6905671
6919669
6933502
6947336
6961312
6975301
6989247
7003239
7017241
7031239
7045053
7058934
7072945
7086902
7100892
7114861
7128766
7142668
7156549
7170579
7184585
7198555
7212507
7226438
7240391
7254397
7268320
7282281
7296277
7310311
7324201
7338218
7352186
7366202
7380182
7394061
7408080
7422085
7436048
7450172
7464176
7478148
7492000
7505990
7519990
7533956
7548018
7561953
7575953
7589918
7603922
7617765
7631789
7645837
7659767
7673716
7687737
7701718
7715573
7729465
7743475
7757495
7771399
7785344
7799392
7813483
7827510
7841479
7855419
7869422
7883490
7897534
7911585
7925576
7939604
7953683
7967655
7981726
7995758
8009745
8023657
8037523
8051520
8065542
8079533
8093521
8107440
8121392
8135336
8149291
8163307
8177301
8191338
8205391
8219411
8233418
8247492
8261445
8275467
8289396
8303415
8317400
8331362
8345236
8359303
8373197
8387215
8401079
8415055
8429003
8443013
8457019
8470893
8484875
8498840
8512812
8526753
8540716
8554661
8568584
8582589
8596638
8610612
8624581
8638581
8652497
8666342
8680232
8694126
8708106
8722139
8736118
8750127
8764137
8778077
8792057
8805969
8819925
8833976
8847986
8862004
8876068
8890037
8904004
8918051
8932061
8946005
8959921
8973900
8987902
9001781
9015739
9029760
9043695
9057659
9071657
9085722
9099685
9113726
9127757
9141725
9155632
9169628
9183520
9197414
9211414
9225430
9239338
9253323
9267266
9281358
9295272
9309302
9323321
9337261
9351276
9365224
9379240
9393253
9407358
9421299
9435347
9449275
9463332
9477236
9491269
9505176
9519212
9533118
9547201
9561193
9575138
9589205
9603255
9617231
9631264
9645194
9659167
9673142
9687025
9700973
9714966
9728981
9743036
9757037
9771035
9784974
9799010
9813032
9827072
9841052
9855062
9868932
9882967
9896989
9910894
9924839
9938846
9952884
9966762
9980800
9994650
10008621
10022545
10036410
10050391
10064312
10078321
10092250
10106228
10120187
10134095
10148102
10162075
10176099
10190069
10204004
10217921
10231850
10245856
10259843
10273793
10287809
10301728
10315771
10329720
10343627
10357668
10371524
10385464
10399362
10413301
10427270
10441207
10455094
10469124
10483092
10497075
10511164
10525125
10539159
10553102
10567171
10581123
10595167
10609142
10623191
10637209
10651211
10665156
10679104
10693089
10707111
10721143
10735122
10749036
10762965
10776983
10790949
10804929
10818900
10832779
10846683
10860573
10874499
10888474
10902461
10916448
10930509
10944537
10958486
10972467
10986309
11000241
11014205
11028220
11042213
11056154
11070122
11084138
11098079
11112106
11126079
11140172
11154188
11168129
11182090
11196076
11210064
11224055
11238094
11252065
11266089
11280122
11294051
11308145
11322161
11336086
11350087
11364135
11378111
11392078
11406044
11420000
11433944
11447852
11461740
11475718
11489796
11503787
11517885
11531843
11545953
11559929
11573930
11587913
11602032
11616071
11630079
11644018
11657985
11671982
11685976
11699958
11713895
11727862
11741820
11755869
11769909
11783915
11797905
11811903
11825949
11839970
11854062
11868135
11882069
11896075
11910117
11924104
11938124
11952198
11966217
11980215
11994253
12008282
12022370
12036364
12050428
12064319
12078314
12092237
12106132
12120187
12134204
12148102
12162008
12175941
12189960
12203958
12217859
12231870
12245792
12259713
12273778
12287729
12301717
12315612
12329687
12343594
12357601
12371630
12385646
12399617
12413562
12427493
12441472
12455440
12469506
12483340
12497362
12511321
12525299
12539196
12553334
12567355
12581362
12595352
12609418
12623352
12637314
12651428
12665418
12679386
12693384
12707458
12721449
12735506
12749430
12763432
12777401
12791381
12805311
12819181
12833119
12847157
12861125
12875191
12889223
12903224
12917254
12931205
12945223
12959019
12972950
12986869
13000950
13014956
13028966
13042822
13056838
13070813
13084716
13098708
13112724
13126691
13140652
13154719
13168659
13182753
13196756
13210729
13224728
13238752
13252643
13266531
13280562
13294561
13308643
13322615
13336546
13350506
13364447
13378374
13392281
13406249
13420210
13434158
13448141
13462144
13476153
13490005
13503960
13517893
13531904
13545912
13559789
13573700
13587737
13601776
13615758
13629696
13643693
13657660
13671632
13685522
13699481
13713421
13727503
13741465
13755475
13769442
13783431
13797398
13811375
13825399
13839428
13853301
13867400
13881397
13895320
13909302
13923241
13937314
13951342
13965306
13979238
13993329
14007273
14021197
14035129
14049144
14063149
14077183
14091216
14105141
14119068
14133001
14147089
14161098
14175057
14189036
14203120
14217194
14231162
14245195
14259135
14273114
14287069
14301110
14315118
14329143
14343217
14357240
14371206
14385214
14399249
14413169
14427202
14441159
14455213
14469173
14483111
14497020
14511099
14525022
14539063
14552952
14566894
14580893
14594849
14608796
14622662
14636690
14650655
14664701
14678643
14692625
14706555
14720547
14734409
14748396
14762352
14776346
14790325
14804276
14818329
14832224
14846165
14860185
14874147
14888168
14902148
14916169
14930177
14944181
14958125
14972207
14986220
15000236
15014284
15028346
15042394
15056446
15070380
15084281
15098318
15112275
15126223
15140087
15154028
15168003
15181935
15195896
15209808
15223846
15237775
15251822
15265806
15279824
15293778
15307747
15321820
15335736
15349716
15363710
15377665
15391710
15405718
15419747
15433772
15447800
15461695
15475730
15489714
15503653
15517583
15531608
15545692
15559678
15573600
15587612
15601591
15615607
15629640
15643614
15657606
15671597
15685597
15699566
15713561
15727560
15741539
15755431
15769404
15783415
15797377
15811385
15825403
15839278
15853204
15867223
15881130
15895057
15909076
15922961
15936937
15950922
15964783
15978772
15992756
16006772
16020698
16034719
16048785
16062854
16076806
16090753
16104875
16118851
16132871
16146872
16160874
16174897
16188839
16202812
16216817
16230737
16244688
16258589
16272615
16286550
16300716
16314645
16328645
16342595
16356556
16370528
16384439
16398449
16412470
16426469
16440527
16454600
16468533
16482478
16496467
16510550
16524477
16538455
16552511
16566397
16580372
16594307
16608301
16622290
16636215
16650257
16664275
16678258
16692297
16706235
16720235
16734203
16748132
16762177
16776118
16790075
16803934
16817897
16831855
16845852
16859843
16873848
16887887
16901820
16915871
16929906
16943797
16957778
16971690
16985721
16999687
17013665
17027667
17041676
17055589
17069572
17083587
17097563
17111592
17125603
17139632
17153537
17167487
17181529
17195566
17209549
17223479
17237454
17251371
17265358
17279329
17293376
17307373
17321316
17335252
17349276
17363255
17377233
17391223
17405206
17419185
17433255
17447348
17461303
17475280
17489299
17503299
17517203
17531076
17545023
17559096
17573045
17587064
17601059
17614992
17628971
17642965
17656963
17670813
17684772
17698662
17712615
17726506
17740594
17754572
17768594
17782555
17796536
17810549
17824568
17838629
17852588
17866559
17880537
17894492
17908435
17922412
17936392
17950458
17964377
17978358
17992313
18006300
18020231
18034203
18048128
18061983
18075922
18089820
18103819
18117788
18131739
18145822
18159833
18173714
18187718
18201780
18215770
18229670
18243680
18257743
18271711
18285657
18299665
18313590
18327641
18341728
18355660
18369671
18383669
18397689
18411745
18425634
18439666
18453659
18467632
18481576
18495587
18509617
18523614
18537570
18551512
18565460
18579310
18593230
18607163
18621217
18635269
18649229
18663217
18677219
18691094
18705101
18719116
18732980
18746926
18760878
18774765
18788817
18802832
18816883
18830928
18844856
18858794
18872805
18886771
18900766
18914807
18928769
18942718
18956724
18970778
18984806
18998786
19012726
19026779
19040704
19054775
19068669
19082581
19096586
19110592
19124508
19138488
19152444
19166519
19180602
19194534
19208560
19222516
19236458
19250374
19264317
19278269
19292356
19306390
19320278
19334187
19348174
19362131
19376106
19390116
19404099
19418102
19432145
19446240
19460144
19474083
19488097
19502079
19515943
19529937
19543914
19557926
19572047
19586060
19600041
19614156
19628203
19642166
19656024
19669963
19683856
19697836
19711927
19725846
19739780
19753829
19767860
19781755
19795742
19809681
19823727
19837640
19851584
19865552
19879417
19893378
19907317
19921322
19935308
19949297
19963332
19977367
19991231
20005282
20019299
20033226
20047190
20061101
20075126
20089067
20103049
20117014
20131000
20145021
20159003
20172996
20186977
20200991
20214995
20228903
20242935
20256948
20270987
20284978
20298942
20312864
20326874
20340958
20354921
20368924
20382901
20396866
20410833
20424882
20438821
20452805
20466786
20480829
20494869
20508901
20522838
20536693
20550677
20564534
20578440
20592510
20606530
20620684
20634767
20648710
20662717
20676722
20690676
20704686
20718626
20732582
20746608
20760591
20774674
20788650
20802583
20816597
20830650
20844614
20858704
20872844
20886666
20900666
20914592
20928550
20942523
20956463
20970461
20984554
20998554
21012520
21026436
21040330
21054156
21068109
21082173
21096193
21110111
21124010
21138031
21152028
21166031
21180093
21194107
21208017
21222001
21235933
21249945
21263933
21277829
21291955
21305994
21319902
21333857
21347800
21361715
21375671
21389653
21403578
21417527
21431497
21445593
21459601
21473562
21487626
21501523
21515398
21529469
21543577
21557600
21571625
21585619
21599716
21613689
21627669
21641603
21655564
21669483
21683498
21697579
21711526
21725490
21739464
21753536
21767546
21781419
21795352
21809314
21823287
21837370
21851349
21865397
21879397
21893450
21907387
21921386
21935405
21949377
21963352
21977296
21991345
22005379
22019305
22033264
22047187
22061127
22075064
22089033
22102925
22116898
22130820
22144863
22158750
22172715
22186701
22200624
22214570
22228566
22242515
22256572
22270449
22284502
22298433
22312416
22326471
22340312
22354365
22368323
22382159
22396237
22410161
22424198
22438245
22452244
22466379
22480383
22494357
22508439
22522327
22536352
22550339
22564235
22578169
22592135
22606129
22620187
22634135
22648205
22662211
22676181
22690165
22704160
22718190
22732286
22746161
22760151
22774203
22788291
22802245
22816226
22830171
22844100
22858216
22872116
22886215
22900185
22914130
22927999
22941998
22956014
22969935
22983915
22997852
23011872
23025859
23039846
23053835
23067732
23081674
23095613
23109587
23123585
23137569
23151601
23165624
23179564
23193619
23207614
23221612
23235628
23249574
23263629
23277532
23291468
23305455
23319384
23333337
23347343
23361433
23375526
23389527
23403526
23417566
23431477
23445418
23459333
23473265
23487293
23501364
23515272
23529131
23543110
23556992
23570969
23584935
23598857
23612797
23626760
23640684
23654700
23668766
23682818
23696702
23710751
23724664
23738616
23752529
23766504
23780502
23794460
23808447
23822438
23836390
23850336
23864401
23878387
23892337
23906359
23920292
23934277
23948250
23962232
23976219
23990153
24004133
24018054
24032123
24046223
24060280
24074247
24088266
24102209
24116207
24130105
24144038
24158030
24172014
24185953
24200017
24213993
24227949
24241923
24255882
24269759
24283683
24297609
24311673
24325589
24339438
24353490
24367459
24381501
24395392
24409323
24423248
24437225
24451194
24465162
24479149
24493197
24507116
24521124
24535058
24548956
24562896
24576864
24590845
24604905
24618818
24632884
24646959
24660877
24674711
24688672
24702569
24716517
24730489
24744437
24758418
24772412
24786419
24800351
24814348
24828345
24842376
24856354
24870388
24884368
24898396
24912398
24926457
24940511
24954465
24968457
24982434
24996372
25010241
25024212
25038254
25052250
25066147
25080095
25094067
25107925
25121945
25135955
25149873
25163782
25177782
25191657
25205699
25219740
25233754
25247749
25261705
25275728
25289733
25303630
25317558
25331575
25345490
25359498
25373451
25387435
25401351
25415410
25429365
25443458
25457442
25471473
25485525
25499491
25513603
25527604
25541571
25555579
25569617
25583639
25597526
25611470
25625425
25639353
25653330
25667291
25681356
25695385
25709474
25723503
25737529
25751568
25765561
25779641
25793599
25807650
25821613
25835639
25849618
25863689
25877702
25891673
25905623
25919654
25933592
25947610
25961459
25975490
25989432
26003443
26017385
26031333
26045370
26059308
26073193
26087210
26101193
26115240
26129149
26143044
26157011
26170985
26185059
26199030
26212987
26226892
26240958
26254891
26268902
26282826
26296772
26310844
26324755
26338721
26352688
26366728
26380776
26394774
26408811
26422840
26436772
26450767
26464658
26478625
26492498
26506509
26520480
26534396
26548461
26562513
26576506
26590558
26604512
26618460
26632450
26646420
26660460
26674535
26688544
26702573
26716537
26730593
26744546
26758561
26772593
26786587
26800523
26814513
26828551
26842653
26856645
26870734
26884599
26898654
26912699
26926613
26940590
26954499
26968439
26982378
26996223
27010284
27024368
27038431
27052303
27066323
27080256
27094282
27108244
27122203
27136094
27150041
27164117
27177997
27191849
27205729
27219747
27233686
27247627
27261611
27275574
27289538
27303544
27317574
27331468
27345516
27359457
27373596
27387589
27401485
27415490
27429538
27443463
27457394
27471388
27485271
27499191
27513158
27527121
27541106
27555096
27569129
27583172
27597139
27611023
27624965
27638977
27652853
27666763
27680820
27694750
27708666
27722690
27736661
27750641
27764591
27778550
27792564
27806556
27820579
27834539
27848433
27862427
27876491
27890481
27904446
27918473
27932415
27946457
27960407
27974361
27988336
28002203
28016217
28030140
28044117
28058081
28071995
28085992
28099874
28113836
28127745
28141809
28155825
28169716
28183740
28197830
28211815
28225764
28239825
28253761
28267699
28281688
28295779
28309742
28323757
28337769
28351781
28365833
28379794
28393812
28407773
28421810
28435754
28449555
28463565
28477612
28491558
28505541
28519438
28533408
28547408
28561351
28575317
28589168
28603207
28617201
28631094
28645084
28659044
28673114
28687072
28700973
28714992
28729016
28743100
28757060
28770942
28784851
28798852
28812906
28826892
28840900
28854954
28868920
28882858
28896791
28910704
28924522
28938534
28952626
28966555
28980515
28994528
29008600
29022628
29036615
29050528
29064553
29078525
29092543
29106566
29120526
29134455
29148400
29162253
29176216
29190141
29204087
29218175
29232253
29246275
29260362
29274453
29288527
29302514
29316438
29330406
29344407
29358469
29372363
29386249
29400252
29414307
29428228
29442175
29456182
29470079
29484053
29497947
29512038
29525963
29539855
29553809
29567791
29581707
29595706
29609731
29623637
29637609
29651563
29665551
29679525
29693442
29707415
29721360
29735373
29749411
29763454
29777386
29791375
29805360
29819312
29833353
29847248
29861276
29875331
29889347
29903239
29917301
29931229
29945250
29959150
29973036
29986968
30000967
30014988
30028928
30042951
30056977
30071076
30085049
30099028
30113023
30126886
30140888
30154835
30168846
30182744
30196714
30210778
30224845
30238832
30252738
30266692
30280659
30294655
30308534
30322492
30336441
30350402
30364453
30378434
30392428
30406329
30420392
30434372
30448304
30462302
30476246
30490233
30504204
30518244
30532300
30546330
30560294
30574157
30588116
30602021
30615996
30629971
30643946
30657940
30671868
30685946
30699906
30713821
30727864
30741766
30755745
30769728
30783699
30797700
30811832
30825756
30839673
30853571
30867512
30881432
30895434
30909342
30923314
30937303
30951188
30965142
30979116
30993071
31007063
31021047
31035009
31049020
31063035
31077000
31090953
31104892
31118821
31132734
31146858
31160862
31174938
31188893
31202940
31216858
31230776
31244741
31258783
31272726
31286663
31300719
31314693
31328557
31342596
31356594
31370537
31384547
31398597
31412530
31426506
31440464
31454329
31468291
31482336
31496367
31510436
31524383
31538331
31552307
31566350
31580275
31594276
31608214
31622243
31636214
31650247
31664227
31678180
31692191
31706067
31719982
31734043
31748020
31761936
31775926
31789892
31803914
31817813
31831700
31845702
31859635
31873691
31887595
31901604
31915588
31929526
31943459
31957443
31971482
31985538
31999417
32013354
32027326
32041281
32055226
32069101
32082960
32097000
32111050
32125084
32139053
32152934
32166902
32180868
32194795
32208849
32222906
32236813
32250725
32264715
32278621
32292608
32306604
32320564
32334574
32348604
32362636
32376610
32390689
32404700
32418714
32432818
32446789
32460782
32474909
32488812
32502793
32516760
32530752
32544657
32558517
32572518
32586526
32600538
32614384
32628331
32642449
32656462
32670357
32684424
32698266
32712199
32726339
32740292
32754303
32768197
32782177
32796100
32810052
32824006
32838047
32851983
32865988
32879877
32893791
32907837
32921834
32935816
32949834
32963807
32977747
32991717
33005717
33019651
33033602
33047627
33061628
33075649
33089613
33103547
33117544
33131496
33145502
33159530
33173533
33187546
33201593
33215644
33229648
33243633
33257535
33271626
33285662
33299695
33313697
33327656
33341663
33355649
33369616
33383670
33397625
33411708
33425781
33439783
33453765
33467753
33481714
33495685
33509704
33523697
33537728
33551690
33565678
33579690
33593768
33607700
33621663
33635710
33649696
33663626
33677518
33691450
33705441
33719493
33733512
33747472
33761449
33775522
33789525
33803505
33817335
33831365
33845257
33859123
33873074
33887122
33901071
33915215
33929174
33943118
33957119
33971104
33985050
33999011
34012970
34026937
34040841
34054838
34068863
34082925
34097065
34111118
34125017
34138853
34152930
34166952
34181061
34195055
34209054
34223000
34236869
34250847
34264982
34278938
34292939
34307011
34320992
34334962
34348994
34363016
34376946
34390842
34404800
34418815
34432819
34446782
34460741
34474730
34488645
34502656
34516613
34530583
34544571
34558610
34572532
34586368
34600249
34614181
34628182
34642099
34656172
34670141
34684154
34698041
34711918
34725925
34739842
34753893
34767815
34781822
34795827
34809780
34823728
34837804
34851695
34865645
34879616
34893700
34907731
34921685
34935506
34949438
34963355
34977419
34991455
35005412
35019328
35033319
35047320
35061380
35075423
35089257
35103276
35117273
35131233
35145264
35159259
35173149
35187146
35201162
35215158
35229176
35243194
35257098
35271085
35285040
35299009
35312996
35327030
35341039
35355068
35368954
35382979
35396933
35410902
35424796
35438739
35452727
35466745
35480705
35494642
35508593
35522544
35536495
35550457
35564448
35578383
35592425
35606331
35620350
35634380
35648318
35662283
35676398
35690312
35704266
35718250
35732272
35746187
35760190
35774178
35788080
35802062
35815989
35829973
35844035
35857953
35871995
35885892
35899887
35913908
35927938
35941930
35955834
35969894
35983886
35997841
36011835
36025964
36039985
36053935
36067830
36081821
36095829
36109793
36123791
36137800
36151840
36165724
36179724
36193744
36207719
36221737
36235709
36249702
36263689
36277657
36291686
36305607
36319531
36333502
36347477
36361448
36375426
36389407
36403411
36417413
36431345
36445313
36459319
36473321
36487222
36501263
36515182
36529267
36543233
36557117
36571126
36585041
36598863
36612846
36626834
36640733
36654701
36668696
36682636
36696695
36710684
36724553
36738572
36752514
36766467
36780404
36794349
36808326
36822297
36836263
36850232
36864151
36878119
36892093
36906102
36920084
36934101
36948132
36962051
36976083
36990047
37004153
37018103
37032028
37046045
37060030
37073982
37087938
37101887
37115830
37129829
37143786
37157724
37171735
37185709
37199578
37213655
37227695
37241743
37255739
37269727
37283643
37297607
37311514
37325565
37339541
37353506
37367506
37381491
37395539
37409477
37423449
37437456
37451455
37465373
37479383
37493416
37507403
37521378
37535320
37549248
37563191
37577115
37591078
37604992
37619039
37633067
37647102
37661092
37675079
37689051
37703009
37717028
37731027
37745070
37758924
37772939
37786957
37800896
37814858
37828818
37842751
37856805
37870743
37884777
37898835
37912837
37926717
37940611
37954673
37968590
37982593
37996555
38010573
38024602
38038565
38052553
38066531
38080478
38094470
38108453
38122411
38136438
38150347
38164312
38178271
38192196
38206253
38220247
38234176
38248190
38262257
38276212
38290210
38304283
38318241
38332252
38346253
38360209
38374157
38388202
38402088
38416071
38430066
38444055
38458015
38471995
38485984
38499991
38514042
38528080
38542048
38556002
38569924
38583825
38597837
38611868
38625757
38639785
38653796
38667759
38681776
38695728
38709702
38723670
38737681
38751713
38765625
38779554
38793462
38807421
38821313
38835336
38849229
38863160
38877098
38891107
38905086
38919048
38932980
38947007
38960974
38974851
38988820
39002788
39016638
39030574
39044624
39058465
39072447
39086456
39100446
39114357
39128382
39142432
39156470
39170471
39184432
39198507
39212494
39226430
39240435
39254433
39268442
39282332
39296368
39310303
39324379
39338407
39352407
39366301
39380334
39394336
39408360
39422389
39436359
39450295
39464174
39478131
39492086
39505973
39519983
39533965
39547958
39561935
39575884
39589951
39604049
39618020
39631984
39645951
39659882
39673882
39687889
39701897
39715828
39729769
39743682
39757684
39771646
39785512
39799449
39813499
39827450
39841398
39855444
39869386
39883296
39897328
39911216
39925227
39939226
39953223
39967259
39981307
39995377
40009406
40023324
40037255
40051230
40065157
40079114
40093143
40107080
40121223
40135204
40149106
40163143
40177092
40190924
40204914
40218934
40232887
40246901
40260850
40274759
40288635
40302656
40316562
40330493
40344499
40358411
40372304
40386235
40400225
40414253
40428212
40442180
40456168
40470113
40484076
40498001
40512031
40525996
40539971
40553993
40567871
40581771
40595752
40609702
40623660
40637667
40651716
40665736
40679696
40693780
40707668
40721559
40735415
40749509
40763547
40777593
40791543
40805606
40819597
40833656
40847628
40861630
40875487
40889393
40903359
40917339
40931262
40945350
40959256
40973181
40987175
41001254
41015216
41029211
41043208
41057185
41071201
41085136
41099143
41113109
41127034
41141063
41154994
41169053
41183114
41197131
41211116
41225098
41239146
41253056
41267100
41281055
41295039
41309019
41322941
41336958
41350948
41364895
41378846
41392815
41406745
41420736
41434698
41448701
41462566
41476639
41490546
41504556
41518486
41532548
41546467
41560404
41574383
41588411
41602434
41616441
41630448
41644472
41658476
41672510
41686520
41700415
41714338
41728303
41742197
41756288
41770270
41784224
41798234
41812200
41826112
41840023
41854056
41868127
41882130
41896031
41910014
41923959
41937880
41951934
41965869
41979866
41993869
42007893
42021945
42035930
42049925
42063838
42077817
42091880
42105830
42119788
42133872
42147873
42161905
42175817
42189923
42204009
42217925
42231878
42245802
42259750
42273666
42287664
42301556
42315529
42329554
42343520
42357526
42371582
42385609
42399530
42413639
42427752
42441642
42455684
42469626
42483608
42497572
42511529
42525525
42539477
42553421
42567356
42581327
42595318
42609315
42623201
42637181
42651135
42665080
42679085
42693042
42706996
42721055
42735057
42749115
42763093
42777080
42791069
42805064
42819175
42833226
42847183
42861177
42875145
42889001
42902923
42916887
42930903
42944958
42958962
42972977
42986965
43000937
43014886
43028939
43043077
43057074
43071062
43085020
43099063
43112999
43127025
43140988
43154905
43168858
43182816
43196745
43210777
43224813
43238807
43252808
43266877
43280933
43294945
43308885
43322785
43336759
43350683
43364654
43378696
43392692
43406693
43420683
43434571
43448498
43462457
43476363
43490290
43504196
43518158
43532143
43546127
43560112
43574070
43588085
43602041
43616091
43630133
43644051
43657886
43671930
43685880
43699752
43713687
43727717
43741711
43755682
43769721
43783720
43797585
43811625
43825685
43839711
43853751
43867775
43881822
43895795
43909757
43923706
43937628
43951689
43965717
43979669
43993648
44007653
44021660
44035695
44049650
44063685
44077596
44091611
44105701
44119667
44133587
44147503
44161476
44175410
44189395
44203322
44217301
44231259
44245188
44259187
44273239
44287213
44301177
44315104
44328977
44342979
44356984
44370962
44384942
44398949
44412946
44426878
44440829
44454898
44468842
44482839
44496846
44510916
44524889
44538970
44552930
44566823
44580769
44594695
44608662
44622661
44636558
44650509
44664433
44678505
44692391
44706274
44720310
44734240
44748233
44762140
44776142
44790159
44804217
44818268
44832200
44846091
44859921
44873852
44887799
44901707
44915649
44929647
44943570
44957526
44971514
44985449
44999429
45013358
45027362
45041269
45055216
45069277
45083288
45097309
45111266
45125240
45139239
45153269
45167357
45181363
45195302
45209401
45223419
45237425
45251431
45265352
45279376
45293312
45307321
45321312
45335254
45349186
45363129
45377062
45391008
45405029
45418958
45432964
45446900
45460908
45474843
45488844
45502864
45516706
45530783
45544812
45558805
45572773
45586818
45600880
45614943
45628941
45642994
45656939
45670866
45684809
45698748
45712652
45726618
45740651
45754765
45768681
45782666
45796768
45810731
45824706
45838654
45852603
45866537
45880475
45894443
45908346
45922383
45936354
45950245
45964208
45978170
45992185
46006105
46020117
46034116
46048055
46062157
46076240
46090198
46104121
46118116
46132135
46146111
46160162
46174210
46188275
46202295
46216247
46230282
46244173
46258117
46272085
46286024
46299965
46313989
46327913
46341883
46355991
46370030
46384033
46398099
46412007
46425905
46439817
46453869
46467834
46481846
46495810
46509757
46523839
46537811
46551875
46565891
46579841
46593898
46607816
46621823
46635846
46649807
46663853
46677889
46691908
46705947
46719885
46733917
46747892
46761804
46775792
46789703
46803620
46817623
46831602
46845560
46859596
46873578
46887520
46901499
46915653
46929501
46943478
46957536
46971516
46985596
46999657
47013654
47027671
47041722
47055751
47069714
47083651
47097700
47111652
47125569
47139370
47153338
47167285
47181305
47195317
47209246
47223185
47237184
47251120
47265060
47279068
47293228
47307194
47321105
47335118
47349073
47363044
47377019
47391073
47404964
47418841
47432809
47446754
47460598
47474613
47488539
47502486
47516522
47530425
47544364
47558339
47572263
47586209
47600323
47614240
47628206
47642241
47656192
47670187
47684241
47698231
47712191
47726200
47740212
47754178
47768089
47782128
47796045
47810011
47823974
47837931
47851868
47865922
47879987
47894075
47907992
47922061
47936061
47950006
47964010
47977924
47991862
48005842
48019736
48033598
48047568
48061448
48075321
48089278
48103170
48117202
48131323
48145356
48159356
48173236
48187154
48201066
48215119
48229022
48243030
48256972
48270899
48284952
48298840
48312852
48326839
48340895
48354894
48368998
48382977
48397005
48410958
48424797
48438716
48452671
48466742
48480790
48494825
48508831
48522804
48536759
48550706
48564581
48578571
48592658
48606715
48620605
48634572
48648621
48662581
48676559
48690639
48704542
48718506
48732547
48746586
48760602
48774631
48788566
48802475
48816568
48830504
48844403
48858384
48872349
48886295
48900289
48914305
48928332
48942353
48956448
48970478
48984315
48998265
49012202
49026157
49040031
49053927
49067928
49082040
49096023
49110084
49124036
49137901
49151862
49165867
49179722
49193642
49207613
49221546
49235497
49249524
49263517
49277487
49291428
49305453
49319519
49333522
49347470
49361599
49375592
49389589
49403607
49417653
49431710
49445781
49459759
49473838
49487804
49501770
49515730
49529693
49543658
49557675
49571757
49585633
49599592
49613627
49627612
49641552
49655432
49669524
49683563
49697575
49711660
49725656
49739697
49753584
49767575
49781617
49795627
49809646
49823638
49837709
49851725
49865696
49879680
49893699
49907780
49921677
49935603
49949680
49963750
49977669
49991724
50005675
50019678
50033654
50047759
50061730
50075656
50089778
50103741
50117755
50131698
50145609
50159556
50173553
50187602
50201566
50215477
50229413
50243308
50257270
50271230
50285196
50299113
50313162
50327114
50341051
50355016
50368979
50382980
50397046
50411027
50425032
50438943
50452939
50466928
50480995
50494971
50509070
50523146
50537052
50551069
50564957
50578974
50592869
50606894
50620863
50634747
50648684
50662744
50676654
50690723
50704856
50718845
50732872
50746857
50760783
50774797
50788777
50802774
50816684
50830665
50844646
50858665
50872620
50886595
50900427
50914490
50928468
50942458
50956418
50970429
50984417
50998380
51012358
51026453
51040529
51054404
51068262
51082210
51096209
51110104
51124028
51138075
51151988
51165899
51179932
51194033
51207968
51221976
51236014
51250026
51264037
51277979
51292001
51305883
51319853
51333853
51347823
51361803
51375780
51389707
51403655
51417730
51431786
51445666
51459725
51473636
51487578
51501554
51515565
51529575
51543510
51557458
51571392
51585441
51599374
51613351
51627358
51641358
51655332
51669287
51683286
51697224
51711245
51725255
51739269
51753222
51767144
51781121
51795126
51809141
51823111
51837106
51851116
51865181
51879214
51893202
51907169
51921018
51935030
51949034
51963071
51977015
51991018
52005113
52019190
52033146
52047077
52061003
52074924
52088910
52102951
52116892
52130867
52144774
52158767
52172803
52186831
52200879
52214789
52228832
52242844
52256934
52270994
52285009
52299049
52313083
52327082
52341076
52355017
52368954
52382918
52396949
52410878
52424800
52438711
52452640
52466644
52480615
52494648
52508555
52522505
52536368
52550356
52564343
52578284
52592317
52606236
52620294
52634210
52648123
52662125
52676060
52689963
52703897
52717847
52731901
52745882
52759938
52773965
52787938
52801935
52815877
52829829
52843732
52857674
52871576
52885536
52899594
52913532
52927407
52941356
52955378
52969423
52983309
52997226
53011168
53025176
53039108
53053134
53067065
53080995
53094996
53108826
53122929
53136827
53150766
53164615
53178533
53192502
53206462
53220531
53234506
53248553
53262511
53276515
53290388
53304266
53318213
53332239
53346125
53360087
53374124
53388151
53402026
53416077
53430009
53443952
53457986
53471935
53485924
53500004
53513985
53527961
53541939
53555899
53569983
53583960
53597964
53611970
53625934
53639882
53653756
53667764
53681673
53695726
53709676
53723568
53737501
53751481
53765375
53779269
53793174
53807108
53821054
53834970
53848783
53862813
53876762
53890732
53904656
53918753
53932794
53946761
53960751
53974669
53988689
54002662
54016627
54030575
54044542
54058477
54072539
54086603
54100550
54114610
54128514
54142400
54156369
54170264
54184192
54198215
54212227
54226284
54240241
54254231
54268189
54282129
54296128
54310187
54324158
54338216
54352319
54366294
54380374
54394415
54408376
54422304
54436207
54450229
54464237
54478186
54492079
54506025
54519983
54533861
54547836
54561743
54575775
54589766
54603816
54617789
54631746
54645685
54659722
54673619
54687552
54701616
54715531
54729427
54743419
54757449
54771412
54785381
54799415
54813338
54827309
54841275
54855271
54869133
54883089
54897077
54911050
54925127
54939065
54953065
54967116
54981021
54995084
55009052
55023013
55037019
55051080
55065089
55079047
55093098
55107024
55120947
55134962
55148908
55162819
55176819
55190796
55204867
55218801
55232858
55246835
55260863
55274880
55288795
55302760
55316674
55330562
55344544
55358548
55372380
55386408
55400464
55414421
55428427
55442401
55456322
55470285
55484260
55498321
55512222
55526205
55540140
55554110
55568106
55582182
55596171
55610138
55624150
55638146
55652177
55666237
55680248
55694363
55708362
55722349
55736354
55750355
55764349
55778300
55792220
55806184
55820092
55834011
55847963
55861943
55876009
55889939
55903915
55917894
55931832
55945821
55959802
55973764
55987748
56001734
56015612
56029625
56043615
56057707
56071604
56085543
56099511
56113511
56127412
56141298
56155329
56169220
56183268
56197268
56211311
56225178
56238993
56252934
56266983
56280955
56294878
56308773
56322690
56336777
56350679
56364580
56378552
56392448
56406446
56420353
56434357
56448396
56462373
56476263
56490249
56504203
56518235
56532235
56546164
56560135
56574081
56588013
56601819
56615726
56629776
56643732
56657742
56671671
56685513
56699399
56713376
56727359
56741391
56755281
56769141
56783108
56797060
56811078
56825058
56838937
56852962
56866888
56880906
56894932
56908895
56922891
56936901
56950797
56964773
56978792
56992777
57006679
57020735
57034735
57048738
57062724
57076683
57090714
57104762
57118726
57132690
57146698
57160739
57174675
57188598
57202472
57216368
57230360
57244328
57258397
57272444
57286299
57300253
57314192
57328172
57342086
57356060
57370037
57384051
57398094
57412101
57425991
57439985
57453998
57468004
57482087
57496028
57509931
57523926
57537967
57551954
57565943
57579998
57593965
57608002
57621910
57635870
57649814
57663795
57677717
57691749
57705728
57719668
57733608
57747646
57761639
57775511
57789537
57803451
57817471
57831500
57845458
57859393
57873389
57887348
57901275
57915224
57929120
57943066
57956942
57971004
57984990
57999065
58013031
58026838
58040791
58054749
58068722
58082694
58096757
58110691
58124630
58138577
58152622
58166492
58180466
58194387
58208350
58222309
58236321
58250372
58264349
58278322
58292326
58306305
58320277
58334236
58348167
58362133
58376149
58390122
58404065
58418025
58431939
58445860
58459874
58473788
58487758
58501775
58515741
58529672
58543659
58557653
58571690
58585684
58599701
58613641
58627545
58641558
58655571
58669582
58683685
58697670
58711695
58725726
58739692
58753710
58767700
58781680
58795526
58809382
58823341
58837293
58851192
58865242
58879208
58893117
58907156
58921159
58935196
58949196
58963243
58977201
58991256
59005344
59019331
59033284
59047255
59061132
59075050
59089047
59102996
59116942
59130898
59144933
59159030
59173136
59187081
59201000
59215040
59229113
59243093
59257055
59271023
59285049
59298927
59312882
59326850
59340826
59354872
59368918
59382853
59396740
59410861
59424829
59438857
59452837
59466762
59480708
59494701
59508757
59522660
59536664
59550549
59564561
59578537
59592463
59606570
59620594
59634541
59648391
59662418
59676481
59690413
59704343
59718357
59732415
59746277
59760191
59774244
59788163
59802149
59816146
59830064
59844031
59857879
59871887
59885951
59900009
59913955
59927992
59941991
59955875
59969911
59983879
59997845
60011755
60025766
60039764
60053794
60067776
60081668
60095705
60109687
60123680
60137740
60151713
60165666
60179647
60193628
60207710
60221672
60235579
60249563
60263549
60277613
60291587
60305540
60319513
60333500
60347439
60361328
60375312
60389174
60403227
60417187
60431104
60445113
60459055
60473036
60487043
60500850
60514766
60528743
60542652
60556493
60570470
60584405
60598237
60612261
60626246
60640268
60654286
60668328
60682304
60696298
60710199
60724153
60738149
60752163
60766125
60780098
60794122
60808096
60822085
60836110
60850137
60864126
60878177
60892117
60906102
60920073
60933983
60948026
60962072
60976027
60990110
61004081
61018006
61031889
61045850
61059847
61073778
61087654
61101718
61115673
61129708
61143729
61157806
61171722
61185710
61199649
61213669
61227645
61241546
61255524
61269477
61283488
61297438
61311506
61325407
61339345
61353307
61367330
61381252
61395370
61409397
61423254
61437310
61451294
61465305
61479235
61493305
61507334
61521335
61535200
61549123
61563065
61576982
61590998
61605078
61619003
61632938
61646888
61660883
61674871
61688855
61702847
61716807
61730753
61744725
61758812
61772834
61786837
61800861
61814847
61828856
61842823
61856780
61870721
61884773
61898841
61912820
61926879
61940783
61954807
61968799
61982750
61996680
62010723
62024763
62038731
62052792
62066739
62080746
62094699
62108766
62122674
62136697
62150732
62164667
62178647
62192724
62206750
62220647
62234597
62248612
62262624
62276513
62290434
62304450
62318425
62332416
62346388
62360345
62374249
62388292
62402254
62416294
62430316
62444375
62458472
62472495
62486506
62500524
62514456
62528540
62542578
62556511
62570502
62584497
62598559
62612552
62626549
62640564
62654445
62668427
62682475
62696445
62710416
62724551
62738547
62752523
62766525
62780629
62794677
62808551
62822578
62836474
62850496
62864515
62878515
62892462
62906491
62920422
62934442
62948413
62962429
62976502
62990401
63004433
63018369
63032174
63046062
63060037
63074019
63087994
63102018
63115966
63129841
63143826
63157753
63171690
63185750
63199700
63213711
63227752
63241741
63255754
63269751
63283646
63297702
63311639
63325505
63339474
63353415
63367346
63381295
63395202
63409137
63423109
63436992
63451013
63464935
63478907
63492831
63506872
63520963
63534995
63548938
63562914
63576885
63590830
63604792
63618889
63632840
63646830
63660773
63674787
63688812
63702742
63716833
63730892
63744823
63758700
63772698
63786737
63800689
63814697
63828642
63842705
63856655
63870676
63884693
63898687
63912657
63926675
63940656
63954673
63968737
63982740
63996661
64010660
64024636
64038594
64052637
64066608
64080698
64094723
64108687
64122701
64136675
64150713
64164771
64178757
64192728
64206647
64220661
64234631
64248592
64262593
64276546
64290454
64304440
64318435
64332441
64346425
64360422
64374484
64388432
64402333
64416252
64430225
64444213
64458115
64472063
64486026
64499908
64513767
64527725
64541719
64555650
64569617
64583664
64597671
64611645
64625560
64639527
64653565
64667556
64681436
64695363
64709315
64723259
64737120
64751143
64765115
64779041
64793008
64807019
64821109
64835046
64849107
64863021
64877080
64891059
64905099
64919042
64933137
64947063
64961000
64974916
64988842
65002852
65016755
65030663
65044675
65058688
65072700
65086600
65100671
65114717
65128706
65142595
65156559
65170599
65184549
65198524
65212516
65226436
65240410
65254456
65268438
65282415
65296289
65310287
65324179
65338131
65352146
65366215
65380153
65394113
65408130
65422097
65436111
65450104
65463990
65478037
65492004
65505918
65519901
65533856
65547787
65561689
65575570
65589557
65603488
65617468
65631408
65645472
65659501
65673500
65687515
65701497
65715486
65729514
65743537
65757544
65771462
65785403
65799428
65813426
65827331
65841226
65855288
65869339
65883309
65897223
65911186
65925292
65939326
65953343
65967316
65981243
65995202
66009314
66023259
66037281
66051367
66065366
66079306
66093375
66107277
66121181
66135321
66149276
66163250
66177301
66191266
66205202
66219163
66233081
66247093
66261104
66274941
66288908
66302929
66316859
66330793
66344770
66358802
66372809
66386794
66400758
66414807
66428792
66442818
66456722
66470812
66484857
66498906
66512909
66526883
66540728
66554749
66568762
66582777
66596697
66610819
66624748
66638764
66652732
66666741
66680742
66694718
66708669
66722692
66736613
66750553
66764534
66778447
66792418
66806285
66820265
66834336
66848243
66862191
66876184
66890115
66904176
66918156
66932073
66946118
66960032
66974113
66988100
67002183
67016193
67030198
67044144
67058063
67072173
67086187
67100191
67114090
67128086
67142024
67155979
67169889
67183833
67197830
67211756
67225752
67239717
67253670
67267563
67281650
67295670
67309641
67323602
67337560
67351573
67365545
67379507
67393492
67407467
67421493
67435522
67449525
67463580
67477581
67491570
67505533
67519527
67533618
67547652
67561747
67575697
67589700
67603731
67617696
67631736
67645708
67659663
67673574
67687617
67701682
67715586
67729563
67743588
67757672
67771656
67785657
67799643
67813584
67827521
67841555
67855562
67869513
67883431
67897485
67911535
67925566
67939563
67953526
67967472
67981500
67995468
68009447
68023420
68037352
68051362
68065473
68079479
68093350
68107323
68121487
68135501
68149563
68163597
68177620
68191559
68205509
68219569
68233579
68247636
68261540
68275491
68289506
68303503
68317500
68331479
68345376
68359382
68373460
68387504
68401531
68415494
68429476
68443607
68457591
68471658
68485678
68499655
68513676
68527606
68541673
68555648
68569600
68583621
68597573
68611600
68625652
68639624
68653573
68667587
68681618
68695573
68709615
68723622
68737562
68751609
68765603
68779506
68793455
68807446
68821373
68835462
68849515
68863534
68877466
68891441
68905360
68919387
68933319
68947413
68961230
68975177
68989310
69003366
69017374
69031398
69045333
69059213
69073193
69087192
69101187
69115169
69129131
69143147
69157014
69170985
69184939
69198934
69212959
69226860
69240845
69254803
69268829
69282677
69296749
69310676
69324620
69338493
69352470
69366400
69380337
69394311
69408254
69422243
69436269
69450314
69464278
69478235
69492230
69506309
69520277
69534303
69548383
69562364
69576338
69590257
69604085
69618137
69632155
69646137
69660105
69674066
69688024
69701928
69715887
69729834
69743781
69757762
69771704
69785629
69799586
69813635
69827579
69841555
69855482
69869557
69883449
69897358
69911329
69925236
69939231
69953205
69967141
69981081
69995046
70009012
70022929
70036929
70050886
70064882
70078838
70092827
70106679
70120542
70134493
70148505
70162531
70176503
70190582
70204598
70218520
70232541
70246534
70260534
70274522
70288429
70302418
70316407
70330485
70344429
70358519
70372380
70386428
70400356
70414344
70428347
70442420
70456499
70470445
70484461
70498455
70512463
70526401
70540286
70554255
70568330
70582297
70596225
70610213
70624192
70638203
70652142
70666253
70680190
70694106
70708021
70721961
70735878
70749959
70763901
70777921
70791899
70805952
70819965
70833893
70847958
70861928
70875879
70889863
70903809
70917706
70931748
70945710
70959717
70973711
70987621
71001577
71015575
71029614
71043646
71057625
71071549
71085580
71099625
71113617
71127539
71141648
71155684
71169668
71183646
71197632
71211700
71225678
71239738
71253652
71267649
71281666
71295640
71309730
71323767
71337691
71351670
71365572
71379471
71393398
71407392
71421397
71435420
71449497
71463438
71477341
71491380
71505336
71519362
71533312
71547310
71561307
71575225
71589293
71603190
71617166
71631159
71645070
71659001
71672993
71686930
71700817
71714747
71728697
71742518
71756590
71770524
71784493
71798439
71812409
71826345
71840184
71854119
71868010
71882021
71896025
71910061
71924113
71938162
71952164
71966106
71980045
71993988
72008003
72022019
72035981
72049887
72063806
72077757
72091806
72105917
72119886
72133816
72147756
72161792
72175762
72189764
72203758
72217791
72231785
72245681
72259701
72273708
72287604
72301518
72315436
72329509
72343570
72357645
72371653
72385554
72399539
72413417
72427364
72441461
72455409
72469465
72483470
72497593
72511588
72525587
72539603
72553570
72567574
72581620
72595692
72609549
72623537
72637520
72651464
72665541
72679534
72693475
72707390
72721365
72735261
72749235
72763303
72777357
72791438
72805444
72819378
72833260
72847210
72861204
72875094
72889122
72903142
72917143
72931147
72945009
72958982
72973047
72987124
73001150
73015094
73029048
73043050
73057127
73070979
73084915
73098803
73112765
73126699
73140643
73154548
73168614
73182545
73196607
73210578
73224513
73238507
73252447
73266513
73280465
73294435
73308421
73322467
73336396
73350341
73364374
73378421
73392415
73406444
73420504
73434623
73448668
73462659
73476625
73490551
73504513
73518463
73532442
73546456
73560467
73574346
73588382
73602322
73616258
73630269
73644265
73658307
73672205
73686278
73700302
73714347
73728405
73742333
73756370
73770300
73784404
73798294
73812297
73826153
73840121
73854095
73868158
73882100
73896008
73909969
73924017
73937922
73951921
73965950
73979855
73993871
74007830
74021793
74035768
74049771
74063759
74077677
74091709
74105705
74119667
74133613
74147615
74161620
74175599
74189578
74203532
74217537
74231471
74245468
74259434
74273331
74287324
74301383
74315425
74329468
74343497
74357479
74371463
74385432
74399464
74413399
74427340
74441343
74455316
74469316
74483344
74497476
74511467
74525508
74539487
74553481
74567344
74581310
74595375
74609232
74623213
74637266
74651219
74665116
74679128
74693123
74707097
74721073
74735092
74749139
74763104
74777045
74791076
74805045
74819050
74833107
74847156
74861266
74875239
74889361
74903260
74917342
74931469
74945463
74959411
74973495
74987466
75001564
75015574
75029525
75043613
75057653
75071561
75085463
75099460
75113464
75127462
75141480
75155442
75169475
75183456
75197473
75211532
75225548
75239575
75253534
75267568
75281529
75295477
75309380
75323353
75337427
75351301
75365251
75379264
75393274
75407295
75421348
75435259
75449145
75463107
75477082
75491068
75505127
75519120
75533132
75547153
75561075
75575017
75588955
75602915
75616949
75630922
75644815
75658807
75672747
75686702
75700664
75714672
75728631
75742638
75756671
75770617
75784518
75798502
75812602
75826665
75840633
75854631
75868556
75882549
75896576
75910620
75924623
75938577
75952398
75966358
75980253
75994183
76008234
76022270
76036311
76050341
76064359
76078354
76092301
76106261
76120145
76134082
76147984
76161931
76175959
76189983
76204052
76218043
76232132
76246081
76260063
76274127
76288079
76302073
76316011
76329939
76343860
76357868
76371865
76385956
76400003
76413965
76427899
76441945
76455927
76469876
76483794
76497748
76511679
76525572
76539577
76553663
76567629
76581505
76595537
76609491
76623561
76637553
76651539
76665532
76679512
76693380
76707384
76721299
76735278
76749253
76763150
76777138
76791071
76804970
76818984
76833047
76847030
76860991
76874997
76888982
76902909
76916783
76930757
76944698
76958623
76972719
76986637
77000553
77014467
77028389
77042373
77056416
77070380
77084420
77098295
77112247
77126308
77140312
77154305
77168220
77182189
77196130
77210130
77224141
77238060
77252084
77266124
77280019
77293952
77307985
77321958
77336055
77349999
77364078
77378029
77391935
77405874
77419954
77434011
77447953
77461900
77475972
77490033
77504032
77517892
77531885
77545910
77559929
77573944
77587988
77601921
77615892
77629839
77643830
77657829
77671686
77685639
77699559
77713583
77727558
77741437
77755426
77769513
77783549
77797494
77811383
77825341
77839311
77853257
77867226
77881219
77895181
77909082
77923143
77937254
77951214
77965268
77979321
77993264
78007234
78021199
78035202
78049181
78063209
78077224
78091133
78105113
78119054
78132996
78146930
78160896
78174992
78188963
78202998
78216894
78230884
78244731
78258774
78272827
78286807
78300814
78314786
78328787
78342736
78356691
78370675
78384604
78398596
78412616
78426564
78440527
78454454
78468514
78482462
78496419
78510395
78524332
78538268
78552265
78566195
78580128
78594189
78608260
78622213
78636165
78650009
78663917
78677942
78691869
78705839
78719857
78733849
78747805
78761801
78775800
78789736
78803606
78817654
78831652
78845495
78859545
78873526
78887470
78901455
78915470
78929462
78943404
78957334
78971220
78985176
78999162
79013101
79027092
79041127
79055122
79069032
79083045
79097026
79110961
79124927
79138911
79152912
79166878
79180964
79194942
79208875
79222876
79236901
79250868
79264806
79278756
79292652
79306632
79320551
79334513
79348382
79362384
79376353
79390367
79404365
79418388
79432315
79446265
79460166
79474128
79488138
79502047
79515966
79529929
79543919
79557805
79571691
79585747
79599902
79613966
79627999
79641986
79655940
79669919
79683850
79697803
79711754
79725752
79739632
79753537
79767526
79781519
79795513
79809513
79823446
79837530
79851470
79865415
79879410
79893413
79907222
79921188
79935204
79949276
79963235
79977260
79991278
80005204
80019172
80033117
80047129
80061171
80075172
80089129
80103121
80117092
80130983
80144978
80158918
80172919
80186884
80200814
80214724
80228758
80242726
80256707
80270650
80284594
80298541
80312463
80326441
80340428
80354387
80368410
80382398
80396366
80410300
80424380
80438452
80452420
80466303
80480111
80494180
80508189
80522016
80536075
80550103
80564107
80578096
80592025
80606117
80620148
80634109
80648064
80662058
80676055
80689991
80704087
80718056
80732105
80746046
80759939
80773861
80787831
80801617
80815543
80829477
80843429
80857390
80871456
80885437
80899438
80913506
80927510
80941448
80955362
80969487
80983465
80997490
81011417
81025261
81039237
81053155
81067173
81081204
81095069
81108949
81122915
81136809
81150728
81164804
81178881
81192833
81206800
81220804
81234717
81248752
81262684
81276661
81290613
81304632
81318534
81332422
81346421
81360341
81374358
81388391
81402448
81416515
81430401
81444307
81458219
81472208
81486203
81500183
81514160
81528138
81542170
81556132
81569999
81583988
81597908
81611893
81625857
81639855
81653936
81667983
81681957
81696020
81710040
81724020
81737996
81751971
81765911
81779924
81793939
81807878
81821909
81835799
81849824
81863874
81877867
81891875
81905777
81919682
81933583
81947630
81961520
81975517
81989442
82003415
82017422
82031400
82045375
82059302
82073343
82087358
82101382
82115358
82129223
82143229
82157287
82171227
82185122
82199126
82213154
82227151
82241185
82255165
82269151
82283159
82297105
82311037
82324990
82338967
82352915
82366929
82380958
82394951
82408920
82422905
82436873
82450901
82464849
82478789
82492796
82506797
82520773
82534755
82548697
82562682
82576723
82590649
82604550
82618479
82632421
82646420
82660418
82674461
82688457
82702478
82716495
82730472
82744326
82758256
82772217
82786183
82800104
82814123
82828044
82841978
82856107
82870078
82884100
82898005
82911928
82925951
82939813
82953721
82967708
82981716
82995654
83009682
83023708
83037695
83051558
83065476
83079372
83093411
83107361
83121381
83135378
83149358
83163312
83177345
83191343
83205255
83219233
83233244
83247275
83261181
83275246
83289249
83303220
83317173
83331267
83345264
83359213
83373155
83387090
83401121
83414998
83428899
83442934
83456887
83470874
83484816
83498745
83512708
83526632
83540604
83554572
83568620
83582597
83596574
83610630
83624649
83638681
83652626
83666602
83680575
83694508
83708558
83722547
83736614
83750580
83764521
83778504
83792479
83806476
83820430
83834452
83848481
83862472
83876370
83890429
83904435
83918435
83932486
83946385
83960324
83974298
83988292
84002273
84016306
84030302
84044330
84058201
84072209
84086195
84100292
84114192
84128247
84142312
84156335
84170350
84184360
84198448
84212456
84226450
84240521
84254582
84268567
84282535
84296529
84310482
84324404
84338384
84352365
84366277
84380248
84394307
84408303
84422274
84436234
84450136
84464078
84478001
84492065
84506190
84520093
84534124
84547984
84561904
84575850
84589821
84603791
84617868
84631826
84645804
84659714
84673628
84687575
84701543
84715616
84729653
84743522
84757436
84771411
84785497
84799432
84813335
84827319
84841307
84855204
84869212
84883057
84897012
84910982
84924985
84939018
84953013
84966961
84980893
84994994
85008994
85022987
85036965
85050882
85064831
85078793
85092761
85106689
85120643
85134653
85148706
85162628
85176555
85190517
85204575
85218446
85232375
85246359
85260389
85274356
85288318
85302365
85316317
85330298
85344259
85358236
85372186
85386213
85400182
85414267
85428296
85442277
85456271
85470250
85484206
85498156
85512186
85526239
85540112
85554155
85568188
85582141
85596062
85610065
85624057
85638023
85651907
85665900
85679948
85693912
85707860
85721890
85735894
85749863
85763902
85777881
85791834
85805822
85819819
85833907
85847925
85861959
85875922
85889908
85903880
85917841
85931846
85945843
85959719
85973705
85987705
86001675
86015695
86029626
86043620
86057527
86071465
86085409
86099282
86113280
86127256
86141354
86155359
86169323
86183280
86197234
86211216
86225153
86239163
86253058
86267032
86280898
86294984
86308980
86322927
86336812
86350815
86364763
86378708
86392632
86406640
86420586
86434549
86448527
86462486
86476452
86490543
86504456
86518345
86532321
86546280
86560248
86574194
86588166
86602253
86616254
86630259
86644257
86658234
86672188
86686175
86700185
86714205
86728096
86741973
86755984
86769977
86784028
86797951
86811908
86825973
86839931
86853849
86867860
86881843
86895830
86909763
86923842
86937813
86951789
86965741
86979758
86993754
87007716
87021682
87035616
87049530
87063507
87077490
87091474
87105484
87119522
87133474
87147412
87161360
87175385
87189441
87203460
87217410
87231418
87245404
87259360
87273427
87287460
87301380
87315385
87329282
87343264
87357192
87371156
87385135
87399124
87413082
87427040
87441028
87455025
87469036
87482983
87496981
87510987
87524957
87538892
87552990
87566925
87580977
87594986
87609003
87622932
87636867
87650845
87664873
87678838
87692856
87706829
87720901
87734887
87748822
87762837
87776828
87790759
87804779
87818727
87832696
87846627
87860584
87874661
87888696
87902609
87916572
87930500
87944399
87958494
87972576
87986541
88000588
88014617
88028634
88042606
88056538
88070466
88084482
88098512
88112464
88126374
88140263
88154196
88168211
88182214
88196225
88210152
88224140
88238140
88252236
88266243
88280275
88294164
88308124
88322158
88336261
88350328
88364254
88378201
88392169
88406170
88420138
88434125
88448115
88462109
88476040
88489970
88503922
88517913
88531857
88545833
88559810
88573850
88587931
88601925
88615840
88629838
88643889
88657889
88671859
88685820
88699691
88713697
88727674
88741604
88755500
88769478
88783492
88797483
88811414
88825472
88839547
88853512
88867507
88881565
88895437
88909351
88923345
88937283
88951286
88965294
88979319
88993288
89007290
89021264
89035263
89049188
89063183
89077261
89091314
89105206
89119167
89133190
89147147
89161124
89175094
89189184
89203189
89217242
89231267
89245265
89259283
89273243
89287184
89301200
89315143
89329128
89343139
89357129
89371088
89385105
89399102
89413105
89427120
89441016
89454866
89468854
89482800
89496763
89510787
89524781
89538779
89552851
89566937
89581078
89595034
89609082
89623006
89637001
89651066
89665048
89678989
89692942
89706966
89720951
89734911
89748848
89762721
89776635
89790594
89804541
89818583
89832525
89846434
89860329
89874348
89888281
89902290
89916265
89930159
89944138
89958159
89972145
89986055
90000040
90014064
90028053
90042033
90056088
90070018
90084055
90097997
90111928
90125988
90139885
90153917
90167969
90181938
90195877
90209884
90223837
90237849
90251779
90265786
90279627
90293670
90307652
90321595
90335387
90349419
90363369
90377405
90391310
90405327
90419354
90433343
90447326
90461297
90475307
90489313
90503297
90517321
90531256
90545261
90559215
90573228
90587239
90601180
90615083
90628989
90643025
90656973
90670885
90684912
90698937
90712888
90726897
90740945
90754791
90768715
90782751
90796746
90810686
90824638
90838627
90852536
90866479
90880532
90894537
90908558
90922494
90936579
90950599
90964581
90978418
90992357
91006312
91020248
91034275
91048346
91062290
91076276
91090230
91104211
91118160
91132185
91146200
91160149
91174163
91188160
91202247
91216172
91230168
91244093
91258049
91272092
91286039
91300084
91314106
91328035
91341973
91355955
91369973
91384075
91398011
91412020
91426040
91440009
91453972
91467914
91481798
91495684
91509646
91523504
91537405
91551399
91565419
91579388
91593343
91607325
91621296
91635216
91649227
91663229
91677250
91691169
91705197
91719163
91733180
91747069
91761118
91775199
91789155
91803199
91817195
91831053
91845008
91858996
91872914
91886957
91901042
91915115
91929049
91943030
91956915
91970999
91984956
91998967
92012944
92026864
92040812
92054882
92068793
92082769
92096739
92110657
92124632
92138605
92152540
92166508
92180527
92194460
92208386
92222368
92236352
92250358
92264274
92278310
92292219
92306124
92320112
92334116
92348047
92362127
92376135
92390189
92404089
92418134
92432128
92446038
92460008
92474048
92487870
92501817
92515688
92529675
92543665
92557584
92571553
92585591
92599431
92613253
92627209
92641045
92655090
92669128
92683128
92697139
92711069
92725012
92738965
92752862
92766819
92780893
92794912
92808845
92822767
92836765
92850691
92864583
92878527
92892528
92906480
92920505
92934523
92948463
92962447
92976450
92990489
93004503
93018519
93032453
93046334
93060265
93074287
93088255
93102236
93116283
93130269
93144188
93158179
93172119
93186172
93200220
93214280
93228243
93242226
93256274
93270244
93284189
93298203
93312079
93326016
93340020
93353979
93367979
93381921
93395893
93409892
93423911
93437759
93451804
93465800
93479806
93493739
93507826
93521765
93535785
93549788
93563732
93577686
93591670
93605720
93619766
93633672
93647657
93661555
93675541
93689504
93703412
93717377
93731358
93745325
93759379
93773345
93787325
93801316
93815243
93829204
93843199
93857136
93871205
93885150
93899218
93913090
93927033
93940875
93954803
93968857
93982781
93996728
94010655
94024752
94038814
94052792
94066674
94080698
94094652
94108708
94122654
94136636
94150592
94164645
94178612
94192586
94206607
94220525
94234486
94248384
94262351
94276401
94290330
94304235
94318262
94332208
94346198
94360137
94374072
94388129
94402110
94416079
94430070
94444002
94458069
94471959
94485908
94499909
94513876
94527853
94541824
94555799
94569755
94583691
94597659
94611656
94625729
94639809
94653612
94667610
94681676
94695712
94709630
94723650
94737589
94751464
94765468
94779518
94793574
94807536
94821589
94835491
94849487
94863537
94877557
94891580
94905662
94919654
94933535
94947537
94961494
94975472
94989387
95003409
95017354
95031353
95045268
95059282
95073326
95087362
95101360
95115256
95129200
95143172
95157154
95171080
95185186
95199158
95213240
95227218
95241262
95255263
95269338
95283395
95297362
95311396
95325293
95339151
95353131
95367054
95381088
95394983
95408859
95422744
95436650
95450574
95464636
95478667
95492717
95506767
95520819
95534811
95548791
95562736
95576713
95590694
95604759
95618731
95632679
95646673
95660676
95674699
95688682
95702588
95716590
95730575
95744570
95758492
95772422
95786388
95800411
95814357
95828321
95842304
95856338
95870309
95884376
95898294
95912292
95926278
95940309
95954220
95968181
95982220
95996172
96010216
96024202
96038182
96052169
96066190
96080198
96094178
96108210
96122195
96136111
96150041
96164095
96178099
96192046
96206103
96220039
96233950
96248033
96261998
96275875
96289743
96303624
96317542
96331482
96345390
96359386
96373400
96387425
96401411
96415417
96429378
96443392
96457351
96471476
96485509
96499598
96513534
96527579
96541535
96555588
96569535
96583526
96597421
96611233
96625243
96639205
96653213
96667275
96681212
96695208
96709162
96723228
96737240
96751230
96765188
96779219
96793092
96807074
96821135
96835152
96849100
96863140
96877071
96891029
96905017
96919009
96932997
96946954
96960905
96974762
96988736
97002820
97016858
97030771
97044775
97058785
97072695
97086782
97100812
97114853
97128886
97142818
97156826
97170735
97184704
97198689
97212680
97226701
97240652
97254636
97268655
97282719
97296609
97310598
97324566
97338561
97352519
97366609
97380640
97394620
97408544
97422482
97436468
97450486
97464417
97478377
97492391
97506334
97520259
97534117
97548065
97562030
97575996
97590009
97604021
97618012
97631908
97645990
97660038
97673973
97687994
97702177
97716107
97730152
97744107
97758052
97772000
97786060
97800053
97814125
97828037
97842126
97855996
97869903
97883885
97897848
97911875
97925957
97939904
97953926
97967849
97981702
97995622
98009603
98023568
98037591
98051570
98065540
98079515
98093501
98107585
98121644
98135634
98149686
98163690
98177687
98191664
98205658
98219654
98233661
98247631
98261621
98275633
98289601
98303502
98317521
98331506
98345500
98359581
98373589
98387607
98401580
98415555
98429610
98443569
98457521
98471454
98485405
98499371
98513299
98527318
98541293
98555218
98569075
98583075
98597100
98611005
98625004
98638854
98652796
98666770
98680796
98694749
98708803
98722829
98736767
98750703
98764716
98778682
98792729
98806690
98820672
98834686
98848628
98862589
98876588
98890607
98904588
98918643
98932602
98946577
98960620
98974592
98988549
99002509
99016573
99030554
99044515
99058516
99072496
99086556
99100494
99114571
99128545
99142473
99156531
99170341
99184362
99198346
99212300
99226331
99240329
99254164
99268173
99282263
99296300
99310259
99324179
99338181
99352141
99366203
99380096
99394006
99407921
99421881
99435833
99449813
99463830
99477725
99491768
99505690
99519625
99533583
99547549
99561546
99575583
99589492
99603437
99617589
99631542
99645504
99659475
99673481
99687467
99701426
99715331
99729354
99743355
99757310
99771311
99785270
99799214
99813167
99827068
99841059
99855008
99868938
99882990
99897017
99910988
99924937
99938880
99952942
99966929
99980898
99994851
100008751
100022797
100036716
100050782
100064749
100078858
100092830
100106775
100120782
100134754
100148735
100162714
100176746
100190784
100204782
100218905
100232874
100246997
100261013
100274921
100288948
100302944
100316956
100330933
100344929
100358853
100372872
100386811
100400779
100414780
100428697
100442687
100456718
100470687
100484692
100498674
100512778
100526790
100540761
100554815
100568843
100582777
100596802
100610778
100624728
100638680
100652682
100666632
100680647
100694628
100708654
100722680
100736675
100750555
100764591
100778505
100792472
100806451
100820448
100834434
100848417
100862474
100876484
100890449
100904380
100918441
100932335
100946353
100960345
100974279
100988236
101002192
101016235
101030232
101044254
101058276
101072291
101086391
101100403
101114390
101128426
101142386
101156321
101170207
101184208
101198144
101212161
101226188
101240246
101254185
101268167
101282073
101296130
101310161
101324145
101338132
101352072
101366064
101380007
101394075
101408052
101422051
101435981
101450022
101463936
101477922
101491946
101506012
101519921
101533907
101547916
101561975
101575961
101590046
101603928
101617936
101631929
101645917
101659935
101673834
101687741
101701704
101715781
101729805
101743799
101757700
101771569
101785559
101799587
101813574
101827592
101841575
101855580
101869507
101883540
101897454
101911482
101925505
101939319
101953394
101967420
101981289
101995273
102009256
102023221
102037182
102051225
102065261
102079199
102093202
102107263
102121094
102135036
102148952
102162909
102176842
102190853
102204801
102218832
102232712
102246597
102260566
102274600
102288631
102302586
102316656
102330585
102344507
102358435
102372377
102386341
102400339
102414337
102428296
102442374
102456318
102470327
102484488
102498632
102512589
102526586
102540577
102554606
102568638
102582688
102596733
102610658
102624693
102638623
102652550
102666489
102680449
102694582
102708606
102722585
102736627
102750616
102764735
102778711
102792713
102806673
102820593
102834636
102848666
102862768
102876794
102890816
102904865
102918780
102932702
102946745
102960751
102974633
102988578
103002564
103016591
103030549
103044453
103058363
103072278
103086381
103100403
103114263
103128222
103142125
103156140
103170182
103184190
103198083
103212075
103226001
103239942
103253923
103267924
103281864
103295873
103309822
103323795
103337826
103351819
103365735
103379719
103393562
103407534
103421455
103435567
103449550
103463600
103477544
103491559
103505501
103519520
103533534
103547604
103561654
103575638
103589647
103603649
103617654
103631449
103645430
103659365
103673406
103687422
103701399
103715433
103729488
103743467
103757396
103771465
103785401
103799342
103813269
103827260
103841268
103855336
103869324
103883266
103897299
103911284
103925226
103939208
103953168
103967291
103981250
103995316
104009281
104023308
104037205
104051169
104065178
104079170
104093214
104107235
104121168
104135154
104149183
104163101
104177064
104191014
104204935
104219000
104232951
104246846
104260711
104274595
104288644
104302627
104316629
104330654
104344511
104358622
104372686
104386642
104400687
104414698
104428634
104442569
104456595
104470648
104484567
104498549
104512474
104526517
104540475
104554420
104568424
104582355
104596379
104610292
104624331
104638309
104652279
104666227
104680223
104694199
104708132
104722087
104735998
104749846
104763863
104777900
104791957
104805991
104820059
104834108
104848110
104862131
104876108
104890079
104904002
104917837
104931858
104945760
104959723
104973736
104987789
105001846
105015791
105029753
105043673
105057678
105071592
105085597
105099703
105113706
105127679
105141634
105155557
105169553
105183629
105197576
105211514
105225527
105239547
105253544
105267482
105281421
105295315
105309286
105323373
105337370
105351405
105365389
105379420
105393452
105407488
105421514
105435565
105449521
105463503
105477424
105491348
105505381
105519343
105533379
105547310
105561231
105575207
105589180
105603121
105617086
105630997
105644949
105658997
105672920
105686800
105700691
105714716
105728694
105742774
105756810
105770767
105784750
105798755
105812750
105826654
105840683
105854711
105868596
105882519
105896497
105910552
105924570
105938570
105952523
105966514
105980546
105994512
106008512
106022508
106036449
106050489
106064489
106078465
106092469
106106355
106120361
106134359
106148233
106162245
106176245
106190230
106204202
106218202
106232214
106246176
106260200
106274107
106288016
106302059
106316079
106330128
106344075
106357880
106371772
106385747
106399719
106413639
106427681
106441651
106455628
106469651
106483665
106497786
106511647
106525663
106539600
106553584
106567573
106581517
106595520
106609525
106623556
106637476
106651486
106665477
106679426
106693480
106707456
106721405
106735345
106749272
106763097
106777107
106791089
106805159
106819147
106833184
106847241
106861120
106875108
106889113
106903164
106917213
106931213
106945214
106959252
106973236
106987098
107001021
107015039
107028953
107042941
107056963
107070943
107084968
107099039
107113060
107127119
107141119
107155032
107169064
107183086
107197065
107210938
107224917
107238742
107252756
107266839
107280758
107294832
107308889
107322886
107336860
107350782
107364682
107378787
107392930
107406797
107420778
107434939
107448994
107462976
107476891
107490971
107504942
107518936
107532968
107546925
107560938
107575020
107589041
107603225
107617311
107631352
107645264
107659186
107673110
107687142
107701125
107715097
107729131
107743042
107756981
107770998
107784917
107798897
107812933
107826934
107840976
107855069
107869033
107882884
107896819
107910782
107924678
107938670
107952694
107966643
107980696
107994646
108008700
108022737
108036730
108050703
108064669
108078679
108092689
108106704
108120661
108134557
108148515
108162566
108176551
108190551
108204714
108218719
108232620
108246587
108260592
108274511
108288473
108302392
108316293
108330327
108344378
108358231
108372262
108386214
108400107
108414101
108428158
108442165
108456206
108470254
108484234
108498198
108512135
108526084
108540040
108553949
108567878
108581801
108595824
108609765
108623690
108637759
108651632
108665611
108679581
108693601
108707617
108721518
108735496
108749442
108763458
108777459
108791526
108805539
108819502
108833481
108847469
108861570
108875587
108889559
108903499
108917515
108931463
108945500
108959519
108973422
108987341
109001260
109015275
109029160
109043197
109057218
109071321
109085313
109099242
109113189
109127092
109141046
109155039
109168995
109183036
109197044
109211080
109225101
109239071
109252990
109266950
109281012
109294938
109308963
109323032
109336971
109350969
109365044
109379108
109393053
109407011
109421021
109435014
109449048
109463066
109477065
109491016
109504978
109518941
109532785
109546762
109560696
109574673
109588584
109602471
109616457
109630485
109644431
109658356
109672298
109686219
109700163
109714142
109728122
109742085
109756047
109770031
109783981
109797943
109811923
109825911
109839895
109853885
109867863
109881778
109895787
109909787
109923713
109937704
109951746
109965760
109979667
109993655
110007662
110021681
110035655
110049581
110063406
110077302
110091376
110105411
110119410
110133368
110147312
110161397
110175372
110189223
110203323
110217271
110231209
110245223
110259265
110273286
110287367
110301316
110315398
110329292
110343261
110357146
110371165
110385086
110399069
110413045
110427077
110441051
110455079
110469019
110483044
110496989
110510934
110524862
110538761
110552824
110566744
110580619
110594656
110608642
110622622
110636590
110650599
110664602
110678528
110692477
110706400
110720328
110734290
110748243
110762191
110776207
110790152
110804154
110818220
110832054
110846025
110860077
110874095
110888009
110901964
110915822
110929867
110943806
110957922
110971870
110985854
110999754
111013763
111027624
111041661
111055644
111069597
111083742
111097663
111111749
111125701
111139753
111153693
111167634
111181603
111195545
111209515
111223405
111237377
111251350
111265325
111279308
111293224
111307260
111321293
111335215
111349047
111363053
111377026
111391101
111405153
111419243
111433169
111447147
111461181
111475126
111489056
111503036
111517013
111531004
111545047
111559122
111573151
111587082
111600977
111614980
111628928
111642945
111656954
111670970
111684996
111698947
111712966
111726917
111740980
111755055
111769104
111783100
111797093
111811105
111825124
111839144
111853130
111867102
111881183
111895161
111909200
111923318
111937211
111951269
111965353
111979368
111993434
112007382
112021461
112035507
112049586
112063549
112077511
112091429
112105351
112119289
112133488
112147401
112161298
112175195
112189283
112203340
112217231
112231321
112245332
112259325
112273206
112287197
112301277
112315206
112329171
112343195
112357215
112371175
112385129
112399126
112413089
112427111
112441072
112455122
112469063
112483012
112496950
112510877
112524896
112538760
112552731
112566769
112580748
112594754
112608736
112622795
112636783
112650708
112664688
112678645
112692658
112706679
112720721
112734690
112748695
112762666
112776552
112790618
112804524
112818539
112832530
112846487
112860560
112874544
112888457
112902336
112916328
112930361
112944289
112958232
112972204
112986135
113000016
113014058
113027980
113041902
113055944
113069967
113083945
113097846
113111904
113125881
113139877
113153926
113167933
113181938
113195848
113209809
113223814
113237808
113251775
113265796
113279785
113293767
113307746
113321661
113335518
113349469
113363493
113377374
113391347
113405236
113419156
113433060
113447087
113461036
113475064
113489072
113503145
113517050
113530977
113544964
113558979
113573035
113586994
113601081
113614997
113629051
113643068
113657018
113670964
113684917
113698890
113712833
113726841
113740947
113754936
113768888
113782966
113796887
113810844
113824882
113839027
113853090
113867015
113881019
113894963
113909014
113923101
113937116
113951164
113965110
113979096
113993110
114007166
114021167
114035064
114049078
114063205
114077264
114091204
114105172
114119229
114133283
114147195
114161272
114175265
114189273
114203214
114217246
114231236
114245262
114259210
114273211
114287203
114301252
114315269
114329230
114343271
114357285
114371381
114385377
114399364
114413377
114427356
114441420
114455524
114469525
114483533
114497498
114511644
114525585
114539589
114553556
114567548
114581570
114595432
114609382
114623384
114637274
114651235
114665188
114679170
114693100
114707169
114721096
114735214
114749255
114763202
114777224
114791147
114805131
114819057
114832963
114846944
114861007
114874912
114888994
114902999
114916986
114930923
114944900
114958856
114972881
114986794
115000868
115014811
115028745
115042738
115056802
115070796
115084736
115098754
115112758
115126795
115140862
115154905
115168825
115182831
115196782
115210713
115224708
115238738
115252707
115266688
115280594
115294576
115308567
115322496
115336626
115350619
115364676
115378648
115392667
115406637
115420691
115434660
115448630
115462568
115476584
115490571
115504576
115518500
115532532
115546496
115560445
115574540
115588462
115602565
115616558
115630430
115644462
115658392
115672387
115686356
115700339
115714345
115728326
115742287
115756245
115770309
115784254
115798315
115812347
115826330
115840275
115854299
115868205
115882207
115896205
115910298
115924203
115938192
115952161
115966174
115980136
115994138
116008109
116022155
116036089
116050144
116064071
116078077
116092182
116106228
116120303
116134216
116148192
116162258
116176286
116190285
116204266
116218243
116232132
116246057
116260104
116274089
116288174
116302155
116316133
116330131
116344149
116358144
116372176
116386221
116400092
116414144
116428072
116442096
116455996
116469950
116483950
116497956
116511966
116525977
116539956
116554002
116568000
116582012
116595995
116609917
116623976
116637895
116651914
116665891
116679798
116693855
116707866
116721898
116735884
116749916
116763873
116777881
116791795
116805863
116819856
116833828
116847787
116861706
116875693
116889640
116903638
116917625
116931640
116945673
116959625
116973530
116987493
117001587
117015622
117029605
117043511
117057482
117071386
117085350
117099301
117113368
117127289
117141194
117155147
117169025
117183015
117196993
117210970
117224932
117238815
117252817
117266824
117280871
117294861
117308812
117322827
117336896
117350761
117364713
117378747
117392643
117406600
117420575
117434652
117448590
117462642
117476695
117490692
117504649
117518563
117532516
117546596
117560675
117574652
117588620
117602501
117616491
117630512
117644466
117658460
117672525
117686552
117700498
117714480
117728367
117742386
117756310
117770249
117784312
117798225
117812197
117826200
117840186
117854140
117867991
117882044
117895889
117909902
117923865
117937859
117951773
117965830
117979819
117993867
118007901
118021913
118035925
118049916
118063893
118077840
118091725
118105762
118119730
118133680
118147652
118161550
118175432
118189511
118203443
118217401
118231252
118245246
118259240
118273152
118287132
118301090
118315162
118329198
118343188
118357197
118371166
118385073
118399054
118413056
118427100
118441077
118455106
118469113
118483157
118497114
118511128
118525077
118538983
118552932
118566807
118580782
118594704
118608630
118622637
118636582
118650536
118664488
118678399
118692352
118706306
118720404
118734439
118748350
118762280
118776308
118790181
118804163
118818117
118832009
118845886
118859691
118873624
118887616
118901598
118915521
118929516
118943450
118957443
118971397
118985388
118999416
119013389
119027376
119041412
119055392
119069366
119083429
119097333
119111303
119125288
119139207
119153185
119167149
119181071
119195034
119208973
119222932
119236860
119250857
119264790
119278664
119292707
119306706
119320716
119334700
119348742
119362698
119376705
119390690
119404649
119418581
119432477
119446423
119460392
119474387
119488319
119502269
119516244
119530183
119544180
119558151
119572124
119586163
119600131
119614195
119628200
119642247
119656272
119670295
119684331
119698374
119712337
119726391
119740409
119754547
119768491
119782451
119796362
119810464
119824406
119838310
119852332
119866405
119880350
119894264
119908243
119922171
119936175
119950131
119964139
119978155
119992140
120006165
120020067
120034153
120048201
120062101
120076119
120090076
120104130
120118087
120132093
120146094
120160036
120173984
120187916
120201778
120215766
120229746
120243816
120257806
120271735
120285771
120299701
120313642
120327675
120341634
120355528
120369471
120383493
120397430
120411414
120425338
120439322
120453326
120467276
120481178
120495118
120509098
120523144
120537157
120551079
120565059
120578945
120592916
120606999
120620923
120634945
120648881
120662895
120676922
120690965
120704944
120718945
120733095
120747084
120761052
120774923
120788885
120802891
120816899
120830825
120844817
120858863
120872876
120886883
120900920
120914777
120928655
120942673
120956636
120970650
120984661
120998619
121012743
121026665
121040712
121054744
121068679
121082655
121096620
121110618
121124554
121138585
121152660
121166608
121180517
121194440
121208449
121222380
121236344
121250437
121264405
121278245
121292254
121306232
121320274
121334164
121348170
121362252
121376200
121390218
121404194
121418153
121432268
121446285
121460275
121474210
121488195
121502239
121516242
121530114
121544069
121558058
121571951
121585988
121600065
121614045
121627981
121641944
121655968
121670042
121683970
121697856
121711844
121725866
121739882
121753830
121767886
121781821
121795833
121809863
121823889
121837875
121851968
121866009
121880006
121893954
121907950
121921898
121935900
121949884
121963914
121977792
121991839
122005753
122019766
122033817
122047706
122061635
122075611
122089727
122103769
122117869
122131884
122145841
122159857
122173799
122187680
122201791
122215822
122229795
122243720
122257699
122271661
122285621
122299475
122313431
122327417
122341361
122355325
122369338
122383285
122397327
122411304
122425209
122439204
122453178
122467061
122481096
122495011
122508984
122522947
122536856
122550770
122564836
122578839
122592859
122606876
122620845
122634884
122648810
122662841
122676762
122690658
122704666
122718680
122732662
122746690
122760528
122774561
122788467
122802382
122816392
122830365
122844257
122858225
122872209
122886208
122900314
122914263
122928343
122942254
122956244
122970369
122984474
122998504
123012465
123026473
123040346
123054174
123068147
123082182
123096141
123110118
123124154
123138082
123152006
123166095
123180098
123194218
123208230
123222185
123236288
123250301
123264289
123278178
123292106
123306080
123320160
123334080
123348117
123362054
123376070
123390012
123404104
123418051
123431962
123445921
123459879
123473928
123487889
123501785
123515796
123529797
123543745
123557734
123571713
123585672
123599740
123613765
123627800
123641845
123655882
123669868
123683863
123697816
123711859
123725950
123739952
123754000
123768023
123782049
123796111
123810080
123823995
123837996
123851995
123865901
123879948
123893964
123907938
123921958
123935872
123949836
123963896
123977922
123991940
124005908
124019873
124033927
124047960
124062007
124075995
124089984
124103998
124118029
124132066
124146163
124160033
124173950
124187945
124201954
124215938
124229942
124243944
124257792
124271717
124285663
124299634
124313640
124327605
124341593
124355507
124369437
124383384
124397341
124411308
124425220
124439080
124453064
124467046
124481051
124495047
124508993
124523115
124537163
124551224
124565159
124579175
124593097
124607004
124620925
124634972
124648953
124662841
124676872
124690865
124704857
124718879
124732791
124746859
124760830
124774830
124788778
124802800
124816761
124830682
124844797
124858684
124872658
124886606
124900667
124914578
124928528
124942531
124956485
124970455
124984391
124998402
125012359
125026349
125040315
125054338
125068379
125082369
125096342
125110332
125124259
125138312
125152302
125166390
125180417
125194356
125208286
125222329
125236364
125250388
125264313
125278283
125292419
125306560
125320533
125334476
125348496
125362461
125376331
125390185
125404149
125418155
125432183
125446172
125460237
125474176
125488212
125502169
125516089
125530263
125544255
125558179
125572104
125586049
125600046
125613978
125627869
125641810
125655839
125669966
125683923
125697863
125711898
125725904
125739917
125753942
125767981
125781855
125795800
125809654
125823700
125837552
125851549
125865578
125879571
125893572
125907652
125921654
125935634
125949650
125963692
125977641
125991580
126005612
126019491
126033398
126047327
126061296
126075216
126089159
126103160
126117214
126131162
126145150
126159078
126172959
126186931
126200899
126214834
126228794
126242910
126256937
126270859
126284965
126298897
126313034
126326992
126340961
126355021
126368914
126382861
126396853
126410786
126424788
126438725
126452686
126466615
126480664
126494604
126508572
126522481
126536386
126550415
126564430
126578405
126592411
126606430
126620421
126634378
126648314
126662286
126676190
126690169
126704126
126718098
126732090
126746108
126760118
126774131
126788086
126802053
126816088
126830061
126844032
126858028
126871965
126885999
126899896
126913779
126927759
126941793
126955730
126969644
126983694
126997720
127011767
127025821
127039802
127053813
127067707
127081597
127095626
127109658
127123683
127137647
127151597
127165540
127179482
127193471
127207428
127221485
127235449
127249518
127263569
127277549
127291411
127305435
127319450
127333435
127347333
127361281
127375251
127389233
127403227
127417159
127431207
127445128
127459073
127473137
127487154
127501062
127515019
127528929
127542991
127556965
127571006
127585129
127599074
127613051
127627028
127640975
127655086
127669038
127683049
127697087
127711087
127724986
127738914
127752879
127766858
127780798
127794750
127808758
127822718
127836726
127850730
127864730
127878774
127892784
127906822
127920847
127934865
127948792
127962787
127976764
127990647
128004681
128018649
128032701
128046551
128060583
128074632
128088539
128102525
128116537
128130541
128144507
128158476
128172397
128186367
128200313
128214359
128228311
128242365
128256364
128270323
128284244
128298294
128312175
128326133
128340105
128354082
128368039
128381930
128395889
128409738
128423719
128437631
128451601
128465459
128479384
128493396
128507405
128521406
128535507
128549434
128563462
128577491
128591439
128605331
128619345
128633322
128647187
128661216
128675165
128689075
128702934
128716833
128730778
128744692
128758741
128772739
128786598
128800618
128814562
128828556
128842507
128856509
128870403
128884393
128898328
128912267
128926147
128940159
128954070
128968014
128982051
128996019
129010084
129024032
129038000
129051984
129065952
129079910
129093896
129107838
129121798
129135782
129149894
129163855
129177756
129191768
129205715
129219664
129233605
129247493
129261410
129275346
129289427
129303475
129317377
129331347
129345320
129359319
129373192
129387143
129401151
129415107
129429108
129443062
129457136
129471131
129485284
129499173
129513218
129527216
129541146
129555134
129569034
129582871
129596964
129610951
129624981
129638912
129652847
129666856
129680914
129694903
129708897
129722916
129736875
129750828
129764833
129778841
129792825
129806804
129820706
129834833
129848831
129862888
129876921
129890988
129904909
129918820
129932715
129946760
129960660
129974668
129988671
130002722
130016670
130030622
130044515
130058489
130072446
130086461
130100410
130114431
130128470
130142496
130156466
130170498
130184580
130198555
130212321
130226287
130240258
130254215
130268115
130282100
130296074
130310045
130324008
130338001
130351937
130365945
130379905
130393953
130408026
130422005
130435973
130449884
130463870
130477894
130491832
130505861
130519784
130533786
130547794
130561702
130575689
130589618
130603629
130617641
130631677
130645680
130659694
130673739
130687757
130701741
130715748
130729730
130743639
130757642
130771555
130785573
130799642
130813633
130827543
130841499
130855468
130869440
130883422
130897401
130911278
130925277
130939148
130953151
130967122
130981086
130995051
131008982
131022887
131036838
131050825
131064908
131078835
131092824
131106852
131120809
131134847
131148809
131162824
131176866
131190855
131204795
131218788
131232684
131246492
131260422
131274429
131288310
131302263
131316272
131330239
131344329
131358380
131372337
131386268
131400223
131414149
131428182
131442217
131456223
131470224
131484291
131498399
131512422
131526462
131540503
131554533
131568567
131582574
131596567
131610612
131624597
131638529
131652559
131666553
131680489
131694445
131708527
131722525
131736576
131750602
131764569
131778605
131792560
131806461
131820439
131834353
131848344
131862282
131876236
131890251
131904232
131918150
131932151
131946101
131960151
131974054
131987991
132001880
132015751
132029688
132043758
132057751
132071698
132085743
132099663
132113629
132127654
132141691
132155744
132169795
132183827
132197757
132211638
132225628
132239573
132253530
132267510
132281477
132295439
132309438
132323449
132337519
132351480
132365489
132379555
132393498
132407538
132421498
132435446
132449420
132463473
132477483
132491597
132505623
132519575
132533526
132547600
132561633
132575594
132589533
132603527
132617446
132631568
132645513
132659468
132673491
132687370
132701357
132715336
132729239
132743270
132757376
132771387
132785379
132799336
132813292
132827278
132841295
132855340
132869366
132883304
132897333
132911308
132925264
132939198
132953227
132967219
132981235
132995196
133009194
133023145
133037036
133051021
133065045
133079021
133092979
133106941
133120953
133134846
133148749
133162801
133176825
133190816
133204786
133218806
133232835
133246871
133260905
133274873
133288819
133302777
133316771
133330810
133344756
133358841
133372839
133386716
133400732
133414711
133428678
133442701
133456647
133470647
133484567
133498599
133512571
133526532
133540476
133554478
133568504
133582381
133596360
133610291
133624172
133638130
133652060
133665887
133679871
133693895
133707896
133721917
133735877
133749860
133763839
133777889
133791968
133806014
133820032
133833934
133847935
133861840
133875860
133889886
133903863
133917768
133931687
133945644
133959608
133973644
133987613
134001636
134015606
134029617
134043567
134057573
134071615
134085540
134099431
134113520
134127399
134141317
134155320
134169214
134183165
134197083
134211077
134225078
134239024
134252941
134267001
134280970
134294986
134308884
134322857
134336812
134350663
134364645
134378671
134392672
134406662
134420678
134434621
134448490
134462425
134476296
134490161
134504127
134518076
134532099
134546104
134560142
134574051
134587951
134601921
134615993
134630040
134643935
134657919
134672015
134685940
134700034
134713998
134727996
134741931
134755912
134769881
134783826
134797730
134811737
134825779
134839860
134853898
134867895
134881824
134895818
134909843
134923759
134937756
134951623
134965549
134979457
134993544
135007588
135021585
135035539
135049622
135063582
135077528
135091522
135105516
135119494
135133342
135147376
135161295
135175228
135189092
135203183
135217149
135231149
135245045
135259075
135273044
135287063
135301049
135315000
135329010
135343041
135357018
135370977
135384987
135398922
135412896
135426904
135440813
135454815
135468812
135482935
135496900
135510895
135524822
135538848
135552884
135566850
135580854
135594848
135608820
135622810
135636789
135650787
135664698
135678698
135692685
135706644
135720608
135734574
135748565
135762550
135776625
135790600
135804560
135818567
135832448
135846483
135860444
135874380
135888341
135902390
135916288
135930226
135944139
135958164
135972172
135986122
136000053
136014126
136028069
136042124
136055985
136070000
136084031
136097935
136111960
136125916
136139900
136154005
136167965
136181886
136195848
136209830
136223857
136237839
136251811
136265822
136279733
136293955
136307858
136321988
136335992
136349885
136363817
136377864
136391915
136405939
136419921
136433945
136448036
136461961
136476079
136489973
136503952
136517881
136531879
136545905
136559849
136573883
136587921
136601979
136615907
136629909
136643893
136657924
136671888
136685803
136699874
136713915
136727919
136741904
136755854
136769863
136783879
136797749
136811685
136825659
136839676
136853712
136867719
136881757
136895677
136909754
136923583
136937548
136951491
136965456
136979325
136993370
137007351
137021302
137035413
137049373
137063368
137077273
137091239
137105242
137119103
137133050
137146986
137160930
137175006
137189000
137202938
137216987
137231054
137245049
137259064
137273077
137287092
137301049
137315064
137329073
137343031
137357031
137371070
137385048
137399102
137413116
137427126
137441088
137455078
137469117
137483117
137497126
137510993
137524912
137538943
137552930
137567002
137580924
137594925
137608839
137622928
137636870
137650795
137664727
137678649
137692707
137706501
137720535
137734507
137748447
137762447
137776503
137790497
137804387
137818299
137832262
137846227
137860282
137874339
137888325
137902309
137916278
137930292
137944325
137958317
137972290
137986234
138000218
138014281
138028257
138042268
138056313
138070351
138084337
138098258
138112280
138126311
138140296
138154238
138168143
138182184
138196142
138209970
138223902
138237857
138251782
138265795
138279744
138293746
138307685
138321698
138335709
138349698
138363733
138377789
138391759
138405694
138419747
138433734
138447697
138461689
138475548
138489429
138503432
138517360
138531297
138545354
138559191
138573180
138587071
138601037
138614978
138628947
138642923
138656843
138670897
138684884
138698891
138712873
138726911
138740909
138754950
138768969
138782884
138796801
138810773
138824709
138838681
138852651
138866698
138880687
138894616
138908555
138922564
138936513
138950562
138964494
138978476
138992556
139006434
139020480
139034370
139048392
139062328
139076377
139090393
139104381
139118446
139132462
139146450
139160415
139174338
139188419
139202404
139216474
139230444
139244427
139258464
139272361
139286403
139300426
139314361
139328291
139342287
139356350
139370386
139384390
139398381
139412411
139426404
139440383
139454326
139468299
139482221
139496254
139510165
139524124
139538141
139552159
139566127
139580100
139594068
139608133
139622080
139635996
139649882
139663746
139677673
139691659
139705574
139719590
139733592
139747547
139761565
139775473
139789455
139803504
139817498
139831517
139845538
139859554
139873617
139887508
139901540
139915513
139929460
139943649
139957684
139971879
139985829
139999815
140013788
140027729
140041573
140055581
140069579
140083526
140097490
140111483
140125566
140139564
140153509
140167515
140181519
140195487
140209352
140223339
140237391
140251318
140265316
140279197
140293267
140307187
140321292
140335263
140349264
140363279
140377205
140391260
140405289
140419240
140433259
140447367
140461317
140475306
140489230
140503293
140517240
140531116
140544983
140559015
140573002
140586996
140600917
140614869
140628850
140642889
140656917
140670900
140684912
140698857
140712846
140726761
140740754
140754743
140768809
140782753
140796762
140810814
140824796
140838840
140852820
140866776
140880776
140894846
140908905
140922879
140936945
140950969
140964958
140978926
140992899
141006986
141021031
141035057
141049075
141063110
141077023
141090960
141104981
141118976
141133021
141146984
141160997
141174990
141188932
141202937
141216959
141231010
141244900
141258941
141272983
141286917
141300955
141314879
141328917
141342902
141356815
141370857
141384827
141398798
141412725
141426640
141440596
141454632
141468526
141482502
141496491
141510385
141524263
141538259
141552196
141566256
141580248
141594125
141608087
141622024
141635911
141649824
141663624
141677694
141691691
141705713
141719691
141733671
141747639
141761655
141775554
141789351
141803399
141817360
141831326
141845321
141859272
141873169
141887167
141901112
141915080
141929081
141942994
141956906
141970898
141984933
141999015
142013027
142026983
142040961
142054908
142068929
142082902
142096859
142110896
142124840
142138841
142152810
142166681
142180654
142194603
142208622
142222593
142236551
142250460
142264457
142278390
142292457
142306426
142320483
142334397
142348295
142362374
142376304
142390319
142404255
142418293
142432293
142446318
142460338
142474388
142488394
142502400
142516397
142530464
142544411
142558360
142572259
142586152
142600124
