78231
78626
79017
79414
79815
80208
80572
80959
81343
81742
82134
82519
82907
83271
83625
84009
84401
84782
85162
85540
85915
86312
86695
87083
87457
87839
88217
88595
88995
89367
89764
90150
90527
90935
91329
91729
92129
92520
92907
93274
93661
94051
94436
94820
95208
95601
96000
96376
96788
97170
97568
97962
98347
98730
99119
99507
99894
100288
100675
101051
101448
101835
102222
102601
103002
103398
103791
104167
104551
104934
105319
105699
106089
106472
106861
107250
107651
108033
108409
108801
109189
109583
109968
110362
110738
111119
111499
111889
112271
112659
113051
113446
113831
114225
114597
114977
115355
115747
116135
116525
116918
117287
117684
118054
118446
118822
119228
119622
120012
120389
120778
121157
121557
121945
122343
122740
123125
123516
123886
124268
124647
125026
125410
125799
126206
126582
126977
127373
127766
128148
128543
128939
129324
129705
130092
130499
130890
131269
131646
132056
132447
132845
133207
133612
134004
134393
134790
135181
135567
135964
136342
136735
137131
137521
137912
138297
138679
139069
139458
139853
140226
140621
141011
141387
141780
142172
142559
142949
143329
143701
144094
144487
144881
145281
145676
146065
146448
146848
147237
147625
148022
148422
148803
149184
149586
149978
150362
150748
151145
151536
151927
152320
152715
153111
153506
153891
154282
154651
155029
155420
155806
156195
156578
156953
157326
157706
158092
158483
158877
159249
159645
160031
160412
160814
161198
161591
161970
162360
162757
163162
163563
163965
164352
164729
165112
165499
165873
166263
166649
167023
167421
167804
168199
168585
168970
169350
169747
170135
170526
170918
171316
171716
172099
172484
172876
173272
173663
174038
174419
174784
175170
175555
175945
176335
176708
177090
177481
177869
178244
178637
179027
179409
179794
180180
180571
180948
181337
181721
182109
182488
182875
183256
183654
184038
184424
184804
185199
185578
185957
186325
186713
187105
187488
187869
188266
188655
189058
189456
189848
190245
190640
191026
191426
191817
192216
192618
192989
193382
193745
194121
194534
194919
195302
195698
196074
196478
196875
197258
197643
198026
198433
198822
199212
199604
199983
200376
200761
201129
201527
201915
202284
202667
203057
203446
203845
204240
204619
205007
205401
205811
206200
206585
206969
207364
207742
208123
208492
208869
209244
209633
210024
210401
210789
211176
211578
211948
212346
212722
213130
213523
213926
214311
214699
215091
215477
215861
216248
216640
217035
217406
217800
218192
218559
218943
219352
219752
220133
220529
220914
221308
221696
222084
222465
222833
223209
223589
223976
224376
224761
225139
225541
225932
226321
226699
227088
227466
227873
228263
228639
229034
229414
229811
230213
230599
231006
231404
231787
232184
232587
232964
233361
233737
234115
234511
234907
235300
235692
236072
236467
236862
237261
237659
238021
238403
238783
239162
239577
239966
240343
240732
241132
241525
241906
242289
242693
243074
243458
243867
244260
244651
245036
245429
245828
246203
246595
246986
247372
247783
248178
248574
248968
249353
249741
250134
250525
250901
251270
251671
252065
252449
252847
253234
253616
254006
254406
254816
255210
255608
255995
256384
256763
257149
257544
257939
258325
258699
259099
259478
259860
260240
260630
261003
261374
261751
262128
262499
262881
263267
263661
264043
264426
264813
265202
265592
265980
266386
266789
267168
267562
267964
268349
268738
269113
269493
269886
270253
270652
271055
271452
271835
272222
272610
272976
273366
273751
274149
274534
274913
275283
275681
276054
276436
276822
277192
277576
277961
278350
278739
279117
279512
279882
280267
280652
281043
281435
281802
282215
282606
282993
283385
283785
284180
284576
284968
285332
285717
286117
286515
286898
287291
287677
288075
288447
288827
289217
289609
289997
290393
290792
291166
291551
291933
292330
292720
293091
293485
293893
294279
294670
295062
295430
295827
296218
296615
297002
297398
297784
298187
298579
298983
299392
299777
300177
300563
300952
301330
301726
302116
302494
302884
303258
303644
304038
304442
304836
305217
305600
305990
306367
306758
307150
307549
307935
308318
308704
309077
309456
309868
310242
310620
311007
311394
311786
312175
312579
312964
313367
313765
314160
314518
314912
315317
315698
316092
316486
316878
317274
317669
318065
318474
318858
319242
319632
320023
320429
320818
321214
321616
322007
322391
322787
323169
323560
323953
324333
324722
325111
325494
325888
326266
326638
327021
327426
327788
328162
328550
328917
329288
329669
330071
330459
330865
331249
331643
332043
332436
332846
333227
333618
333992
334387
334784
335166
335560
335950
336331
336734
337114
337521
337898
338301
338692
339090
339482
339889
340266
340645
341043
341424
341805
342195
342569
342959
343358
343738
344116
344504
344905
345273
345665
346054
346444
346846
347222
347620
348010
348395
348799
349172
349532
349927
350327
350707
351101
351489
351869
352260
352642
353039
353416
353807
354175
354567
354946
355335
355715
356100
356484
356885
357281
357661
358047
358440
358837
359230
359621
360011
360398
360778
361172
361554
361949
362340
362726
363109
363494
363878
364270
364650
365051
365433
365817
366208
366587
366959
367358
367737
368108
368477
368863
369239
369620
370021
370419
370808
371193
371580
371972
372368
372761
373157
373552
373947
374333
374731
375132
375521
375900
376276
376665
377065
377434
377840
378238
378640
379028
379421
379821
380191
380585
380965
381369
381757
382139
382534
382929
383329
383709
384090
384484
384871
385265
385656
386038
386425
386824
387196
387579
387953
388345
388737
389133
389523
389906
390298
390679
391062
391450
391838
392206
392576
392945
393335
393733
394110
394486
394884
395258
395640
396020
396407
396796
397218
397608
397990
398370
398755
399130
399521
399910
400296
400681
401075
401447
401828
402214
402606
402992
403371
403754
404143
404515
404899
405302
405685
406088
406463
406858
407241
407611
407988
408370
408757
409137
409515
409916
410305
410704
411096
411483
411875
412248
412644
413030
413428
413797
414181
414572
414972
415378
415762
416133
416528
416908
417309
417710
418105
418470
418860
419253
419646
420024
420399
420794
421182
421559
421962
422374
422775
423151
423552
423956
424329
424712
425106
425507
425901
426323
426700
427097
427497
427886
428275
428655
429050
429452
429829
430229
430604
431001
431388
431780
432170
432531
432930
433309
433684
434083
434464
434839
435223
435620
436015
436397
436766
437163
437567
437966
438365
438760
439146
439533
439910
440298
440694
441084
441470
441848
442209
442596
442988
443397
443786
444182
444570
444958
445366
445744
446132
446518
446919
447314
447695
448088
448465
448848
449227
449614
449975
450380
450768
451154
451546
451921
452306
452691
453083
453452
453864
454259
454642
455022
455413
455805
456209
456601
456996
457376
457759
458163
458573
458969
459333
459715
460092
460478
460857
461241
461644
462034
462415
462801
463197
463604
463980
464366
464758
465158
465540
465933
466324
466702
467095
467470
467866
468252
468638
469030
469409
469796
470182
470564
470950
471344
471728
472114
472510
472899
473280
473647
474059
474460
474845
475223
475620
475998
476398
476799
477193
477574
477968
478349
478716
479108
479482
479882
480261
480664
481053
481441
481832
482240
482626
483005
483401
483799
484195
484583
484981
485372
485763
486153
486543
486946
487317
487688
488078
488463
488844
489233
489627
490023
490410
490798
491175
491568
491962
492359
492737
493125
493517
493900
494289
494669
495058
495444
495824
496217
496606
497014
497404
497779
498171
498552
498928
499297
499693
500093
500491
500873
501252
501641
502033
502409
502822
503212
503601
503988
504370
504767
505162
505554
505936
506322
506705
507105
507484
507861
508242
508634
509027
509411
509797
510191
510599
510992
511370
511772
512147
512522
512895
513271
513660
514050
514437
514823
515219
515601
515984
516366
516753
517146
517538
517934
518308
518694
519078
519463
519852
520252
520641
521013
521382
521773
522148
522537
522906
523298
523696
524090
524465
524860
525242
525628
526004
526376
526777
527172
527543
527930
528307
528721
529100
529487
529861
530237
530630
531011
531415
531811
532190
532569
532967
533360
533765
534138
534523
534919
535285
535691
536073
536462
536859
537255
537656
538056
538442
538838
539223
539604
540003
540391
540791
541191
541592
541958
542346
542731
543117
543527
543924
544304
544676
545050
545454
545854
546236
546633
547009
547410
547804
548199
548582
549000
549391
549797
550188
550582
550974
551366
551752
552131
552513
552900
553281
553675
554070
554445
554833
555226
555626
556018
556407
556781
557183
557573
557967
558358
558762
559138
559514
559900
560295
560687
561081
561465
561856
562255
562646
563017
563402
563792
564196
564569
564952
565336
565716
566112
566489
566885
567265
567656
568067
568450
568841
569229
569636
570025
570415
570802
571200
571591
571978
572385
572787
573184
573568
573955
574333
574722
575114
575491
575901
576275
576667
577048
577428
577827
578213
578610
578997
579377
579764
580148
580550
580943
581339
581742
582153
582550
582935
583332
583717
584104
584501
584880
585274
585654
586048
586449
586836
587222
587615
587991
588396
588795
589197
589587
589974
590354
590734
591121
591501
591895
592276
592669
593052
593449
593838
594223
594615
594998
595382
595762
596163
596551
596946
597330
597715
598096
598479
598860
599246
599628
599994
600367
600757
601166
601563
601956
602338
602730
603125
603494
603868
604250
604647
605048
605451
605845
606221
606602
607001
607380
607775
608169
608562
608952
609354
609745
610132
610506
610876
611259
611641
612028
612410
612794
613194
613586
613963
614341
614740
615125
615505
615894
616292
616692
617086
617481
617879
618272
618660
619055
619455
619840
620228
620618
621008
621390
621776
622157
622561
622946
623326
623719
624090
624482
624868
625273
625637
626027
626413
626783
627162
627545
627959
628351
628724
629098
629488
629884
630279
630666
631043
631440
631813
632205
632589
632976
633368
633753
634123
634511
634904
635278
635657
636034
636417
636803
637192
637588
637972
638349
638734
639117
639508
639902
640296
640696
641076
641466
641856
642244
642643
643025
643403
643773
644166
644562
644950
645336
645717
646101
646494
646899
647297
647684
648082
648483
648876
649277
649667
650061
650434
650816
651204
651594
651975
652364
652762
653159
653546
653936
654327
654717
655102
655495
655880
656266
656651
657036
657433
657827
658224
658612
659001
659391
659791
660180
660586
660978
661353
661729
662120
662498
662895
663288
663701
664106
664489
664869
665251
665652
666052
666437
666820
667215
667605
668003
668403
668816
669195
669576
669962
670353
670742
671123
671503
671884
672289
672681
673072
673458
673848
674235
674623
675013
675411
675796
676187
676588
676979
677373
677761
678141
678521
678916
679306
679699
680093
680485
680873
681241
681634
682036
682424
682809
683193
683583
683977
684370
684765
685152
685526
685905
686294
686698
687101
687503
687891
688284
688663
689060
689459
689843
690228
690613
691017
691401
691797
692171
692552
692944
693338
693729
694127
694512
694884
695285
695671
696055
696435
696824
697216
697609
697989
698391
698770
699178
699573
699982
700357
700747
701138
701548
701944
702331
702715
703106
703483
703870
704264
704646
705026
705411
705801
706196
706585
706976
707364
707741
708142
708534
708921
709317
709715
710113
710496
710886
711272
711677
712062
712450
712822
713210
713601
713994
714403
714790
715174
715564
715956
716337
716707
717087
717476
717861
718234
718628
719003
719388
719784
720167
720564
720959
721334
721726
722112
722495
722883
723264
723637
724030
724405
724772
725170
725568
725956
726330
726731
727105
727504
727895
728263
728638
729021
729409
729806
730204
730601
730995
731380
731782
732177
732550
732933
733325
733719
734122
734495
734900
735282
735667
736058
736457
736847
737237
737605
738004
738400
738773
739163
739560
739947
740344
740742
741125
741507
741899
742291
742682
743066
743468
743860
744271
744666
745040
745441
745816
746199
746585
746984
747390
747775
748147
748530
748926
749301
749684
750069
750459
750845
751229
751611
751985
752378
752763
753157
753547
753919
754319
754707
755100
755484
755866
756273
756674
757061
757443
757820
758213
758598
758988
759375
759760
760153
760519
760913
761295
761696
762085
762478
762861
763251
763654
764044
764431
764808
765194
765581
765970
766369
766767
767146
767559
767951
768346
768738
769120
769510
769889
770277
770664
771064
771458
771836
772216
772595
772979
773368
773753
774138
774515
774898
775302
775697
776081
776462
776861
777264
777643
778034
778418
778802
779199
779596
779993
780371
780781
781179
781567
781942
782338
782735
783127
783509
783902
784288
784679
785052
785434
785818
786210
786593
786973
787354
787726
788113
788491
788862
789257
789662
790046
790439
790832
791225
791596
791991
792381
792774
793161
793535
793925
794306
794698
795093
795470
795877
796264
796668
797060
797431
797811
798203
798602
798984
799378
799767
800149
800533
800915
801312
801698
802082
802461
802837
803224
803622
804006
804399
804788
805184
805579
805978
806356
806738
807129
807521
807917
808302
808695
809082
809465
809843
810215
810599
810983
811361
811749
812141
812522
812901
813297
813684
814056
814454
814831
815224
815603
816004
816394
816790
817181
817575
817961
818349
818747
819138
819530
819925
820316
820696
821071
821462
821843
822228
822625
823011
823413
823800
824187
824558
824955
825340
825739
826133
826532
826917
827320
827707
828090
828479
828891
829300
829708
830093
830490
830863
831244
831647
832027
832418
832792
833168
833559
833950
834354
834737
835118
835523
835894
836289
836681
837067
837467
837865
838254
838645
839027
839390
839790
840173
840566
840969
841374
841769
842180
842569
842955
843356
843751
844149
844509
844906
845309
845696
846078
846476
846870
847272
847656
848027
848414
848795
849171
849551
849952
850333
850716
851107
851486
851869
852252
852656
853057
853446
853823
854222
854595
854988
855394
855791
856170
856572
856958
857354
857740
858141
858535
858928
859322
859717
860111
860502
860895
861293
861681
862078
862470
862841
863221
863607
863993
864372
864767
865160
865551
865914
866301
866687
867085
867476
867858
868255
868659
869040
869436
869828
870207
870580
870964
871361
871747
872147
872541
872919
873323
873711
874122
874521
874915
875316
875702
876110
876501
876890
877270
877648
878035
878432
878818
879205
879584
879977
880384
880760
881153
881536
881935
882337
882739
883110
883500
883878
884265
884645
885025
885404
885783
886166
886547
886950
887360
887753
888135
888530
888926
889313
889705
890086
890475
890868
891239
891639
892019
892410
892787
893179
893565
893956
894353
894753
895142
895540
895907
896299
896680
897064
897443
897823
898207
898584
898969
899354
899746
900136
900528
900895
901274
901645
902046
902433
902835
903216
903606
903990
904392
904790
905175
905566
905947
906345
906737
907134
907514
907906
908289
908665
909040
909434
909809
910178
910549
910928
911313
911697
912084
912475
912873
913261
913639
914037
914425
914818
915201
915596
916008
916394
916777
917176
917570
917971
918335
918718
919108
919488
919898
920291
920701
921082
921474
921862
922260
922657
923050
923429
923831
924221
924615
924988
925378
925762
926154
926538
926920
927298
927680
928076
928468
928853
929242
929638
930034
930415
930812
931204
931586
931964
932358
932738
933128
933513
933903
934290
934668
935047
935430
935822
936210
936613
936993
937388
937780
938166
938558
938953
939354
939753
940162
940555
940953
941347
941738
942124
942507
942892
943278
943671
944066
944453
944830
945231
945613
946002
946395
946776
947172
947581
947974
948369
948746
949137
949519
949919
950305
950688
951062
951450
951825
952214
952611
952998
953382
953765
954155
954545
954927
955317
955709
956111
956499
956900
957296
957659
958060
958452
958861
959243
959621
960015
960399
960776
961172
961561
961943
962346
962758
963150
963535
963925
964338
964708
965087
965492
965886
966268
966657
967060
967459
967852
968228
968606
968994
969388
969789
970180
970579
970987
971373
971766
972145
972519
972899
973282
973688
974073
974456
974838
975234
975617
976006
976396
976785
977156
977533
977912
978292
978686
979076
979483
979870
980261
980640
981021
981414
981810
982189
982563
982943
983323
983706
984084
984472
984864
985257
985660
986044
986440
986818
987210
987602
987986
988368
988753
989139
989502
989870
990249
990623
991012
991404
991786
992177
992567
992965
993359
993759
994139
994537
994933
995319
995698
996101
996491
996882
997286
997678
998066
998470
998865
999246
999629
1000024
1000394
1000786
1001194
1001564
1001955
1002335
1002712
1003108
1003489
1003862
1004244
1004621
1005009
1005405
1005776
1006162
1006555
1006940
1007336
1007740
1008130
1008516
1008916
1009314
1009713
1010108
1010494
1010896
1011278
1011676
1012083
1012473
1012866
1013257
1013640
1014028
1014403
1014793
1015183
1015591
1015972
1016365
1016749
1017128
1017512
1017909
1018288
1018680
1019067
1019448
1019826
1020213
1020600
1020989
1021357
1021743
1022140
1022516
1022895
1023305
1023710
1024105
1024481
1024872
1025253
1025631
1026025
1026410
1026790
1027158
1027536
1027915
1028302
1028688
1029067
1029449
1029828
1030209
1030601
1030990
1031374
1031762
1032155
1032551
1032937
1033328
1033725
1034132
1034502
1034903
1035289
1035679
1036066
1036460
1036866
1037253
1037642
1038026
1038420
1038818
1039200
1039592
1039976
1040370
1040755
1041138
1041522
1041896
1042281
1042683
1043074
1043467
1043865
1044262
1044657
1045034
1045412
1045802
1046199
1046566
1046969
1047349
1047732
1048128
1048520
1048901
1049285
1049682
1050070
1050463
1050839
1051219
1051608
1052002
1052391
1052778
1053173
1053548
1053937
1054324
1054701
1055095
1055485
1055874
1056276
1056664
1057051
1057439
1057827
1058239
1058640
1059016
1059406
1059802
1060198
1060582
1060963
1061343
1061729
1062120
1062507
1062906
1063296
1063699
1064085
1064487
1064884
1065270
1065653
1066046
1066459
1066843
1067233
1067613
1068005
1068390
1068769
1069150
1069533
1069929
1070319
1070707
1071082
1071471
1071855
1072243
1072645
1073034
1073410
1073823
1074217
1074617
1074996
1075374
1075762
1076174
1076566
1076952
1077354
1077727
1078108
1078503
1078898
1079300
1079682
1080059
1080449
1080847
1081234
1081612
1081999
1082371
1082736
1083127
1083509
1083890
1084278
1084657
1085047
1085451
1085849
1086237
1086625
1087016
1087403
1087791
1088171
1088554
1088944
1089331
1089721
1090100
1090482
1090879
1091266
1091645
1092034
1092409
1092803
1093206
1093577
1093963
1094348
1094738
1095140
1095511
1095899
1096281
1096673
1097053
1097449
1097835
1098223
1098618
1099011
1099410
1099794
1100182
1100588
1100974
1101369
1101747
1102143
1102532
1102930
1103317
1103727
1104120
1104518
1104916
1105302
1105684
1106070
1106469
1106856
1107251
1107638
1108020
1108412
1108810
1109204
1109597
1109983
1110374
1110770
1111149
1111539
1111926
1112336
1112734
1113126
1113519
1113923
1114310
1114682
1115068
1115439
1115842
1116237
1116629
1117020
1117412
1117800
1118186
1118586
1118990
1119375
1119753
1120143
1120536
1120906
1121301
1121672
1122061
1122452
1122853
1123256
1123633
1124017
1124396
1124788
1125173
1125552
1125930
1126322
1126687
1127074
1127471
1127842
1128242
1128633
1129007
1129401
1129801
1130194
1130580
1130983
1131376
1131742
1132126
1132511
1132904
1133308
1133691
1134085
1134481
1134880
1135279
1135660
1136037
1136424
1136821
1137212
1137601
1137995
1138376
1138748
1139125
1139511
1139898
1140294
1140690
1141074
1141461
1141856
1142261
1142634
1143028
1143418
1143821
1144201
1144594
1144983
1145377
1145764
1146146
1146547
1146931
1147308
1147692
1148091
1148482
1148880
1149266
1149655
1150051
1150439
1150830
1151210
1151600
1151973
1152375
1152763
1153161
1153549
1153925
1154298
1154675
1155073
1155459
1155858
1156256
1156641
1157033
1157417
1157786
1158184
1158580
1158961
1159353
1159741
1160104
1160497
1160879
1161269
1161651
1162051
1162436
1162822
1163215
1163594
1163979
1164363
1164762
1165142
1165534
1165932
1166321
1166692
1167098
1167487
1167888
1168268
1168650
1169047
1169457
1169850
1170238
1170630
1171007
1171387
1171793
1172186
1172572
1172963
1173353
1173747
1174121
1174508
1174894
1175268
1175651
1176030
1176416
1176810
1177201
1177583
1177971
1178339
1178705
1179090
1179470
1179859
1180257
1180654
1181032
1181433
1181842
1182228
1182603
1183013
1183396
1183799
1184182
1184569
1184957
1185357
1185750
1186151
1186538
1186922
1187284
1187681
1188072
1188465
1188850
1189241
1189634
1190009
1190374
1190748
1191147
1191510
1191895
1192280
1192649
1193033
1193427
1193814
1194186
1194545
1194943
1195341
1195717
1196087
1196466
1196855
1197237
1197624
1198028
1198412
1198811
1199191
1199580
1199975
1200357
1200754
1201141
1201537
1201929
1202327
1202705
1203093
1203479
1203859
1204246
1204632
1205030
1205441
1205838
1206208
1206597
1206995
1207400
1207796
1208192
1208594
1208967
1209344
1209711
1210107
1210500
1210884
1211266
1211628
1212024
1212406
1212797
1213176
1213566
1213954
1214337
1214729
1215103
1215485
1215880
1216274
1216665
1217046
1217421
1217816
1218220
1218598
1218980
1219373
1219762
1220164
1220543
1220926
1221310
1221705
1222083
1222469
1222868
1223266
1223663
1224057
1224450
1224835
1225212
1225597
1225983
1226373
1226764
1227154
1227528
1227926
1228322
1228706
1229101
1229478
1229865
1230256
1230649
1231061
1231429
1231818
1232217
1232608
1232979
1233378
1233761
1234147
1234534
1234923
1235304
1235690
1236070
1236463
1236847
1237208
1237611
1237996
1238379
1238775
1239160
1239534
1239917
1240304
1240698
1241074
1241479
1241868
1242256
1242651
1243027
1243427
1243801
1244189
1244608
1244980
1245356
1245749
1246126
1246516
1246906
1247290
1247679
1248087
1248461
1248868
1249255
1249635
1250027
1250415
1250808
1251188
1251561
1251936
1252320
1252719
1253117
1253498
1253887
1254275
1254664
1255052
1255464
1255851
1256231
1256617
1256996
1257379
1257767
1258166
1258554
1258936
1259347
1259733
1260118
1260505
1260899
1261279
1261642
1262040
1262411
1262795
1263186
1263575
1263960
1264344
1264734
1265121
1265501
1265900
1266283
1266679
1267074
1267459
1267849
1268233
1268626
1269003
1269398
1269786
1270159
1270549
1270939
1271321
1271703
1272101
1272505
1272890
1273275
1273669
1274059
1274457
1274852
1275231
1275609
1275998
1276375
1276759
1277137
1277521
1277901
1278300
1278682
1279067
1279447
1279833
1280215
1280589
1280990
1281389
1281764
1282144
1282527
1282914
1283291
1283686
1284072
1284469
1284846
1285242
1285639
1286031
1286432
1286809
1287186
1287582
1287957
1288342
1288746
1289142
1289521
1289913
1290304
1290692
1291091
1291478
1291848
1292238
1292626
1293014
1293388
1293778
1294155
1294551
1294943
1295325
1295719
1296121
1296499
1296892
1297284
1297671
1298055
1298443
1298835
1299215
1299604
1299985
1300363
1300743
1301119
1301496
1301877
1302274
1302667
1303071
1303473
1303854
1304250
1304634
1305023
1305420
1305796
1306168
1306550
1306942
1307321
1307694
1308092
1308478
1308868
1309265
1309667
1310034
1310436
1310821
1311217
1311608
1311970
1312349
1312737
1313105
1313484
1313877
1314268
1314649
1315043
1315429
1315815
1316194
1316575
1316957
1317351
1317748
1318131
1318522
1318940
1319325
1319728
1320109
1320497
1320870
1321260
1321657
1322048
1322437
1322816
1323204
1323590
1323982
1324346
1324721
1325104
1325490
1325872
1326261
1326649
1327038
1327436
1327816
1328215
1328598
1328989
1329370
1329756
1330136
1330526
1330903
1331280
1331661
1332046
1332427
1332810
1333186
1333578
1333973
1334367
1334771
1335176
1335561
1335956
1336350
1336740
1337117
1337508
1337885
1338272
1338674
1339062
1339464
1339848
1340216
1340614
1341011
1341409
1341801
1342193
1342576
1342971
1343363
1343736
1344131
1344521
1344926
1345330
1345720
1346114
1346488
1346880
1347272
1347669
1348067
1348450
1348843
1349236
1349624
1350007
1350402
1350793
1351187
1351582
1351966
1352368
1352778
1353166
1353554
1353935
1354319
1354691
1355096
1355495
1355876
1356263
1356658
1357053
1357445
1357836
1358223
1358605
1358995
1359379
1359781
1360166
1360547
1360931
1361313
1361694
1362090
1362471
1362864
1363254
1363646
1364044
1364428
1364797
1365171
1365563
1365958
1366340
1366730
1367129
1367530
1367882
1368289
1368691
1369067
1369448
1369828
1370217
1370595
1370988
1371387
1371788
1372164
1372558
1372956
1373346
1373741
1374126
1374530
1374935
1375334
1375729
1376114
1376522
1376939
1377309
1377718
1378116
1378488
1378902
1379281
1379666
1380048
1380446
1380840
1381239
1381632
1382022
1382413
1382811
1383201
1383586
1383987
1384367
1384762
1385154
1385534
1385936
1386329
1386722
1387114
1387513
1387907
1388286
1388673
1389055
1389451
1389840
1390222
1390613
1390987
1391361
1391747
1392129
1392513
1392899
1393290
1393678
1394066
1394457
1394840
1395226
1395612
1395980
1396346
1396726
1397128
1397530
1397920
1398300
1398682
1399070
1399454
1399846
1400238
1400639
1401028
1401414
1401815
1402217
1402618
1403010
1403390
1403790
1404189
1404602
1404977
1405374
1405768
1406143
1406523
1406921
1407301
1407678
1408064
1408457
1408844
1409238
1409636
1410024
1410411
1410803
1411195
1411576
1411968
1412361
1412741
1413131
1413519
1413913
1414305
1414696
1415078
1415460
1415853
1416233
1416616
1417012
1417402
1417800
1418189
1418577
1418967
1419350
1419734
1420120
1420491
1420874
1421241
1421621
1422023
1422402
1422806
1423188
1423570
1423950
1424338
1424738
1425136
1425506
1425906
1426290
1426679
1427067
1427439
1427823
1428213
1428612
1429002
1429389
1429775
1430160
1430554
1430941
1431330
1431717
1432101
1432493
1432895
1433270
1433678
1434064
1434451
1434862
1435252
1435633
1436011
1436405
1436788
1437166
1437555
1437914
1438302
1438691
1439095
1439489
1439885
1440265
1440659
1441048
1441429
1441806
1442187
1442592
1442984
1443359
1443731
1444107
1444507
1444892
1445294
1445675
1446062
1446461
1446820
1447198
1447576
1447955
1448317
1448694
1449102
1449492
1449873
1450264
1450642
1451017
1451397
1451765
1452171
1452571
1452944
1453330
1453715
1454096
1454486
1454861
1455244
1455649
1456046
1456434
1456822
1457215
1457636
1458032
1458408
1458799
1459188
1459570
1459958
1460345
1460732
1461134
1461508
1461879
1462261
1462642
1463022
1463398
1463783
1464169
1464562
1464958
1465327
1465689
1466090
1466481
1466881
1467264
1467654
1468055
1468446
1468829
1469225
1469611
1469989
1470390
1470768
1471181
1471557
1471961
1472347
1472723
1473124
1473507
1473894
1474258
1474643
1475034
1475431
1475811
1476196
1476570
1476952
1477361
1477758
1478152
1478543
1478932
1479319
1479706
1480068
1480445
1480832
1481218
1481608
1481999
1482397
1482785
1483187
1483571
1483950
1484343
1484728
1485131
1485528
1485915
1486304
1486684
1487060
1487456
1487839
1488241
1488647
1489029
1489426
1489809
1490196
1490587
1490985
1491363
1491755
1492147
1492544
1492939
1493339
1493737
1494123
1494524
1494926
1495319
1495722
1496126
1496518
1496894
1497287
1497670
1498045
1498425
1498809
1499179
1499573
1499972
1500362
1500749
1501130
1501519
1501918
1502307
1502700
1503081
1503468
1503843
1504232
1504616
1504994
1505384
1505760
1506152
1506539
1506926
1507308
1507699
1508075
1508457
1508843
1509223
1509602
1509983
1510366
1510748
1511125
1511502
1511911
1512278
1512668
1513058
1513446
1513832
1514237
1514625
1515016
1515398
1515800
1516183
1516582
1516964
1517364
1517751
1518152
1518546
1518928
1519322
1519714
1520107
1520490
1520887
1521294
1521690
1522080
1522478
1522859
1523234
1523623
1524011
1524410
1524803
1525193
1525579
1525967
1526350
1526731
1527112
1527494
1527885
1528254
1528645
1529005
1529382
1529774
1530167
1530554
1530952
1531348
1531738
1532129
1532527
1532906
1533288
1533676
1534052
1534437
1534820
1535205
1535611
1536000
1536379
1536750
1537139
1537540
1537927
1538319
1538681
1539091
1539483
1539876
1540260
1540646
1541036
1541425
1541810
1542203
1542585
1542941
1543336
1543717
1544106
1544494
1544881
1545284
1545683
1546065
1546464
1546852
1547241
1547637
1548030
1548420
1548806
1549186
1549580
1549963
1550346
1550731
1551119
1551498
1551896
1552272
1552655
1553026
1553418
1553799
1554181
1554571
1554952
1555350
1555733
1556131
1556519
1556909
1557286
1557674
1558059
1558436
1558829
1559217
1559603
1560009
1560402
1560796
1561183
1561584
1561980
1562367
1562749
1563137
1563529
1563918
1564302
1564683
1565078
1565456
1565838
1566215
1566605
1566984
1567373
1567753
1568150
1568545
1568944
1569330
1569721
1570095
1570493
1570889
1571272
1571661
1572057
1572444
1572842
1573229
1573628
1574024
1574413
1574814
1575213
1575615
1575988
1576364
1576741
1577123
1577510
1577905
1578303
1578696
1579081
1579466
1579843
1580234
1580609
1581009
1581383
1581790
1582178
1582563
1582951
1583332
1583725
1584107
1584491
1584876
1585257
1585649
1586010
1586398
1586768
1587145
1587544
1587945
1588338
1588724
1589123
1589510
1589899
1590272
1590680
1591073
1591467
1591846
1592237
1592623
1593019
1593390
1593777
1594154
1594534
1594915
1595323
1595709
1596098
1596486
1596875
1597266
1597655
1598079
1598473
1598882
1599268
1599650
1600029
1600409
1600789
1601167
1601557
1601940
1602347
1602740
1603141
1603536
1603929
1604310
1604697
1605086
1605475
1605862
1606248
1606634
1607042
1607423
1607819
1608204
1608588
1608978
1609363
1609752
1610142
1610554
1610931
1611329
1611739
1612141
1612532
1612922
1613312
1613693
1614082
1614469
1614849
1615248
1615650
1616039
1616433
1616816
1617184
1617587
1617991
1618380
1618770
1619166
1619559
1619955
1620340
1620718
1621107
1621514
1621906
1622291
1622685
1623072
1623459
1623865
1624248
1624634
1625035
1625433
1625813
1626184
1626580
1626962
1627348
1627728
1628114
1628491
1628877
1629265
1629650
1630043
1630452
1630836
1631217
1631597
1631994
1632378
1632780
1633163
1633563
1633950
1634331
1634720
1635098
1635493
1635893
1636275
1636651
1637038
1637426
1637809
1638185
1638593
1638976
1639364
1639744
1640140
1640540
1640936
1641323
1641712
1642107
1642489
1642873
1643266
1643646
1644007
1644402
1644777
1645173
1645563
1645951
1646333
1646714
1647116
1647501
1647886
1648294
1648684
1649071
1649446
1649832
1650226
1650613
1651005
1651387
1651771
1652153
1652525
1652906
1653296
1653693
1654089
1654472
1654859
1655256
1655659
1656044
1656434
1656823
1657203
1657597
1657979
1658386
1658780
1659175
1659570
1659963
1660338
1660718
1661091
1661485
1661868
1662260
1662656
1663047
1663440
1663843
1664239
1664628
1665020
1665414
1665806
1666188
1666583
1666962
1667340
1667738
1668146
1668540
1668930
1669309
1669714
1670103
1670497
1670891
1671279
1671670
1672049
1672442
1672826
1673212
1673590
1673974
1674371
1674758
1675148
1675530
1675900
1676295
1676699
1677095
1677492
1677873
1678266
1678669
1679065
1679464
1679853
1680257
1680651
1681020
1681394
1681788
1682169
1682541
1682934
1683337
1683725
1684093
1684486
1684875
1685273
1685671
1686063
1686445
1686823
1687212
1687622
1688002
1688387
1688769
1689168
1689563
1689960
1690356
1690748
1691144
1691526
1691922
1692315
1692705
1693109
1693498
1693876
1694263
1694640
1695018
1695420
1695808
1696185
1696569
1696970
1697368
1697767
1698141
1698526
1698933
1699324
1699702
1700084
1700466
1700852
1701248
1701634
1702032
1702412
1702783
1703187
1703580
1703964
1704356
1704731
1705111
1705508
1705909
1706300
1706696
1707082
1707461
1707841
1708234
1708611
1709005
1709387
1709796
1710185
1710567
1710959
1711353
1711745
1712131
1712528
1712915
1713309
1713696
1714068
1714459
1714857
1715229
1715607
1716002
1716400
1716806
1717174
1717560
1717956
1718341
1718741
1719134
1719525
1719914
1720314
1720703
1721096
1721498
1721862
1722230
1722623
1723016
1723402
1723811
1724209
1724592
1724977
1725353
1725746
1726140
1726525
1726901
1727283
1727669
1728069
1728446
1728851
1729243
1729631
1730024
1730395
1730783
1731178
1731556
1731933
1732323
1732703
1733092
1733485
1733878
1734268
1734670
1735060
1735437
1735824
1736201
1736577
1736976
1737382
1737779
1738156
1738541
1738929
1739321
1739725
1740102
1740511
1740891
1741275
1741663
1742067
1742433
1742823
1743215
1743612
1744001
1744396
1744782
1745159
1745548
1745921
1746313
1746719
1747116
1747505
1747901
1748271
1748656
1749037
1749426
1749799
1750180
1750571
1750983
1751351
1751726
1752110
1752487
1752879
1753262
1753641
1754044
1754445
1754834
1755215
1755614
1755996
1756379
1756758
1757150
1757551
1757942
1758333
1758714
1759112
1759509
1759902
1760310
1760691
1761090
1761488
1761890
1762286
1762669
1763055
1763432
1763810
1764218
1764610
1764998
1765402
1765791
1766178
1766566
1766959
1767349
1767731
1768118
1768509
1768889
1769284
1769663
1770071
1770457
1770854
1771243
1771622
1771999
1772398
1772787
1773171
1773584
1773966
1774350
1774735
1775119
1775516
1775899
1776291
1776663
1777049
1777439
1777812
1778200
1778596
1778990
1779392
1779784
1780164
1780553
1780945
1781341
1781733
1782120
1782502
1782879
1783264
1783650
1784040
1784440
1784825
1785218
1785617
1786015
1786377
1786763
1787139
1787537
1787910
1788295
1788696
1789080
1789450
1789840
1790215
1790603
1790992
1791395
1791787
1792196
1792587
1792988
1793378
1793789
1794175
1794562
1794957
1795354
1795732
1796120
1796514
1796887
1797276
1797656
1798046
1798432
1798830
1799208
1799604
1799995
1800397
1800771
1801161
1801545
1801941
1802322
1802718
1803115
1803510
1803884
1804282
1804679
1805067
1805445
1805829
1806210
1806585
1806973
1807352
1807732
1808099
1808501
1808915
1809311
1809699
1810095
1810501
1810890
1811280
1811659
1812061
1812448
1812830
1813223
1813609
1813980
1814359
1814750
1815150
1815552
1815943
1816336
1816711
1817090
1817487
1817883
1818262
1818650
1819045
1819440
1819826
1820216
1820604
1820992
1821369
1821762
1822142
1822540
1822929
1823322
1823703
1824086
1824476
1824876
1825241
1825639
1826030
1826430
1826820
1827206
1827589
1827973
1828365
1828752
1829141
1829530
1829916
1830311
1830706
1831106
1831512
1831909
1832292
1832660
1833062
1833439
1833804
1834194
1834590
1834978
1835385
1835769
1836145
1836538
1836926
1837296
1837703
1838095
1838485
1838865
1839252
1839636
1840027
1840414
1840786
1841181
1841563
1841946
1842342
1842734
1843126
1843514
1843912
1844313
1844712
1845085
1845470
1845855
1846256
1846646
1847031
1847429
1847817
1848215
1848587
1848974
1849352
1849731
1850123
1850489
1850874
1851272
1851676
1852073
1852466
1852875
1853254
1853638
1854032
1854411
1854799
1855185
1855590
1855982
1856358
1856746
1857127
1857512
1857885
1858279
1858669
1859043
1859453
1859844
1860228
1860609
1860992
1861383
1861773
1862169
1862561
1862946
1863306
1863681
1864067
1864455
1864842
1865229
1865614
1866002
1866393
1866784
1867181
1867576
1867974
1868372
1868765
1869171
1869556
1869958
1870341
1870730
1871126
1871505
1871888
1872272
1872659
1873044
1873430
1873824
1874216
1874618
1875007
1875403
1875810
1876201
1876571
1876967
1877357
1877758
1878140
1878525
1878909
1879289
1879675
1880050
1880435
1880832
1881223
1881621
1882013
1882407
1882788
1883170
1883565
1883964
1884361
1884763
1885130
1885531
1885930
1886317
1886708
1887094
1887486
1887878
1888259
1888651
1889027
1889431
1889814
1890183
1890551
1890945
1891346
1891739
1892119
1892494
1892871
1893259
1893633
1894016
1894418
1894821
1895196
1895590
1895986
1896382
1896778
1897178
1897579
1897954
1898358
1898748
1899133
1899517
1899911
1900306
1900689
1901090
1901496
1901890
1902271
1902657
1903046
1903429
1903818
1904197
1904584
1904988
1905386
1905794
1906177
1906563
1906950
1907331
1907720
1908102
1908485
1908864
1909253
1909641
1910021
1910430
1910820
1911204
1911592
1911987
1912371
1912754
1913150
1913553
1913938
1914321
1914714
1915090
1915491
1915888
1916282
1916671
1917068
1917436
1917828
1918215
1918596
1918989
1919361
1919758
1920147
1920519
1920911
1921300
1921671
1922059
1922453
1922848
1923241
1923630
1924005
1924405
1924795
1925162
1925555
1925948
1926337
1926724
1927108
1927500
1927886
1928285
1928692
1929084
1929484
1929877
1930251
1930618
1931007
1931403
1931771
1932158
1932560
1932928
1933332
1933714
1934092
1934500
1934901
1935292
1935689
1936078
1936454
1936847
1937241
1937637
1938032
1938414
1938808
1939184
1939571
1939956
1940326
1940696
1941090
1941495
1941893
1942285
1942660
1943035
1943419
1943815
1944205
1944594
1944980
1945359
1945742
1946126
1946510
1946895
1947299
1947673
1948072
1948460
1948846
1949211
1949610
1950005
1950390
1950780
1951180
1951580
1951967
1952356
1952746
1953140
1953523
1953898
1954291
1954680
1955051
1955439
1955815
1956199
1956583
1956987
1957374
1957775
1958160
1958546
1958928
1959315
1959692
1960074
1960453
1960862
1961244
1961639
1962027
1962419
1962791
1963180
1963570
1963968
1964357
1964743
1965133
1965521
1965919
1966315
1966707
1967077
1967462
1967840
1968238
1968624
1969007
1969382
1969789
1970179
1970569
1970951
1971332
1971731
1972092
1972481
1972882
1973253
1973632
1974020
1974409
1974807
1975189
1975574
1975956
1976355
1976748
1977133
1977539
1977914
1978302
1978690
1979074
1979492
1979875
1980265
1980654
1981049
1981435
1981816
1982205
1982614
1982989
1983381
1983785
1984180
1984569
1984953
1985322
1985714
1986080
1986467
1986851
1987234
1987619
1988020
1988422
1988809
1989217
1989611
1990010
1990400
1990780
1991164
1991549
1991928
1992315
1992700
1993071
1993461
1993856
1994233
1994621
1994987
1995371
1995751
1996134
1996521
1996916
1997299
1997680
1998083
1998485
1998888
1999272
1999655
2000041
2000444
2000818
2001211
2001581
2001956
2002337
2002723
2003118
2003511
2003891
2004282
2004662
2005049
2005432
2005833
2006210
2006581
2006966
2007356
2007753
2008142
2008522
2008902
2009296
2009689
2010073
2010467
2010853
2011234
2011632
2012019
2012412
2012802
2013177
2013573
2013977
2014369
2014733
2015118
2015518
2015911
2016300
2016683
2017073
2017471
2017849
2018243
2018631
2019011
2019400
2019783
2020180
2020564
2020959
2021349
2021740
2022122
2022525
2022921
2023309
2023696
2024080
2024476
2024861
2025257
2025646
2026047
2026431
2026830
2027232
2027626
2028024
2028418
2028804
2029179
2029554
2029943
2030333
2030730
2031115
2031491
2031888
2032278
2032671
2033043
2033415
2033807
2034199
2034591
2034974
2035377
2035746
2036132
2036519
2036905
2037286
2037680
2038061
2038454
2038849
2039242
2039616
2040002
2040353
2040747
2041138
2041528
2041922
2042316
2042713
2043099
2043488
2043888
2044277
2044665
2045060
2045448
2045839
2046223
2046602
2046999
2047398
2047785
2048150
2048519
2048899
2049289
2049684
2050071
2050463
2050837
2051238
2051607
2051993
2052396
2052799
2053161
2053529
2053938
2054336
2054718
2055110
2055508
2055890
2056265
2056641
2057020
2057411
2057787
2058173
2058577
2058965
2059355
2059736
2060128
2060520
2060903
2061287
2061687
2062062
2062446
2062833
2063226
2063614
2064014
2064423
2064794
2065186
2065569
2065958
2066330
2066733
2067123
2067509
2067889
2068265
2068644
2069033
2069423
2069808
2070191
2070578
2070968
2071357
2071759
2072155
2072549
2072941
2073311
2073712
2074108
2074496
2074893
2075297
2075687
2076085
2076491
2076877
2077269
2077655
2078034
2078436
2078845
2079242
2079623
2080012
2080398
2080780
2081167
2081559
2081930
2082313
2082717
2083104
2083496
2083877
2084287
2084678
2085055
2085440
2085834
2086236
2086638
2087022
2087410
2087790
2088181
2088582
2088976
2089365
2089745
2090136
2090509
2090898
2091271
2091654
2092036
2092434
2092823
2093221
2093615
2094022
2094412
2094799
2095192
2095604
2095994
2096402
2096790
2097172
2097549
2097952
2098350
2098745
2099135
2099513
2099901
2100315
2100711
2101110
2101506
2101892
2102280
2102663
2103049
2103430
2103827
2104218
2104624
2105027
2105413
2105800
2106195
2106569
2106936
2107330
2107715
2108111
2108508
2108902
2109307
2109703
2110105
2110496
2110881
2111271
2111662
2112060
2112455
2112818
2113214
2113613
2114013
2114400
2114769
2115163
2115564
2115963
2116369
2116770
2117158
2117537
2117929
2118317
2118703
2119076
2119466
2119877
2120263
2120652
2121043
2121438
2121836
2122218
2122589
2122978
2123357
2123740
2124124
2124522
2124921
2125312
2125682
2126075
2126455
2126841
2127220
2127604
2128006
2128399
2128798
2129178
2129552
2129942
2130324
2130718
2131127
2131521
2131895
2132292
2132665
2133059
2133444
2133845
2134224
2134625
2135027
2135432
2135846
2136222
2136621
2137011
2137399
2137796
2138187
2138581
2138982
2139373
2139766
2140157
2140539
2140935
2141312
2141705
2142108
2142483
2142879
2143252
2143650
2144042
2144434
2144826
2145194
2145580
2145966
2146348
2146769
2147157
2147535
2147914
2148314
2148702
2149104
2149503
2149897
2150302
2150711
2151114
2151499
2151895
2152293
2152683
2153074
2153453
2153852
2154247
2154638
2155022
2155411
2155812
2156190
2156566
2156960
2157357
2157761
2158143
2158544
2158943
2159349
2159726
2160121
2160501
2160891
2161297
2161686
2162063
2162453
2162830
2163211
2163589
2163990
2164365
2164739
2165122
2165514
2165893
2166271
2166691
2167082
2167455
2167839
2168217
2168610
2169009
2169402
2169785
2170175
2170566
2170962
2171353
2171756
2172148
2172539
2172925
2173320
2173701
2174090
2174475
2174866
2175246
2175635
2176024
2176430
2176815
2177206
2177600
2177992
2178375
2178772
2179167
2179557
2179937
2180323
2180701
2181103
2181477
2181856
2182231
2182614
2183004
2183402
2183790
2184176
2184559
2184941
2185336
2185711
2186088
2186468
2186854
2187232
2187627
2188012
2188403
2188775
2189169
2189554
2189941
2190304
2190704
2191119
2191509
2191887
2192284
2192661
2193046
2193434
2193818
2194202
2194592
2194989
2195396
2195791
2196177
2196568
2196952
2197330
2197733
2198133
2198507
2198887
2199276
2199676
2200064
2200445
2200852
2201226
2201638
2202025
2202408
2202789
2203180
2203572
2203966
2204362
2204758
2205139
2205532
2205921
2206330
2206718
2207106
2207485
2207862
2208255
2208651
2209038
2209439
2209814
2210182
2210573
2210970
2211345
2211726
2212114
2212500
2212896
2213279
2213676
2214061
2214443
2214834
2215224
2215628
2216028
2216416
2216818
2217190
2217569
2217956
2218341
2218717
2219111
2219506
2219883
2220276
2220661
2221072
2221441
2221817
2222179
2222568
2222946
2223343
2223716
2224119
2224512
2224908
2225294
2225692
2226104
2226483
2226886
2227269
2227655
2228043
2228419
2228802
2229197
2229581
2229983
2230360
2230750
2231137
2231545
2231943
2232326
2232700
2233111
2233506
2233888
2234287
2234683
2235079
2235484
2235871
2236269
2236651
2237041
2237421
2237817
2238208
2238597
2238986
2239389
2239767
2240170
2240571
2240958
2241337
2241723
2242094
2242466
2242857
2243241
2243631
2244021
2244409
2244788
2245168
2245560
2245928
2246316
2246678
2247073
2247466
2247856
2248246
2248619
2249013
2249415
2249799
2250181
2250579
2250963
2251343
2251738
2252115
2252515
2252918
2253288
2253685
2254066
2254459
2254858
2255247
2255627
2256009
2256401
2256787
2257168
2257558
2257936
2258337
2258733
2259127
2259532
2259912
2260308
2260683
2261076
2261472
2261856
2262256
2262645
2263043
2263440
2263822
2264217
2264605
2264996
2265391
2265780
2266169
2266557
2266944
2267340
2267740
2268120
2268519
2268917
2269291
2269685
2270066
2270455
2270837
2271222
2271603
2272004
2272389
2272774
2273165
2273560
2273949
2274334
2274740
2275133
2275510
2275890
2276267
2276651
2277042
2277439
2277836
2278234
2278618
2279010
2279424
2279819
2280206
2280595
2280985
2281376
2281763
2282147
2282546
2282926
2283301
2283690
2284069
2284458
2284861
2285252
2285636
2286028
2286419
2286818
2287221
2287588
2287987
2288388
2288786
2289177
2289573
2289954
2290335
2290716
2291106
2291500
2291886
2292293
2292680
2293072
2293461
2293858
2294240
2294635
2295044
2295450
2295834
2296207
2296593
2296979
2297339
2297728
2298104
2298498
2298887
2299274
2299649
2300036
2300438
2300820
2301208
2301595
2302005
2302387
2302763
2303167
2303532
2303909
2304305
2304693
2305069
2305458
2305834
2306206
2306602
2307001
2307401
2307776
2308164
2308565
2308961
2309352
2309744
2310125
2310499
2310883
2311269
2311657
2312048
2312439
2312828
2313199
2313598
2313987
2314362
2314740
2315133
2315519
2315913
2316289
2316670
2317062
2317447
2317824
2318212
2318589
2318961
2319353
2319741
2320150
2320532
2320913
2321302
2321694
2322072
2322462
2322852
2323232
2323631
2324011
2324386
2324772
2325157
2325550
2325941
2326327
2326701
2327097
2327481
2327869
2328258
2328644
2329027
2329418
2329802
2330187
2330575
2330982
2331381
2331779
2332172
2332573
2332970
2333355
2333736
2334094
2334482
2334879
2335261
2335658
2336053
2336453
2336844
2337227
2337613
2337989
2338388
2338766
2339128
2339512
2339901
2340297
2340683
2341065
2341460
2341843
2342240
2342632
2343044
2343426
2343815
2344196
2344572
2344958
2345339
2345739
2346133
2346525
2346921
2347317
2347712
2348116
2348493
2348869
2349256
2349625
2350001
2350394
2350787
2351172
2351553
2351955
2352334
2352719
2353119
2353494
2353874
2354256
2354644
2355036
2355411
2355789
2356177
2356575
2356973
2357364
2357763
2358154
2358551
2358945
2359335
2359712
2360107
2360492
2360880
2361263
2361649
2362034
2362416
2362806
2363202
2363600
2363980
2364360
2364754
2365153
2365537
2365896
2366292
2366684
2367061
2367444
2367838
2368213
2368599
2368986
2369378
2369763
2370147
2370533
2370918
2371311
2371714
2372109
2372488
2372864
2373244
2373628
2374010
2374411
2374810
2375192
2375568
2375953
2376337
2376725
2377113
2377494
2377872
2378269
2378655
2379058
2379450
2379845
2380239
2380633
2381022
2381422
2381795
2382175
2382568
2382950
2383340
2383724
2384119
2384512
2384916
2385306
2385706
2386099
2386482
2386867
2387254
2387657
2388048
2388423
2388810
2389202
2389590
2389987
2390367
2390756
2391147
2391547
2391919
2392317
2392696
2393094
2393472
2393842
2394233
2394626
2395011
2395407
2395807
2396194
2396579
2396969
2397327
2397749
2398135
2398539
2398938
2399328
2399709
2400101
2400484
2400864
2401257
2401651
2402052
2402458
2402850
2403247
2403643
2404039
2404429
2404813
2405201
2405580
2405982
2406369
2406758
2407152
2407539
2407915
2408288
2408681
2409068
2409463
2409847
2410237
2410626
2410996
2411390
2411786
2412182
2412553
2412942
2413338
2413728
2414123
2414525
2414913
2415309
2415693
2416080
2416469
2416864
2417248
2417645
2418034
2418414
2418794
2419186
2419572
2419954
2420339
2420732
2421103
2421492
2421881
2422289
2422689
2423081
2423458
2423842
2424238
2424630
2425026
2425412
2425786
2426187
2426590
2426986
2427382
2427764
2428163
2428539
2428932
2429331
2429725
2430112
2430483
2430891
2431277
2431671
2432071
2432469
2432865
2433246
2433627
2434008
2434403
2434805
2435189
2435573
2435960
2436365
2436746
2437116
2437510
2437894
2438292
2438687
2439078
2439463
2439852
2440254
2440634
2441012
2441422
2441817
2442199
2442596
2443007
2443398
2443782
2444170
2444549
2444933
2445314
2445700
2446089
2446477
2446859
2447255
2447635
2448015
2448403
2448794
2449161
2449560
2449954
2450344
2450722
2451126
2451516
2451902
2452307
2452700
2453092
2453483
2453873
2454270
2454667
2455060
2455447
2455852
2456242
2456631
2457013
2457405
2457780
2458175
2458567
2458932
2459298
2459695
2460072
2460451
2460829
2461216
2461612
2461983
2462363
2462766
2463148
2463550
2463957
2464353
2464734
2465109
2465497
2465890
2466270
2466655
2467023
2467386
2467785
2468182
2468562
2468952
2469356
2469745
2470135
2470532
2470911
2471298
2471668
2472050
2472442
2472825
2473206
2473600
2473986
2474369
2474759
2475140
2475540
2475940
2476330
2476717
2477111
2477490
2477884
2478280
2478647
2479030
2479422
2479808
2480181
2480565
2480955
2481344
2481732
2482118
2482486
2482875
2483258
2483648
2484043
2484437
2484831
2485233
2485623
2486022
2486403
2486787
2487176
2487548
2487934
2488323
2488709
2489103
2489502
2489892
2490278
2490675
2491058
2491465
2491856
2492257
2492652
2493050
2493435
2493831
2494206
2494593
2494978
2495374
2495764
2496178
2496563
2496932
2497297
2497679
2498060
2498445
2498818
2499195
2499579
2499949
2500332
2500735
2501132
2501513
2501880
2502281
2502669
2503056
2503456
2503849
2504230
2504607
2504986
2505384
2505780
2506171
2506585
2506976
2507381
2507775
2508152
2508545
2508936
2509320
2509705
2510111
2510499
2510891
2511294
2511692
2512105
2512501
2512896
2513287
2513690
2514071
2514467
2514842
2515251
2515637
2516041
2516413
2516802
2517203
2517596
2517994
2518383
2518772
2519176
2519547
2519940
2520342
2520730
2521113
2521505
2521892
2522270
2522667
2523058
2523442
2523845
2524232
2524622
2524997
2525399
2525792
2526180
2526572
2526973
2527369
2527743
2528146
2528536
2528937
2529312
2529713
2530095
2530467
2530856
2531242
2531635
2532012
2532401
2532775
2533177
2533570
2533959
2534324
2534727
2535121
2535510
2535913
2536300
2536688
2537096
2537489
2537886
2538258
2538642
2539044
2539441
2539816
2540211
2540590
2540978
2541357
2541741
2542145
2542531
2542908
2543292
2543669
2544051
2544434
2544838
2545219
2545600
2545975
2546367
2546751
2547152
2547548
2547942
2548324
2548711
2549098
2549506
2549910
2550287
2550664
2551041
2551419
2551791
2552181
2552575
2552959
2553353
2553758
2554145
2554532
2554916
2555303
2555691
2556062
2556440
2556837
2557226
2557621
2558005
2558388
2558790
2559193
2559590
2559987
2560376
2560774
2561153
2561523
2561905
2562296
2562684
2563055
2563439
2563824
2564211
2564587
2564997
2565375
2565777
2566169
2566548
2566948
2567329
2567701
2568092
2568482
2568872
2569250
2569639
2570034
2570400
2570798
2571181
2571570
2571972
2572374
2572758
2573149
2573538
2573924
2574309
2574707
2575105
2575492
2575878
2576277
2576669
2577064
2577463
2577863
2578243
2578636
2579032
2579419
2579807
2580200
2580593
2580985
2581386
2581777
2582163
2582576
2582965
2583361
2583759
2584141
2584547
2584950
2585330
2585737
2586115
2586518
2586910
2587297
2587701
2588096
2588494
2588897
2589286
2589687
2590069
2590471
2590865
2591247
2591641
2592025
2592404
2592802
2593184
2593585
2593966
2594339
2594731
2595115
2595498
2595868
2596260
2596651
2597028
2597414
2597814
2598187
2598556
2598950
2599344
2599716
2600102
2600476
2600862
2601245
2601632
2602019
2602410
2602800
2603174
2603569
2603953
2604345
2604738
2605114
2605506
2605902
2606290
2606674
2607062
2607445
2607832
2608207
2608586
2608991
2609386
2609762
2610159
2610559
2610951
2611348
2611718
2612104
2612499
2612899
2613283
2613674
2614062
2614436
2614823
2615219
2615600
2615992
2616381
2616760
2617153
2617529
2617915
2618299
2618662
2619054
2619438
2619812
2620188
2620586
2620961
2621355
2621752
2622128
2622521
2622901
2623280
2623655
2624044
2624440
2624828
2625209
2625602
2625977
2626348
2626750
2627128
2627514
2627887
2628273
2628673
2629058
2629454
2629844
2630237
2630629
2631004
2631395
2631779
2632170
2632554
2632929
2633292
2633681
2634067
2634457
2634861
2635273
2635667
2636050
2636448
2636827
2637219
2637599
2637984
2638379
2638780
2639180
2639575
2639971
2640362
2640748
2641129
2641528
2641906
2642285
2642672
2643059
2643446
2643843
2644220
2644598
2644978
2645369
2645747
2646134
2646523
2646915
2647309
2647694
2648092
2648471
2648857
2649251
2649662
2650029
2650430
2650822
2651218
2651612
2652003
2652383
2652771
2653158
2653534
2653925
2654299
2654690
2655062
2655432
2655809
2656198
2656581
2656974
2657373
2657772
2658155
2658548
2658960
2659356
2659747
2660107
2660479
2660864
2661267
2661667
2662059
2662450
2662837
2663233
2663613
2664003
2664407
2664783
2665153
2665518
2665923
2666316
2666720
2667112
2667500
2667876
2668256
2668658
2669042
2669426
2669807
2670195
2670597
2670982
2671377
2671762
2672143
2672532
2672925
2673312
2673707
2674099
2674496
2674903
2675275
2675672
2676072
2676449
2676827
2677225
2677627
2678019
2678400
2678793
2679176
2679569
2679962
2680337
2680734
2681131
2681509
2681913
2682311
2682719
2683115
2683514
2683903
2684291
2684691
2685058
2685447
2685839
2686249
2686633
2687027
2687386
2687764
2688165
2688542
2688937
2689327
2689707
2690094
2690476
2690862
2691251
2691645
2692042
2692424
2692809
2693184
2693573
2693960
2694331
2694703
2695083
2695462
2695866
2696245
2696623
2697007
2697405
2697805
2698183
2698572
2698963
2699362
2699745
2700130
2700494
2700894
2701270
2701646
2702044
2702437
2702825
2703212
2703603
2703994
2704378
2704771
2705157
2705540
2705938
2706333
2706741
2707125
2707516
2707912
2708296
2708692
2709066
2709457
2709848
2710237
2710627
2711030
2711409
2711788
2712192
2712600
2712997
2713366
2713755
2714131
2714517
2714887
2715282
2715676
2716073
2716460
2716861
2717259
2717638
2718032
2718424
2718819
2719211
2719581
2719967
2720356
2720725
2721117
2721498
2721888
2722295
2722685
2723083
2723460
2723861
2724238
2724619
2724998
2725382
2725753
2726149
2726523
2726907
2727302
2727708
2728110
2728505
2728889
2729278
2729665
2730064
2730469
2730851
2731234
2731616
2732015
2732408
2732783
2733181
2733559
2733952
2734352
2734739
2735131
2735533
2735903
2736310
2736688
2737075
2737460
2737864
2738266
2738655
2739054
2739454
2739820
2740218
2740615
2741002
2741395
2741777
2742148
2742534
2742948
2743338
2743725
2744111
2744506
2744888
2745289
2745676
2746061
2746427
2746818
2747207
2747583
2747976
2748360
2748737
2749111
2749501
2749893
2750283
2750654
2751045
2751441
2751828
2752210
2752588
2752963
2753338
2753737
2754127
2754511
2754886
2755284
2755671
2756057
2756446
2756844
2757229
2757603
2758005
2758392
2758790
2759172
2759568
2759950
2760327
2760716
2761101
2761498
2761902
2762307
2762698
2763085
2763474
2763868
2764253
2764646
2765027
2765419
2765803
2766199
2766582
2766987
2767376
2767776
2768174
2768563
2768938
2769341
2769718
2770098
2770487
2770876
2771258
2771633
2772020
2772391
2772784
2773176
2773555
2773948
2774340
2774735
2775129
2775523
2775918
2776299
2776691
2777072
2777444
2777835
2778207
2778599
2778990
2779387
2779778
2780177
2780551
2780926
2781295
2781689
2782071
2782448
2782832
2783202
2783599
2783999
2784372
2784760
2785144
2785532
2785924
2786313
2786682
2787061
2787441
2787836
2788229
2788620
2788997
2789380
2789768
2790164
2790552
2790945
2791347
2791734
2792122
2792522
2792914
2793307
2793683
2794079
2794464
2794856
2795251
2795637
2796041
2796423
2796802
2797180
2797566
2797956
2798350
2798738
2799113
2799508
2799895
2800285
2800680
2801068
2801461
2801836
2802213
2802620
2802999
2803390
2803780
2804173
2804562
2804952
2805354
2805759
2806155
2806550
2806949
2807325
2807715
2808101
2808487
2808876
2809249
2809646
2810027
2810421
2810822
2811211
2811615
2812009
2812416
2812829
2813212
2813602
2813994
2814375
2814765
2815145
2815542
2815925
2816307
2816689
2817065
2817470
2817874
2818261
2818659
2819038
2819441
2819830
2820232
2820623
2821013
2821417
2821808
2822187
2822577
2822986
2823379
2823766
2824151
2824535
2824920
2825316
2825713
2826086
2826475
2826859
2827256
2827648
2828024
2828392
2828783
2829171
2829565
2829950
2830336
2830733
2831115
2831502
2831883
2832273
2832647
2833035
2833429
2833816
2834206
2834581
2834975
2835355
2835751
2836147
2836544
2836951
2837351
2837735
2838115
2838506
2838891
2839285
2839672
2840066
2840450
2840837
2841236
2841623
2842013
2842392
2842793
2843177
2843558
2843937
2844341
2844713
2845103
2845503
2845890
2846285
2846664
2847053
2847440
2847818
2848212
2848608
2849000
2849383
2849788
2850172
2850536
2850926
2851309
2851701
2852084
2852472
2852862
2853245
2853622
2854006
2854403
2854787
2855177
2855575
2855960
2856350
2856743
2857144
2857537
2857930
2858331
2858719
2859104
2859496
2859887
2860262
2860645
2861042
2861434
2861814
2862183
2862568
2862959
2863349
2863737
2864115
2864504
2864894
2865282
2865678
2866072
2866471
2866868
2867266
2867655
2868044
2868444
2868847
2869242
2869653
2870035
2870432
2870829
2871221
2871623
2872007
2872387
2872778
2873169
2873546
2873936
2874316
2874707
2875107
2875508
2875889
2876263
2876632
2877038
2877421
2877817
2878207
2878601
2878992
2879376
2879760
2880133
2880516
2880915
2881295
2881711
2882099
2882492
2882881
2883269
2883661
2884052
2884431
2884817
2885186
2885575
2885969
2886354
2886751
2887141
2887532
2887926
2888309
2888704
2889097
2889478
2889864
2890243
2890627
2891020
2891419
2891822
2892196
2892583
2892984
2893373
2893777
2894164
2894560
2894943
2895332
2895717
2896098
2896483
2896874
2897265
2897673
2898048
2898441
2898820
2899211
2899587
2899977
2900359
2900753
2901142
2901534
2901928
2902318
2902686
2903085
2903470
2903868
2904246
2904639
2905057
2905447
2905835
2906215
2906601
2906996
2907415
2907782
2908167
2908561
2908941
2909328
2909717
2910084
2910481
2910872
2911264
2911656
2912028
2912420
2912814
2913218
2913604
2914001
2914392
2914775
2915155
2915531
2915906
2916299
2916678
2917060
2917455
2917820
2918201
2918592
2918977
2919369
2919764
2920140
2920539
2920907
2921290
2921680
2922073
2922465
2922846
2923237
2923648
2924040
2924426
2924808
2925201
2925592
2925983
2926387
2926772
2927175
2927585
2927973
2928362
2928737
2929122
2929512
2929908
2930309
2930718
2931118
2931503
2931888
2932285
2932672
2933058
2933452
2933862
2934256
2934652
2935055
2935431
2935813
2936201
2936583
2936967
2937354
2937739
2938117
2938513
2938905
2939278
2939669
2940051
2940449
2940851
2941237
2941618
2942000
2942381
2942766
2943159
2943536
2943926
2944300
2944698
2945104
2945488
2945889
2946283
2946680
2947069
2947456
2947844
2948219
2948598
2948998
2949375
2949775
2950170
2950563
2950934
2951325
2951718
2952117
2952503
2952903
2953289
2953676
2954065
2954464
2954860
2955251
2955623
2956023
2956413
2956794
2957192
2957588
2957966
2958344
2958733
2959123
2959535
2959917
2960303
2960696
2961087
2961462
2961859
2962262
2962661
2963043
2963439
2963829
2964196
2964593
2964962
2965328
2965722
2966118
2966503
2966876
2967258
2967642
2968036
2968422
2968812
2969197
2969587
2969982
2970365
2970771
2971154
2971544
2971948
2972329
2972709
2973088
2973484
2973871
2974262
2974651
2975057
2975453
2975849
2976245
2976624
2976999
2977381
2977776
2978174
2978551
2978935
2979318
2979710
2980093
2980484
2980866
2981254
2981639
2982018
2982399
2982790
2983171
2983560
2983938
2984349
2984733
2985112
2985505
2985896
2986271
2986648
2987043
2987433
2987829
2988222
2988597
2988991
2989383
2989778
2990159
2990545
2990936
2991316
2991703
2992091
2992475
2992874
2993258
2993662
2994064
2994464
2994849
2995245
2995639
2996019
2996403
2996792
2997182
2997557
2997930
2998315
2998704
2999091
2999482
2999875
3000273
3000651
3001062
3001426
3001798
3002205
3002592
3002976
3003363
3003752
3004148
3004552
3004931
3005315
3005709
3006085
3006470
3006868
3007250
3007640
3008042
3008448
3008840
3009227
3009609
3009988
3010383
3010780
3011152
3011540
3011929
3012320
3012717
3013105
3013502
3013875
3014261
3014640
3015014
3015380
3015769
3016157
3016547
3016946
3017339
3017721
3018105
3018500
3018903
3019308
3019701
3020109
3020492
3020882
3021282
3021673
3022067
3022457
3022860
3023250
3023640
3024026
3024402
3024787
3025182
3025569
3025955
3026352
3026733
3027120
3027502
3027883
3028280
3028676
3029068
3029459
3029835
3030233
3030610
3030997
3031388
3031777
3032154
3032544
3032938
3033320
3033713
3034103
3034484
3034867
3035273
3035661
3036064
3036449
3036853
3037240
3037623
3038016
3038408
3038797
3039201
3039591
3039989
3040380
3040772
3041153
3041539
3041935
3042309
3042713
3043104
3043497
3043880
3044279
3044659
3045053
3045456
3045852
3046225
3046610
3047005
3047395
3047790
3048171
3048564
3048958
3049340
3049719
3050102
3050498
3050878
3051260
3051634
3052029
3052397
3052787
3053191
3053588
3053980
3054348
3054726
3055119
3055509
3055918
3056306
3056690
3057089
3057481
3057873
3058247
3058636
3059024
3059435
3059837
3060233
3060632
3061026
3061422
3061808
3062203
3062583
3062970
3063356
3063732
3064122
3064507
3064899
3065289
3065685
3066092
3066479
3066880
3067263
3067649
3068027
3068419
3068797
3069200
3069580
3069977
3070364
3070744
3071134
3071515
3071901
3072303
3072707
3073086
3073471
3073855
3074253
3074633
3075023
3075413
3075798
3076175
3076570
3076958
3077332
3077712
3078109
3078511
3078899
3079275
3079655
3080031
3080424
3080826
3081220
3081596
3081987
3082387
3082776
3083178
3083550
3083938
3084329
3084721
3085107
3085497
3085886
3086284
3086679
3087081
3087473
3087857
3088260
3088651
3089046
3089439
3089830
3090214
3090611
3091005
3091398
3091782
3092167
3092558
3092935
3093336
3093723
3094112
3094500
3094873
3095249
3095626
3096002
3096373
3096769
3097147
3097542
3097927
3098321
3098710
3099121
3099505
3099886
3100287
3100677
3101063
3101445
3101835
3102215
3102605
3102996
3103380
3103765
3104137
3104540
3104927
3105329
3105726
3106100
3106489
3106874
3107258
3107645
3108027
3108415
3108800
3109196
3109579
3109966
3110353
3110727
3111101
3111489
3111866
3112261
3112648
3113027
3113402
3113804
3114185
3114578
3114949
3115349
3115742
3116131
3116509
3116899
3117290
3117681
3118067
3118453
3118839
3119234
3119628
3120021
3120412
3120790
3121189
3121577
3121969
3122376
3122761
3123138
3123539
3123929
3124325
3124713
3125103
3125480
3125873
3126256
3126647
3127023
3127411
3127794
3128187
3128566
3128958
3129342
3129735
3130128
3130508
3130881
3131259
3131646
3132026
3132425
3132818
3133198
3133579
3133964
3134349
3134719
3135115
3135492
3135886
3136266
3136657
3137033
3137427
3137821
3138220
3138602
3138991
3139360
3139748
3140142
3140529
3140908
3141297
3141678
3142062
3142437
3142826
3143220
3143597
3143974
3144354
3144735
3145122
3145507
3145891
3146278
3146672
3147071
3147468
3147849
3148257
3148648
3149033
3149421
3149808
3150199
3150578
3150986
3151377
3151752
3152144
3152527
3152909
3153306
3153688
3154068
3154456
3154845
3155246
3155635
3156030
3156415
3156795
3157179
3157572
3157960
3158351
3158744
3159125
3159511
3159900
3160298
3160680
3161068
3161466
3161861
3162257
3162647
3163025
3163410
3163791
3164180
3164565
3164950
3165317
3165700
3166073
3166461
3166846
3167220
3167615
3168003
3168382
3168775
3169174
3169528
3169911
3170285
3170680
3171050
3171443
3171828
3172219
3172599
3172985
3173361
3173745
3174150
3174542
3174928
3175337
3175723
3176113
3176516
3176898
3177291
3177678
3178065
3178461
3178855
3179239
3179643
3180030
3180435
3180821
3181205
3181591
3181972
3182350
3182746
3183128
3183520
3183907
3184295
3184665
3185036
3185422
3185811
3186215
3186599
3186991
3187401
3187777
3188159
3188549
3188929
3189325
3189711
3190093
3190495
3190880
3191288
3191665
3192047
3192427
3192817
3193209
3193589
3193961
3194361
3194749
3195126
3195522
3195904
3196309
3196699
3197105
3197482
3197859
3198269
3198663
3199053
3199434
3199822
3200210
3200584
3200977
3201360
3201729
3202116
3202502
3202894
3203291
3203674
3204057
3204442
3204820
3205203
3205596
3205994
3206383
3206795
3207184
3207568
3207952
3208339
3208720
3209097
3209486
3209853
3210251
3210632
3211017
3211415
3211805
3212185
3212580
3212953
3213322
3213728
3214125
3214517
3214908
3215295
3215685
3216081
3216450
3216836
3217230
3217586
3217971
3218353
3218729
3219116
3219503
3219908
3220303
3220698
3221085
3221472
3221863
3222247
3222629
3223007
3223386
3223798
3224192
3224596
3225000
3225380
3225770
3226166
3226559
3226926
3227316
3227698
3228084
3228478
3228863
3229260
3229648
3230032
3230439
3230823
3231216
3231612
3232001
3232408
3232815
3233191
3233575
3233978
3234352
3234738
3235126
3235494
3235869
3236258
3236631
3237011
3237370
3237768
3238162
3238548
3238931
3239299
3239680
3240066
3240451
3240838
3241241
3241642
3242030
3242405
3242787
3243186
3243584
3243980
3244375
3244767
3245158
3245545
3245937
3246316
3246713
3247100
3247497
3247910
3248303
3248680
3249064
3249449
3249825
3250225
3250620
3251004
3251381
3251769
3252170
3252554
3252925
3253323
3253724
3254115
3254526
3254904
3255298
3255678
3256067
3256444
3256829
3257198
3257594
3257978
3258349
3258735
3259133
3259530
3259910
3260305
3260691
3261073
3261449
3261840
3262226
3262603
3262989
3263374
3263757
3264132
3264517
3264900
3265287
3265669
3266074
3266452
3266839
3267234
3267629
3268022
3268414
3268806
3269188
3269567
3269968
3270370
3270757
3271124
3271511
3271900
3272294
3272673
3273042
3273431
3273825
3274230
3274605
3274989
3275384
3275767
3276159
3276539
3276923
3277310
3277718
3278111
3278495
3278865
3279250
3279640
3280028
3280415
3280800
3281182
3281570
3281963
3282351
3282727
3283114
3283499
3283895
3284283
3284682
3285094
3285483
3285888
3286284
3286670
3287066
3287461
3287863
3288248
3288637
3289044
3289435
3289823
3290214
3290610
3291022
3291420
3291807
3292198
3292597
3292986
3293371
3293740
3294129
3294525
3294914
3295298
3295721
3296118
3296500
3296908
3297296
3297683
3298083
3298471
3298855
3299252
3299638
3300034
3300412
3300800
3301180
3301562
3301961
3302352
3302743
3303136
3303522
3303917
3304299
3304679
3305072
3305450
3305835
3306219
3306610
3306998
3307410
3307804
3308181
3308586
3308967
3309353
3309750
3310155
3310536
3310919
3311302
3311679
3312069
3312464
3312860
3313243
3313623
3314000
3314392
3314774
3315153
3315541
3315927
3316322
3316722
3317109
3317501
3317889
3318272
3318661
3319047
3319443
3319836
3320234
3320626
3321018
3321404
3321773
3322150
3322543
3322939
3323327
3323698
3324078
3324463
3324869
3325248
3325656
3326063
3326436
3326825
3327205
3327587
3327969
3328354
3328765
3329151
3329542
3329930
3330324
3330712
3331098
3331496
3331883
3332270
3332667
3333064
3333442
3333816
3334196
3334596
3334994
3335392
3335790
3336159
3336560
3336945
3337330
3337712
3338084
3338462
3338855
3339213
3339604
3340009
3340401
3340775
3341164
3341554
3341933
3342324
3342720
3343116
3343504
3343888
3344314
3344714
3345097
3345484
3345868
3346255
3346648
3347036
3347415
3347820
3348204
3348583
3348974
3349369
3349757
3350146
3350529
3350902
3351281
3351677
3352080
3352480
3352868
3353245
3353620
3353984
3354369
3354754
3355145
3355535
3355919
3356299
3356692
3357083
3357470
3357874
3358273
3358653
3359015
3359396
3359785
3360182
3360579
3360978
3361372
3361750
3362122
3362515
3362928
3363325
3363711
3364119
3364503
3364908
3365290
3365661
3366046
3366427
3366793
3367199
3367587
3367972
3368383
3368771
3369176
3369548
3369934
3370323
3370707
3371111
3371492
3371892
3372271
3372653
3373035
3373434
3373817
3374188
3374566
3374953
3375353
3375735
3376132
3376522
3376893
3377277
3377680
3378064
3378460
3378843
3379227
3379610
3380001
3380406
3380793
3381176
3381557
3381939
3382346
3382715
3383095
3383490
3383875
3384279
3384678
3385096
3385479
3385862
3386249
3386636
3387012
3387392
3387774
3388170
3388550
3388945
3389314
3389706
3390112
3390526
3390892
3391285
3391694
3392080
3392458
3392847
3393241
3393646
3394025
3394417
3394800
3395189
3395580
3395951
3396335
3396722
3397102
3397498
3397892
3398268
3398651
3399048
3399434
3399815
3400205
3400618
3401007
3401390
3401781
3402163
3402550
3402949
3403329
3403727
3404115
3404495
3404884
3405271
3405675
3406054
3406434
3406824
3407196
3407575
3407981
3408372
3408750
3409138
3409537
3409904
3410308
3410708
3411091
3411471
3411854
3412225
3412626
3413003
3413386
3413763
3414149
3414521
3414915
3415263
3415634
3416016
3416396
3416796
3417175
3417561
3417940
3418328
3418720
3419116
3419497
3419880
3420275
3420659
3421063
3421454
3421826
3422221
3422618
3423019
3423418
3423818
3424212
3424581
3424983
3425366
3425757
3426155
3426553
3426952
3427349
3427758
3428138
3428536
3428938
3429331
3429721
3430110
3430494
3430870
3431267
3431661
3432040
3432429
3432817
3433199
3433597
3433986
3434372
3434767
3435154
3435534
3435919
3436302
3436692
3437078
3437453
3437841
3438240
3438627
3439026
3439416
3439789
3440165
3440581
3440960
3441346
3441729
3442124
3442510
3442895
3443295
3443698
3444093
3444490
3444876
3445256
3445658
3446069
3446442
3446816
3447191
3447576
3447956
3448343
3448711
3449098
3449471
3449870
3450267
3450642
3451015
3451424
3451796
3452201
3452591
3452992
3453382
3453752
3454140
3454522
3454877
3455261
3455665
3456047
3456425
3456810
3457195
3457590
3457978
3458354
3458737
3459124
3459500
3459898
3460269
3460646
3461033
3461432
3461821
3462203
3462581
3462961
3463340
3463718
3464119
3464515
3464891
3465263
3465649
3466029
3466412
3466789
3467172
3467567
3467955
3468332
3468700
3469085
3469479
3469856
3470250
3470636
3471034
3471424
3471796
3472194
3472574
3472942
3473342
3473725
3474128
3474530
3474910
3475298
3475680
3476053
3476449
3476813
3477213
3477607
3477998
3478395
3478785
3479162
3479562
3479953
3480335
3480712
3481106
3481503
3481896
3482284
3482665
3483037
3483433
3483821
3484214
3484601
3485006
3485389
3485778
3486180
3486559
3486949
3487333
3487712
3488092
3488495
3488892
3489295
3489678
3490077
3490455
3490840
3491228
3491612
3491999
3492406
3492792
3493184
3493573
3493974
3494367
3494761
3495147
3495547
3495944
3496315
3496684
3497084
3497464
3497835
3498208
3498601
3499003
3499401
3499792
3500185
3500578
3500971
3501342
3501728
3502126
3502505
3502890
3503286
3503676
3504059
3504436
3504809
3505193
3505576
3505961
3506350
3506743
3507143
3507536
3507910
3508309
3508706
3509101
3509484
3509874
3510260
3510628
3511040
3511445
3511829
3512207
3512591
3512967
3513385
3513786
3514192
3514575
3514962
3515351
3515748
3516131
3516509
3516898
3517290
3517701
3518091
3518484
3518886
3519276
3519683
3520082
3520474
3520869
3521238
3521622
3522013
3522405
3522781
3523176
3523554
3523950
3524338
3524724
3525102
3525477
3525860
3526236
3526628
3527022
3527402
3527793
3528204
3528573
3528957
3529346
3529731
3530139
3530523
3530909
3531297
3531694
3532079
3532466
3532843
3533220
3533599
3533984
3534374
3534757
3535163
3535547
3535938
3536339
3536701
3537087
3537468
3537874
3538256
3538628
3539017
3539410
3539796
3540190
3540577
3540975
3541375
3541776
3542169
3542554
3542948
3543336
3543730
3544107
3544497
3544886
3545283
3545671
3546050
3546463
3546850
3547234
3547621
3548027
3548410
3548791
3549183
3549587
3549978
3550379
3550763
3551157
3551538
3551920
3552313
3552706
3553100
3553488
3553889
3554270
3554650
3555052
3555438
3555831
3556245
3556622
3557003
3557392
3557795
3558187
3558577
3558964
3559371
3559751
3560149
3560550
3560941
3561322
3561708
3562074
3562462
3562860
3563237
3563637
3564018
3564408
3564789
3565176
3565577
3565955
3566340
3566724
3567096
3567478
3567874
3568279
3568662
3569054
3569451
3569835
3570246
3570640
3571017
3571399
3571774
3572166
3572548
3572935
3573327
3573716
3574112
3574505
3574894
3575287
3575686
3576066
3576464
3576857
3577248
3577638
3578042
3578423
3578806
3579192
3579574
3579956
3580351
3580749
3581152
3581537
3581915
3582309
3582709
3583087
3583471
3583867
3584257
3584656
3585033
3585434
3585823
3586217
3586623
3587004
3587396
3587786
3588158
3588543
3588941
3589328
3589714
3590105
3590503
3590900
3591290
3591687
3592086
3592474
3592884
3593280
3593667
3594066
3594466
3594859
3595260
3595652
3596046
3596430
3596818
3597214
3597609
3597997
3598382
3598761
3599154
3599531
3599929
3600336
3600712
3601083
3601451
3601839
3602236
3602623
3603013
3603401
3603789
3604182
3604555
3604952
3605347
3605726
3606113
3606516
3606909
3607282
3607682
3608081
3608476
3608853
3609238
3609635
3610020
3610417
3610801
3611182
3611582
3611968
3612366
3612749
3613145
3613539
3613932
3614333
3614724
3615115
3615505
3615886
3616268
3616661
3617055
3617454
3617828
3618220
3618609
3619006
3619401
3619787
3620182
3620583
3620977
3621375
3621764
3622148
3622550
3622941
3623340
3623733
3624126
3624533
3624915
3625299
3625671
3626045
3626440
3626855
3627233
3627623
3628007
3628382
3628765
3629142
3629522
3629910
3630286
3630667
3631056
3631449
3631823
3632218
3632611
3633008
3633405
3633809
3634195
3634572
3634968
3635359
3635743
3636130
3636520
3636909
3637290
3637677
3638065
3638450
3638858
3639238
3639613
3640010
3640426
3640812
3641209
3641604
3641984
3642362
3642757
3643152
3643523
3643905
3644306
3644692
3645085
3645477
3645865
3646250
3646648
3647041
3647422
3647808
3648210
3648613
3648984
3649375
3649764
3650155
3650545
3650928
3651310
3651688
3652079
3652471
3652853
3653230
3653610
3653993
3654389
3654776
3655170
3655544
3655923
3656310
3656711
3657088
3657469
3657831
3658253
3658635
3659021
3659398
3659777
3660164
3660547
3660926
3661303
3661685
3662078
3662456
3662850
3663237
3663625
3664025
3664421
3664813
3665186
3665571
3665962
3666352
3666743
3667132
3667527
3667918
3668312
3668696
3669093
3669481
3669856
3670272
3670646
3671039
3671441
3671828
3672209
3672616
3673012
3673410
3673806
3674196
3674589
3674991
3675391
3675793
3676176
3676564
3676954
3677364
3677754
3678127
3678497
3678899
3679274
3679647
3680033
3680425
3680810
3681191
3681578
3681959
3682335
3682733
3683129
3683509
3683911
3684275
3684677
3685077
3685463
3685847
3686236
3686633
3687026
3687412
3687793
3688194
3688576
3688961
3689360
3689741
3690120
3690505
3690898
3691279
3691657
3692031
3692414
3692812
3693214
3693603
3693997
3694398
3694794
3695185
3695585
3695984
3696363
3696754
3697143
3697524
3697897
3698268
3698653
3699028
3699416
3699813
3700211
3700596
3700987
3701382
3701774
3702174
3702572
3702963
3703359
3703745
3704127
3704514
3704890
3705280
3705690
3706091
3706461
3706853
3707232
3707608
3707980
3708374
3708745
3709115
3709489
3709871
3710266
3710656
3711032
3711430
3711814
3712199
3712593
3712969
3713355
3713732
3714116
3714502
3714891
3715272
3715638
3716032
3716432
3716815
3717207
3717595
3717984
3718373
3718752
3719134
3719529
3719909
3720307
3720712
3721093
3721493
3721872
3722258
3722660
3723066
3723441
3723825
3724218
3724609
3725006
3725387
3725783
3726175
3726563
3726949
3727325
3727715
3728097
3728489
3728879
3729278
3729670
3730043
3730439
3730801
3731191
3731574
3731951
3732342
3732746
3733143
3733530
3733922
3734313
3734706
3735096
3735470
3735850
3736229
3736615
3736994
3737381
3737782
3738167
3738570
3738961
3739342
3739737
3740145
3740533
3740906
3741293
3741694
3742082
3742459
3742847
3743246
3743642
3744029
3744427
3744798
3745180
3745564
3745953
3746354
3746733
3747123
3747508
3747903
3748298
3748676
3749057
3749446
3749831
3750215
3750601
3750994
3751377
3751771
3752152
3752540
3752930
3753310
3753702
3754091
3754476
3754864
3755252
3755637
3756032
3756413
3756786
3757165
3757550
3757942
3758320
3758701
3759091
3759471
3759869
3760261
3760661
3761059
3761442
3761839
3762228
3762634
3763037
3763421
3763835
3764239
3764645
3765035
3765424
3765806
3766204
3766604
3766997
3767385
3767786
3768181
3768580
3768954
3769346
3769730
3770113
3770494
3770876
3771281
3771671
3772084
3772484
3772870
3773269
3773640
3774018
3774405
3774777
3775171
3775547
3775925
3776322
3776706
3777079
3777471
3777865
3778258
3778652
3779031
3779405
3779811
3780205
3780582
3780960
3781340
3781717
3782101
3782479
3782878
3783247
3783647
3784028
3784438
3784828
3785228
3785611
3785993
3786397
3786790
3787178
3787565
3787955
3788338
3788730
3789128
3789519
3789910
3790281
3790667
3791047
3791427
3791835
3792234
3792609
3793004
3793385
3793771
3794169
3794555
3794946
3795326
3795712
3796111
3796512
3796896
3797292
3797687
3798082
3798469
3798861
3799252
3799625
3800004
3800398
3800785
3801167
3801559
3801948
3802331
3802719
3803107
3803500
3803884
3804261
3804666
3805049
3805444
3805840
3806225
3806616
3806995
3807359
3807754
3808148
3808523
3808923
3809309
3809703
3810095
3810476
3810871
3811253
3811632
3812015
3812412
3812793
3813185
3813555
3813932
3814328
3814704
3815104
3815483
3815862
3816237
3816624
3817009
3817386
3817772
3818148
3818541
3818953
3819353
3819739
3820135
3820517
3820913
3821306
3821701
3822083
3822473
3822854
3823211
3823586
3823978
3824367
3824759
3825129
3825516
3825924
3826310
3826683
3827072
3827462
3827850
3828230
3828637
3829030
3829405
3829783
3830153
3830538
3830913
3831318
3831702
3832101
3832485
3832879
3833254
3833633
3834016
3834398
3834793
3835169
3835551
3835935
3836325
3836705
3837088
3837475
3837848
3838236
3838641
3839037
3839413
3839813
3840204
3840577
3840964
3841337
3841713
3842098
3842496
3842888
3843293
3843674
3844068
3844447
3844826
3845219
3845615
3846013
3846406
3846807
3847201
3847597
3847996
3848378
3848761
3849143
3849542
3849934
3850331
3850717
3851105
3851496
3851892
3852291
3852654
3853050
3853449
3853829
3854219
3854622
3855010
3855406
3855810
3856195
3856577
3856975
3857371
3857777
3858169
3858554
3858934
3859329
3859709
3860089
3860478
3860862
3861255
3861656
3862042
3862439
3862832
3863228
3863622
3864007
3864410
3864799
3865160
3865549
3865935
3866323
3866710
3867107
3867498
3867892
3868297
3868682
3869076
3869464
3869859
3870236
3870628
3871032
3871410
3871816
3872199
3872580
3872960
3873340
3873717
3874108
3874506
3874897
3875305
3875683
3876072
3876466
3876868
3877269
3877645
3878026
3878410
3878804
3879184
3879567
3879939
3880336
3880711
3881098
3881488
3881883
3882247
3882641
3883019
3883412
3883810
3884206
3884580
3884953
3885335
3885730
3886114
3886504
3886902
3887302
3887669
3888057
3888437
3888820
3889227
3889611
3890011
3890403
3890798
3891187
3891571
3891943
3892325
3892700
3893103
3893502
3893893
3894288
3894675
3895071
3895452
3895836
3896218
3896597
3896978
3897361
3897764
3898160
3898550
3898942
3899329
3899724
3900113
3900501
3900883
3901273
3901656
3902048
3902436
3902806
3903207
3903589
3903972
3904373
3904748
3905119
3905522
3905899
3906283
3906672
3907055
3907440
3907826
3908224
3908611
3908996
3909387
3909758
3910138
3910530
3910910
3911278
3911658
3912041
3912445
3912819
3913203
3913609
3914000
3914388
3914773
3915164
3915535
3915933
3916322
3916719
3917108
3917497
3917897
3918283
3918670
3919072
3919460
3919851
3920256
3920654
3921047
3921446
3921842
3922234
3922628
3923022
3923412
3923788
3924183
3924570
3924965
3925349
3925730
3926134
3926542
3926929
3927316
3927706
3928094
3928496
3928894
3929260
3929645
3930044
3930434
3930823
3931208
3931595
3931978
3932357
3932733
3933115
3933509
3933894
3934274
3934668
3935051
3935443
3935832
3936213
3936602
3936986
3937384
3937751
3938131
3938504
3938863
3939222
3939607
3939981
3940362
3940751
3941142
3941536
3941926
3942306
3942693
3943081
3943468
3943851
3944234
3944620
3945013
3945400
3945798
3946177
3946556
3946948
3947343
3947738
3948132
3948528
3948913
3949302
3949683
3950081
3950472
3950841
3951226
3951602
3951984
3952370
3952770
3953142
3953547
3953940
3954334
3954745
3955140
3955546
3955930
3956326
3956710
3957095
3957485
3957881
3958258
3958642
3959028
3959426
3959840
3960208
3960606
3960999
3961384
3961756
3962153
3962546
