312691
314258
315834
317412
318948
320526
322103
323659
325216
326775
328340
329887
331467
333022
334587
336147
337718
339279
340820
342361
343915
345473
347051
348613
350191
351781
353308
354840
356372
357944
359499
361073
362607
364143
365683
367214
368781
370332
371896
373406
374953
376512
378103
379684
381221
382773
384346
385896
387441
388995
390528
392099
393702
395287
396839
398396
399949
401519
403039
404568
406112
407646
409213
410758
412318
413875
415424
416972
418536
420061
421618
423172
424705
426249
427785
429336
430888
432451
434004
435583
437150
438689
440271
441808
443364
444930
446519
448083
449643
451186
452746
454314
455867
457428
458946
460504
462075
463644
465210
466752
468319
469873
471433
472967
474521
476064
477604
479141
480726
482298
483838
485372
486925
488476
490025
491575
493133
494662
496215
497799
499338
500907
502443
503966
505532
507113
508661
510211
511781
513330
514865
516432
517968
519538
521078
522641
524206
525774
527353
528888
530456
531995
533543
535115
536674
538234
539765
541323
542862
544422
546007
547568
549147
550696
552238
553801
555355
556922
558455
560002
561567
563121
564680
566245
567787
569336
570867
572437
573984
575534
577066
578648
580205
581749
583311
584862
586443
587967
589499
591074
592618
594197
595760
597292
598868
600423
601934
603518
605096
606679
608267
609783
611318
612850
614414
615957
617524
619091
620646
622192
623735
625273
626844
628368
629913
631464
633039
634579
636152
637693
639216
640790
642344
643900
645467
647052
648614
650180
651734
653278
654832
656381
657922
659516
661092
662661
664256
665782
667321
668890
670449
672010
673567
675132
676701
678254
679810
681380
682961
684513
686066
687625
689200
690772
692331
693868
695392
696967
698548
700094
701622
703179
704737
706294
707839
709388
710942
712481
714028
715564
717116
718663
720209
721763
723333
724897
726432
727960
729503
731082
732661
734201
735770
737303
738881
740452
742008
743566
745128
746663
748223
749761
751338
752891
754420
755988
757531
759035
760581
762142
763694
765237
766804
768351
769906
771441
773018
774588
776118
777668
779216
780778
782340
783891
785467
787014
788541
790099
791629
793188
794776
796322
797904
799441
801002
802561
804102
805639
807180
808749
810291
811817
813355
814933
816505
818078
819616
821185
822724
824287
825822
827359
828943
830516
832076
833625
835191
836731
838307
839836
841400
842987
844542
846089
847654
849212
850760
852292
853830
855381
856925
858505
860075
861614
863180
864713
866279
867836
869385
870927
872462
874006
875576
877112
878677
880229
881773
883310
884862
886408
887969
889555
891097
892638
894189
895736
897292
898851
900402
901945
903503
905039
906578
908118
909655
911205
912747
914314
915864
917413
918977
920525
922058
923614
925205
926786
928325
929925
931477
932997
934575
936106
937645
939207
940787
942315
943905
945452
946990
948537
950106
951653
953204
954760
956283
957812
959348
960865
962423
963991
965570
967111
968671
970251
971838
973362
974964
976495
978075
979612
981137
982670
984243
985792
987340
988875
990431
991986
993521
995049
996596
998168
999706
1001239
1002756
1004293
1005833
1007403
1008964
1010534
1012075
1013631
1015183
1016721
1018262
1019787
1021330
1022874
1024429
1025970
1027526
1029119
1030641
1032218
1033756
1035333
1036896
1038479
1039995
1041571
1043160
1044725
1046314
1047880
1049419
1050973
1052540
1054120
1055651
1057207
1058792
1060334
1061873
1063433
1064979
1066525
1068074
1069605
1071186
1072753
1074312
1075870
1077455
1079026
1080580
1082130
1083677
1085214
1086803
1088349
1089893
1091412
1092958
1094530
1096093
1097654
1099197
1100747
1102302
1103868
1105433
1107019
1108547
1110086
1111660
1113201
1114728
1116267
1117815
1119344
1120874
1122415
1123992
1125527
1127077
1128620
1130141
1131697
1133226
1134763
1136290
1137834
1139380
1140890
1142417
1143981
1145551
1147102
1148668
1150214
1151788
1153353
1154897
1156464
1158057
1159588
1161145
1162711
1164260
1165795
1167304
1168846
1170382
1171943
1173508
1175078
1176642
1178195
1179752
1181343
1182897
1184460
1186026
1187596
1189152
1190736
1192306
1193892
1195452
1197030
1198572
1200114
1201671
1203227
1204746
1206287
1207820
1209358
1210903
1212427
1213986
1215498
1217058
1218629
1220207
1221747
1223282
1224807
1226385
1227955
1229525
1231088
1232647
1234217
1235778
1237354
1238900
1240440
1242016
1243580
1245146
1246760
1248294
1249843
1251407
1252937
1254503
1256043
1257597
1259125
1260686
1262255
1263839
1265416
1266944
1268521
1270119
1271655
1273198
1274764
1276306
1277871
1279398
1280909
1282470
1284029
1285559
1287117
1288678
1290230
1291788
1293329
1294896
1296475
1298037
1299635
1301194
1302721
1304315
1305857
1307408
1308963
1310537
1312113
1313681
1315238
1316780
1318316
1319862
1321433
1322974
1324499
1326027
1327579
1329164
1330693
1332225
1333792
1335387
1336965
1338537
1340097
1341682
1343257
1344797
1346339
1347900
1349500
1351081
1352661
1354218
1355805
1357331
1358863
1360401
1361977
1363531
1365097
1366649
1368207
1369770
1371323
1372885
1374423
1375959
1377512
1379039
1380561
1382123
1383667
1385224
1386756
1388284
1389780
1391337
1392900
1394443
1396015
1397560
1399105
1400650
1402178
1403747
1405316
1406909
1408446
1409980
1411547
1413069
1414613
1416160
1417721
1419257
1420833
1422366
1423892
1425462
1427017
1428548
1430086
1431637
1433212
1434738
1436277
1437858
1439415
1440964
1442523
1444095
1445639
1447162
1448668
1450210
1451770
1453333
1454830
1456390
1457934
1459502
1461043
1462627
1464207
1465745
1467301
1468821
1470380
1471983
1473512
1475074
1476645
1478189
1479744
1481297
1482837
1484406
1485951
1487489
1489059
1490589
1492138
1493639
1495194
1496744
1498291
1499834
1501381
1502962
1504490
1506031
1507572
1509103
1510671
1512277
1513813
1515386
1516938
1518472
1520016
1521545
1523094
1524647
1526235
1527785
1529330
1530861
1532430
1533971
1535511
1537072
1538632
1540187
1541767
1543316
1544864
1546416
1547961
1549490
1551066
1552586
1554135
1555702
1557236
1558809
1560340
1561879
1563440
1564976
1566532
1568074
1569601
1571160
1572687
1574245
1575782
1577319
1578891
1580454
1582022
1583573
1585107
1586660
1588218
1589753
1591319
1592872
1594440
1595983
1597530
1599046
1600588
1602115
1603698
1605248
1606819
1608335
1609930
1611477
1613001
1614567
1616132
1617694
1619290
1620845
1622383
1623945
1625497
1627072
1628620
1630202
1631764
1633331
1634852
1636404
1637962
1639530
1641048
1642613
1644200
1645766
1647307
1648846
1650419
1651966
1653527
1655086
1656637
1658190
1659770
1661309
1662855
1664412
1665929
1667462
1669011
1670585
1672128
1673678
1675243
1676799
1678349
1679904
1681449
1683007
1684528
1686066
1687656
1689226
1690772
1692303
1693868
1695426
1696922
1698483
1700024
1701554
1703115
1704683
1706194
1707758
1709314
1710865
1712394
1713912
1715474
1717003
1718560
1720077
1721601
1723112
1724656
1726225
1727758
1729292
1730869
1732419
1733963
1735527
1737068
1738602
1740162
1741716
1743297
1744866
1746417
1747976
1749516
1751078
1752649
1754198
1755750
1757312
1758860
1760387
1761932
1763517
1765059
1766591
1768137
1769703
1771264
1772822
1774390
1775934
1777500
1779026
1780550
1782080
1783677
1785217
1786744
1788272
1789789
1791336
1792879
1794435
1795996
1797544
1799093
1800651
1802188
1803734
1805312
1806859
1808387
1809965
1811537
1813070
1814552
1816104
1817648
1819215
1820761
1822282
1823801
1825358
1826884
1828430
1830015
1831586
1833162
1834712
1836278
1837842
1839379
1840942
1842489
1844051
1845600
1847134
1848701
1850278
1851817
1853387
1854923
1856468
1858001
1859512
1861082
1862668
1864215
1865763
1867283
1868826
1870393
1871951
1873472
1875042
1876547
1878118
1879693
1881239
1882803
1884371
1885908
1887488
1889031
1890573
1892121
1893674
1895254
1896822
1898373
1899913
1901443
1902972
1904486
1906002
1907568
1909106
1910641
1912188
1913703
1915258
1916809
1918348
1919897
1921413
1923000
1924606
1926141
1927728
1929265
1930825
1932381
1933946
1935489
1937061
1938615
1940199
1941757
1943297
1944869
1946401
1947943
1949482
1951048
1952569
1954078
1955646
1957193
1958781
1960347
1961890
1963441
1965036
1966603
1968138
1969662
1971182
1972747
1974299
1975877
1977447
1978952
1980522
1982090
1983625
1985172
1986721
1988254
1989815
1991348
1992920
1994480
1996034
1997584
1999115
2000651
2002199
2003719
2005285
2006838
2008381
2009936
2011476
2013054
2014600
2016191
2017760
2019307
2020849
2022399
2023945
2025486
2026994
2028538
2030080
2031653
2033195
2034744
2036313
2037891
2039456
2041002
2042568
2044131
2045689
2047225
2048810
2050362
2051910
2053441
2055009
2056550
2058100
2059659
2061215
2062786
2064325
2065892
2067425
2068994
2070566
2072123
2073694
2075236
2076759
2078305
2079847
2081433
2082998
2084602
2086184
2087700
2089261
2090837
2092413
2093977
2095526
2097065
2098628
2100163
2101725
2103293
2104838
2106379
2107932
2109493
2111045
2112616
2114175
2115742
2117286
2118869
2120434
2122005
2123549
2125078
2126617
2128163
2129734
2131279
2132861
2134413
2135977
2137525
2139071
2140624
2142177
2143726
2145279
2146819
2148343
2149883
2151474
2153030
2154556
2156084
2157647
2159215
2160775
2162327
2163886
2165473
2167048
2168616
2170161
2171694
2173272
2174832
2176341
2177906
2179478
2181013
2182575
2184109
2185659
2187207
2188769
2190315
2191879
2193432
2194982
2196514
2198061
2199623
2201183
2202719
2204253
2205783
2207335
2208875
2210439
2211980
2213562
2215134
2216669
2218228
2219781
2221303
2222863
2224426
2225982
2227508
2229095
2230667
2232204
2233775
2235316
2236873
2238410
2239962
2241488
2243051
2244587
2246133
2247647
2249181
2250758
2252310
2253840
2255365
2256895
2258508
2260057
2261595
2263135
2264682
2266280
2267832
2269379
2270959
2272507
2274046
2275601
2277139
2278690
2280280
2281843
2283388
2284945
2286532
2288145
2289678
2291264
2292809
2294350
2295895
2297469
2299020
2300608
2302163
2303738
2305283
2306848
2308385
2309942
2311490
2313050
2314596
2316121
2317655
2319200
2320728
2322250
2323803
2325346
2326857
2328416
2329979
2331508
2333040
2334599
2336177
2337736
2339309
2340847
2342423
2343954
2345493
2347064
2348632
2350205
2351765
2353347
2354878
2356477
2358037
2359580
2361113
2362662
2364228
2365751
2367281
2368820
2370382
2371924
2373495
2375068
2376643
2378209
2379771
2381335
2382912
2384455
2386038
2387606
2389167
2390736
2392258
2393807
2395354
2396920
2398488
2400068
2401620
2403151
2404651
2406183
2407693
2409275
2410847
2412424
2413970
2415538
2417141
2418713
2420255
2421801
2423383
2424937
2426481
2428052
2429636
2431174
2432720
2434256
2435786
2437349
2438921
2440479
2442052
2443607
2445204
2446758
2448352
2449874
2451446
2452981
2454552
2456112
2457670
2459253
2460784
2462366
2463894
2465463
2467007
2468531
2470095
2471654
2473197
2474775
2476315
2477860
2479437
2480973
2482543
2484098
2485634
2487185
2488714
2490253
2491807
2493370
2494875
2496427
2497968
2499536
2501060
2502629
2504202
2505766
2507315
2508864
2510391
2511973
2513510
2515046
2516598
2518200
2519722
2521250
2522808
2524357
2525880
2527414
2528988
2530561
2532079
2533589
2535144
2536697
2538305
2539873
2541431
2542953
2544510
2546075
2547628
2549166
2550716
2552287
2553819
2555354
2556887
2558427
2559974
2561546
2563108
2564665
2566215
2567791
2569283
2570841
2572405
2573968
2575495
2577016
2578589
2580140
2581711
2583286
2584839
2586416
2588007
2589548
2591111
2592677
2594253
2595838
2597413
2598957
2600521
2602076
2603599
2605173
2606703
2608249
2609789
2611330
2612849
2614417
2615971
2617507
2619044
2620603
2622163
2623744
2625307
2626889
2628462
2629987
2631546
2633121
2634669
2636208
2637758
2639318
2640873
2642403
2643928
2645507
2647072
2648651
2650222
2651773
2653330
2654881
2656451
2657994
2659542
2661096
2662677
2664221
2665785
2667377
2668915
2670491
2672048
2673575
2675137
2676702
2678239
2679805
2681348
2682911
2684481
2686018
2687576
2689131
2690683
2692213
2693770
2695326
2696835
2698392
2699946
2701507
2703066
2704602
2706162
2707681
2709213
2710784
2712359
2713912
2715474
2717024
2718570
2720133
2721694
2723266
2724797
2726364
2727942
2729511
2731071
2732635
2734169
2735732
2737312
2738882
2740460
2742011
2743600
2745130
2746653
2748143
2749691
2751251
2752823
2754375
2755950
2757526
2759075
2760621
2762158
2763688
2765241
2766804
2768356
2769913
2771479
2773034
2774557
2776107
2777655
2779209
2780777
2782347
2783897
2785422
2786985
2788553
2790118
2791673
2793245
2794804
2796356
2797873
2799447
2800969
2802539
2804119
2805684
2807225
2808768
2810332
2811908
2813480
2815077
2816670
2818233
2819744
2821285
2822837
2824356
2825925
2827486
2829028
2830585
2832100
2833649
2835155
2836733
2838312
2839894
2841444
2842997
2844548
2846090
2847646
2849192
2850755
2852297
2853898
2855417
2856970
2858528
2860066
2861632
2863189
2864734
2866285
2867864
2869396
2870963
2872533
2874107
2875661
2877208
2878751
2880302
2881839
2883420
2884994
2886540
2888078
2889634
2891170
2892737
2894276
2895826
2897375
2898916
2900485
2902053
2903602
2905146
2906663
2908214
2909768
2911308
2912869
2914361
2915952
2917488
2919059
2920556
2922095
2923624
2925137
2926689
2928245
2929795
2931311
2932829
2934370
2935921
2937472
2938995
2940556
2942107
2943695
2945250
2946821
2948363
2949908
2951459
2952952
2954532
2956072
2957657
2959226
2960774
2962336
2963864
2965367
2966911
2968444
2969978
2971506
2973067
2974620
2976178
2977734
2979291
2980820
2982377
2983954
2985497
2987057
2988607
2990160
2991706
2993276
2994830
2996390
2997967
2999523
3001075
3002664
3004212
3005786
3007314
3008881
3010399
3011934
3013482
3015039
3016592
3018151
3019695
3021244
3022768
3024337
3025897
3027447
3029003
3030558
3032157
3033699
3035263
3036802
3038329
3039854
3041386
3042965
3044523
3046064
3047629
3049186
3050722
3052254
3053800
3055336
3056905
3058471
3060025
3061547
3063087
3064634
3066196
3067709
3069270
3070814
3072368
3073902
3075448
3077023
3078563
3080089
3081638
3083221
3084761
3086322
3087895
3089455
3090983
3092532
3094093
3095624
3097181
3098756
3100264
3101828
3103388
3104918
3106434
3107968
3109542
3111092
3112657
3114233
3115784
3117342
3118877
3120449
3122012
3123548
3125132
3126677
3128240
3129797
3131343
3132889
3134435
3135995
3137564
3139131
3140682
3142210
3143761
3145284
3146858
3148373
3149923
3151500
3153056
3154608
3156172
3157728
3159292
3160815
3162343
3163880
3165430
3167037
3168614
3170176
3171731
3173313
3174881
3176412
3177995
3179558
3181159
3182695
3184249
3185777
3187360
3188888
3190437
3192031
3193581
3195117
3196670
3198203
3199781
3201335
3202896
3204470
3206040
3207593
3209139
3210685
3212274
3213829
3215375
3216921
3218428
3219987
3221548
3223122
3224682
3226236
3227830
3229404
3230989
3232495
3234058
3235625
3237204
3238763
3240322
3241891
3243472
3245038
3246603
3248144
3249716
3251298
3252831
3254385
3255938
3257507
3259075
3260640
3262198
3263726
3265268
3266795
3268344
3269840
3271381
3272938
3274469
3275993
3277535
3279073
3280640
3282163
3283698
3285241
3286782
3288344
3289899
3291480
3292993
3294565
3296105
3297614
3299155
3300713
3302280
3303845
3305392
3306952
3308506
3310070
3311616
3313169
3314743
3316324
3317887
3319427
3320976
3322531
3324103
3325646
3327182
3328729
3330285
3331847
3333374
3334951
3336490
3338054
3339631
3341172
3342733
3344257
3345804
3347334
3348875
3350441
3351976
3353538
3355089
3356671
3358186
3359734
3361275
3362853
3364421
3365986
3367555
3369102
3370657
3372213
3373743
3375279
3376842
3378375
3379907
3381450
3383002
3384542
3386067
3387625
3389155
3390675
3392211
3393755
3395322
3396893
3398420
3399991
3401593
3403134
3404682
3406246
3407795
3409352
3410914
3412463
3414030
3415602
3417149
3418708
3420272
3421843
3423399
3424962
3426499
3428008
3429561
3431103
3432687
3434257
3435831
3437405
3438935
3440522
3442045
3443617
3445176
3446731
3448307
3449850
3451383
3452897
3454438
3455973
3457528
3459057
3460608
3462149
3463724
3465272
3466796
3468357
3469923
3471466
3473013
3474568
3476085
3477626
3479150
3480698
3482220
3483773
3485342
3486903
3488437
3489974
3491540
3493130
3494676
3496207
3497738
3499316
3500869
3502422
3503986
3505576
3507133
3508698
3510240
3511777
3513334
3514925
3516496
3518062
3519626
3521175
3522734
3524292
3525868
3527427
3528985
3530563
3532133
3533682
3535277
3536825
3538373
3539907
3541461
3543006
3544566
3546073
3547605
3549168
3550697
3552278
3553827
3555413
3556992
3558575
3560165
3561707
3563240
3564776
3566342
3567892
3569461
3571007
3572578
3574145
3575710
3577253
3578816
3580360
3581907
3583474
3585036
3586580
3588128
3589696
3591240
3592784
3594343
3595941
3597497
3599070
3600610
3602164
3603683
3605223
3606793
3608354
3609907
3611471
3613042
3614581
3616121
3617662
3619247
3620759
3622304
3623887
3625442
3626977
3628557
3630119
3631668
3633197
3634762
3636308
3637848
3639375
3640915
3642448
3643965
3645548
3647077
3648604
3650159
3651711
3653252
3654836
3656367
3657966
3659527
3661041
3662597
3664135
3665687
3667232
3668830
3670368
3671899
3673451
3674989
3676559
3678121
3679660
3681196
3682743
3684262
3685838
3687414
3688936
3690468
3692020
3693570
3695089
3696637
3698183
3699737
3701267
3702809
3704390
3705946
3707484
3709076
3710622
3712165
3713746
3715255
3716814
3718365
3719925
3721472
3722996
3724592
3726181
3727723
3729280
3730841
3732414
3733986
3735542
3737083
3738640
3740204
3741748
3743297
3744861
3746429
3747972
3749523
3751080
3752643
3754195
3755715
3757253
3758811
3760354
3761930
3763448
3765054
3766591
3768125
3769701
3771252
3772804
3774376
3775935
3777529
3779100
3780638
3782184
3783723
3785290
3786855
3788393
3789940
3791468
3793014
3794561
3796128
3797633
3799188
3800741
3802291
3803827
3805359
3806901
3808404
3809910
3811450
3812978
3814502
3816052
3817618
3819170
3820732
3822313
3823892
3825470
3827039
3828589
3830152
3831713
3833259
3834810
3836346
3837871
3839425
3841020
3842572
3844078
3845592
3847153
3848685
3850242
3851790
3853287
3854842
3856415
3857999
3859556
3861067
3862631
3864150
3865678
3867231
3868832
3870363
3871929
3873498
3875023
3876587
3878109
3879645
3881168
3882716
3884263
3885833
3887402
3888952
3890516
3892061
3893621
3895185
3896711
3898269
3899804
3901338
3902893
3904440
3905980
3907547
3909129
3910684
3912252
3913782
3915323
3916877
3918432
3919979
3921513
3923057
3924579
3926116
3927684
3929227
3930802
3932351
3933896
3935494
3937086
3938643
3940226
3941797
3943328
3944877
3946400
3947920
3949461
3951005
3952549
3954047
3955608
3957170
3958704
3960248
3961780
3963321
3964914
3966460
3968033
3969619
3971187
3972735
3974318
3975881
3977467
3979007
3980563
3982091
3983608
3985172
3986732
3988279
3989863
3991455
3992991
3994543
3996079
3997642
3999211
4000745
4002278
4003807
4005338
4006868
4008417
4009961
4011516
4013053
4014620
4016178
4017756
4019327
4020875
4022401
4023965
4025497
4027065
4028668
4030226
4031755
4033263
4034842
4036388
4037938
4039505
4041048
4042607
4044210
4045813
4047377
4048901
4050457
4052017
4053571
4055146
4056697
4058226
4059762
4061326
4062875
4064432
4065964
4067518
4069083
4070644
4072220
4073774
4075344
4076906
4078510
4080073
4081616
4083190
4084748
4086318
4087862
4089410
4090946
4092481
4094016
4095562
4097138
4098693
4100244
4101778
4103308
4104857
4106385
4107914
4109459
4111020
4112569
4114131
4115690
4117211
4118743
4120289
4121848
4123372
4124951
4126486
4128027
4129563
4131105
4132654
4134209
4135756
4137276
4138807
4140367
4141919
4143436
4144982
4146521
4148089
4149604
4151164
4152684
4154223
4155776
4157371
4158925
4160469
4162028
4163568
4165109
4166674
4168249
4169809
4171383
4172950
4174535
4176051
4177603
4179131
4180672
4182225
4183740
4185301
4186860
4188399
4189954
4191498
4193037
4194599
4196111
4197652
4199190
4200759
4202331
4203913
4205475
4207060
4208618
4210187
4211750
4213296
4214835
4216380
4217950
4219513
4221091
4222645
4224212
4225777
4227309
4228856
4230421
4231974
4233519
4235102
4236619
4238189
4239749
4241306
4242855
4244413
4245964
4247491
4249033
4250596
4252147
4253672
4255198
4256745
4258260
4259821
4261353
4262900
4264433
4266004
4267563
4269115
4270685
4272268
4273805
4275367
4276903
4278463
4279991
4281545
4283094
4284663
4286187
4287778
4289318
4290826
4292352
4293924
4295466
4297066
4298629
4300187
4301742
4303328
4304890
4306441
4307995
4309559
4311093
4312626
4314187
4315731
4317302
4318820
4320370
4321904
4323420
4324975
4326560
4328114
4329674
4331236
4332792
4334346
4335911
4337460
4339035
4340570
4342107
4343656
4345188
4346744
4348267
4349818
4351388
4352958
4354518
4356083
4357626
4359184
4360752
4362288
4363812
4365380
4366919
4368463
4370051
4371581
4373134
4374685
4376258
4377812
4379359
4380887
4382447
4383977
4385515
4387071
4388617
4390183
4391738
4393284
4394835
4396416
4397999
4399563
4401105
4402661
4404207
4405763
4407339
4408884
4410429
4411980
4413524
4415078
4416640
4418203
4419776
4421333
4422894
4424471
4426022
4427580
4429118
4430665
4432237
4433805
4435357
4436955
4438535
4440082
4441623
4443191
4444763
4446319
4447871
4449426
4450973
4452539
4454086
4455645
4457193
4458771
4460326
4461878
4463431
4464991
4466546
4468066
4469630
4471186
4472741
4474320
4475877
4477428
4478966
4480511
4482070
4483636
4485183
4486722
4488286
4489851
4491428
4492974
4494543
4496096
4497634
4499189
4500752
4502327
4503871
4505421
4507010
4508565
4510155
4511696
4513230
4514779
4516323
4517873
4519443
4521000
4522545
4524110
4525643
4527211
4528759
4530306
4531869
4533433
4534995
4536569
4538102
4539634
4541179
4542732
4544286
4545826
4547343
4548884
4550421
4551988
4553523
4555051
4556625
4558154
4559721
4561291
4562828
4564405
4565975
4567542
4569074
4570634
4572218
4573779
4575333
4576914
4578467
4580019
4581553
4583122
4584673
4586212
4587780
4589358
4590941
4592509
4594083
4595642
4597164
4598751
4600317
4601894
4603448
4604942
4606474
4608045
4609644
4611199
4612725
4614287
4615811
4617397
4618962
4620532
4622081
4623616
4625184
4626708
4628257
4629829
4631327
4632895
4634426
4635976
4637526
4639065
4640621
4642205
4643774
4645322
4646892
4648436
4649998
4651544
4653090
4654653
4656220
4657765
4659350
4660943
4662496
4664038
4665590
4667150
4668700
4670188
4671761
4673279
4674843
4676398
4677955
4679505
4681080
4682630
4684171
4685687
4687263
4688814
4690376
4691919
4693450
4694978
4696538
4698091
4699617
4701153
4702716
4704282
4705876
4707427
4708999
4710570
4712106
4713684
4715213
4716763
4718326
4719856
4721424
4722976
4724573
4726114
4727656
4729224
4730772
4732334
4733881
4735485
4737053
4738601
4740178
4741767
4743318
4744872
4746446
4747978
4749521
4751057
4752640
4754214
4755754
4757301
4758853
4760387
4761941
4763489
4765064
4766619
4768207
4769748
4771290
4772823
4774386
4775950
4777509
4779038
4780591
4782151
4783715
4785248
4786806
4788363
4789901
4791480
4793056
4794617
4796149
4797709
4799265
4800795
4802351
4803919
4805500
4807043
4808577
4810130
4811709
4813279
4814835
4816389
4817956
4819491
4821068
4822597
4824138
4825676
4827239
4828790
4830365
4831898
4833448
4835001
4836558
4838122
4839689
4841229
4842796
4844396
4845926
4847507
4849016
4850554
4852077
4853649
4855207
4856776
4858337
4859893
4861478
4863019
4864623
4866173
4867726
4869293
4870866
4872420
4873981
4875544
4877096
4878651
4880189
4881726
4883265
4884812
4886367
4887892
4889415
4890992
4892551
4894074
4895611
4897178
4898701
4900267
4901850
4903401
4904939
4906472
4908015
4909564
4911132
4912704
4914260
4915793
4917362
4918913
4920488
4922010
4923564
4925108
4926655
4928221
4929764
4931309
4932872
4934429
4935962
4937551
4939083
4940630
4942177
4943744
4945302
4946832
4948377
4949935
4951469
4953037
4954589
4956164
4957692
4959261
4960797
4962329
4963840
4965427
4966966
4968524
4970061
4971592
4973185
4974733
4976330
4977912
4979463
4981029
4982577
4984155
4985710
4987286
4988859
4990426
4991949
4993477
4995051
4996610
4998195
4999779
5001366
5002906
5004477
5005986
5007530
5009096
5010654
5012226
5013793
5015368
5016917
5018500
5020054
5021593
5023097
5024660
5026246
5027796
5029361
5030922
5032481
5034044
5035599
5037171
5038734
5040282
5041816
5043344
5044913
5046493
5048016
5049542
5051092
5052676
5054196
5055739
5057266
5058789
5060330
5061859
5063420
5064990
5066541
5068115
5069657
5071206
5072797
5074350
5075901
5077464
5078993
5080563
5082130
5083694
5085255
5086848
5088413
5089971
5091530
5093078
5094639
5096203
5097747
5099319
5100920
5102492
5104029
5105561
5107133
5108702
5110254
5111806
5113339
5114884
5116428
5117948
5119478
5121044
5122573
5124138
5125701
5127250
5128824
5130344
5131904
5133437
5134971
5136516
5138051
5139601
5141164
5142692
5144256
5145770
5147282
5148859
5150451
5152002
5153573
5155149
5156740
5158297
5159836
5161363
5162930
5164488
5166061
5167613
5169159
5170741
5172275
5173839
5175387
5176965
5178554
5180133
5181688
5183258
5184856
5186372
5187885
5189450
5190979
5192536
5194099
5195663
5197209
5198781
5200311
5201870
5203408
5204972
5206497
5208045
5209577
5211132
5212676
5214226
5215756
5217294
5218896
5220452
5221987
5223536
5225078
5226631
5228169
5229732
5231277
5232841
5234391
5235921
5237485
5239020
5240593
5242184
5243728
5245251
5246804
5248346
5249879
5251444
5253038
5254572
5256125
5257702
5259266
5260795
5262311
5263884
5265434
5266988
5268518
5270088
5271657
5273205
5274741
5276327
5277866
5279409
5280969
5282542
5284098
5285665
5287201
5288766
5290368
5291922
5293498
5295070
5296609
5298162
5299745
5301313
5302887
5304441
5306015
5307590
5309119
5310674
5312227
5313769
5315294
5316842
5318446
5319993
5321524
5323033
5324579
5326134
5327657
5329237
5330799
5332378
5333911
5335468
5337032
5338605
5340145
5341695
5343268
5344818
5346404
5347959
5349488
5351020
5352563
5354140
5355698
5357255
5358842
5360415
5361977
5363529
5365057
5366602
5368172
5369757
5371320
5372893
5374449
5376014
5377552
5379111
5380659
5382224
5383749
5385315
5386833
5388419
5389992
5391519
5393085
5394634
5396208
5397780
5399369
5400924
5402442
5403983
5405546
5407106
5408668
5410196
5411736
5413265
5414805
5416350
5417906
5419474
5421048
5422598
5424137
5425711
5427264
5428823
5430383
5431936
5433481
5435031
5436600
5438166
5439740
5441280
5442827
5444384
5445933
5447505
5449100
5450642
5452205
5453773
5455325
5456897
5458442
5460033
5461565
5463130
5464677
5466205
5467789
5469341
5470910
5472419
5473984
5475508
5477081
5478654
5480187
5481760
5483326
5484888
5486430
5488006
5489551
5491109
5492686
5494260
5495801
5497331
5498893
5500416
5501987
5503561
5505094
5506688
5508225
5509787
5511358
5512898
5514450
5516040
5517580
5519152
5520717
5522271
5523831
5525385
5526961
5528495
5530039
5531595
5533174
5534719
5536277
5537831
5539386
5540911
5542477
5544025
5545579
5547157
5548713
5550272
5551823
5553391
5554943
5556503
5558051
5559598
5561164
5562708
5564275
5565827
5567415
5568944
5570479
5572051
5573588
5575132
5576688
5578216
5579787
5581341
5582877
5584458
5585997
5587547
5589122
5590696
5592254
5593794
5595324
5596849
5598370
5599939
5601519
5603106
5604652
5606228
5607783
5609330
5610886
5612435
5613985
5615514
5617064
5618623
5620195
5621762
5623343
5624918
5626483
5628042
5629603
5631170
5632721
5634268
5635816
5637367
5638882
5640443
5642026
5643591
5645152
5646708
5648251
5649768
5651319
5652862
5654422
5655963
5657489
5659047
5660597
5662145
5663671
5665216
5666754
5668274
5669811
5671381
5672958
5674567
5676106
5677652
5679211
5680753
5682295
5683823
5685345
5686906
5688443
5690002
5691567
5693114
5694665
5696207
5697774
5699325
5700872
5702420
5704001
5705566
5707117
5708700
5710234
5711792
5713341
5714873
5716408
5717952
5719515
5721064
5722598
5724167
5725725
5727296
5728821
5730384
5731959
5733518
5735047
5736578
5738118
5739686
5741274
5742806
5744375
5745903
5747464
5748992
5750564
5752116
5753681
5755247
5756783
5758295
5759808
5761346
5762871
5764450
5766008
5767583
5769122
5770674
5772235
5773813
5775360
5776925
5778498
5780015
5781578
5783132
5784646
5786198
5787744
5789292
5790854
5792403
5793953
5795503
5797091
5798623
5800222
5801794
5803342
5804925
5806473
5808030
5809585
5811157
5812702
5814286
5815828
5817370
5818942
5820520
5822072
5823631
5825137
5826698
5828260
5829825
5831382
5832926
5834513
5836090
5837658
5839227
5840790
5842340
5843883
5845433
5846969
5848540
5850111
5851664
5853246
5854779
5856321
5857883
5859436
5860998
5862581
5864152
5865677
5867259
5868819
5870383
5871957
5873541
5875071
5876633
5878160
5879742
5881282
5882865
5884402
5885943
5887526
5889075
5890623
5892197
5893739
5895257
5896752
5898270
5899838
5901361
5902925
5904489
5906054
5907596
5909143
5910722
5912262
5913811
5915359
5916923
5918498
5920060
5921629
5923173
5924724
5926292
5927850
5929401
5930938
5932506
5934049
5935625
5937190
5938738
5940290
5941838
5943383
5944965
5946506
5948073
5949652
5951213
5952787
5954357
5955916
5957460
5959012
5960577
5962139
5963707
5965262
5966849
5968410
5970007
5971549
5973118
5974685
5976195
5977735
5979328
5980855
5982445
5984012
5985599
5987145
5988681
5990230
5991768
5993344
5994944
5996483
5998041
5999566
6001119
6002652
6004238
6005804
6007387
6008927
6010473
6012024
6013578
6015150
6016687
6018245
6019810
6021366
6022927
6024479
6026036
6027623
6029186
6030733
6032265
6033811
6035392
6036915
6038488
6040058
6041652
6043199
6044732
6046298
6047886
6049443
6051009
6052550
6054105
6055641
6057213
6058769
6060341
6061876
6063426
6064977
6066523
6068054
6069606
6071166
6072680
6074255
6075808
6077347
6078897
6080478
6082020
6083576
6085124
6086651
6088198
6089735
6091280
6092816
6094398
6095942
6097463
6099022
6100570
6102123
6103665
6105199
6106774
6108307
6109863
6111446
6113003
6114592
6116153
6117709
6119244
6120782
6122346
6123911
6125456
6126998
6128541
6130087
6131646
6133205
6134748
6136321
6137885
6139440
6140984
6142546
6144110
6145663
6147205
6148749
6150299
6151831
6153430
6154981
6156558
6158088
6159649
6161197
6162732
6164289
6165842
6167385
6168904
6170449
6171997
6173579
6175111
6176657
6178204
6179757
6181303
6182867
6184394
6185943
6187495
6189044
6190604
6192138
6193683
6195221
6196805
6198332
6199912
6201435
6203023
6204579
6206148
6207702
6209246
6210823
6212409
6213947
6215503
6217051
6218605
6220153
6221689
6223216
6224791
6226321
6227889
6229446
6231023
6232591
6234160
6235718
6237259
6238778
6240341
6241866
6243413
6244969
6246519
6248075
6249623
6251172
6252714
6254289
6255825
6257380
6258966
6260529
6262074
6263623
6265183
6266732
6268284
6269826
6271389
6272941
6274506
6276055
6277600
6279151
6280725
6282262
6283811
6285355
6286926
6288452
6290016
6291578
6293143
6294669
6296228
6297775
6299330
6300902
6302446
6303950
6305533
6307108
6308651
6310202
6311768
6313337
6314901
6316442
6317967
6319482
6321025
6322588
6324128
6325667
6327217
6328759
6330298
6331839
6333399
6334875
6336425
6337983
6339538
6341119
6342662
6344231
6345790
6347319
6348891
6350394
6351953
6353479
6355021
6356572
6358089
6359659
6361243
6362818
6364376
6365944
6367500
6369063
6370593
6372133
6373683
6375232
6376810
6378392
6379934
6381497
6383035
6384610
6386145
6387719
6389249
6390795
6392330
6393871
6395430
6396929
6398483
6400023
6401554
6403093
6404648
6406168
6407745
6409280
6410805
6412362
6413908
6415444
6416989
6418555
6420093
6421669
6423212
6424747
6426314
6427860
6429443
6431005
6432592
6434158
6435721
6437273
6438828
6440389
6441929
6443489
6445027
6446573
6448133
6449684
6451248
6452780
6454318
6455921
6457479
6459025
6460607
6462173
6463721
6465256
6466814
6468355
6469900
6471457
6473038
6474612
6476167
6477762
6479336
6480878
6482431
6483987
6485523
6487086
6488669
6490233
6491786
6493334
6494872
6496473
6498017
6499557
6501089
6502639
6504204
6505768
6507283
6508851
6510417
6511969
6513532
6515090
6516673
6518182
6519702
6521284
6522809
6524362
6525912
6527457
6528966
6530500
6532052
6533621
6535164
6536734
6538265
6539806
6541358
6542940
6544530
6546038
6547611
6549197
6550750
6552288
6553851
6555404
6556937
6558516
6560056
6561590
6563133
6564707
6566274
6567812
6569362
6570901
6572464
6574021
6575582
6577125
6578692
6580253
6581795
6583362
6584903
6586500
6588064
6589630
6591182
6592745
6594309
6595902
6597455
6599006
6600559
6602130
6603684
6605251
6606815
6608374
6609927
6611468
6613028
6614574
6616108
6617661
6619192
6620720
6622274
6623827
6625348
6626855
6628416
6629957
6631501
6633074
6634629
6636177
6637743
6639309
6640879
6642406
6643954
6645511
6647061
6648615
6650149
6651682
6653254
6654813
6656372
6657928
6659481
6661039
6662609
6664173
6665705
6667278
6668850
6670408
6671984
6673485
6675020
6676542
6678086
6679648
6681186
6682777
6684346
6685911
6687451
6689022
6690557
6692096
6693669
6695216
6696780
6698353
6699898
6701483
6703026
6704586
6706114
6707716
6709225
6710764
6712335
6713915
6715486
6717013
6718567
6720145
6721697
6723225
6724786
6726331
6727912
6729459
6731003
6732572
6734121
6735693
6737251
6738778
6740347
6741912
6743432
6745010
6746568
6748108
6749633
6751202
6752751
6754272
6755818
6757350
6758904
6760427
6761978
6763506
6765050
6766593
6768163
6769717
6771280
6772854
6774413
6775984
6777533
6779072
6780626
6782201
6783764
6785340
6786909
6788462
6790005
6791544
6793108
6794668
6796215
6797776
6799296
6800829
6802397
6803939
6805517
6807088
6808628
6810170
6811726
6813264
6814848
6816398
6817919
6819451
6821020
6822569
6824076
6825679
6827221
6828751
6830313
6831878
6833431
6834995
6836549
6838093
6839642
6841193
6842817
6844342
6845902
6847428
6848956
6850495
6852074
6853615
6855193
6856779
6858358
6859894
6861453
6863002
6864547
6866082
6867605
6869129
6870655
6872176
6873702
6875245
6876825
6878373
6879957
6881486
6883023
6884583
6886118
6887660
6889216
6890758
6892332
6893866
6895447
6896998
6898563
6900115
6901664
6903232
6904799
6906349
6907850
6909411
6910976
6912523
6914091
6915660
6917218
6918781
6920330
6921858
6923423
6924964
6926514
6928068
6929598
6931163
6932704
6934249
6935820
6937388
6938924
6940458
6941998
6943547
6945126
6946703
6948248
6949779
6951365
6952916
6954476
6956033
6957573
6959111
6960643
6962192
6963745
6965295
6966837
6968365
6969900
6971468
6973001
6974538
6976094
6977687
6979246
6980799
6982324
6983865
6985423
6986976
6988546
6990113
6991638
6993167
6994691
6996206
6997760
6999310
7000880
7002450
7003982
7005538
7007110
7008668
7010212
7011757
7013338
7014902
7016468
7018008
7019546
7021114
7022626
7024196
7025754
7027317
7028909
7030467
7032036
7033635
7035195
7036720
7038273
7039827
7041405
7042936
7044476
7046051
7047587
7049125
7050673
7052225
7053789
7055289
7056847
7058424
7059984
7061575
7063135
7064680
7066242
7067779
7069351
7070895
7072497
7074069
7075590
7077140
7078660
7080253
7081832
7083401
7084963
7086572
7088106
7089661
7091250
7092833
7094387
7095914
7097450
7098997
7100568
7102123
7103659
7105253
7106818
7108391
7110025
7111550
7113116
7114663
7116241
7117771
7119320
7120877
7122417
7123969
7125506
7127062
7128610
7130176
7131717
7133240
7134766
7136312
7137836
7139422
7140990
7142551
7144076
7145602
7147169
7148718
7150273
7151820
7153366
7154931
7156469
7157994
7159523
7161083
7162641
7164204
7165765
7167324
7168913
7170453
7172004
7173565
7175131
7176663
7178238
7179793
7181348
7182861
7184397
7185971
7187534
7189110
7190682
7192245
7193792
7195325
7196934
7198512
7200067
7201622
7203153
7204721
7206308
7207870
7209429
7210985
7212518
7214060
7215627
7217194
7218743
7220311
7221812
7223379
7224919
7226485
7228055
7229575
7231093
7232625
7234201
7235764
7237327
7238908
7240440
7241996
7243545
7245083
7246601
7248130
7249667
7251206
7252739
7254281
7255850
7257400
7258971
7260539
7262072
7263623
7265195
7266772
7268324
7269847
7271412
7272951
7274515
7276100
7277634
7279187
7280738
7282273
7283821
7285364
7286901
7288464
7290029
7291559
7293088
7294658
7296171
7297712
7299282
7300847
7302380
7303921
7305464
7307017
7308571
7310125
7311666
7313242
7314815
7316352
7317899
7319485
7321045
7322617
7324150
7325702
7327239
7328820
7330376
7331924
7333490
7335049
7336608
7338162
7339718
7341287
7342852
7344411
7345969
7347553
7349106
7350665
7352235
7353754
7355303
7356877
7358420
7359989
7361532
7363104
7364651
7366191
7367739
7369269
7370842
7372412
7373959
7375546
7377093
7378639
7380157
7381703
7383282
7384794
7386344
7387902
7389440
7390996
7392538
7394123
7395656
7397241
7398796
7400295
7401816
7403377
7404927
7406507
7408066
7409619
7411175
7412714
7414262
7415771
7417291
7418850
7420418
7421979
7423537
7425095
7426618
7428175
7429731
7431269
7432813
7434362
7435871
7437409
7438962
7440568
7442135
7443699
7445234
7446774
7448351
7449918
7451477
7453004
7454539
7456090
7457670
7459226
7460784
7462327
7463877
7465424
7466999
7468573
7470110
7471633
7473147
7474727
7476251
7477839
7479375
7480923
7482469
7484011
7485547
7487076
7488613
7490149
7491727
7493286
7494843
7496442
7497985
7499551
7501090
7502686
7504235
7505784
7507371
7508927
7510458
7512044
7513571
7515149
7516728
7518249
7519780
7521323
7522896
7524472
7526027
7527606
7529169
7530698
7532257
7533812
7535374
7536928
7538488
7540045
7541582
7543125
7544659
7546184
7547739
7549281
7550834
7552425
7554002
7555552
7557125
7558690
7560228
7561779
7563311
7564843
7566400
7567963
7569521
7571059
7572601
7574166
7575741
7577309
7578870
7580419
7581975
7583533
7585076
7586628
7588162
7589691
7591194
7592768
7594335
7595897
7597450
7599015
7600536
7602072
7603678
7605216
7606755
7608317
7609885
7611466
7613022
7614598
7616151
7617693
7619220
7620775
7622328
7623897
7625443
7626990
7628538
7630109
7631641
7633208
7634758
7636343
7637883
7639429
7640942
7642465
7644000
7645548
7647088
7648661
7650219
7651783
7653315
7654886
7656456
7658035
7659612
7661133
7662699
7664263
7665838
7667386
7668948
7670511
7672094
7673648
7675199
7676740
7678312
7679876
7681442
7683032
7684571
7686100
7687600
7689194
7690775
7692296
7693846
7695433
7696993
7698537
7700109
7701650
7703209
7704760
7706307
7707889
7709417
7710976
7712554
7714098
7715625
7717185
7718713
7720268
7721831
7723384
7724945
7726512
7728074
7729583
7731162
7732736
7734287
7735827
7737345
7738862
7740424
7742014
7743530
7745085
7746640
7748190
7749765
7751295
7752849
7754365
7755956
7757478
7759038
7760584
7762146
7763729
7765282
7766794
7768318
7769847
7771392
7772955
7774514
7776077
7777620
7779171
7780713
7782271
7783855
7785437
7786982
7788548
7790097
7791621
7793181
7794713
7796256
7797804
7799339
7800902
7802460
7804014
7805566
7807114
7808673
7810251
7811782
7813317
7814846
7816399
7817967
7819526
7821077
7822626
7824191
7825718
7827273
7828810
7830375
7831928
7833430
7835002
7836520
7838066
7839610
7841162
7842737
7844296
7845842
7847422
7849016
7850586
7852126
7853655
7855204
7856743
7858284
7859816
7861362
7862933
7864490
7866057
7867598
7869179
7870724
7872241
7873799
7875338
7876903
7878450
7880000
7881561
7883124
7884684
7886240
7887794
7889329
7890850
7892451
7894025
7895568
7897100
7898660
7900230
7901771
7903324
7904872
7906425
7907997
7909550
7911130
7912682
7914250
7915794
7917362
7918940
7920495
7922056
7923568
7925095
7926664
7928185
7929706
7931264
7932838
7934375
7935944
7937521
7939061
7940605
7942206
7943772
7945301
7946858
7948427
7949977
7951552
7953070
7954612
7956194
7957723
7959307
7960841
7962392
7963961
7965502
7967057
7968603
7970114
7971659
7973201
7974744
7976296
7977885
7979444
7980996
7982558
7984114
7985700
7987231
7988787
7990353
7991917
7993483
7995047
7996605
7998175
7999715
8001268
8002831
8004408
8005972
8007527
8009117
8010666
8012189
8013727
8015305
8016835
8018357
8019907
8021450
8023019
8024576
8026104
8027667
8029233
8030792
8032325
8033861
8035402
8036953
8038510
8040065
8041645
8043195
8044763
8046312
8047845
8049386
8050918
8052458
8054042
8055598
8057158
8058713
8060273
8061811
8063385
8064962
8066491
8068049
8069605
8071166
8072723
8074279
8075818
8077403
8078944
8080488
8082054
8083642
8085170
8086718
8088260
8089811
8091339
8092868
8094417
8095966
8097500
8099065
8100593
8102139
8103660
8105224
8106801
8108368
8109919
8111471
8113030
8114604
8116143
8117702
8119246
8120810
8122341
8123891
8125442
8127001
8128561
8130089
8131652
8133205
8134768
8136328
8137928
8139490
8141048
8142610
8144193
8145786
8147354
8148891
8150441
8151989
8153539
8155073
8156631
8158215
8159768
8161310
8162872
8164413
8165950
8167524
8169105
8170655
8172203
8173794
8175338
8176891
8178432
8180023
8181576
8183130
8184694
8186233
8187762
8189320
8190878
8192425
8193996
8195512
8197053
8198606
8200174
8201738
8203290
8204854
8206423
8207975
8209502
8211041
8212598
8214126
8215683
8217252
8218811
8220357
8221916
8223483
8225028
8226567
8228126
8229671
8231203
8232728
8234252
8235785
8237322
8238901
8240430
8241942
8243491
8245049
8246587
8248156
8249724
8251276
8252850
8254399
8255962
8257526
8259112
8260665
8262215
8263795
8265386
8266946
8268474
8270041
8271586
8273139
8274644
8276219
8277758
8279285
8280822
8282362
8283887
8285459
8287014
8288520
8290077
8291634
8293183
8294713
8296280
8297820
8299367
8300906
8302487
8304033
8305583
8307148
8308708
8310265
8311885
8313418
8314951
8316500
8318072
8319590
8321123
8322650
8324225
8325754
8327319
8328882
8330469
8332014
8333559
8335115
8336666
8338225
8339766
8341294
8342819
8344362
8345919
8347431
8349008
8350555
8352106
8353673
8355236
8356795
8358352
8359890
8361475
8362998
8364567
8366132
8367681
8369264
8370792
8372367
8373919
8375460
8377023
8378558
8380129
8381674
8383235
8384780
8386332
8387924
8389500
8391054
8392594
8394152
8395710
8397235
8398798
8400328
8401894
8403449
8404994
8406523
8408086
8409614
8411152
8412721
8414279
8415851
8417414
8418955
8420523
8422079
8423623
8425160
8426696
8428228
8429804
8431341
8432877
8434458
8435986
8437524
8439078
8440624
8442179
8443754
8445299
8446860
8448391
8449920
8451511
8453060
8454625
8456179
8457701
8459259
8460843
8462396
8463957
8465488
8467051
8468611
8470164
8471725
8473270
8474823
8476409
8477956
8479517
8481081
8482668
8484251
8485788
8487320
8488856
8490426
8491949
8493502
8495059
8496604
8498184
8499731
8501280
8502865
8504413
8505931
8507472
8509021
8510578
8512127
8513681
8515212
8516781
8518333
8519895
8521416
8522967
8524513
8526055
8527617
8529160
8530735
8532289
8533817
8535379
8536934
8538483
8540005
8541558
8543101
8544641
8546194
8547766
8549302
8550884
8552456
8554013
8555578
8557128
8558683
8560267
8561798
8563339
8564888
8566467
8568018
8569583
8571146
8572729
8574267
8575846
8577408
8578966
8580511
8582055
8583615
8585186
8586713
8588266
8589774
8591306
8592890
8594443
8596000
8597545
8599103
8600632
8602176
8603708
8605271
8606814
8608365
8609913
8611472
8613065
8614612
8616186
8617716
8619269
8620800
8622352
8623918
8625464
8627028
8628592
8630145
8631667
8633201
8634794
8636353
8637911
8639462
8641001
8642523
8644077
8645627
8647191
8648744
8650316
8651835
8653384
8654922
8656450
8658013
8659559
8661078
8662620
8664172
8665712
8667250
8668788
8670348
8671913
8673456
8674974
8676539
8678068
8679627
8681161
8682712
8684246
8685776
8687325
8688882
8690452
8692035
8693616
8695183
8696737
8698295
8699851
8701415
8702972
8704527
8706076
8707615
8709186
8710738
8712311
8713851
8715441
8716993
8718577
8720109
8721678
8723200
8724737
8726301
8727864
8729435
8730994
8732555
8734135
8735712
8737259
8738842
8740386
8741947
8743462
8745012
8746551
8748100
8749640
8751207
8752778
8754324
8755892
8757446
8758976
8760530
8762045
8763572
8765137
8766686
8768231
8769798
8771348
8772914
8774478
8776010
8777593
8779183
8780787
8782396
8783964
8785535
8787099
8788638
8790186
8791763
8793302
8794871
8796392
8797935
8799479
8801037
8802611
8804150
8805712
8807264
8808803
8810384
8811936
8813506
8815098
8816666
8818207
8819746
8821286
8822854
8824392
8825914
8827452
8829005
8830574
8832127
8833646
8835231
8836779
8838300
8839880
8841429
8842989
8844520
8846058
8847601
8849148
8850731
8852284
8853843
8855399
8856925
8858420
8859974
8861511
8863042
8864580
8866144
8867683
8869247
8870812
8872339
8873860
8875412
8876969
8878490
8880032
8881585
8883154
8884729
8886270
8887836
8889419
8890946
8892490
8894057
8895651
8897180
8898701
8900256
8901815
8903341
8904893
8906453
8907979
8909537
8911076
8912618
8914160
8915715
8917213
8918812
8920402
8921966
8923522
8925071
8926621
8928188
8929722
8931278
8932819
8934375
8935909
8937469
8939029
8940569
8942116
8943653
8945185
8946749
8948315
8949878
8951423
8952975
8954528
8956093
8957654
8959193
8960776
8962299
8963869
8965440
8967009
8968528
8970076
8971671
8973224
8974818
8976360
8977922
8979486
8981047
8982590
8984134
8985704
8987223
8988779
8990324
8991860
8993399
8994943
8996505
8998042
8999647
9001220
9002775
9004308
9005863
9007409
9008961
9010508
9012073
9013624
9015190
9016770
9018321
9019894
9021432
9022968
9024527
9026050
9027624
9029187
9030786
9032344
9033917
9035453
9036985
9038540
9040067
9041654
9043214
9044754
9046316
9047904
9049453
9051009
9052547
9054114
9055674
9057216
9058765
9060299
9061861
9063405
9064992
9066532
9068067
9069651
9071206
9072748
9074310
9075883
9077440
9078953
9080513
9082085
9083624
9085180
9086747
9088261
9089811
9091335
9092896
9094455
9096010
9097553
9099113
9100653
9102201
9103767
9105317
9106892
9108459
9110033
9111597
9113168
9114723
9116280
9117818
9119384
9120953
9122544
9124094
9125632
9127181
9128729
9130299
9131851
9133415
9134936
9136511
9138054
9139581
9141137
9142675
9144208
9145746
9147318
9148876
9150410
9151974
9153537
9155130
9156680
9158238
9159824
9161364
9162908
9164467
9166029
9167580
9169155
9170718
9172248
9173756
9175283
9176836
9178407
9179942
9181466
9182994
9184539
9186097
9187634
9189208
9190746
9192320
9193891
9195463
9197020
9198580
9200139
9201676
9203219
9204747
9206268
9207799
9209348
9210893
9212468
9214048
9215628
9217173
9218686
9220198
9221816
9223386
9224943
9226516
9228059
9229642
9231230
9232803
9234330
9235910
9237445
9238994
9240536
9242098
9243657
9245193
9246737
9248341
9249905
9251458
9252999
9254543
9256127
9257685
9259272
9260851
9262414
9263970
9265539
9267114
9268698
9270241
9271830
9273399
9274955
9276492
9278029
9279558
9281113
9282707
9284251
9285802
9287374
9288909
9290444
9291979
9293520
9295075
9296654
9298196
9299790
9301344
9302958
9304507
9306059
9307606
9309156
9310722
9312271
9313789
9315323
9316836
9318390
9319942
9321474
9323019
9324605
9326155
9327704
9329249
9330798
9332357
9333925
9335508
9337056
9338597
9340136
9341691
9343222
9344738
9346290
9347830
9349389
9350918
9352474
9354039
9355624
9357184
9358730
9360264
9361815
9363338
9364882
9366433
9367968
9369489
9371047
9372594
9374141
9375698
9377247
9378807
9380374
9381908
9383481
9385031
9386592
9388170
9389700
9391256
9392800
9394332
9395862
9397396
9398965
9400514
9402054
9403593
9405148
9406709
9408293
9409858
9411423
9412976
9414532
9416065
9417649
9419198
9420742
9422326
9423877
9425393
9426975
9428547
9430104
9431660
9433236
9434789
9436348
9437881
9439409
9440991
9442537
9444081
9445626
9447200
9448736
9450282
9451855
9453445
9454987
9456506
9458057
9459618
9461183
9462767
9464313
9465895
9467463
9469012
9470543
9472124
9473698
9475244
9476775
9478304
9479872
9481450
9483011
9484596
9486122
9487655
9489228
9490780
9492301
9493819
9495379
9496947
9498508
9500065
9501621
9503174
9504708
9506259
9507812
9509350
9510920
9512469
9514016
9515570
9517128
9518672
9520187
9521743
9523280
9524814
9526363
9527945
9529503
9531076
9532610
9534163
9535742
9537287
9538836
9540393
9541955
9543502
9545048
9546580
9548150
9549670
9551209
9552740
9554279
9555833
9557409
9559007
9560508
9562085
9563669
9565207
9566772
9568345
9569897
9571445
9572988
9574540
9576115
9577658
9579186
9580734
9582290
9583860
9585426
9586995
9588554
9590074
9591614
9593145
9594699
9596227
9597809
9599390
9600961
9602493
9604069
9605641
9607216
9608737
9610277
9611827
9613382
9614932
9616485
9618072
9619630
9621169
9622727
9624264
9625845
9627392
9628950
9630500
9632053
9633579
9635114
9636643
9638188
9639731
9641296
9642814
9644412
9645936
9647474
9649019
9650561
9652114
9653678
9655197
9656748
9658306
9659885
9661389
9662973
9664503
9666039
9667592
9669106
9670644
9672206
9673781
9675366
9676944
9678493
9680041
9681626
9683186
9684744
9686284
9687827
9689392
9690900
9692404
9693953
9695501
9697039
9698573
9700136
9701705
9703212
9704734
9706227
9707760
9709275
9710830
9712359
9713874
9715436
9717014
9718591
9720161
9721701
9723264
9724836
9726384
9727918
9729468
9731017
9732585
9734140
9735672
9737200
9738774
9740306
9741844
9743383
9744914
9746478
9748042
9749575
9751144
9752724
9754284
9755835
9757411
9758971
9760483
9762073
9763625
9765177
9766724
9768300
9769880
9771407
9772953
9774567
9776142
9777679
9779224
9780784
9782315
9783845
9785421
9786971
9788548
9790138
9791672
9793197
9794753
9796291
9797834
9799417
9800946
9802522
9804087
9805645
9807209
9808732
9810274
9811838
9813398
9814951
9816516
9818050
9819601
9821183
9822729
9824281
9825866
9827414
9828936
9830486
9832057
9833589
9835136
9836648
9838193
9839744
9841310
9842841
9844380
9845952
9847505
9849049
9850621
9852185
9853726
9855302
9856857
9858438
9859977
9861562
9863123
9864670
9866237
9867788
9869332
9870878
9872418
9874019
9875569
9877134
9878659
9880224
9881754
9883292
9884849
9886429
9887969
9889524
9891060
9892587
9894177
9895715
9897298
9898867
9900435
9901956
9903497
9905034
9906573
9908073
9909627
9911207
9912785
9914335
9915890
9917447
9919002
9920553
9922108
9923651
9925222
9926792
9928350
9929903
9931469
9933006
9934546
9936093
9937660
9939232
9940800
9942380
9943930
9945480
9947035
9948562
9950112
9951662
9953213
9954754
9956293
9957893
9959447
9960997
9962581
9964109
9965672
9967223
9968763
9970292
9971852
9973396
9974935
9976486
9978018
9979575
9981121
9982663
9984223
9985792
9987311
9988871
9990398
9991952
9993512
9995091
9996671
9998232
9999753
10001329
10002892
10004447
10005993
10007523
10009054
10010648
10012175
10013744
10015288
10016864
10018424
10019961
10021496
10023079
10024634
10026234
10027780
10029336
10030867
10032432
10033971
10035514
10037072
10038641
10040167
10041752
10043314
10044830
10046405
10047976
10049538
10051101
10052650
10054225
10055750
10057284
10058882
10060451
10061991
10063591
10065167
10066690
10068260
10069792
10071330
10072896
10074450
10075971
10077542
10079094
10080647
10082167
10083733
10085297
10086847
10088403
10089983
10091534
10093073
10094614
10096149
10097685
10099238
10100779
10102354
10103899
10105450
10106986
10108548
10110086
10111600
10113154
10114734
10116322
10117883
10119438
10121021
10122558
10124090
10125589
10127136
10128694
10130277
10131846
10133417
10134961
10136559
10138111
10139697
10141242
10142805
10144374
10145943
10147524
10149075
10150623
10152208
10153750
10155298
10156819
10158388
10159956
10161511
10163104
10164660
10166251
10167779
10169302
10170827
10172365
10173906
10175440
10176991
10178551
10180099
10181642
10183206
10184757
10186298
10187855
10189339
10190908
10192487
10194088
10195658
10197195
10198718
10200260
10201823
10203360
10204894
10206409
10207939
10209507
10211079
10212590
10214144
10215712
10217248
10218823
10220394
10221956
10223529
10225074
10226607
10228200
10229738
10231278
10232848
10234401
10235961
10237498
10239043
10240600
10242141
10243705
10245224
10246816
10248360
10249915
10251486
10253026
10254563
10256121
10257638
10259177
10260772
10262326
10263902
10265459
10267034
10268599
10270164
10271705
10273266
10274789
10276361
10277861
10279437
10281013
10282556
10284130
10285692
10287242
10288788
10290402
10291914
10293480
10295018
10296562
10298090
10299642
10301202
10302756
10304292
10305865
10307429
10309004
10310573
10312142
10313705
10315282
10316829
10318418
10319995
10321533
10323117
10324651
10326197
10327767
10329278
10330826
10332398
10333963
10335482
10337064
10338634
10340196
10341738
10343275
10344838
10346407
10347964
10349498
10351048
10352601
10354166
10355729
10357291
10358824
10360381
10361915
10363466
10365028
10366604
10368118
10369675
10371227
10372809
10374336
10375919
10377468
10379018
10380560
10382096
10383638
10385220
10386771
10388330
10389872
10391423
10392967
10394528
10396084
10397626
10399172
10400705
10402283
10403790
10405347
10406917
10408466
10410036
10411597
10413124
10414650
10416224
10417779
10419373
10420909
10422448
10424005
10425571
10427132
10428687
10430215
10431765
10433311
10434865
10436427
10437986
10439545
10441107
10442647
10444201
10445774
10447359
10448885
10450401
10451956
10453490
10455063
10456609
10458172
10459751
10461291
10462836
10464372
10465921
10467452
10468990
10470469
10472057
10473612
10475160
10476728
10478257
10479830
10481383
10482960
10484518
10486064
10487618
10489137
10490701
10492206
10493777
10495324
10496900
10498460
10500013
10501559
10503150
10504662
10506207
10507750
10509300
10510830
10512415
10513970
10515526
10517056
10518621
10520177
10521722
10523267
10524811
10526346
10527897
10529455
10531019
10532582
10534123
10535692
10537261
10538831
10540411
10541969
10543502
10545057
10546598
10548169
10549721
10551267
10552836
10554368
10555921
10557464
10558993
10560568
10562149
10563706
10565290
10566832
10568387
10569972
10571503
10572994
10574537
10576083
10577616
10579196
10580748
10582294
10583851
10585407
10586980
10588534
10590067
10591635
10593210
10594754
10596335
10597901
10599447
10601023
10602573
10604117
10605665
10607235
10608805
10610347
10611925
10613485
10615035
10616579
10618112
10619677
10621223
10622761
10624317
10625878
10627440
10628971
10630531
10632054
10633611
10635158
10636710
10638233
10639803
10641348
10642901
10644427
10645999
10647551
10649115
10650664
10652235
10653763
10655318
10656870
10658424
10659992
10661545
10663064
10664641
10666165
10667698
10669278
10670853
10672408
10673982
10675534
10677088
10678670
10680229
10681788
10683344
10684906
10686483
10688053
10689616
10691177
10692714
10694256
10695809
10697382
10698935
10700491
10702070
10703612
10705210
10706746
10708317
10709895
10711477
10713054
10714604
10716179
10717701
10719254
10720800
10722388
10723976
10725517
10727070
10728639
10730200
10731731
10733272
10734818
10736364
10737943
10739509
10741067
10742582
10744135
10745650
10747182
10748746
10750295
10751813
10753380
10754930
10756482
10758010
10759535
10761119
10762679
10764233
10765781
10767316
10768827
10770381
10771979
10773558
10775116
10776697
10778256
10779816
10781405
10782973
10784520
10786058
10787625
10789198
10790740
10792310
10793861
10795366
10796927
10798461
10800033
10801607
10803167
10804737
10806313
10807862
10809440
10810981
10812546
10814089
10815607
10817182
10818725
10820294
10821846
10823407
10824948
10826515
10828050
10829620
10831174
10832710
10834242
10835827
10837387
10838925
10840487
10842040
10843614
10845164
10846734
10848285
10849856
10851388
10852924
10854472
10856042
10857623
10859139
10860659
10862186
10863769
10865318
10866866
10868422
10869952
10871460
10872944
10874507
10876079
10877619
10879173
10880728
10882267
10883794
10885397
10886946
10888490
10890027
10891563
10893123
10894654
10896244
10897780
10899327
10900879
10902412
10903971
10905513
10907112
10908681
10910225
10911751
10913349
10914896
10916477
10918027
10919555
10921093
10922640
10924212
10925765
10927308
10928867
10930431
10931963
10933521
10935068
10936631
10938224
10939769
10941316
10942882
10944424
10945942
10947497
10949055
10950609
10952144
10953694
10955274
10956831
10958395
10959920
10961492
10963074
10964624
10966150
10967718
10969309
10970864
10972412
10973956
10975496
10977035
10978571
10980167
10981732
10983275
10984813
10986365
10987926
10989500
10991008
10992569
10994134
10995699
10997247
10998818
11000355
11001890
11003404
11004961
11006482
11008035
11009588
11011141
11012690
11014266
11015831
11017379
11018893
11020415
11021965
11023520
11025057
11026596
11028160
11029733
11031283
11032857
11034401
11035953
11037506
11039070
11040618
11042156
11043726
11045275
11046848
11048417
11049968
11051548
11053118
11054673
11056241
11057806
11059354
11060893
11062437
11064000
11065562
11067109
11068647
11070231
11071791
11073339
11074880
11076427
11078006
11079549
11081094
11082661
11084242
11085772
11087302
11088879
11090421
11091984
11093540
11095090
11096635
11098205
11099742
11101307
11102893
11104466
11106034
11107581
11109135
11110673
11112233
11113769
11115311
11116870
11118430
11119988
11121510
11123044
11124581
11126173
11127719
11129266
11130824
11132378
11133878
11135433
11136994
11138560
11140127
11141707
11143240
11144807
11146397
11147937
11149474
11151024
11152609
11154159
11155736
11157302
11158849
11160439
11161971
11163487
11165034
11166604
11168158
11169717
11171230
11172736
11174276
11175828
11177360
11178886
11180439
11181960
11183495
11185035
11186605
11188141
11189702
11191249
11192804
11194342
11195921
11197490
11199034
11200591
11202109
11203656
11205177
11206763
11208309
11209852
11211390
11212936
11214483
11216057
11217585
11219164
11220768
11222340
11223915
11225499
11227062
11228601
11230160
11231724
11233274
11234809
11236355
11237895
11239426
11240990
11242530
11244088
11245656
11247194
11248771
11250321
11251859
11253424
11254972
11256556
11258133
11259729
11261265
11262815
11264369
11265951
11267487
11269021
11270549
11272150
11273691
11275223
11276821
11278364
11279917
11281449
11282980
11284543
11286117
11287689
11289267
11290826
11292360
11293912
11295472
11297041
11298594
11300160
11301714
11303255
11304825
11306366
11307901
11309482
11311024
11312572
11314134
11315671
11317245
11318794
11320367
11321906
11323438
11324973
11326537
11328139
11329700
11331258
11332824
11334385
11335950
11337512
11339044
11340597
11342143
11343701
11345254
11346770
11348338
11349900
11351463
11353026
11354610
11356149
11357701
11359226
11360789
11362334
11363897
11365470
11367026
11368560
11370100
11371645
11373200
11374772
11376340
11377862
11379462
11381019
11382552
11384103
11385646
11387210
11388730
11390326
11391853
11393423
11395013
11396554
11398107
11399662
11401182
11402700
11404227
11405803
11407326
11408886
11410419
11411950
11413506
11415041
11416606
11418188
11419733
11421253
11422786
11424329
11425869
11427404
11428962
11430505
11432064
11433615
11435201
11436755
11438323
11439897
11441417
11442990
11444507
11446046
11447582
11449158
11450718
11452271
11453823
11455359
11456890
11458469
11460015
11461554
11463091
11464592
11466144
11467677
11469238
11470779
11472360
11473899
11475460
11477025
11478590
11480140
11481659
11483249
11484785
11486286
11487834
11489437
11490962
11492536
11494051
11495559
11497118
11498662
11500210
11501709
11503274
11504827
11506347
11507911
11509470
11511026
11512561
11514123
11515670
11517209
11518766
11520340
11521865
11523416
11525000
11526546
11528140
11529691
11531270
11532809
11534370
11535921
11537474
11539011
11540549
11542127
11543702
11545274
11546825
11548374
11549930
11551484
11553048
11554599
11556180
11557728
11559261
11560824
11562399
11563958
11565495
11567034
11568577
11570137
11571693
11573242
11574825
11576386
11577930
11579516
11581042
11582573
11584099
11585649
11587186
11588736
11590287
11591802
11593341
11594892
11596439
11597979
11599527
11601118
11602653
11604213
11605786
11607352
11608906
11610422
11611925
11613520
11615078
11616625
11618200
11619759
11621315
11622862
11624401
11625960
11627519
11629044
11630591
11632150
11633677
11635198
11636732
11638274
11639835
11641413
11642965
11644540
11646118
11647664
11649212
11650783
11652340
11653897
11655439
11657000
11658580
11660099
11661661
11663194
11664781
11666346
11667915
11669441
11670952
11672489
11674056
11675603
11677149
11678704
11680254
11681792
11683349
11684877
11686397
11687979
11689519
11691088
11692632
11694217
11695774
11697302
11698848
11700421
11701978
11703481
11705012
11706592
11708147
11709685
11711235
11712779
11714310
11715855
11717404
11718938
11720476
11722000
11723572
11725150
11726713
11728237
11729836
11731414
11732980
11734540
11736098
11737645
11739216
11740775
11742329
11743889
11745430
11746954
11748492
11750026
11751570
11753123
11754713
11756282
11757828
11759375
11760924
11762453
11764000
11765559
11767133
11768687
11770227
11771770
11773300
11774849
11776346
11777911
11779467
11781025
11782524
11784070
11785626
11787186
11788720
11790292
11791856
11793425
11794970
11796483
11798025
11799577
11801140
11802689
11804224
11805733
11807303
11808865
11810404
11811964
11813501
11815077
11816637
11818203
11819735
11821296
11822870
11824456
11826019
11827520
11829083
11830626
11832200
11833788
11835365
11836897
11838418
11839998
11841557
11843094
11844671
11846213
11847777
11849351
11850912
11852469
11854030
11855583
11857140
11858696
11860303
11861855
11863417
11864990
11866538
11868128
11869727
11871296
11872830
11874368
11875911
11877474
11879007
11880569
11882127
11883692
11885268
11886814
11888336
11889901
11891440
11892991
11894547
11896096
11897654
11899167
11900699
11902256
11903792
11905326
11906862
11908413
11909936
11911494
11913092
11914670
11916255
11917799
11919338
11920852
11922377
11923928
11925469
11927001
11928562
11930078
11931588
11933142
11934701
11936288
11937847
11939389
11940931
11942464
11944009
11945538
11947091
11948628
11950199
11951745
11953301
11954874
11956452
11958029
11959621
11961200
11962751
11964319
11965901
11967463
11969018
11970555
11972115
11973660
11975217
11976721
11978252
11979817
11981393
11982922
11984488
11986017
11987538
11989100
11990668
11992237
11993767
11995355
11996911
11998501
12000061
12001624
12003184
12004731
12006294
12007820
12009357
12010911
12012459
12014023
12015567
12017119
12018685
12020235
12021831
12023419
12024955
12026507
12028064
12029604
12031137
12032701
12034289
12035838
12037414
12038932
12040497
12042066
12043608
12045160
12046721
12048287
12049867
12051418
12052971
12054519
12056066
12057612
12059171
12060774
12062294
12063838
12065364
12066940
12068485
12070026
12071576
12073147
12074726
12076261
12077815
12079388
12080963
12082533
12084088
12085640
12087186
12088764
12090315
12091880
12093428
12094968
12096526
12098114
12099685
12101244
12102796
12104378
12105943
12107493
12109038
12110583
12112142
12113699
12115246
12116813
12118403
12119923
12121471
12123039
12124578
12126125
12127654
12129219
12130758
12132292
12133812
12135350
12136925
12138484
12140010
12141574
12143134
12144667
12146241
12147812
12149356
12150914
12152528
12154110
12155631
12157218
12158759
12160331
12161877
12163418
12164941
12166504
12168051
12169588
12171109
12172665
12174237
12175796
12177381
12178923
12180476
12182032
12183601
12185139
12186711
12188263
12189841
12191369
12192934
12194499
12196062
12197581
12199110
12200662
12202215
12203769
12205304
12206835
12208380
12209928
12211484
12213067
12214615
12216170
12217772
12219330
12220904
12222443
12224008
12225568
12227113
12228690
12230217
12231772
12233324
12234882
12236408
12237936
12239506
12241076
12242597
12244179
12245709
12247222
12248787
12250336
12251885
12253450
12255001
12256548
12258097
12259662
12261191
12262722
12264284
12265818
12267377
12268936
12270462
12271999
12273495
12275044
12276609
12278141
12279703
12281274
12282859
12284423
12285997
12287519
12289077
12290618
12292175
12293773
12295358
12296935
12298505
12300017
12301580
12303152
12304713
12306314
12307867
12309449
12310987
12312547
12314104
12315632
12317186
12318714
12320281
12321824
12323366
12324900
12326452
12327993
12329561
12331085
12332619
12334176
12335718
12337271
12338858
12340425
12342005
12343579
12345139
12346706
12348253
12349818
12351348
12352895
12354459
12355980
12357568
12359152
12360713
12362282
12363843
12365415
12367004
12368561
12370117
12371669
12373238
12374803
12376326
12377903
12379422
12380976
12382517
12384095
12385679
12387250
12388785
12390349
12391896
12393449
12394972
12396523
12398050
12399607
12401156
12402738
12404298
12405847
12407424
12408994
12410541
12412111
12413651
12415214
12416778
12418357
12419905
12421446
12423007
12424574
12426127
12427687
12429221
12430778
12432319
12433857
12435409
12436967
12438551
12440096
12441631
12443181
12444725
12446292
12447830
12449407
12450974
12452532
12454040
12455592
12457174
12458741
12460281
12461848
12463395
12464950
12466491
12468037
12469608
12471137
12472691
12474230
12475777
12477340
12478905
12480494
12482016
12483538
12485106
12486672
12488218
12489801
12491368
12492951
12494481
12496031
12497591
12499141
12500681
12502208
12503745
12505291
12506836
12508380
12509941
12511501
12513069
12514628
12516203
12517742
12519270
12520805
12522317
12523898
12525490
12527009
12528574
12530157
12531702
12533247
12534806
12536351
12537894
12539423
12540977
12542552
12544111
12545663
12547218
12548809
12550366
12551915
12553458
12555030
12556562
12558103
12559678
12561236
12562784
12564320
12565864
12567440
12568979
12570541
12572091
12573673
12575237
12576743
12578321
12579887
12581418
12583002
12584556
12586132
12587710
12589253
12590800
12592355
12593891
12595462
12597013
12598559
12600154
12601714
12603230
12604793
12606341
12607894
12609456
12611005
12612558
12614111
12615639
12617166
12618700
12620284
12621847
12623391
12624951
12626505
12628060
12629614
12631175
12632749
12634328
12635890
12637432
12638982
12640582
12642151
12643691
12645272
12646856
12648412
12649933
12651512
12653068
12654597
12656150
12657699
12659243
12660844
12662397
12663942
12665478
12667055
12668601
12670156
12671681
12673233
12674778
12676318
12677863
12679448
12680980
12682537
12684086
12685637
12687158
12688701
12690257
12691811
12693376
12694943
12696486
12698036
12699597
12701149
12702684
12704224
12705759
12707297
12708846
12710407
12711928
12713475
12715021
12716609
12718140
12719727
12721255
12722845
12724371
12725917
12727472
12729036
12730591
12732133
12733717
12735238
12736779
12738321
12739883
12741423
12742966
12744515
12746080
12747621
12749188
12750758
12752309
12753896
12755432
12756994
12758550
12760115
12761631
12763178
12764734
12766224
12767802
12769353
12770909
12772460
12774032
12775592
12777147
12778716
12780245
12781809
12783389
12784969
12786540
12788083
12789664
12791233
12792811
12794352
12795906
12797449
12799026
12800574
12802137
12803686
12805285
12806882
12808426
12809992
12811548
12813104
12814647
12816230
12817791
12819317
12820850
12822387
12823942
12825533
12827111
12828627
12830182
12831748
12833313
12834864
12836402
12837954
12839527
12841087
12842615
12844170
12845715
12847221
12848745
12850292
12851837
12853410
12854951
12856478
12858021
12859570
12861142
12862665
12864207
12865733
12867284
12868836
12870363
12871909
12873449
12875001
12876556
12878110
12879680
12881202
12882754
12884318
12885869
12887459
12889015
12890568
12892132
12893671
12895216
12896785
12898359
12899929
12901493
12903040
12904561
12906131
12907673
12909211
12910783
12912287
12913809
12915368
12916914
12918468
12919995
12921582
12923115
12924655
12926186
12927733
12929280
12930813
12932385
12933951
12935533
12937092
12938656
12940237
12941794
12943365
12944891
12946454
12947969
12949544
12951100
12952633
12954212
12955757
12957303
12958851
12960418
12961952
12963510
12965041
12966618
12968197
12969769
12971312
12972832
12974398
12975952
12977515
12979080
12980643
12982165
12983729
12985278
12986829
12988384
12989923
12991498
12993059
12994590
12996124
12997677
12999221
13000791
13002283
13003841
13005355
13006944
13008465
13010016
13011586
13013131
13014680
13016255
13017839
13019409
13020976
13022540
13024065
13025576
13027180
13028721
13030271
13031802
13033325
13034859
13036434
13038006
13039545
13041092
13042636
13044189
13045741
13047291
13048812
13050348
13051880
13053455
13055004
13056552
13058097
13059670
13061239
13062750
13064289
13065855
13067405
13068989
13070526
13072128
13073694
13075214
13076771
13078332
13079897
13081434
13082987
13084537
13086101
13087674
13089259
13090809
13092384
13093977
13095533
13097056
13098607
13100134
13101675
13103234
13104767
13106305
13107850
13109415
13111007
13112515
13114048
13115609
13117186
13118724
13120254
13121822
13123351
13124851
13126395
13127939
13129507
13131061
13132582
13134123
13135674
13137205
13138780
13140360
13141936
13143479
13145035
13146581
13148114
13149679
13151232
13152789
13154328
13155883
13157446
13159015
13160582
13162152
13163728
13165244
13166792
13168346
13169894
13171452
13172991
13174553
13176103
13177682
13179245
13180788
13182373
13183921
13185474
13187027
13188558
13190115
13191630
13193192
13194745
13196292
13197875
13199428
13200966
13202537
13204067
13205642
13207229
13208772
13210335
13211910
13213461
13215000
13216548
13218100
13219689
13221265
13222818
13224370
13225903
13227459
13229007
13230558
13232126
13233684
13235244
13236789
13238360
13239896
13241471
13243025
13244574
13246141
13247729
13249293
13250818
13252355
13253916
13255475
13257062
13258604
13260152
13261701
13263267
13264823
13266366
13267903
13269457
13271024
13272579
13274147
13275678
13277220
13278725
13280265
13281805
13283378
13284938
13286532
13288075
13289644
13291189
13292756
13294281
13295845
13297395
13298954
13300495
13302056
13303633
13305192
13306728
13308304
13309849
13311413
13312993
13314565
13316137
13317721
13319298
13320899
13322433
13324000
13325581
13327140
13328687
13330258
13331815
13333353
13334889
13336434
13337974
13339547
13341106
13342644
13344153
13345692
13347245
13348808
13350372
13351926
13353468
13355035
13356553
13358066
13359600
13361160
13362713
13364245
13365794
13367368
13368907
13370482
13372036
13373579
13375141
13376684
13378240
13379797
13381360
13382877
13384427
13386006
13387540
13389092
13390651
13392190
13393731
13395322
13396857
13398424
13400006
13401582
13403149
13404719
13406276
13407844
13409388
13410929
13412484
13414059
13415628
13417191
13418744
13420292
13421875
13423460
13425012
13426560
13428113
13429702
13431228
13432798
13434346
13435879
13437449
13438997
13440548
13442077
13443666
13445217
13446725
13448270
13449860
13451426
13452963
13454497
13456019
13457545
13459098
13460639
13462186
13463776
13465329
13466878
13468419
13469958
13471523
13473079
13474670
13476226
13477781
13479342
13480902
13482450
13483986
13485540
13487103
13488655
13490222
13491796
13493392
13494953
13496516
13498063
13499614
13501152
13502719
13504305
13505882
13507446
13509005
13510568
13512132
13513680
13515253
13516809
13518390
13519893
13521437
13522989
13524565
13526102
13527672
13529207
13530800
13532405
13533950
13535492
13537021
13538554
13540110
13541665
13543233
13544802
13546337
13547885
13549423
13550981
13552532
13554069
13555647
13557180
13558734
13560295
13561839
13563389
13564921
13566464
13568020
13569570
13571124
13572691
13574229
13575801
13577371
13578939
13580507
13582054
13583597
13585179
13586722
13588272
13589844
13591397
13592922
13594493
13596005
13597597
13599142
13600682
13602236
13603763
13605328
13606887
13608438
13609975
13611517
13613021
13614556
13616132
13617675
13619251
13620801
13622354
13623917
13625488
13627031
13628571
13630121
13631661
13633210
13634779
13636334
13637898
13639483
13641033
13642584
13644141
13645716
13647260
13648802
13650382
13651950
13653511
13655071
13656617
13658159
13659711
13661257
13662808
13664382
13665938
13667459
13669029
13670576
13672135
13673698
13675267
13676832
13678390
13679917
13681483
13683032
13684556
13686114
13687683
13689255
13690793
13692386
13693912
13695459
13697023
13698577
13700107
13701655
13703227
13704786
13706348
13707894
13709428
13710989
13712535
13714089
13715598
13717142
13718727
13720278
13721820
13723381
13724946
13726518
13728051
13729599
13731142
13732654
13734201
13735736
13737267
13738844
13740402
13741975
13743539
13745085
13746659
13748187
13749750
13751261
13752826
13754368
13755922
13757463
13759009
13760549
13762081
13763657
13765210
13766757
13768312
13769880
13771432
13772974
13774521
13776072
13777664
13779207
13780760
13782337
13783882
13785420
13786974
13788563
13790100
13791678
13793206
13794727
13796231
13797815
13799335
13800875
13802412
13803982
13805522
13807082
13808620
13810201
13811729
13813264
13814817
13816356
13817875
13819469
13821039
13822566
13824105
13825646
13827174
13828716
13830277
13831803
13833371
13834916
13836453
13838021
13839591
13841139
13842682
13844209
13845764
13847272
13848837
13850388
13851911
13853447
13855023
13856585
13858151
13859708
13861214
13862752
13864291
13865830
13867397
13868940
13870467
13872061
13873610
13875150
13876695
13878256
13879785
13881352
13882919
13884471
13886021
13887535
13889108
13890644
13892206
13893738
13895282
13896842
13898398
13899961
13901516
13903084
13904623
13906172
13907734
13909290
13910853
13912417
13913976
13915492
13917031
13918558
13920104
13921661
13923226
13924788
13926342
13927869
13929422
13930937
13932484
13934018
13935567
13937140
13938717
13940256
13941818
13943378
13944903
13946441
13947997
13949535
13951116
13952665
13954232
13955771
13957293
13958883
13960450
13961976
13963530
13965100
13966654
13968173
13969706
13971272
13972818
13974343
13975891
13977408
13978989
13980550
13982088
13983610
13985152
13986698
13988259
13989835
13991373
13992927
13994452
13996002
13997551
13999156
14000737
14002308
14003842
14005420
14006973
14008479
14010004
14011575
14013116
14014665
14016222
14017797
14019360
14020914
14022433
14023999
14025570
14027122
14028668
14030220
14031831
14033377
14034939
14036514
14038027
14039586
14041137
14042681
14044202
14045779
14047316
14048897
14050495
14052065
14053649
14055215
14056764
14058307
14059874
14061426
14063000
14064558
14066109
14067638
14069213
14070761
14072315
14073857
14075412
14076986
14078542
14080071
14081626
14083167
14084682
14086230
14087796
14089341
14090903
14092444
14094022
14095580
14097119
14098655
14100201
14101743
14103283
14104856
14106431
14107946
14109508
14111051
14112595
14114133
14115682
14117233
14118785
14120353
14121892
14123421
14125004
14126603
14128178
14129707
14131278
14132840
14134387
14135953
14137560
14139103
14140647
14142187
14143731
14145264
14146800
14148353
14149905
14151442
14153017
14154571
14156151
14157710
14159285
14160861
14162433
14163992
14165521
14167065
14168646
14170219
14171818
14173358
14174901
14176469
14178039
14179555
14181123
14182675
14184251
14185799
14187370
14188980
14190527
14192109
14193665
14195228
14196773
14198310
14199874
14201382
14202928
14204482
14206034
14207614
14209179
14210756
14212317
14213904
14215477
14217037
14218575
14220120
14221705
14223262
14224793
14226329
14227914
14229502
14231072
14232625
14234150
14235693
14237267
14238836
14240414
14241955
14243527
14245086
14246629
14248205
14249749
14251323
14252861
14254430
14256000
14257567
14259133
14260669
14262185
14263754
14265322
14266869
14268384
14269927
14271466
14272992
14274530
14276042
14277620
14279155
14280729
14282300
14283886
14285419
14286941
14288460
14290021
14291531
14293084
14294620
14296187
14297744
14299317
14300878
14302441
14304004
14305568
14307127
14308699
14310233
14311802
14313333
14314893
14316456
14317982
14319515
14321083
14322638
14324236
14325804
14327361
14328887
14330440
14331970
14333481
14335038
14336591
14338166
14339712
14341268
14342863
14344446
14346010
14347554
14349113
14350665
14352251
14353791
14355329
14356882
14358446
14359980
14361538
14363063
14364642
14366194
14367747
14369285
14370821
14372386
14373932
14375498
14377052
14378612
14380148
14381665
14383231
14384778
14386344
14387905
14389422
14390986
14392523
14394094
14395644
14397197
14398773
14400290
14401815
14403398
14404968
14406498
14408076
14409647
14411221
14412751
14414266
14415796
14417327
14418917
14420479
14422053
14423612
14425153
14426711
14428294
14429834
14431390
14432966
14434543
14436076
14437614
14439163
14440708
14442260
14443830
14445370
14446910
14448473
14450025
14451615
14453190
14454715
14456226
14457754
14459316
14460879
14462439
14463997
14465519
14467095
14468618
14470187
14471756
14473285
14474848
14476389
14477942
14479498
14481058
14482657
14484189
14485743
14487281
14488826
14490381
14491963
14493531
14495104
14496669
14498231
14499801
14501363
14502919
14504476
14506047
14507619
14509194
14510715
14512280
14513855
14515401
14516994
14518534
14520084
14521629
14523202
14524738
14526278
14527826
14529368
14530911
14532435
14533964
14535532
14537081
14538647
14540207
14541731
14543300
14544863
14546386
14547964
14549490
14551080
14552615
14554166
14555699
14557267
14558819
14560338
14561871
14563439
14564980
14566540
14568071
14569633
14571196
14572752
14574265
14575829
14577381
14578911
14580462
14581980
14583506
14585103
14586676
14588238
14589789
14591344
14592904
14594452
14596033
14597572
14599136
14600684
14602251
14603789
14605334
14606865
14608400
14609933
14611471
14613058
14614600
14616141
14617687
14619235
14620757
14622340
14623860
14625392
14626921
14628486
14630009
14631551
14633115
14634636
14636203
14637760
14639311
14640837
14642378
14643913
14645441
14646976
14648554
14650126
14651675
14653247
14654824
14656391
14657951
14659514
14661096
14662634
14664160
14665702
14667262
14668817
14670367
14671926
14673473
14674995
14676559
14678125
14679675
14681237
14682801
14684379
14685933
14687489
14689053
14690625
14692178
14693716
14695281
14696817
14698376
14699941
14701480
14703027
14704570
14706102
14707679
14709209
14710761
14712342
14713878
14715429
14716983
14718540
14720126
14721653
14723203
14724763
14726318
14727880
14729431
14730996
14732545
14734053
14735595
14737155
14738717
14740294
14741838
14743394
14744957
14746519
14748092
14749629
14751200
14752739
14754300
14755822
14757408
14758955
14760484
14762015
14763569
14765131
14766673
14768227
14769774
14771339
14772920
14774462
14776009
14777552
14779103
14780641
14782185
14783743
14785280
14786827
14788350
14789920
14791492
14793059
14794597
14796138
14797705
14799249
14800807
14802390
14803905
14805475
14807040
14808593
14810149
14811707
14813275
14814822
14816353
14817907
14819439
14821015
14822587
14824143
14825710
14827280
14828823
14830374
14831927
14833479
14835047
14836601
14838136
14839702
14841286
14842848
14844403
14845922
14847499
14849055
14850615
14852198
14853762
14855326
14856856
14858414
14859949
14861517
14863064
14864617
14866133
14867675
14869216
14870762
14872335
14873892
14875455
14876982
14878531
14880072
14881636
14883169
14884738
14886305
14887832
14889386
14890978
14892577
14894129
14895694
14897243
14898768
14900333
14901880
14903432
14904960
14906518
14908068
14909649
14911204
14912721
14914282
14915825
14917361
14918889
14920457
14921998
14923531
14925094
14926648
14928211
14929755
14931322
14932883
14934463
14936034
14937608
14939178
14940745
14942311
14943870
14945367
14946941
14948508
14950025
14951570
14953124
14954656
14956219
14957780
14959346
14960900
14962464
14963996
14965521
14967068
14968586
14970095
14971627
14973174
14974763
14976318
14977863
14979439
14980976
14982526
14984100
14985620
14987152
14988661
14990227
14991787
14993348
14994856
14996393
14997987
14999516
15001060
15002601
15004178
15005744
15007302
15008876
15010425
15011983
15013558
15015106
15016669
15018224
15019782
15021323
15022878
15024409
15025976
15027518
15029068
15030646
15032186
15033703
15035266
15036808
15038376
15039928
15041492
15043062
15044571
15046124
15047669
15049238
15050782
15052344
15053901
15055475
15057034
15058600
15060155
15061725
15063258
15064817
15066391
15067913
15069457
15070996
15072581
15074133
15075682
15077240
15078810
15080371
15081921
15083490
15085028
15086582
15088113
15089691
15091240
15092839
15094415
15095975
15097554
15099064
15100638
15102159
15103707
15105267
15106816
15108400
15109942
15111481
15113027
15114594
15116132
15117702
15119254
15120830
15122349
15123882
15125443
15126971
15128509
15130094
15131594
15133175
15134748
15136265
15137832
15139416
15140956
15142521
15144064
15145612
15147175
15148711
15150253
15151808
15153366
15154923
15156464
15158012
15159557
15161140
15162681
15164233
15165801
15167306
15168862
15170430
15171982
15173552
15175118
15176681
15178210
15179776
15181339
15182879
15184420
15185978
15187545
15189098
15190667
15192224
15193801
15195381
15196919
15198481
15200001
15201552
15203105
15204670
15206202
15207732
15209271
15210825
15212367
15213913
15215492
15217015
15218574
15220131
15221694
15223264
15224819
15226373
15227955
15229481
15231003
15232528
15234072
15235642
15237218
15238781
15240356
15241912
15243480
15245031
15246589
15248145
15249690
15251246
15252801
15254372
15255946
15257539
15259096
15260670
15262207
15263754
15265307
15266862
15268416
15269922
15271465
15272994
15274565
15276110
15277663
15279227
15280777
15282337
15283892
15285415
15287006
15288566
15290141
15291688
15293221
15294757
15296323
15297875
15299448
15300983
15302539
15304083
15305645
15307196
15308750
15310345
15311904
15313460
15314978
15316547
15318110
15319692
15321262
15322829
15324377
15325971
15327534
15329073
15330625
15332193
15333730
15335279
15336809
15338360
15339882
15341442
15342988
15344548
15346043
15347565
15349118
15350696
15352255
15353780
15355347
15356860
15358413
15359967
15361507
15363032
15364601
15366168
15367707
15369272
15370844
15372442
15373982
15375545
15377102
15378648
15380232
15381769
15383316
15384869
15386426
15387986
15389522
15391077
15392647
15394187
15395749
15397336
15398907
15400463
15402009
15403596
15405133
15406716
15408283
15409817
15411349
15412898
15414446
15415995
15417542
15419103
15420662
15422229
15423788
15425352
15426868
15428449
15429978
15431554
15433142
15434703
15436268
15437830
15439369
15440904
15442459
15444010
15445561
15447112
15448642
15450186
15451764
15453287
15454843
15456414
15457941
15459467
15461032
15462565
15464126
15465652
15467215
15468762
15470294
15471863
15473437
15474974
15476552
15478111
15479649
15481203
15482760
15484317
15485866
15487392
15488948
15490515
15492063
15493622
15495202
15496744
15498286
15499827
15501368
15502902
15504473
15506013
15507542
15509089
15510649
15512185
15513743
15515276
15516839
15518410
15519992
15521574
15523125
15524657
15526251
15527757
15529329
15530897
15532429
15533983
15535555
15537105
15538687
15540261
15541806
15543366
15544900
15546458
15547970
15549509
15551055
15552644
15554190
15555791
15557321
15558879
15560418
15561953
15563496
15565076
15566647
15568224
15569758
15571310
15572861
15574393
15575951
15577501
15579079
15580588
15582156
15583696
15585240
15586776
15588340
15589872
15591449
15592998
15594560
15596089
15597627
15599143
15600702
15602279
15603841
15605398
15606974
15608539
15610066
15611633
15613205
15614785
15616321
15617890
15619412
15620950
15622532
15624080
15625640
15627166
15628732
15630300
15631846
15633391
15634960
15636471
15638011
15639592
15641137
15642699
15644207
15645775
15647315
15648864
15650367
15651902
15653443
15654983
15656556
15658096
15659656
15661223
15662752
15664267
15665813
15667348
15668917
15670476
15671984
15673515
15675087
15676616
15678164
15679756
15681302
15682887
15684438
15685996
15687529
15689076
15690635
15692196
15693733
15695281
15696823
15698372
15699930
15701461
15702986
15704530
15706065
15707592
15709143
15710695
15712261
15713828
15715409
15716984
15718563
15720099
15721624
15723166
15724716
15726282
15727846
15729429
15730962
15732527
15734084
15735635
15737161
15738675
15740221
15741791
15743307
15744858
15746392
15747938
15749517
15751071
15752645
15754181
15755704
15757266
15758859
15760385
15761925
15763505
15765016
15766531
15768098
15769638
15771174
15772735
15774324
15775907
15777428
15778991
15780535
15782062
15783658
15785214
15786812
15788371
15789917
15791448
15792997
15794573
15796157
15797680
15799225
15800768
15802300
15803863
15805415
15806994
15808554
15810126
15811690
15813240
15814789
15816368
15817932
15819492
15821061
15822641
15824179
15825720
15827296
15828859
15830381
15831918
15833509
15835039
15836575
15838111
15839624
15841180
15842735
