1.526512439966068	1.1660331113388986	1.168186649500693	0.6826762114700832	0.389353928667558	0.3802654291587273	0.16084801336863297	0.07469661930727689	0.07341581430779082	0.02228517530769024
1.5265023869320657	1.166252727300242	1.1661260066802297	0.6813419988460024	0.39824147089799977	0.39269670162874337	0.17606718188353782	0.07833331900714285	0.09421195684312997	0.0359496148603598
1.5249922214817981	1.158567136813503	1.1623353098235671	0.669829753476043	0.3906398253818998	0.3885926573703201	0.1673216371671972	0.06683307162859162	0.07800489092250085	0.015501344630729157
1.5280598811620782	1.1651679772994887	1.1692830942802739	0.6866116406024472	0.39733044807549195	0.3992576701384551	0.1685179122113678	0.06476741074220493	0.06876628809643939	0.018978370626268733
1.5299888973866769	1.1737286231553348	1.176130665189931	0.6986436604441159	0.41286996619505667	0.4203533527435658	0.19971318318610298	0.09813406861983202	0.1068083541747521	0.046661998072291835
1.528418169065691	1.1732325611269578	1.1681439079515714	0.6819145853573265	0.40296050755833035	0.40358795978385964	0.18319962849491706	0.07567949797304982	0.0668432582228177	0.005963719636250627
1.5291341485580547	1.1735768874423784	1.178081347440875	0.7018194510404956	0.41143537921970336	0.4177333200138643	0.18551861722032023	0.08217060270051245	0.08928201227182306	0.038266562864208084
1.528871888273531	1.1639210385957117	1.1651471484411184	0.669095120507482	0.39092131628886695	0.37742990887920275	0.16612850502788173	0.07455756057341278	0.07608552389742243	0.02939966572651656
1.5292870802392686	1.1722800897666688	1.166548716796844	0.6830560979494602	0.39869593891858585	0.39206420822126264	0.1711413401866565	0.08221425676259454	0.08599882211017885	0.04564902690624832
1.524796490528221	1.1549848639530516	1.1595446961229232	0.6617339745272843	0.3813889126695631	0.3756217347996221	0.16061481430695856	0.06846208231575224	0.06408135609943467	0.01923782259904997
1.5231936262470502	1.1607766406908193	1.1584766569239182	0.6685368246503367	0.39586858080452214	0.375965987324364	0.16836988519409413	0.06827704709534695	0.07109006496189071	0.02701500542219084
1.525387194076209	1.1678093459330752	1.1648021218583098	0.6833118848884832	0.4014740427130569	0.41042127748454105	0.1971380717661309	0.09532996862012832	0.07313841530517796	0.03132475557427523
1.5246802713636995	1.1605550786720644	1.1607515767175307	0.6777707491959267	0.4040271811439171	0.39470217206230357	0.17678700175679807	0.0830189765849618	0.06941478148694097	0.02867873101836383
1.5206446998419116	1.156573511623738	1.1509841153453102	0.6678221469231935	0.38030958572585494	0.37780116366192484	0.15819663353976637	0.07066736718950736	0.07503041694632852	0.01754428431178475
1.5222105264892667	1.1594478488516895	1.1608578771457927	0.6735109000339425	0.3934547364088538	0.39300950236041826	0.18144629097530937	0.07971677873808208	0.0879762361254112	0.03675480773012535
1.521734955160917	1.1615165694734342	1.1627887793991345	0.6838162768317543	0.3925017568937664	0.4068649703801908	0.18639217532136093	0.08934358314476168	0.07559212553477751	0.028003448220551327
1.5222226721236434	1.163638983539868	1.1568069475432512	0.6750648432634148	0.39905723054396824	0.40028519263203854	0.1859072589078994	0.0981092732416682	0.09770987802682568	0.04125649688097058
1.5276431291958879	1.1607238582477797	1.1668805874221229	0.6700838335872197	0.3936945333448394	0.38621529065591376	0.18046521678149932	0.08744961173240678	0.07357177511110197	0.028657759743533615
1.523720451098859	1.1608755931690191	1.1586018413146042	0.6725753090621807	0.4006953934218326	0.3838859155263564	0.17032320948590213	0.072309754762645	0.08030299069408126	0.02985232515078096
1.5242195206714488	1.1598015377143152	1.160837243573355	0.6719411247945034	0.38733035003426997	0.3872328132265761	0.1577690085350204	0.0741085822720651	0.06242187563994439	0.011814670935554529
1.523514198286973	1.165097398392808	1.1601354123113101	0.6778755202948974	0.3963605920265739	0.3900650210557445	0.1731460020408669	0.07524446182687611	0.08780875847203617	0.03813863526473299
1.5281973825998385	1.165762940817287	1.1663439622249068	0.6768229397877785	0.39523340884681846	0.3927395811629288	0.177232231207886	0.08732345271769801	0.07446145799982512	0.028802455348056442
1.5248754256883381	1.1590966229719584	1.1647852577231887	0.6763944131917917	0.3998479101678456	0.40284015536273005	0.1828561440869713	0.08553093839992978	0.07858809618283491	0.027372534983059495
1.525349381675265	1.165670110516377	1.1663569710929658	0.6821046568017866	0.39656517288162096	0.39605518392141137	0.1698349558524894	0.08130013910091001	0.07529638139307425	0.023039712185894894
1.5269511241318399	1.1626584270121478	1.1666602180833143	0.675158005318319	0.38843115374643805	0.39223313313642555	0.16601268555980886	0.06245735273059464	0.07318346824128977	0.0141306044678793
1.5258885733205654	1.1614360884564707	1.1671078729883344	0.6692640023599831	0.3803454328054173	0.39155164658138025	0.17098167424330707	0.06827270695314439	0.07610995276834842	0.011356333276993855
1.5280168687723368	1.1650276086326472	1.166747765703041	0.6780337611895757	0.3944839823070351	0.3921738711512695	0.18553222215632423	0.07926869745936457	0.07924282970674305	0.03424627999742935
1.5320387751297357	1.1735477921876856	1.1764423535371877	0.6974660644171715	0.40689942367895215	0.4067122653815915	0.1821793990785175	0.08692162920778398	0.08610821245034499	0.02147993494402895
1.5274855131330662	1.1678901734144653	1.1651509472729331	0.6749035758989491	0.39041042540914384	0.3726486193793695	0.16119753202031004	0.07963210258234132	0.06709963179309214	0.028726743664963698
1.5289631450846153	1.1682584683825885	1.1669224865814123	0.6758360352672509	0.3980757246691372	0.3878927552854419	0.1816158942329103	0.07841538080667115	0.07930452754449495	0.011343535792375143
1.530380138673248	1.1688917461706043	1.1648870666412632	0.6719111583979203	0.3932020173018604	0.39524137749601496	0.18336138773792612	0.0884858269902099	0.08780862541880033	0.027479130565244057
1.5266942172594917	1.1645745041938067	1.1597572870998778	0.6665772708006923	0.37955260526159695	0.4010757036024396	0.18133871551728403	0.06866673193590184	0.08120513425437585	0.006676135804361828
1.527479153162845	1.16620674533462	1.1649763339443968	0.6820244300539994	0.39388298722404075	0.3987629084656633	0.18087479290703395	0.08236207206533615	0.08244483122244566	0.028484795368610254
1.5244833523135963	1.164832468992084	1.164518663225441	0.6804257293202294	0.4033867173789162	0.39919863218697715	0.18047235050616528	0.08413252057300225	0.061469186014071996	0.013786783051382666
1.5249806059365172	1.1628527012725245	1.168067129400754	0.685058152366468	0.39811308388287736	0.4018733676232078	0.18005630909215628	0.09448195106896842	0.08296169488303456	0.032092066910893155
1.5271828968949532	1.1616981317263064	1.1688933877935255	0.6711404523654094	0.3918041503997346	0.39036013038200834	0.16705665289202687	0.06126902369668295	0.07232759020235335	0.031897856239417766
1.5248737636004508	1.1563106308746338	1.1642686876260249	0.6682084629359455	0.38052920977434873	0.38324035185216443	0.16797570923225674	0.07816699446019884	0.06752391187615889	0.02566962800702187
1.5245228955514187	1.1607936238380396	1.163432128856852	0.6861193779674081	0.4101337921342115	0.39751851792438553	0.17888218022984953	0.08841270991763432	0.08488559695411432	0.036536849354760044
1.524629452738448	1.15922180901301	1.1646009115356657	0.6747882342972299	0.39378654652821155	0.38066950538798905	0.15984435382106346	0.06777132908593997	0.0554237244490562	0.027327946710542592
1.5274275529634798	1.1663443796268078	1.1625648488402198	0.6712646811790575	0.38181499237295735	0.3818016455278852	0.1622137893172994	0.08401429066665832	0.059060019016354263	0.02893142858364136
1.5261307497470178	1.1694609273808083	1.165341269879793	0.6920254445502847	0.4113928069498845	0.41253371686465035	0.19570139354445212	0.0917965364471553	0.09528091433834412	0.034637793519865415
1.5280326620146916	1.1671167820294992	1.1711009448543228	0.6872887253632525	0.3998253873470324	0.3959737357165482	0.16772944896171857	0.07347304804218008	0.07210324900483996	0.021590172761252774
1.526545260780764	1.1683643536610213	1.164972338501887	0.6818858611480599	0.39735740466237335	0.394795023856575	0.16707854875116313	0.07161563255622316	0.06578326747417904	0.014308836427199139
1.5256928669029237	1.16640795221562	1.1673356103859338	0.6806424049047206	0.3887999725755775	0.4012075982371195	0.17713396847363744	0.07993223775068249	0.08535200240824733	0.0284131730225453
1.5231417205718256	1.1617948607468689	1.1571418067373003	0.6717900791843217	0.3921864931936556	0.38246344056168363	0.16681406921849481	0.06536230130785933	0.08192139809991708	0.024042302738461883
1.5225789746734353	1.1606405084877587	1.157168478625751	0.6737434831501147	0.3823321220848891	0.39322454225111936	0.17576973939354507	0.08400630575861012	0.06369101076674867	0.017799135331646017
1.5276451452873212	1.164567926309417	1.1648994618116066	0.6750979189760775	0.3890008838984885	0.3860385969784337	0.1535951332023337	0.06870818156512024	0.060517139780305845	0.02191984940857205
1.5236862724585194	1.1563444572693227	1.1590773314260905	0.6687644173369025	0.39199897605885725	0.3889488971936288	0.17015642915266355	0.07371198415064696	0.07705796204648202	0.02648136329579106
1.5227837863566458	1.1584735454332629	1.1603579916787206	0.6771737298603444	0.3871977286049443	0.3958605540209694	0.16514619083273793	0.07441534620725426	0.06930604118303216	0.03343912349033225
1.5248700904810693	1.1571141043354503	1.1656834954150426	0.6750829410446191	0.38580367135733173	0.38486615549933123	0.16104319354513713	0.06895143241164621	0.06668624369501376	0.02402998151847025
1.52002155270598	1.151120922221323	1.157977055486147	0.6630137755128268	0.38147456823041376	0.38201709851582344	0.1752380951159308	0.0777006423862025	0.0715136096208842	0.033458733589872496
1.5212130117047673	1.153759050642185	1.1567538988402848	0.6620004256887393	0.3868286574559783	0.39706774902304465	0.18617417905804762	0.09509208788586858	0.0879237996700964	0.04595582643103774
1.5230333132392242	1.153931355301268	1.1594890975611667	0.6632855421733929	0.3814102481084136	0.3730428355953487	0.15686120158456818	0.06844467094777773	0.073204822718656	0.03202180556793176
1.5243847123594378	1.159673814728741	1.1660241805697884	0.6709329180683274	0.3871736705077916	0.37889639441328254	0.14686695104524017	0.04599821928027378	0.057120490253686214	-0.0013475676571231734
1.5211882691741847	1.1573914899672935	1.156376493210395	0.6697115923907782	0.3830525392860036	0.3806185609701761	0.150252581487707	0.05987644220010427	0.05122251826553847	0.004841131383308047
1.526736249770154	1.1678859367566146	1.1651827825716659	0.6749512757989192	0.3947199222138782	0.38669022864890146	0.15844805078453805	0.06156951257521779	0.0560124274874593	0.01942232359977854
1.5263532656261805	1.1645437518306734	1.1675256871615707	0.6833639418928751	0.40241674237127706	0.39890630972801716	0.1758161009494702	0.08299070868120795	0.07715832736687957	0.01724178674605587
1.5274028246914346	1.1697756441722833	1.1605855620219925	0.6781991378804707	0.4083755374972664	0.4095551897767773	0.19999726430294495	0.10505552899391168	0.0968729088425063	0.03885164244405662
1.528555153828576	1.1661606155505122	1.1671668124805574	0.679158000541177	0.3980892594041167	0.3940135702866085	0.18227855588362782	0.09238372809035011	0.09068354749832352	0.035415952726012986
1.5328018500771012	1.1750105385347636	1.1796586102261593	0.7009527470258325	0.4149397437077478	0.42157792911000025	0.18921364619680273	0.07353539620073105	0.0908307900897162	0.03269421579276875
1.5284954873730225	1.1652819596138961	1.1662509115852353	0.678314144343155	0.39791514595185395	0.4040335670647824	0.18655170065436244	0.09277411092509774	0.07189507667881856	0.016614789723398186
1.5247075530105243	1.164057625082211	1.1627174835020433	0.6791074844477576	0.400264560277263	0.39424263813767196	0.17250343022608078	0.07646443942454048	0.07070919072567705	0.024018760555688218
1.5239264619912558	1.1643273839970205	1.15295642862743	0.6671554175274925	0.3822104608665688	0.38452862358302925	0.1664127717844541	0.07927982400915576	0.07330410339734011	0.033462784386990074
1.5189555645156883	1.1560871907457013	1.159877627898013	0.667724596935787	0.3770644264497116	0.38549293252007155	0.15950779358308959	0.06212353474059665	0.07151062851184695	0.01992045944622923
1.5197450693862329	1.15677219905666	1.1540690127853837	0.6671469673398056	0.3760868211171767	0.3796113045337402	0.16341175938351507	0.05486065251411901	0.07005507566772665	0.004670762218050675
1.5288726060692561	1.1728662509384487	1.1692551475204422	0.6830359387309248	0.4049156200389844	0.392581205582533	0.18045436428998168	0.085277118269211	0.07773159962985149	0.026152033663517774
1.5286921781475995	1.166608438320621	1.174586991662855	0.6903646661127703	0.4072964484062309	0.4130669186638496	0.18599548486517636	0.08587708315546112	0.0964338437341621	0.036866120337965366
1.528203321947982	1.163537716245674	1.1625164205163985	0.6691478922341862	0.393238470877571	0.39302015726731204	0.1713121004269999	0.07195299956577625	0.07720940961346434	0.02253903603410731
1.5276682016309828	1.167764853755773	1.1685516761994585	0.6817988010958688	0.39381521789951013	0.39231716800162886	0.17480985463526472	0.0763390128269778	0.08201737303309337	0.030926909807395146
1.5215178629747224	1.1522902507342194	1.1581971199726775	0.6608598787160276	0.3742039148507509	0.3809263523467159	0.16085598651812644	0.06783388126237636	0.06254246487328469	0.0275336274587126
1.5238568929447052	1.1576701233012785	1.1562097694183338	0.6708088713999194	0.39235542792050415	0.3920875259784228	0.16982921958254957	0.07421341273633685	0.06937500013896528	0.0286935582194108
1.523632898015072	1.1562628630301703	1.1642343187213706	0.6742200736148991	0.3838278421484362	0.3947304859919635	0.17012973717231006	0.0671560418645107	0.06356221525577199	0.019402336312617452
1.5260630831013307	1.163695891976334	1.1596259636767665	0.6751710182224558	0.39417809792564895	0.38892747008003875	0.1775800807076702	0.0808209581873098	0.08556677291783735	0.028419092435569976
1.525183642830547	1.1643023107522978	1.1625537870170923	0.6802961311843061	0.40023880549841984	0.39376269891194304	0.17189005905433755	0.08284275003795821	0.07364945588766561	0.017855380193749187
1.531892956042177	1.1712716990682555	1.1691078501908838	0.6822714115127564	0.40166549087191594	0.3985261005779357	0.17648679591514824	0.08233825697790983	0.08018579215153306	0.03237219067965062
1.5311305216038387	1.1716821623610247	1.17560893446814	0.6929099855155345	0.4062491296991876	0.4082814810922266	0.1828981899973607	0.08490979679586809	0.09493164824486419	0.03743342756898661
1.5264350855597524	1.168310040290178	1.1657936512231208	0.6780564438878184	0.38452983404095986	0.39381736212932156	0.1628323835071273	0.05866392328325654	0.0703316596223513	0.018750434847460445
1.5274919811739376	1.1630241171612339	1.1655750074813407	0.6798439913387773	0.40065599262644147	0.402621475537948	0.18227040245783907	0.06930283908917254	0.10088936438549999	0.021741086396056583
1.5267059201808242	1.1644445936724035	1.165477536527615	0.6724170980742487	0.3991263075491722	0.406420220882613	0.1869614365197751	0.09096850877529253	0.08526406805366407	0.024542129808143763
1.5292156466192752	1.1628398899438657	1.1675596577345728	0.6798070539203278	0.3963532081320237	0.39283675363070364	0.17053735182818291	0.07631445016868228	0.07617163623308745	0.02241789382611241
1.5306465786532006	1.163494486110701	1.1657070883462226	0.6710983345789601	0.38736887895810246	0.3897224801023657	0.16763612844125395	0.07645903792583428	0.06681113808711352	0.00940375698818879
1.5298657112396263	1.1656687826205454	1.1673484162203909	0.6811695490195202	0.3909265170097402	0.39693802331833555	0.18035073364691528	0.09490237073491767	0.07840753702073477	0.04592925513457779
1.5297328035172777	1.1674871116763417	1.175390332959887	0.6959267910607444	0.41529997940463936	0.40853678409380834	0.17752494084204018	0.07581153413984676	0.0640554561590295	0.01966443349111511
1.5278612405336602	1.1652353856706719	1.1628555004950536	0.6759413977922909	0.3900661448531913	0.39892370857401555	0.17396560593895072	0.07263607226742606	0.08572149212278365	0.03263629775592551
1.5256914555109333	1.1684927661577256	1.1636132632965337	0.6760528949179634	0.3968654328466061	0.39346274705236634	0.16900499556758308	0.07702613542875551	0.06886680862281458	0.017787197616240705
1.5244613934374258	1.159336918152876	1.1558820655146431	0.6671544043034583	0.386585464623039	0.3867495656006632	0.1701682452488924	0.06283269197757894	0.08597244071802077	0.028501298945799648
1.5224477710626196	1.1541509695081664	1.1554022059387796	0.6648258126563861	0.37408310038535153	0.3883779443108782	0.16566674393427006	0.06183056329333835	0.07330044579759606	0.016401987246273824
1.5197737677336576	1.1556736653136996	1.16151105825931	0.6756693824212832	0.3859966287047942	0.3836735171889851	0.16503433406111845	0.07831039688141461	0.0636676798401902	0.022688166524776426
1.5181137185403202	1.1499558171768136	1.145291534592348	0.6589737250213581	0.38104266677681387	0.3729525242946245	0.15492208712327704	0.062122790716742864	0.05796711946736137	0.005770491775529513
1.5210339706474076	1.1548563855756977	1.1567993890381438	0.6617879460248848	0.38153250671993266	0.37489665059967603	0.16431649584985364	0.07266187929899595	0.06265169681939574	0.014140400402330291
1.5199664394395098	1.1526887425855712	1.1546775292745033	0.6687119090558367	0.3880646558382709	0.3976310574516031	0.17307906192452882	0.07693049107778031	0.08236403840821185	0.03825699042675554
1.5227108660324165	1.1619553277334038	1.1573957227569536	0.6729959733326849	0.3762607137481563	0.3864202438494813	0.1684133260601956	0.06833892373237055	0.07236366514025445	0.027370086381290928
1.5260140489169378	1.1692846526596723	1.1681401619591283	0.6858607328080404	0.4138263959482078	0.3995752399982333	0.1777885888929489	0.07642200455654506	0.08936847981532656	0.027215534350954113
1.5276641505198691	1.1652427085971713	1.170537916944581	0.6770018520845853	0.38959921140283016	0.39645768943207343	0.16652257913619578	0.07879423899257859	0.07564720125817094	0.03644929363491049
1.5268793150380437	1.166589200864625	1.167283047295002	0.6839984122043989	0.404032324937003	0.39459107264111043	0.17305818602258596	0.08580838659727685	0.07423194467731589	0.03162262267819241
1.5242643409042644	1.1614523948799833	1.1627617093550575	0.6759325435916659	0.39634892437279307	0.3989998881695781	0.18785964658921944	0.08711811403936601	0.0749088361085324	0.024660589803806976
1.5298783343774747	1.1671017247962587	1.1669565365675592	0.6731827654072184	0.3886848505047812	0.3849880166892411	0.16130251480271438	0.06342372866019216	0.061806879811376114	0.023514745676844927
1.52514942772323	1.1575694771681575	1.1598487749690287	0.6592035967746046	0.3672712527737134	0.3861242695220408	0.16218193468822484	0.06578283511772512	0.09249428724150653	0.035306157991620624
1.5238662939897998	1.1643505063569264	1.1612881178777539	0.6724629712492805	0.39082450611380654	0.39898819607802016	0.18186124034512496	0.07629061839472981	0.10126820990610662	0.03884220006341542
1.524720860436822	1.1583971359711673	1.1629087424797508	0.673201420939226	0.37918618546949334	0.3893713228354211	0.15774304489253724	0.06996939878718174	0.07357953184448725	0.02239893654181073
1.5239296011885795	1.1622575008375207	1.1624521392841456	0.6701726199371507	0.3833314469207243	0.3907548316329139	0.16941320753262562	0.07405829753051979	0.0808801246630125	0.027147225300779884
1.5208860416250596	1.1574589829899669	1.158681499177328	0.6716132617410299	0.3993307067516086	0.3858804567824426	0.17388987743626771	0.08301545951652103	0.07368443201623998	0.015796630033379805
1.5243730675247062	1.1622676475872833	1.1615343246561705	0.6775463039963527	0.4042126144212953	0.4027210681862058	0.18127147003340985	0.08629632945493135	0.0830950125958065	0.026008716498869863
1.5229518908324167	1.1689279231787746	1.1540717979514943	0.6730802565179983	0.40136376460957823	0.39337277013852223	0.1883097283664878	0.08736620109222971	0.09386813112487762	0.04189684949193356
1.5225659749301452	1.1560939135353414	1.1589307492297118	0.6629846856403525	0.3910547440437412	0.3841940078511711	0.17197422239697563	0.07858824808242801	0.07092568805873678	0.014397070758318134
1.5281506661212294	1.168289275212818	1.16528510278743	0.678694919250431	0.3861400104221051	0.3957473853820198	0.17445634214052114	0.08129229595213405	0.08119339058592356	0.028456333635511435
1.5290347657244523	1.1765911958033564	1.1683186944076285	0.6970682902584535	0.4189575554218908	0.4118419293233204	0.18797548153728422	0.08382777174726758	0.08830465765105397	0.023628733677504135
1.5248380000123478	1.1641303130350242	1.1583518803350992	0.6705403479424858	0.3900008789909827	0.39918054228669564	0.17926406709195156	0.0765866002698939	0.09756564654617439	0.03542234855733617
1.5283210098884275	1.1651177004990467	1.1732613552204953	0.6786476464900906	0.3930775893687075	0.38499339581942615	0.15581440110540054	0.07464953509496408	0.06117417537298585	0.019774003984240382
1.5276027897368074	1.164782751736447	1.1672871902003001	0.6807563313782335	0.4009215598468071	0.39332432891965347	0.1790129222695199	0.07256265370841175	0.07707200810378595	0.014052186165379411
1.530487759832674	1.1680886483230164	1.1712519375946802	0.683437788602566	0.4005840480009125	0.40109542778950924	0.18002331992420684	0.09516308597791956	0.08308469741141612	0.03122022517982043
1.5261944532798872	1.1668666036328994	1.1654347173662991	0.6770463996504019	0.3944724950200261	0.3832663507254839	0.16249534705363428	0.06424247247999865	0.07494104303310789	0.03315906504446783
1.528175920346155	1.1671712431296692	1.1636952990303322	0.6717187308466879	0.379550989175444	0.3934732362669934	0.1660312538938742	0.07510432185327297	0.06918236860114116	0.028495918751354925
1.528785418585148	1.1668007572892425	1.1633877757204363	0.677127222766694	0.39463803604777414	0.4009249030575095	0.18054219739519334	0.07645037770385821	0.07332113035506316	0.02295365616770259
1.5281497697886441	1.1606968825433763	1.1714026283019372	0.6762932253907755	0.39602094393682774	0.3990842371002439	0.17888235717359213	0.0728989256023122	0.08730453736154975	0.021359508472854123
1.5253117747114868	1.1582407502953498	1.165438972689205	0.6703983474300729	0.3820344448028351	0.38594613160841107	0.1688889535180787	0.07723209372275258	0.0707845095727013	0.02075872963816588
1.5248419398253368	1.1581439204888304	1.1585099204191334	0.6632420535986605	0.3742259402599153	0.37764259520754717	0.15111897938333432	0.05337152677648427	0.05528660025300001	0.016432721023612595
1.5207451553018871	1.1561629948634777	1.1603932739667804	0.6762066580339938	0.3978064325397796	0.39720659772855704	0.18296874661081675	0.09186248682393325	0.0886397944891674	0.03627640257005006
1.52176401685271	1.1584115850609888	1.158888993336229	0.6727079313212563	0.399752501129558	0.4003026745355789	0.1805667163588293	0.08057748196702152	0.07228065543875078	0.011328859181892637
1.5237881199901893	1.154179734060667	1.1565395869907364	0.6641304962149109	0.38574681158575985	0.37853100372958837	0.16258165292132237	0.07014111749810753	0.06681953943857782	0.014082659991519395
1.5220469292978231	1.1596007287361318	1.1592345301763718	0.672212747428608	0.3887837652095388	0.3901836645572886	0.1684664192183682	0.09051258971965914	0.07439960377449467	0.031532099080725406
1.5266404984133208	1.171346619064072	1.1578585778488255	0.6832924535801043	0.4064484728668569	0.3887703365453423	0.17826991859986163	0.0855050524970968	0.09122523709717674	0.03149227044126747
1.5277303880086741	1.1671858800137729	1.164064130711129	0.6800473463166596	0.39531606878256276	0.3802085399105253	0.1659690175506605	0.07107157642656307	0.07844060003164471	0.02193801954782428
1.521910458305477	1.151001194451724	1.1541772596373177	0.6518491599953806	0.3736651520340766	0.3739858792678953	0.16395320196437052	0.06987852289405794	0.07195008712962138	0.03316052934733789
1.52341705072477	1.1640480299092724	1.158908630879716	0.6712230521373713	0.3903297762070969	0.38188567301321213	0.1652377257921779	0.059845458789922173	0.06795662166343802	0.018388739203322953
1.5232761816139013	1.1537973607190337	1.1539015377243849	0.6617944257996401	0.39111845859234884	0.3869913913559228	0.18658918889891585	0.09794569740045883	0.09496998395110837	0.042570256818544
1.5243168655906794	1.163345636001581	1.1645386366901516	0.6821574523145898	0.40685985029980454	0.39472981615720115	0.18993782979707244	0.08849769308608779	0.08449809875727012	0.028801332991815795
1.523788345881734	1.1697757876418051	1.1632792072685465	0.6835544937124737	0.4061732311053864	0.4013712429873509	0.18003964125726674	0.0852745736927363	0.08960134379549439	0.03870073629160252
1.5254691011791401	1.163901122552334	1.1613568777019805	0.6743229761543117	0.38845057485684004	0.3955559209363174	0.17239778626129332	0.08615214438502716	0.09317860328754131	0.05193069079032636
1.521350566630463	1.1589608918615106	1.153349328258484	0.6654813504841437	0.3763754878907548	0.3728294573447395	0.1525416025407958	0.06087090598205473	0.06304497498748465	0.008336043623376331
1.5237273867304508	1.1627105197322158	1.1579556348724995	0.6781584620318447	0.3978901059164176	0.4011388011523096	0.17640133075447126	0.07640095124261495	0.09332884769161395	0.026384073288872874
1.52538768974476	1.1598195624748309	1.155566149121268	0.6521522791832306	0.3658687159704559	0.36709828392891775	0.14597842610375777	0.06380942771363368	0.06128680460421172	0.02017102758747922
1.5196552680363353	1.1566466669896807	1.1579235154341418	0.674604564560646	0.3985773769451285	0.40093536472981284	0.17653722135005523	0.07620926542634644	0.0858908234375369	0.03291400146024005
1.5246955564582862	1.1644575281529215	1.1565878168392234	0.6661651242114731	0.3806686761016177	0.3853731913106286	0.16700734302670944	0.07154183887913568	0.07659921705124006	0.022454449595888534
1.5228904687187983	1.1570158307504834	1.1575289287423232	0.6654714595032563	0.38076016145056246	0.3837452880703395	0.1712921967564578	0.08077432454208655	0.08153447318926119	0.026548614464028848
1.5255368164490095	1.1640579996957392	1.1646323436168988	0.6825058712665206	0.4048242988188983	0.40611913332045535	0.1892613997607429	0.08232279919586112	0.08754666196674993	0.02636046073877998
1.524375761798706	1.1633196374684118	1.159612430932065	0.6761282062401069	0.39342345655900546	0.3903663906442849	0.16915497284379027	0.07027549345699378	0.0784837763213323	0.029153280763817763
1.526982030867071	1.1632859546025427	1.1652853307391848	0.6745087157398488	0.39210946365380916	0.39709147417422397	0.18111178295654842	0.08311541258440654	0.07014396655815855	0.01246775782956232
1.5237627218100516	1.1569575952431275	1.1593851744766064	0.6627538473586786	0.37708412070282826	0.39421557534752527	0.18323955330871344	0.08450348404045421	0.08227226331096318	0.039501179567303514
1.521579203916089	1.1600391212806322	1.1493373190432605	0.6655873923950183	0.3973739178004201	0.3819711364842441	0.1750412874347964	0.08528741997086142	0.06215126440324283	0.03573796874664359
1.5233059258406128	1.1564506350551413	1.1636714232600716	0.6780488075576914	0.38872003702586216	0.39713074008897375	0.16400597171134887	0.0694203755199911	0.06757878476572156	0.028500452968885724
1.5260843052575925	1.1668737851002935	1.1621891822031194	0.6767106173487338	0.39121190352498864	0.3897934982891229	0.17648388573156418	0.0714907925082223	0.07742921294818772	0.00992847676419259
1.5270381852895434	1.1700945050421057	1.1579296592433534	0.6793875747375393	0.3962768803561222	0.3955393751744537	0.17807975122271902	0.0883539276057487	0.08432539898830334	0.03656086248276621
1.5296209230116393	1.1671304165801433	1.1762634441295092	0.6900401442688411	0.41428509939261904	0.415271639290805	0.18954002482162097	0.08793417312058971	0.07213546621362671	0.023584133105420894
1.5302335423904438	1.1699556430857176	1.1712986231652422	0.69323444586932	0.4142916529207806	0.40071139115420773	0.18671224593853405	0.09125026382931455	0.0837820376932419	0.030266840948437717
1.5277978253133813	1.1668122791602344	1.1679366540876126	0.6788406431319678	0.392138242269773	0.3983495045099652	0.18561499950265087	0.07073744728894263	0.08978415267937034	0.027128739247829905
1.5282846722044114	1.1704097274702976	1.1718838032260042	0.6883369528665018	0.40897109795204756	0.41035017746749897	0.18891841619916255	0.08830174404164567	0.08856949653439919	0.05102627494025652
1.531229214571252	1.1692882157223148	1.175306449680133	0.6903345346310336	0.39588499022218265	0.39938489226719653	0.17677913694019637	0.07174740976339603	0.07329354886248504	0.018717561390700087
1.5291261641380978	1.1699527946877726	1.170756878221423	0.685152094329326	0.4047430238484495	0.39424785536238227	0.17126150354812747	0.07571453451799315	0.07968582256693418	0.02547687740087385
1.5265891451929376	1.1692924061521328	1.1708271526232275	0.6790569195405395	0.39502624142852194	0.3959027880630022	0.1826595710488122	0.07681389083558408	0.07433457939404495	0.023104659760849338
1.524447711340006	1.155499434217211	1.1622715788306608	0.6752802145729035	0.4040062311542633	0.37344253195024824	0.17566951288392796	0.0786061653639123	0.08437295554063037	0.03514901232260505
1.5280143979691543	1.1648126394474667	1.1663695395691571	0.6746598651371212	0.3877898096074791	0.3943197088550147	0.1826342768836678	0.08087777433946922	0.08468322085411539	0.03630425468363965
1.5292110662414082	1.175476112391971	1.1688774098532646	0.6914427115029096	0.411974600591158	0.4082082535981951	0.18362615591194426	0.08484226960721822	0.08884276650745476	0.029019584198940435
1.5255344900819898	1.170143317789511	1.1596086090790636	0.6794951980260734	0.4048394928019414	0.3916142108058118	0.18558648152663998	0.08408093426572302	0.07636273289857617	0.03415417714040312
1.52463890711089	1.1601605820727785	1.1630779028550107	0.6776482189235897	0.3918191205693726	0.38722950663963257	0.17518564117295723	0.07771158674532555	0.07785561660032783	0.023295063734008897
1.5243163932971002	1.1618302019450613	1.164343707808031	0.6732509381815948	0.3842225823540159	0.39032777148603814	0.16805222500068248	0.07014946946397228	0.08623352811365884	0.025044031412198915
1.523360771676781	1.1605340746278827	1.156436179714683	0.6753093476240803	0.3887205612052209	0.401567176342118	0.1828833307351047	0.08707649142031608	0.07662498418608438	0.021845315808627603
1.5228399218738469	1.1626383827189393	1.1573251105988374	0.6729548190920049	0.3942149357766785	0.3961010159971089	0.1817820492070225	0.07027849623318755	0.08144730140577958	0.012703232149708626
1.5287837670951503	1.1653653465524663	1.1665347694566355	0.6797648513056858	0.3937367672528192	0.3948957237246895	0.16979277043097096	0.07805657772765168	0.07370664884311628	0.03049395843294822
1.527759834689816	1.170006882100122	1.1607989019854115	0.6812269179025783	0.39603705088243985	0.4081911663476766	0.18164296686576445	0.08928855728689883	0.08090896220109839	0.040495917502421236
1.525887640476641	1.1602773358168115	1.1612422247102074	0.6733593570008573	0.3795516554413282	0.37975801776359075	0.16140826061084487	0.06749659957395737	0.06108329535639444	0.020608552684872848
1.5218714503297819	1.1559325295690261	1.1584698526122623	0.6631336364067812	0.37376698024574295	0.3772636512776671	0.16248160589369604	0.07185074228436134	0.0785056319581409	0.02959081041419878
1.5220591937667054	1.1605390917092202	1.1583840531150944	0.6754731005158106	0.3833117556041714	0.38858289254738093	0.16725117006273715	0.06472206805387826	0.07243210202326605	0.02667500986861681
1.5221481257404559	1.149824043639642	1.1595999497664509	0.6664718943250498	0.38755854168991	0.3939859919362514	0.18433948075542864	0.08819666025772607	0.09752319182044647	0.03869776856529903
1.5206203950594	1.155594577229863	1.1558315233479253	0.6726425224557046	0.3978167877628332	0.39424176589423693	0.1730966395747115	0.06612378997000896	0.08561495472465785	0.028444263751260145
1.519236134580233	1.1552364041182908	1.146833574635548	0.657370829138741	0.3770188357793275	0.37648133428474506	0.15805152204934575	0.05416372454016498	0.06444860742782789	0.011479182529487628
1.5257725814692766	1.163039367306792	1.164050032160234	0.6803033117135746	0.3889974603132798	0.40118515426906265	0.17364680650624226	0.07181992345472385	0.07951823689888274	0.024088974773371727
1.5244175563820588	1.1568388284535756	1.1586959899360894	0.6660058281361612	0.3804520127947393	0.3757971231344839	0.16180982117998827	0.06152758613098713	0.06809754347041763	0.024415491088290484
1.524410335583683	1.1655289548950423	1.1603108921689023	0.6783553164348668	0.3971331556475036	0.38861673707083705	0.17721422782431018	0.08576186009221021	0.08776752793584941	0.031318619084302446
1.5273393087186835	1.1681780643268116	1.165771954577925	0.6826520957121265	0.40360135141083114	0.3929979915391141	0.18169894748852433	0.08806852922862227	0.08070823013734324	0.03452786567343016
1.5238977816026362	1.166036340344539	1.154014763368674	0.6644236315713775	0.37969212453436135	0.3798935663605449	0.16311220001961907	0.07653935464821304	0.07536045540229573	0.01934368005830804
1.5246930237916099	1.1659080364960255	1.1691375587032433	0.688904793920126	0.39856472215566907	0.4026623792898209	0.178917088972745	0.07213491738997507	0.08628621367718782	0.008995340506286365
1.5250029412150208	1.159156713073249	1.1586990129748764	0.6675496501140195	0.3884814307633801	0.38712035649629173	0.16467698854966575	0.07229563373351136	0.07210894566793949	0.017821080207936796
1.5201253738574367	1.1567066175580505	1.15474643930077	0.663991718432811	0.38334940093909203	0.3910987080119561	0.1737339423246342	0.07601735893204531	0.07489233002270299	0.023332884148529257
1.5201723462847643	1.1535870168917532	1.153716647527808	0.6593814040238931	0.3661076088393048	0.38199083119472343	0.16524384280580862	0.05973366451412693	0.07986099963285398	0.032341933209707505
1.523326338490802	1.159319574260486	1.1619794858460393	0.6763615016143638	0.38593969625511	0.391379252072909	0.16426310460227148	0.059977274445960106	0.07134298568805443	0.015419919906886518
1.5275001594641406	1.1724994230559729	1.1652646366065575	0.6915763715817169	0.4101627250554677	0.40593210360412113	0.18343186183356883	0.08647826439790551	0.0828084527098906	0.03414412281227837
1.5278507560564247	1.1675650169006464	1.1644916760882178	0.6838542720838696	0.39652570009487775	0.4022995647748999	0.16501406342634495	0.057762811405843995	0.0798892099766497	0.020820227030059462
1.5228945255255648	1.1569191005482313	1.158366149400357	0.6680883818926469	0.3831965469319948	0.39233163076080957	0.17778141835919328	0.08712732415183537	0.08048154929333642	0.030290952528817618
1.5237926205432946	1.160304922960827	1.1570621909979313	0.6641262894724324	0.3762557240217426	0.3902326241206533	0.1692759016696866	0.07614355894121412	0.06471531531457597	0.016261484130344374
1.5210767819488717	1.161871683025211	1.1569482233841832	0.6731587382020994	0.40085855807661114	0.38980053218384125	0.18543193533062435	0.08268095817247442	0.08544020977749378	0.02040220786804585
1.5258954947552672	1.1596297210516364	1.1675725509297716	0.683630392985221	0.39629200979952417	0.39826711941490167	0.17839584279969356	0.07968579970939652	0.07864921012968282	0.023501399814903016
1.5236867978538142	1.1607501501114212	1.1582901292785932	0.6761825162851858	0.39994488536780337	0.3932217377952162	0.186103599571942	0.08895918456085102	0.0899880932857724	0.03447473435528234
1.521336205055067	1.1520758621776288	1.1614399418874717	0.6602645080714931	0.3683509052693885	0.3812994129913178	0.16557417483886236	0.06498939421390604	0.07744966911915493	0.018313032918341167
1.5215391076895481	1.1557284024062724	1.1574397203057565	0.6706517522835763	0.38952862238397784	0.385073937399999	0.1662639932880947	0.062051347263100264	0.06113596177573939	0.015047215492469138
1.5231221792899854	1.1588372956797706	1.1592730809918543	0.6695940581676421	0.3836211261350234	0.3895078744332029	0.17650508027506476	0.07659203705584672	0.08451007034444763	0.03130848823266636
1.5241517603015518	1.1608395380914398	1.1653208224333707	0.6827980947222532	0.39690806798774714	0.4062206456406175	0.17870393782677196	0.07872536246294182	0.08276600956886121	0.03539325195627917
1.5253911057895755	1.1624278705531084	1.1567597787504709	0.6694078777285386	0.3812189026555675	0.39999483170524786	0.17881840692008769	0.09016741700472677	0.10337951303484266	0.0423509088513601
1.523336701740782	1.1614872696870941	1.163407400163243	0.677812028719723	0.381989044218789	0.38822642650401173	0.15969532459053448	0.05424978482469326	0.07532422112162793	0.019422331834219562
1.5257139110633564	1.1631643927422415	1.1649401753275974	0.6753644901033469	0.38970420541127737	0.3903676331952723	0.17054511617400167	0.08296844095256838	0.07327626792390281	0.03407633960481776
1.528618441916941	1.1660018464149695	1.172577735614876	0.692936135892603	0.41216173285543123	0.41439921980440364	0.1842141259957534	0.08047095014900839	0.08103379640564447	0.024938387100540874
1.529910944756116	1.1720535959852045	1.1694016408284238	0.6915468529466375	0.4136640238861903	0.41430938160586483	0.18467102107688568	0.07731190327295813	0.07578676478908708	0.015511247827426803
1.5289076152607461	1.1737862480926269	1.1697165990117002	0.6893920112281209	0.40590077457393836	0.4126851601491148	0.19953628659220007	0.09464769549703098	0.09302355639591699	0.028971207365070948
1.5259318934202317	1.1611299634629733	1.1586624000834922	0.6683722325707844	0.38430628955258783	0.3939653783366435	0.1788590592363734	0.09299842755196627	0.07568411153882604	0.02032202759870757
1.5224439599692956	1.1587911268585138	1.1510397964302732	0.6573380562740652	0.3749498001368359	0.3792684839529197	0.16659752152786556	0.07696970432971745	0.07609353459466356	0.0316368796269863
1.5216242608986996	1.1561183232312926	1.1581348065192558	0.6668007614562446	0.3878525818030674	0.3851887983481046	0.17882540642067002	0.08210658994535144	0.07242274487590739	0.023612914956617437
1.523881320625852	1.1610348903733239	1.1586060924067052	0.6744292050934192	0.3961447000828071	0.39066441545373587	0.17409908822180853	0.07372029808772479	0.07538460270361716	0.01996010842507522
1.5248424232934208	1.1625887270139574	1.1641690927314479	0.6829612075195726	0.40431230396007023	0.3987192323505028	0.1896824194043535	0.09793441964616506	0.08955553351190837	0.047257887473981436
1.5237317783098154	1.166072258841378	1.159823479755409	0.6769749143852566	0.40441988185380506	0.40099582606975825	0.18511679577366225	0.07477941720470509	0.08283393126464869	0.0235888651206754
1.52128337725383	1.1595242019925054	1.1632914149230258	0.6866500622102891	0.4070085025984015	0.4039677145662173	0.1892216582491747	0.0964096827754872	0.0908026669996436	0.041132703696859715
