3309324
3375418
3441615
3507800
3573840
3640054
3706389
3772495
3838727
3904867
3970986
4037070
4103234
4169422
4235518
4301633
4367788
4433791
4499937
4566048
4632203
4698427
4764615
4830742
4896955
4963207
5029229
5095204
5161277
5227418
5293504
5359637
5425901
5491946
5558109
5624319
5690453
5756707
5822882
5889137
5955253
6021547
6087674
6153886
6219972
6286167
6352399
6418483
6484654
6550710
6616909
6683043
6749129
6815227
6881376
6947397
7013552
7079630
7145867
7212025
7278064
7344233
7410507
7476557
7542664
7608868
7675053
7741250
7807549
7873624
7939834
8006048
8072409
8138496
8204607
8270774
8336873
8403056
8469311
8535444
8601632
8667792
8734065
8800211
8866436
8932449
8998448
9064565
9130699
9196889
9263087
9329161
9395386
9461599
9527845
9594003
9660165
9726261
9792356
9858469
9924558
9990587
10056735
10122817
10188935
10254996
10321234
10387409
10453531
10519718
10585981
10652326
10718551
10784690
10850891
10917017
10983201
11049301
11115363
11181509
11247594
11313667
11379820
11445947
11512175
11578271
11644395
11710502
11776837
11842983
11909067
11975270
12041524
12107404
12173559
12239848
12306081
12372295
12438626
12504896
12571161
12637400
12703513
12769761
12835915
12902066
12968317
13034396
13100580
13166859
13232999
13299210
13365377
13431612
13497783
13564064
13630267
13696515
13762635
13828763
13894887
13961163
14027366
14093491
14159669
14225789
14292088
14358242
14424450
14490600
14556766
14622804
14689011
14755149
14821205
14887412
14953556
15019634
15085592
15151755
15217852
15283966
15349977
15416194
15482395
15548513
15614788
15681049
15747229
15813343
15879506
15945635
16011673
16077768
16143903
16209931
16276036
16342160
16408133
16474394
16540621
16606858
16673014
16739207
16805446
16871612
16937754
17003836
17069911
17136147
17202389
17268545
17334603
17400899
17467050
17533235
17599290
17665519
17731676
17797800
17863886
17930071
17996279
18062445
18128689
18194812
18260957
18327157
18393226
18459371
18525510
18591632
18657694
18723793
18789854
18856112
18922282
18988412
19054539
19120661
19186737
19252964
19319135
19385310
19451547
19517554
19583669
19649785
19715777
19782054
19848364
19914642
19980804
20046973
20113133
20179416
20245669
20311794
20378050
20444392
20510481
20576743
20642884
20709190
20775456
20841587
20907684
20973948
21040021
21106140
21172127
21238220
21304392
21370444
21436525
21502733
21568774
21634998
21701244
21767326
21833541
21899726
21965932
22031999
22098258
22164189
22230352
22296453
22362527
22428671
22494880
22561072
22627311
22693591
22759701
22825894
22892112
22958381
23024501
23090675
23156731
23222845
23288853
23355012
23421222
23487436
23553620
23619854
23685980
23751998
23818128
23884318
23950453
24016532
24082730
24148909
24215077
24281162
24347442
24413544
24479881
24546190
24612380
24678668
24744757
24810987
24877207
24943359
25009482
25075792
25142056
25208134
25274239
25340492
25406612
25472799
25539002
25605022
25671155
25737341
25803510
25869632
25935727
26001858
26067962
26134101
26200202
26266458
26332598
26398688
26464960
26531152
26597350
26663437
26729424
26795452
26861666
26927791
26993945
27060256
27126485
27192676
27258895
27325193
27391358
27457557
27523855
27590011
27656333
27722435
27788554
27854737
27921009
27987108
28053298
28119426
28185718
28251988
28318210
28384248
28450342
28516457
28582656
28648887
28715031
28781256
28847521
28913837
28979857
29046006
29112254
29178472
29244775
29310979
29377144
29443435
29509629
29575787
29641913
29708051
29774192
29840450
29906631
29972751
30038872
30104958
30171271
30237387
30303791
30370020
30436134
30502187
30568344
30634609
30700795
30766986
30833145
30899434
30965670
31031840
31098061
31164321
31230499
31296598
31362796
31428876
31494943
31561312
31627510
31693610
31759705
31825652
31891864
31957979
32024151
32090386
32156303
32222400
32288555
32354743
32420852
32487033
32553108
32619396
32685496
32751737
32817873
32884145
32950220
33016556
33082867
33149070
33215184
33281416
33347585
33413654
33479784
33545979
33612132
33678468
33744585
33810815
33876939
33943108
34009179
34075309
34141451
34207478
34273524
34339624
34405750
34471873
34538033
34604007
34670268
34736324
34802402
34868632
34934877
35000948
35067134
35133163
35199260
35265433
35331646
35397969
35464078
35530271
35596564
35662769
35728791
35794905
35861123
35927437
35993527
36059696
36125862
36191983
36258227
36324418
36390629
36457020
36523178
36589353
36655480
36721694
36787780
36853927
36920027
36986017
37052242
37118481
37184552
37250691
37316783
37383042
37449219
37515201
37581440
37647424
37713645
37779600
37845675
37911969
37978029
38044146
38110244
38176226
38242370
38308504
38374692
38440768
38506940
38573096
38639284
38705393
38771373
38837487
38903663
38969862
39036051
39102155
39168238
39234460
39300585
39366719
39432947
39499208
39565409
39631489
39697612
39763761
39829910
39895967
39962086
40028295
40094542
40160791
40226753
40292962
40359164
40425410
40491760
40557899
40624033
40690296
40756592
40822759
40888874
40955178
41021351
41087552
41153850
41219877
41286103
41352373
41418529
41484767
41550884
41617077
41683215
41749383
41815503
41881724
41948041
42014049
42080331
42146412
42212488
42278656
42344864
42411059
42477376
42543561
42609638
42675786
42741896
42808023
42874227
42940281
43006329
43072640
43138783
43205067
43271188
43337454
43403654
43469825
43535879
43602207
43668527
43734788
43800896
43867165
43933331
43999490
44065589
44131767
44197826
44263928
44330116
44396191
44462276
44528420
44594631
44660764
44726971
44793207
44859251
44925293
44991449
45057782
45123936
45190203
45256363
45322542
45388757
45454980
45521213
45587411
45653639
45719852
45786142
45852350
45918421
45984572
46050752
46117025
46182983
46249132
46315358
46381398
46447587
46513714
46579944
46646016
46712022
46778247
46844351
46910564
46976786
47042932
47109036
47175242
47241439
47307527
47373640
47439774
47505889
47572066
47638289
47704563
47770670
47836796
47902985
47969075
48035308
48101524
48167552
48233806
48299972
48366169
48432396
48498505
48564671
48630845
48696947
48763214
48829481
48895597
48961783
49027840
49093973
49160197
49226432
49292692
49358773
49424941
49490978
49557247
49623507
49689645
49755945
49822179
49888377
49954442
50020566
50086735
50152921
50219043
50285108
50351382
50417525
50483618
50549816
50615941
50682138
50748387
50814549
50880778
50947071
51013428
51079615
51145743
51211947
51278107
51344308
51410337
51476434
51542518
51608609
51674654
51740643
51806821
51873070
51939278
52005454
52071555
52137629
52203690
52269983
52336257
52402417
52468598
52534864
52601087
52667293
52733435
52799509
52865679
52931940
52998185
53064436
53130634
53196813
53262917
53329224
53395478
53461688
53527820
53594044
53660256
53726274
53792448
53858561
53924858
53991172
54057122
54123351
54189434
54255595
54321793
54387843
54453954
54520130
54586285
54652305
54718371
54784487
54850671
54916747
54983002
55049330
55115558
55181707
55247963
55314152
55380349
55446497
55512763
55578815
55645050
55711193
55777303
55843371
55909601
55975630
56041784
56107983
56174212
56240447
56306617
56372790
56438952
56505286
56571455
56637819
56704104
56770401
56836559
56902672
56968860
57035209
57101394
57167478
57233711
57300010
57366285
57432444
57498553
57564755
57630883
57697142
57763351
57829450
57895747
57961832
58028103
58094360
58160690
58226914
58293200
58359411
58425529
58491688
58557797
58624103
58690314
58756375
58822474
58888572
58954853
59021143
59087363
59153609
59219866
59286066
59352187
59418327
59484538
59550694
59616882
59682962
59749027
59815195
59881469
59947724
60013970
60080006
60146273
60212227
60278416
60344698
60410847
60476901
60543036
60609091
60675332
60741489
60807634
60873628
60939693
61005904
61072076
61138152
61204481
61270524
61336806
61402907
61469132
61535355
61601544
61667758
61734082
61800266
61866468
61932593
61998615
62064694
62130851
62196989
62263012
62329061
62395272
62461395
62527601
62593800
62660020
62726189
62792425
62858544
62924655
62990790
63056914
63123116
63189323
63255481
63321706
63387867
63454030
63520325
63586562
63652696
63718801
63784851
63850956
63916987
63983082
64049320
64115441
64181645
64247808
64314038
64380216
64446279
64512321
64578491
64644624
64710777
64776985
64843199
64909255
64975546
65041776
65107959
65173990
65240230
65306334
65372527
65438763
65504919
65571263
65637459
65703724
65769844
65836089
65902453
65968674
66034774
66100934
66167191
66233312
66299354
66365509
66431571
66497617
66563621
66629725
66695818
66762025
66828009
66894299
66960493
67026624
67092832
67159036
67225096
67291236
67357414
67423636
67489813
67556028
67622287
67688484
67754548
67820742
67886997
67953143
68019268
68085428
68151615
68217857
68283957
68350306
68416342
68482525
68548675
68614735
68680859
68747009
68813335
68879495
68945634
69011828
69078040
69144155
69210404
69276638
69342884
69409049
69475221
69541472
69607698
69673888
69740225
69806331
69872487
69938613
70004857
70071029
70137140
70203199
70269376
70335460
70401660
70467945
70534168
70600391
70666617
70732774
70798864
70864990
70931052
70997243
71063176
71129401
71195400
71261422
71327533
71393775
71459932
71526130
71592245
71658353
71724353
71790540
71856874
71923062
71989247
72055446
72121582
72187907
72254036
72320183
72386259
72452402
72518545
72584704
72650757
72716954
72783111
72849166
72915231
72981399
73047437
73113570
73179780
73246054
73312273
73378474
73444598
73510602
73576684
73642714
73708742
73774731
73840852
73906949
73973139
74039428
74105581
74171723
74237804
74303969
74370191
74436332
74502621
74568790
74635058
74701217
74767464
74833638
74899775
74965907
75032253
75098496
75164672
75230802
75297183
75363448
75429529
75495685
75561874
75628007
75694279
75760361
75826393
75892450
75958440
76024615
76090808
76157086
76223232
76289417
76355628
76421662
76487686
76553845
76619946
76686000
76752130
76818192
76884476
76950521
77016665
77082884
77149041
77215151
77281446
77347765
77413917
77480131
77546348
77612517
77678699
77744925
77811105
77877183
77943361
78009540
78075774
78141791
78207952
78274098
78340137
78406322
78472457
78538581
78604678
78670785
78736914
78803186
78869285
78935390
79001452
79067547
79133671
79199820
79265968
79332058
79398320
79464555
79530663
79596829
79662923
79728865
79794873
79861003
79927319
79993522
80059649
80125886
80192027
80258208
80324311
80390494
80456709
80522888
80588972
80655007
80721150
80787407
80853375
80919558
80985756
81051847
81118046
81184124
81250139
81316258
81382531
81448609
81514743
81581083
81647341
81713456
81779649
81845875
81912044
81978312
82044432
82110491
82176493
82242676
82308818
82375034
82441070
82507201
82573308
82639525
82705594
82771742
82837943
82904133
82970277
83036413
83102556
83168700
83234774
83300963
83367265
83433407
83499613
83565865
83631921
83698030
83764185
83830099
83896260
83962488
84028584
84094711
84160712
84226919
84293110
84359293
84425433
84491663
84557892
84623979
84690187
84756499
84822667
84888827
84955051
85021431
85087517
85153779
85219873
85286035
85352108
85418339
85484514
85550674
85616717
85682916
85748995
85815150
85881223
85947515
86013544
86079694
86145917
86212128
86278450
86344647
86410832
86477027
86543203
86609325
86675505
86741675
86807797
86874106
86940351
87006618
87072692
87138962
87205062
87271261
87337555
87403704
87469910
87536221
87602418
87668555
87734686
87800719
87866905
87932856
87999040
88065240
88131383
88197662
88263895
88330032
88396151
88462418
88528432
88594504
88660793
88726856
88793078
88859351
88925442
88991458
89057617
89123828
89190070
89256296
89322578
89388781
89454856
89521088
89587281
89653620
89719833
89786013
89852067
89918268
89984466
90050667
90116894
90182991
90249064
90315079
90381286
90447409
90513574
90579734
90645900
90712088
90778284
90844476
90910572
90976784
91042941
91108975
91175174
91241272
91307433
91373574
91439738
91505820
91571889
91638118
91704376
91770570
91836799
91902844
91969080
92035137
92101256
92167322
92233487
92299704
92365915
92432186
92498422
92564545
92630668
92696870
92763191
92829395
92895590
92961726
93027883
93094137
93160303
93226544
93292717
93358906
93425287
93491370
93557498
93623708
93689867
93755901
93822074
93888343
93954517
94020671
94086878
94152989
94219315
94285665
94351785
94417911
94484123
94550228
94616283
94682446
94748613
94814862
94881070
94947313
95013433
95079580
95145782
95211907
95278043
95344124
95410428
95476531
95542694
95608889
95674971
95741240
95807382
95873531
