1.820767434310857
1.8176902405226416
1.8165542762773481
1.8157191425850332
1.8156870623849373
1.8183756603125665
1.8157306283899788
1.8184800384241298
1.8219644652107818
1.824595539579528
1.8212863910340098
1.8243262957300614
1.8200762634855265
1.818003446695772
1.8161158092292973
1.818014348896897
1.8177183359738156
1.818785966704999
1.8177615873253168
1.8164936574580959
1.8190520221905175
1.814630241223664
1.8183207761849522
1.8146585353116336
1.8157701258149412
1.8163299579002836
1.8126167045659498
1.8188058449594393
1.814732048933715
1.814910527266007
1.8136311720633622
1.8183387545144765
1.8165285633293042
1.813814286641846
1.812531628827446
1.8161802864155785
1.8173958538494892
1.8125756292623283
1.808918996753735
1.8118121804569751
1.8147787501695398
1.8153624292298869
1.8125027716088447
1.8139184406271183
1.816244047596768
1.8135598543611344
1.8162187266719645
1.8169479398181871
1.8130370610234734
1.8140864382610933
1.8193970831592976
1.8207637176041989
1.817051716715941
1.819929964391151
1.8218574374077878
1.8189436084949153
1.8183545914082502
1.8189468121888726
1.8213303807823071
1.8201247770297149
1.8158000254082052
1.812481758874728
1.81240095401322
1.8125521081969471
1.8127384546231013
1.8131923624122224
1.811026244455213
1.8128507240637335
1.8129152490899079
1.818280910978806
1.815757052714453
1.814324706888312
1.815312011511769
1.8151889868618136
1.8167093950047994
1.8176415758765003
1.8159801134904416
1.8204102131946192
1.8176749139772626
1.8163074024751376
1.8150746355601715
1.816494720307085
1.8131436752860768
1.8182028573832123
1.8104352569424247
1.8165047325640917
1.8106882307938201
1.8138437346631602
1.8162411369749836
1.8163995172269813
1.8132217113655014
1.8193557565438803
1.8129496228715822
1.8192152334118519
1.81735807347617
1.8157703018592564
1.8129857807641938
1.8131550307193243
1.8116152501042362
1.8156971369017736
1.8158609374608599
1.8174666869239033
1.8204059091356268
1.8182260410737483
1.8190221353385077
1.8197528844240245
1.818360082110127
1.820882531305232
1.8205003311860442
1.8197442915394904
1.8189201391541354
1.8155654863884565
1.8167124785038924
1.8123321015967513
1.8162883626380433
1.8136072042320692
1.8193383948165223
1.8119572094553287
1.8151661264282033
1.817437685897492
1.8145244784156547
1.8182852657947532
1.8158822729437403
1.8150609529006372
1.8160022592031324
1.8136656406716618
1.8150868563355573
1.8150487293448667
1.8162371274171223
1.8113196721922111
1.8169140421924554
1.8119033337299046
1.8158123806815627
1.81331459944988
1.8158482233224529
1.8158708524943639
1.8163718054549594
1.8177661093774424
1.8123552603798672
1.8167389294741336
1.8162178472719006
1.8150987040824345
1.8161755716670924
1.8164289365336936
1.8169494134581945
1.8174703744441425
1.8183523993220372
1.8176085716501462
1.813165673023819
1.81669086275215
1.819750433031034
1.8198422987228504
1.8174149909457447
1.8144753412147114
1.8170280324616597
1.8141845792242177
1.8167501769870642
1.8185629478229806
1.8198565835070568
1.8158271079776531
1.8149031574262526
1.815654603669108
1.814459336930557
1.816420553222303
1.8166832260809318
1.814626773304648
1.8169528881793848
1.8162097573454659
1.8103791433775482
1.8139161551018588
1.815112783582935
1.8147672391105707
1.8158310522935215
1.8208516544421216
1.8149907129440939
1.8158822931624374
1.8175244259183243
1.8176016036440072
1.8175643257687297
1.8183351399035832
1.8180719374889627
1.8178856429176868
1.8176619941330687
1.8132375394560487
1.8188895850466287
1.8146968622959536
1.8155709567259022
1.8133163904761163
1.8117684979866668
1.810111992248382
1.8115957242354999
1.8105209615510665
1.8140614533117572
1.8120675927476277
1.8086280214209496
1.8108322182501324
1.8089681140510148
1.810728331248717
1.8105095414003558
1.8111646076475045
1.8135559530915637
1.8141953849655605
1.8171161792200268
1.8137451227322752
1.811267441161918
1.8107524626037308
1.8125119279307964
1.8108300376538626
1.814389797658417
1.8167730565034574
1.8144178954642245
1.816334260185093
1.8197293034263984
1.8230973410397127
1.818004818099296
1.8184033319473394
1.8168830055623788
1.8172156801253574
1.8169538823559725
1.8173845031818587
1.8150067433071442
1.816143498951095
1.8188439388702053
1.8162832061343832
1.8171880052448635
1.8174591852356703
1.8150844586664814
1.8136074456333036
1.816773855514307
1.814220212524176
1.8173077587710678
1.8111300529567345
1.8131448871655593
1.8157231299766476
1.8134496688883939
1.813893245487776
1.8157722863115855
1.8169038184939998
1.8172208927127418
1.8166038219444145
1.8170617100093713
1.8150134039466561
1.8160992155877271
1.8142506658381983
1.8157676991150251
1.8158638307581403
1.8165474682030247
1.8151731435923684
1.8151363647552352
1.8181130557800724
1.8166436075753833
1.8160968286895218
1.811292504036647
1.815443732226014
1.8170734206483952
1.8115820335499908
1.812480549782759
1.8165701104031626
1.8170915920911832
1.818902576736882
1.8111642324100345
1.8105073911146645
1.813498272200854
1.816650122174569
1.8146594569295909
1.8143142717411906
1.8152609933478288
1.8152446543999528
1.816891133708098
1.8182345937798223
1.8178442878439878
1.8161239678801129
1.8178720464004623
1.8146338389925778
1.8166205331434577
1.8112332268866635
1.8139734822192142
1.8140125519656274
1.8158857239100874
1.814928863423408
1.8153947481792945
1.8143578998496444
1.8160764463259351
1.81375482288966
1.8176244788339653
1.814855623261309
1.8158495636496335
1.8181296648893361
1.8170684884500639
1.8169040954407152
1.8184670999385815
1.8191597221453373
1.814933500213083
1.816051735951282
1.8163524806094211
1.8172466296555112
1.8191734480625406
1.816517867827499
1.816558953305917
1.8153942073707392
1.8144664402950788
1.8179129352700945
1.8174273740735478
1.819554305462485
1.8165024363850137
1.8170801169174409
1.8159268728412676
1.8156775171392499
1.8135149059248115
1.817817950447652
1.8157898903254912
1.8151539615895167
1.817184095251487
1.8158506378377621
1.8143602471561047
1.8175019513709414
1.8162677397007936
1.815558381955907
1.8180114044285265
1.8166202514290561
1.8109688181123753
1.811420039076477
1.8130025216707124
1.8097072574029853
1.8066869766981948
1.8100562899992485
1.8120308408763508
1.8140425495452033
1.8154743253140098
1.8142680525895085
1.8169931769019088
1.8104800195687036
1.8118443137102613
1.8151875640046444
1.8152223672769552
1.8150584722115908
1.8150243718281662
1.8162248803406476
1.8156416363603456
1.816219159551776
1.8186515233286735
1.8185628498456532
1.8183926056332083
1.8179501476918865
1.8150898105223585
1.8161727187219376
1.8143127041614064
1.8178318160281226
1.811001298892009
1.8109659995449436
1.8113279561581803
1.8103092409890644
1.8102643109283396
1.809357501590959
1.813757573424059
1.8148126259736865
1.8157584863342235
1.813875100045955
1.8159945320399389
1.814297785259395
1.8166511724807086
1.8148163077793928
1.8166258606278007
1.813143920688838
1.8192499738708316
1.8176369668479002
1.8144952210952416
1.8147928732743144
1.8142529729964696
1.8150780751694997
1.8165773204893854
1.8186966971609733
1.818357443433504
1.8138480366361183
1.813716404875013
1.8150552871438776
1.811695284534649
1.8166775369296335
1.8111991818383286
1.814397230388988
1.8143674480970433
1.813849861896562
1.8166137278229346
1.8131410561135215
1.8165891828179404
1.814433928118898
1.8176432739101767
1.8134314050325588
1.8174990052572062
1.8118328098406387
1.8129056074224783
1.8169350898443735
1.8133015013464446
1.8180653096575978
1.8167457710273904
1.8169717833084165
1.8185743751576924
1.8203256543586424
1.81868115003634
1.82051742400842
1.8181869123666314
1.821835132715339
1.8198227069664998
1.821463509005758
1.8171191260619994
1.817670310632114
1.815523782855087
1.8144005514356203
1.8153917217884321
1.8200041327774243
1.8160619651438492
1.816714365948219
1.8195158663325361
1.8190489148333024
1.819003388084012
1.8146295960318437
1.8126643355426142
1.8178156444031162
1.8142834947817392
1.8176832006122976
1.8149467960945622
1.815492273370503
1.8133311665051421
1.8150343938090598
1.8123418481177078
1.8136522004616655
1.811879401145848
1.8166634348190334
1.8159466809113518
1.8142514300993486
1.8126902552165332
1.8121585881544418
1.8093212962287923
1.8092795197245903
1.8101510579578766
1.8062958231439012
1.809474373854958
1.8116091826780565
1.810003808392183
1.810081989858165
1.8104443600889613
1.8108172172729178
1.811458719681451
1.810371388130847
1.808532734752828
1.811617948066864
1.8153864378555653
1.813920342422765
1.813764419076486
1.817746847963142
1.8194898614921806
1.8185393833193093
1.8186891253968303
1.8175914170429683
1.8165356258809777
1.813197203461516
1.812081990986004
1.818346232681634
1.8198259829112753
1.813597963792117
1.8124147141761309
1.808755910209183
1.8155956126404553
1.8129554224151354
1.8130229994866478
1.8138732474982842
1.8168137534225313
1.8143872041426927
1.8144504104071828
1.8146572913619323
1.8146264558519274
1.812621950852118
1.8145520713445848
1.8176071986214217
1.8115479601395905
1.816810486496908
1.8164578587051214
1.8164514832701537
1.8164399029964327
1.818007176680871
1.8164827789310931
1.817706727242861
1.8136151695952651
1.8150755853991694
1.8139401502471977
1.811554359426986
1.8118705121743093
1.8083563187170615
1.8083384510982339
1.8086055957505032
1.810669040874981
1.8118660032759946
1.8139325506693351
1.8158847633709818
1.8147968408580084
1.8112176688729713
1.8140998479897394
1.8142530641836245
1.8133414121502576
1.8099690012439689
1.8076537917903326
1.8110564745662878
1.8129500031867058
1.810705385136022
1.814329043076932
1.8132844816939002
1.8152988851894623
1.8117139048597815
1.8096333023534612
1.8115758158060185
1.8123121746084387
1.815463760654271
1.815997806093796
1.8201357174310104
1.8213462632984763
1.820706523003967
1.8152101793346502
1.8216248801237724
1.82036915506465
1.817892146225618
1.8150632155021134
1.816203979685147
1.8149109710764983
1.8148881828652321
1.81471712112393
1.8136718901263118
1.8139976020055482
1.8120145752002363
1.8134908913692567
1.813426973357866
1.8115732577353003
1.8109238523805635
1.8075534383052134
1.8102488260256324
1.8103784385343493
1.8130442695784539
1.8150347719910251
1.8150470373507321
1.8173479276735764
1.815474167261859
1.8174571079161554
1.819304952379068
1.8205015294217213
1.8166716840464048
1.815580269986298
1.8190627357385094
1.817830918811202
1.813906792129339
1.8165004233269426
1.8126735735488246
1.814242956501607
1.8131538767667044
1.8122347554874558
1.8147160440042567
1.8152621859845055
1.8132032170531975
1.8161958465391788
1.8143279810520772
1.8174484297550373
1.8089271948918761
1.8127417983981708
1.8126836990267303
1.8146373413727286
1.8139655287243477
1.815172239572723
1.8098863543394526
1.8159058946046658
1.8140443314851598
1.8161391123150574
1.817643386838295
1.8144143259748862
1.813556414067945
1.8169643541701745
1.8189462232381413
1.8178514565699562
1.8193078336697817
1.8218866517875614
1.8178395978492565
1.816313037425072
1.8155881993727365
1.817839098728205
1.8131825085301039
1.8141595539532616
1.8132476628290974
1.8145412416257904
1.8149471916195008
1.815384551439248
1.8190929027519136
1.8193782552764788
1.8155519664602267
1.8147181711029217
1.8120625405815578
1.812791409606933
1.811375354606642
1.8141374642815533
1.8146932683789663
1.8120730275430421
1.8080301404935324
1.8107011295832511
1.8120706102058755
1.81164366367388
1.8154152918288302
1.8154907367023487
1.812447038749864
1.8144683388667908
1.8186295683185434
1.8166003547909442
1.818500127578071
1.8177866135891612
1.8155496511252074
1.8158473253408347
1.8165499144927533
1.814404635499693
1.8160782567032463
1.8153087900078502
1.813681283507985
1.8182092768239118
1.8147437859767312
1.8161323602442394
1.8177599986407458
1.813953706653617
1.8156117730219317
1.8160293467447182
1.8121194334268618
1.81580516278262
1.8143923059684717
1.8179470253895893
1.82051885505578
1.821600946474572
1.820690065111201
1.819050045284039
1.8222422603482005
1.8203326262931754
1.8203136260836663
1.8218721551940456
1.823069672362699
1.8206165816687725
1.8177339940967436
1.8211939502277115
1.823316213066165
1.8241448598609202
1.822069555606211
1.8224776717573887
1.8234654590111388
1.821516649665672
1.8202024327832904
1.8235935339713039
1.8206686657625057
1.8186921329396148
1.8240825895325505
1.8208301173599095
1.8224970857910894
1.8193705327091145
1.8200445779940535
1.8217716643203803
1.8181240261103109
1.822798957733906
1.8211825067889331
1.8196482822996192
1.8186281529580648
1.8220691516491752
1.8197203316211334
1.8210395043063985
1.8200876201238188
1.8196423892727898
1.8193678019870372
1.8177264378287659
1.8183168449166
1.814779527042798
1.815167911358901
1.8173863111351052
1.8142743251459388
1.8156235694977272
1.8097178116063433
1.8126621604678077
1.8127728219709653
1.8163043020345975
1.8116736640707582
1.8163374657707299
1.8141086411832854
1.8133887627986653
1.816156150662679
1.8184340929841651
1.8151121784023299
1.8192159961955792
1.8187961588857806
1.8176653761967043
1.8180407404383134
1.8176821319284953
1.8185786568808517
1.8142736640523784
1.8166714465957021
1.8196900269258416
1.8189676756730293
1.819947751735741
1.8193941660862218
1.8197548119823426
1.818973590112437
1.8167100728718188
1.8162275786321875
1.8109012746844
1.8131063687757236
1.8162182287723407
1.8157249285381876
1.8181154764459238
1.8157081467316203
1.8169930148448288
1.8152923515889303
1.81231519810913
1.8129750511929785
1.8163524404694915
1.8165146281624878
1.8174305824899482
1.8196683257674597
1.8129053242454258
1.8129854851082903
1.8144868648293127
1.8143203415631644
1.817554386174835
1.8167058146836939
1.816904682390895
1.8156926682154544
1.8169540960482844
1.816184532453618
1.814681505307299
1.8135046851528147
1.8164847979649048
1.8156206156070311
1.8149863663410586
1.8159672039614843
1.8179215909608293
1.818509243941171
1.8153353209529808
1.8128552847233608
1.8150511186507337
1.8200431033148794
1.8163297519184778
1.820809263192328
1.8204037602027192
1.8187028487029053
1.818746858009424
1.8169389266836458
1.818354064223142
1.815173471483924
1.8169241681126438
1.81675529285762
1.8116828280687276
1.8161210408081088
1.818205711522826
1.8164150776147805
1.816813683822232
1.8179048258409605
1.8175125382429345
1.8183733524597123
1.8187547819257281
1.8221890636059308
1.8153921310868086
1.8155286959239338
1.8145670126490325
1.8152859260183976
1.8154582859336026
1.8133135697286074
1.8120667731760416
1.8143129483451161
1.8193542788219679
1.8176634329056316
1.8172581865787445
1.816261238305997
1.8171980998628892
1.8139690780952513
1.8187559042054144
1.8157576688161745
1.817528702456187
1.8185100687248708
1.8164877266853785
1.8163217114831478
1.81453372292006
1.812576271935898
1.8152238382099597
1.8127249437274349
1.8140924412798922
1.8119352191011862
1.8141814943342904
1.8161500623448668
1.8205146891065789
1.8187715751146734
1.8177094659889756
1.8174794417492197
1.8187522481058034
1.8183744172063827
1.8180766769868852
1.8135967366063748
1.8153212185189482
1.8146067300333306
1.8123072830257736
1.8124668958221517
1.814305675170586
1.816179574429952
1.8160936259772904
1.8133053638019554
1.8188730622378484
1.8142455861453208
1.812643183483065
1.81347870124999
1.818337578871001
1.815867502771125
1.8139664671545686
1.8172279168603813
1.8161695597975678
1.8161152606270474
1.8146923590585478
1.8131355696453582
1.8146844807339506
1.812020185157357
1.8133544147214284
1.8136609828600485
1.814934004553318
1.8169384965994566
1.8123960374243462
1.810460979822334
1.8145769536694583
1.8144030819467611
1.8145763202780216
1.811364690250211
1.8130850454030996
1.81169516163373
1.814313916279224
1.8096684432786865
1.8102239259530357
1.812117699527566
1.8099878244352228
1.8128314729884634
1.8154033206244264
1.8167446431196888
1.8186820219538364
1.8155146726524554
1.8176174412803703
1.8191201851964873
1.8202845324270074
1.8183709640339423
1.8135430965831154
1.8182069762809667
1.8162619453456639
1.8187857202229467
1.8176151238016487
1.8111340517816499
1.813845454175546
1.8151336964925642
1.8145619300922076
1.8127863707680847
1.813958632675366
1.8192739957959694
1.8129587230888495
1.8140462166094662
1.8139610450986074
1.814629804857688
1.8190954611371173
1.8159040374332713
1.8156535127932614
1.8161801221074865
1.8192329010875288
1.815024785621214
1.8143505478359667
1.8185650821223183
1.8142332349587589
1.8114908260319638
1.8140446621596698
1.8114697646586975
1.8118506491574902
1.8116835246075866
1.8168701625958055
1.8180348181104162
1.8182960283158098
1.8212536523316158
1.8162654321649592
1.818435112041904
1.8180870223287497
1.8155991391785837
1.8189627911432393
1.817448108741131
1.8221564666020984
1.822195710596176
1.8180481069616286
1.8204898957135969
1.8179821049945226
1.8167587800123697
1.8168739112627743
1.8140054354457313
1.8149154340339113
1.8163325934641403
1.8144969230648837
1.8136540055483485
1.8191435896663928
1.8188838535468546
1.8170903933527087
1.8144404922170188
1.815032564193133
1.818607939126426
1.8153082945955166
1.8104931524744106
1.8131401952582942
1.8110260235891908
1.8124490579979804
1.8131447326793648
1.8136529513696074
1.811315620296587
1.8144466807635924
1.814219449068696
1.8140412848645924
1.8166019790405947
1.8155826355076368
1.8168771121241667
1.8173123814190277
1.8121565591704254
1.8129959157865478
1.8133771498294358
1.8135042352990922
1.8138679501718329
1.8159096836439441
1.814481108221774
1.8180902216350763
1.814559932422741
1.8179608203965456
1.817903925821929
1.816154611003274
1.8178235955450592
1.8162989177644762
1.813654887648673
1.8119744800186217
1.8180049533342304
1.8143186463298606
1.8116124740827764
1.8137332918038522
1.8153840333887894
1.8108859010722487
1.8130232351578246
1.8165730062216778
1.8180158264955368
1.8148966639676316
1.817866305423073
1.814549663609957
1.8181637060981588
1.81805305091541
1.814839409162666
1.8194343440521923
1.8168412027522984
1.8209539039534368
1.8191630839723771
1.8198898498603309
1.8196345948910477
1.8163812742076226
1.8187676971570732
1.8167975646178247
1.8146309322874878
1.8150221285888548
1.8157231080273324
1.8152960549091794
1.817883787982428
1.8174835641436513
1.8168646282559804
1.8133797847038187
1.8152504929007232
1.814753133669891
1.8126199833177354
1.8068096641169755
1.8150808637380946
1.815098338494778
1.8183683036055696
1.811996607032797
1.8134826294369275
1.8143825698209493
1.8164959602263546
1.8177760370254021
1.8208745426652386
1.8197198567520867
1.819017458336204
1.8163510589665273
1.8157579058629052
1.8171566415105351
1.8191630270915073
1.815025144158911
1.8175535991788117
1.8176119734723892
1.818457339187945
1.8210250464175992
1.8194310526686968
1.8189996723766595
1.818012431310263
1.8119851413918142
1.8113169341807545
1.81490480052716
1.8116337517277499
1.8122590055438361
1.815350765858152
1.816947954889748
1.8143514738696778
1.8131871376301436
1.8099421643523013
1.8118680501007352
1.8091698873298185
1.8124646777288709
1.8102755929079852
1.8085271297467034
1.8115258005859265
1.8139344705452496
1.812567104189064
1.8117705286581556
1.8119924244234213
1.8140670816118194
1.8143445379038456
1.8155724128819601
1.8150168423894883
1.8127259073508193
1.8152086828786567
1.8130760467292697
1.8130798039958576
1.8126455130783423
1.8104960407942015
1.813245701814286
1.8139927597783791
1.8141788046316014
1.8137685807960005
1.8150901856890536
1.8147536701145215
1.814406304715953
1.813272820241374
1.8124847046177148
1.8136797162656553
1.8186674864902104
1.8169799172440133
1.815117576755404
1.8122296246151657
1.8142976705968747
1.8170771212870935
1.814525030601254
1.8079826180770597
1.8186801705954467
1.8221331341648825
1.8174316062187006
1.8170482021227314
1.8172965395726288
1.8181599320958033
1.8172964599857784
1.8175659579490513
1.815201452206319
1.8182701864422701
1.8177675246740417
1.8158187773119507
1.814586292413674
1.8189984878432102
1.8154712762646903
1.8138962484981622
1.8155512082292122
1.814255567632854
1.8176542839324425
1.8201725950278276
1.8179787711509037
1.8209889528977898
1.82061251303019
1.8178940685152267
1.817327473330403
1.8165713288283194
1.8170229302245697
1.8213310498029553
1.817317861781568
1.8165151760262446
1.8204671624279873
1.8171675352439243
1.817352229304162
1.8183698712779806
1.820441014330991
1.8145432863620643
1.816720875550789
1.8162868473546234
1.8163707198345684
1.81424936865459
1.81626025566873
1.8161521070682467
1.8172105187775387
1.8144125505468829
1.8172459727688284
1.8150062557431723
1.8142626940480593
1.8171651006536331
1.8161428176458447
1.820547903254825
1.8181181523909344
1.815790046083698
1.816403263837431
1.8182313993199397
1.8175787310070215
1.8212024547784973
1.8172588027037984
1.8216673094922018
1.82218885521449
1.8202850502735264
1.822125042666865
1.8201756672924452
1.8183976497018086
1.8190347731870529
1.821602715886843
1.821663307088644
1.8203623789688408
1.820458636649731
1.8226392582290232
1.8226685052910243
1.8179969505749005
1.8202617912478465
1.8152199094055415
1.81618504446406
1.810737845866672
1.8127999822816294
1.8129429060582285
1.8161860354330792
1.81446239443717
1.815032102947138
1.818036222054228
1.8169912317550185
1.8179133422823757
1.813872262002153
1.814723902029922
1.813495499322223
1.816901211003552
1.8117935041106166
1.8144095795516113
1.814160090815151
1.8136235293185279
1.8151500278662624
1.8141985629468471
1.8164420518056563
1.8150442362320949
1.8149191101105575
1.8160428151991512
1.8146309279915016
1.814329915130429
1.814204730178441
1.8164734635542317
1.8158511579340209
1.818386430469154
1.8161584972870868
1.8156715653155255
1.8153249665388287
1.8125594520786448
1.8162027257524547
1.818015954286035
1.8224753830731746
1.8216237874169967
1.8173207115563792
1.8166763210422905
1.8198198540782577
1.8211402706230717
1.8186776502395188
1.8180879671235441
1.8155562942216599
1.8188012851879045
1.8134356830261027
1.8164789637516139
1.8169948651048375
1.8181549941184578
1.8195111227718987
1.8241464561930831
1.8218803701288109
1.821726815174522
1.8238490194747834
1.816878565902238
1.8213768871048626
1.8203861141755957
1.8195889252629
1.8177009417477596
1.819260682348768
1.8202000579070392
1.8197605169504334
1.8202900843900172
1.818524391605064
1.8172450048598692
1.8150694724083172
1.8142395839548169
1.8145641983372727
1.8161723540323222
1.8168507073048794
1.8163992523462549
1.8159805612424993
1.814391064482887
1.812464517056078
1.8141833609908917
1.8169406112781323
1.8204111755696033
1.817483237965768
1.8210405901980464
1.820879028880083
1.8191090422491822
1.8194109596761823
1.818784326364262
1.8168879359401062
1.817863493990277
1.8176786677868417
1.817008906983236
1.816146398898188
1.8165851691185555
1.8183118876478752
1.816795307266672
1.8160572775740407
1.8127141552304769
1.8178320712516602
1.8188904275457356
1.816433809359714
1.8133187216563358
1.8149226002347922
1.816262676818706
1.8158147465275831
1.8187703927454466
1.8169815580080646
1.8146725596184536
1.8164982964963763
1.8155234497880128
1.8142075510264917
1.8139354758883108
1.813871837253873
1.8123034036124737
1.8130978098481991
1.813262890121324
1.8140100513958508
1.8153273818135578
1.8120696062928179
1.814555330160268
1.8182710084069291
1.812136652425039
1.8145302608073028
1.8134514860475495
1.816574123870857
1.8206128422704588
1.8232785973850723
1.8221338048159166
1.8244663682258693
1.8210978549544192
1.817758032400363
1.8227476547041768
1.8192633546243633
1.8172342425638939
1.8145714363813572
1.8164636481842606
1.816526108964214
1.8171985180283081
1.8176962637706109
1.8199061502298666
1.814340614006729
1.816461147372182
1.8182979054326092
1.816628690418788
1.817645207911685
1.8216413068315154
1.8211444572297812
1.8198884103763515
1.8212338467653695
1.8212235291024914
1.820880084734856
1.8188265435127724
1.821468547610254
1.8201293113837569
1.820729561433315
1.817431204843933
1.8174540622507693
1.8174089380945508
1.8140631094079216
1.8169751187704473
1.815272754187375
1.814663972245751
1.815315657060383
1.8179317763204983
1.8175188629503092
1.8148490496853067
1.8152844363175724
1.8171289246611146
1.8210554604618088
1.818490204552863
1.8152773432441385
1.8170745997694906
1.8173816959506426
1.8140326447822512
1.8162050527538858
1.8135300358341007
1.8152087156887382
1.8138581669201126
1.8142255133746605
1.8171588773483163
1.8105459390602907
1.8092579353694944
1.8166206143738193
1.8115960259907722
1.8133739831394637
1.811880412109368
1.811971955609995
1.8112723972282736
1.8117782276569614
1.8133438973248828
1.811032817758747
1.814915451849837
1.8163008347482132
1.8174081691600918
1.8152219632265858
1.8157165961108406
1.8214332043387744
1.8135400187916844
1.8169479199627054
1.8165141562007263
1.821731360655091
1.8193597002452386
1.8220845202348381
1.8178071268553024
1.8169546934466374
1.8167257007700717
1.8176560386870708
1.8173917598661002
1.8164649540345563
1.8130607799985323
1.8167525742128987
1.8177059051137472
1.81677104045053
1.8193770114815875
1.8180713283531043
1.8167755499674745
1.8169336876354798
1.818962700219989
1.8155696578894047
1.8147862157573518
1.8147595577279259
1.8177641152149668
1.8183815899303437
1.8178883356222202
1.8146735197706905
1.81548275396842
1.8116298335083854
1.8143994124510021
1.8160234072494301
1.8162069176838624
1.8172833280737224
1.8150022380462532
1.811514743672571
1.8154449431433677
1.8152012319948299
1.8191476724649132
1.8141291336785244
1.816000960980556
1.816511677568916
1.8204492155415073
1.817009223810825
1.8181534648630449
1.817585797561701
1.8175694327840133
1.8179669480310472
1.817970287602071
1.813628686514787
1.813667246923658
1.8152501063057676
1.8138337812939502
1.8138353084702779
1.8128507765348307
1.8125321518291329
1.8142050348878622
1.816790204425714
1.8145636538488448
1.8147991940444357
1.811014434152867
1.8160142170699407
1.8105232981572577
1.8131450983312771
1.8131131809842203
1.812694148903406
1.8124859283539378
1.8183073440432698
1.8156337847465363
1.815218066122704
1.8178148891377388
1.817465351393962
1.8165105416357017
1.818183198293991
1.820204901032736
1.8199380228789794
1.8199831293493112
1.8219748724299
1.8155351754511255
1.8154549339827386
1.8148270520869234
1.8177719966158405
1.8178498790068407
1.8195558536671474
1.817755519849644
1.8168750906232625
1.8165723905349425
1.8161455045348665
1.8195424263421962
1.8152662125931185
1.812797174059771
1.8136449994289616
1.8176685562524981
1.8168463731427158
1.8169960183570668
1.8155215243738843
1.815955198994697
1.8153267326099587
1.815824403113466
1.8143583544613207
1.8138354090948539
1.813676620591023
1.8106463129830843
1.8117153433366657
1.813036189238145
1.810438875830622
1.8120690516384776
1.8103976251185208
1.807517839616289
1.80852092562942
1.806298082563714
1.808924817534548
1.8122114987675468
1.81348305345493
1.8139418058469032
1.8161479605102264
1.8198881079665519
1.8182245120791813
1.8202282244517254
1.820319792544509
1.8167129286834518
1.8202794627403203
1.8189991344258034
1.8145550506830461
1.8176078375315905
1.8179410455634222
1.8181073177475577
1.8183943092897181
1.8171625752608702
1.815080180312603
1.814135854398792
1.8146095925004548
1.8150437133387025
1.8101696165655836
1.8124126270366898
1.8137065632715368
1.817475105897482
1.814860978398638
1.8110812691183606
1.8124839110848288
1.8187190109235691
1.8149734162590034
1.8138673594214016
1.8138865188026254
1.8125065564196952
1.813780255843891
1.8178095680903956
1.8169284222232442
1.820374478650248
1.8168152807984073
1.8187748490053175
1.817020808759974
1.812810627796154
1.8118690553931274
1.8101039655253688
1.8103860615133418
1.8115623661165774
1.8138407232273068
1.8138317276046245
1.817539164511461
1.8146442669141651
1.8186182932312542
1.816143617011163
1.8163838979273685
1.8157512772354276
1.8145743664883935
1.8162706978561065
1.8127887877876026
1.8161132997461578
1.8157836863077872
1.816902158255316
1.8180126150660294
1.8136939534520504
1.817523748040438
1.8162150382668472
1.8178834637349095
1.818112984608622
1.8197965816441977
1.8192151217744832
1.8171689382759992
1.8187102195188127
1.8203553856011334
1.82180268453642
1.8194221767897394
1.8201456564132972
1.8188884383086403
1.8172242554846698
1.818886188465188
1.8212395954565315
1.8182698964697328
1.813035353613677
1.8155711459821666
1.8190189919936524
1.8174278011228668
1.8168468763173287
1.8164154114149773
1.817187180244373
1.816583501821768
1.8130185623524524
1.8121594570701653
1.813147730875365
1.8147854851640504
1.817083036707079
1.815192995112504
1.816296261493727
1.8167856087727143
1.8163458200469376
1.8175641269737943
1.8146798240997573
1.8170262955031051
1.812996621967218
1.8175995450493982
1.8191192241987915
1.8217476222290827
1.8202903203363419
1.8199007394797826
1.8185777199192954
1.816724682679303
1.818525572171715
1.8155176493343521
1.8126208569358737
1.8143939146309842
1.8129920658774323
1.814802818006483
1.8113147809600547
1.8117747988335615
1.8114209499361098
1.814360628329667
1.8145613008913823
1.8210022436935431
1.8204775764558734
1.817595735040643
1.8173886376489967
1.8196822840711924
1.8179475425415728
1.8157664201793768
1.8162231321373856
1.8161877238152395
1.8161112855183557
1.8141841798774856
1.8156206865375109
1.8141322507567963
1.8106084609601985
1.813139743848257
1.8152342396380685
1.8173052045277802
1.81594825438666
1.8173001300065628
1.8132497911325558
1.8130824125911869
1.8200175946705177
1.8166204726411568
1.8162055648463797
1.819351141508915
1.8140582339841362
1.816189905762915
1.8202467952701606
1.8149383838830682
1.8144567482317515
1.8167794414103453
1.817785987234288
1.8182161949296154
1.8153036923017027
1.8144592077340274
1.819345747828155
1.818456944662954
1.8199362871903448
1.8215333375117595
1.8162340832991228
1.8148369436234666
1.8162911673166064
1.817720272479755
1.816404423341469
1.813194698057951
1.8131443618684195
1.8176573749572853
1.816160965761565
1.8157111119776501
1.8203914693740235
1.8162644807115216
1.8201776266078324
1.816741283710032
1.8144536360734191
1.8153354277525224
1.8152126834888576
1.813849536495599
1.8144662916864038
1.8164676104958521
1.8129617895177237
1.817244642880528
1.8183215453161663
1.8149678529295434
1.8175501236772829
1.8173987230846638
1.8190839802419005
1.8202119125807785
1.8174490271277208
1.8145423327093004
