0.27523973427175596
0.28349733347838485
0.28776504542546705
0.2842119971067028
0.29333411537898585
0.28763815718530406
0.28467295792130737
0.2842416267124798
0.2886794250724788
0.28520699825579077
0.2831588487895219
0.2797408768821186
0.2784449977457842
0.27983655538573116
0.2766401785524729
0.28108467161237616
0.2830303880270806
0.2749493466239985
0.2791674025274722
0.2857841413602672
0.28309355826154536
0.27595203799278295
0.2864494219954783
0.2863478349581381
0.29391657478930083
0.28903369169912013
0.2903830286710452
0.2894271450774783
0.2879591999617403
0.28799028463167764
0.27595077240762644
0.27864935138516644
0.2782893282108436
0.2804482448449761
0.2889516593067872
0.278165058410222
0.2797497064188653
0.28170909307363623
0.2869956560932918
0.28014995314405966
0.2789736455347955
0.29077076287910897
0.28007552924187007
0.2803525807334823
0.2841859188501785
0.28499763264374633
0.28574913938706237
0.2848057782045894
0.27800648123555216
0.28459631663400375
0.28080663703747544
0.29126904081360605
0.28574353108253403
0.2840223464406434
0.2856545748704243
0.28944721701183324
0.29136449258763963
0.28762599850545034
0.28696241981066467
0.2807339834927328
0.287211488570673
0.2797543572091959
0.2933238198868422
0.2905806772071051
0.2875296142371061
0.2929150479520496
0.2884600807918074
0.2923342353321907
0.29336134731813107
0.29256929951208827
0.28367866559065547
0.28236730650078207
0.2794462027837173
0.28342946742760505
0.2851461731375931
0.2902014353960249
0.28783914819603457
0.2850448724851103
0.2893590370456806
0.2891283367954698
0.2935034060675099
0.2801466505161645
0.29166525639181556
0.29160388385960295
0.29058796657728475
0.2832612837299989
0.2872720467707802
0.29164307339988765
0.2798765922126121
0.2821663552636611
0.28126330602563065
0.28644615996187717
0.29443090675759026
0.2799808401385143
0.2888045534974428
0.28248285977825816
0.27994515414319693
0.29053960193496675
0.2853149707791246
0.2884426203518173
0.2904314547411476
0.2899222566153519
0.28711785020705577
0.28554072222717797
0.29058111588889984
0.2855721600219281
0.2930735555016373
0.29020602660680905
0.2886496648715295
0.2903569330781629
0.2871216485275425
0.29061701190488365
0.2907795260473919
0.288791019718886
0.2887896099566756
0.28017921763668086
0.28994349840616224
0.28495570788087077
0.2877364040954031
0.29192370579804894
0.2845240291689707
0.28269475483871903
0.288434944577314
0.28742293150760856
0.2893090674522018
0.2863257420486104
0.28823930285903376
0.2859621350325081
0.287300222283914
0.2881144173818441
0.2895386102235108
0.2823567581614428
0.2851967263547552
0.2849181451050406
0.27806710749390995
0.2833729276369299
0.28642445062487804
0.2882188049442214
0.2784275690437571
0.28741991542595385
0.27921399254433776
0.2897092069314776
0.29040054232024265
0.2901179878274547
0.28062143516637345
0.28552772511147284
0.27948652438276467
0.28532637919767245
0.2830990031099325
0.2872354404459072
0.28830579667381595
0.2826895874825908
0.2904593478399808
0.27838186526219766
0.28437527936403245
0.2851337488806772
0.2895765422364857
0.2872170012726008
0.28421209374057765
0.2824984620040827
0.28903084614555846
0.28859950954496505
0.28697526500862003
0.282461094974165
0.2752357983325673
0.2751141762852482
0.28040323297733916
0.2859255425012205
0.2893830224651344
0.2848505742951661
0.28532233486369457
0.2830218593878214
0.28327304868090164
0.2808302828177136
0.27735404455458745
0.26867531243871323
0.28286028500302957
0.2806520183615021
0.2875177774676365
0.28536404206673943
0.2815396911921201
0.2925145877234353
0.2908036465687104
0.2834727379943891
0.28108826973038215
0.27848603611446304
0.2812566708110652
0.2817987950378046
0.28869212801199934
0.2852900472905602
0.28211491157341295
0.28296095171969404
0.290645285348292
0.28286656484635064
0.2864523249537303
0.28723042419163614
0.28864793484810425
0.2790115292681645
0.2798571325525698
0.2793813895972735
