0.1788919597031803
0.18484793272988814
0.18886338302671885
0.18864465651967785
0.19996480262561797
0.18657946117823626
0.19056202367059458
0.18659200782952612
0.1877731690082981
0.1898562975550995
0.19179154876100893
0.1859203704845899
0.18527792123197928
0.1883426906447681
0.1858322831078243
0.18468734431871292
0.18663628611720573
0.180086387653039
0.1816628576072684
0.18626319080174314
0.1864030819036317
0.18205067246569218
0.18594444202612365
0.18329979949255296
0.197249291221829
0.18334410768426138
0.18809653926649927
0.1883465174346705
0.1933645160475001
0.19060550094143466
0.18248698155612508
0.18364144121192508
0.1876701971706065
0.18453854944218623
0.1863546776866154
0.18148101093711472
0.18561172763348305
0.18900290333868264
0.1816081366648915
0.17743992010624127
0.18635140737586176
0.19423960816729968
0.1859439127474799
0.18884269445121696
0.18816270813633912
0.18690772303192282
0.18675950793459267
0.1849299198522454
0.18794210808766185
0.18787061632987437
0.187744589434244
0.1907015718012411
0.18686732580774265
0.18546629034366674
0.18735341689892876
0.18699349134487264
0.1980456386987588
0.18432174468531548
0.18158727624659524
0.18585739096193654
0.18479701359204886
0.1825492200133909
0.19380061750021327
0.1902383135949232
0.1964539648908352
0.18950007742879388
0.19254008909121345
0.1971380342480859
0.19463610349408722
0.19512659949450925
0.19023605193233475
0.18559618120738536
0.18177954500077503
0.18388996973324445
0.18614652345267535
0.19019104549818183
0.19413668227036268
0.1797216520613194
0.18623083754906783
0.18727420221326885
0.19276107344441495
0.18724776808907012
0.19809544654451328
0.19034933017390937
0.1925810074065315
0.1877046949043394
0.19380398813212518
0.19393259102363108
0.18846334141474852
0.18363594485487367
0.18737423237073755
0.18903701609693344
0.1961627141726659
0.18640778453310852
0.19362759357133114
0.1916553747963975
0.18558544583830333
0.18858853829103792
0.18672314838435822
0.1979292392580887
0.2014400241160742
0.19288671860003492
0.19029346983455872
0.18652059777688473
0.18965833304356813
0.188554109427094
0.190686049551666
0.18741018012531663
0.19202902108551556
0.1955461792756811
0.19187074343773153
0.19151135327858954
0.1934898644963578
0.18812713004556963
0.1899263116455892
0.18503318311508793
0.1891839761049548
0.18773141114137687
0.18154870774485155
0.19090808850954172
0.19251897294953185
0.18742846012461103
0.1986123644864416
0.18924695327528537
0.18971424755061211
0.19505181136028024
0.1917951370770498
0.18794517967856772
0.19237217502127868
0.18967700756189376
0.19126541788038606
0.1914162315240126
0.19184832255541986
0.18760785119912887
0.177970709791484
0.18571986726205403
0.1878654433761371
0.18448871975580777
0.18650485570665262
0.19005243528973836
0.1783954991712502
0.1931227284995632
0.18755811570824088
0.19282801925432358
0.1898937193203678
0.18346761342958656
0.1812074204396003
0.18353670960712565
0.1828046861199478
0.18657988258911992
0.19768199063555061
0.18780470224081341
0.19371969325948896
0.17901488960481773
0.18936932235430026
0.1892894453231555
0.19310374131057442
0.1870190573321417
0.1875308159670668
0.18515872600821345
0.194317844893862
0.1939280662909847
0.19150129045508105
0.19224790324579452
0.1766501239794176
0.17957817599443915
0.18548898582964035
0.1854390615585063
0.18593049995230265
0.17921808267541986
0.18117484527562966
0.1968420981803332
0.19051781528030964
0.18528418286116277
0.1834045827537439
0.18307980758263695
0.18565795174230687
0.18659611738068155
0.193594544504989
0.1895164005937523
0.19135739479586467
0.1930724834760965
0.19224160875566165
0.192077171993216
0.18277213356717764
0.1806993145978955
0.19240757678665404
0.18254802001439327
0.19106287183758494
0.19400824211074946
0.19007598403932657
0.18192172639414203
0.19821282022680753
0.18843825281477544
0.18614835686129944
0.18883966726333742
0.17910758232472368
0.18275962030332088
0.1771414451721353
0.18907775426893564
