0.16646873883117624
0.18407321869807933
0.1931597891489122
0.19274056992943492
0.17493172854137393
0.18515811537834115
0.18015911731669532
0.18590567064463429
0.17549936020021042
0.19695959642456742
0.18811978731661463
0.20400660131808468
0.18762578079212724
0.1850465898247976
0.1843450175044639
0.18331464772037498
0.1830198923037256
0.17522625155488894
0.18797160742238536
0.17404468794033168
0.1774676913043032
0.19292197598925265
0.1868818774613478
0.17985139022269092
0.18824168361503504
0.18912251142413383
0.1803706630531433
0.1921090204132119
0.180137543812158
0.19785653300841347
0.18906067040354688
0.1829150056770816
0.19555017207746792
0.195762984222166
0.18328883923179154
0.18574555545558902
0.18362819575522563
0.16749124531321324
0.19940992649435896
0.17011507703948248
0.1706114385518512
0.18507689057124052
0.17268407621465373
0.17337071211076094
0.1888160763159337
0.18183939123632353
0.18403744522702167
0.17577034472840636
0.18959822882991414
0.17277278269209798
0.17631716765202043
0.1840762453983155
0.17576749500514668
0.19751347177706466
0.1984702372549361
0.18167373632780778
0.18330231400142075
0.1781040328262032
0.18685832455247864
0.16572640724371554
0.1913864761925463
0.1847746727551186
0.18539257195505107
0.18013649733733794
0.19324811466512784
0.16805322366986222
0.18011629857574163
0.1823690419535293
0.18325750776241465
0.18593018329619523
0.19176553608199998
0.1800813790697758
0.184692891720422
0.19005110337828246
0.18215723027692723
0.1818514297764563
0.18916315441108034
0.18193894122147258
0.1821393847486101
0.17958908436391705
0.18742590063101738
0.17106296898309306
0.16940484371316755
0.18155370730888828
0.1777957452263315
0.18696315215421067
0.1808410202786225
0.17597226266014587
0.18030356791410962
0.1830798126967004
0.1791127348447129
0.18526552189058834
0.1959978758387861
0.1869322577159087
0.19245475908441112
0.2083395267536888
0.1926990470831502
0.19158014881268995
0.19805328202042893
0.18699631421495846
0.18507122053765165
0.182649017305708
0.18534886688380237
0.17075433570116294
0.1657615489453142
0.1868584322805438
0.17708345396404687
0.18602134404090012
0.20643050945634114
0.1818255293027408
0.18382577668660385
0.17594507259561357
0.18900641869154988
0.1947084620077778
0.19176913448102317
0.19522479333904252
0.19350659584262855
0.1974465532260621
0.18540439908290465
0.17202898928381005
0.20126764487044024
0.20521512204602024
0.1896397142649491
0.1847822917355485
0.19407646380453372
0.2028672883381729
0.19539877672529918
0.2008525729252488
0.19399407484770517
0.1850463391840984
0.18431714779853403
0.17579182135174687
0.18138871587333447
0.17255134227002886
0.1813683703079676
0.18250430094550285
0.19936267610379602
0.189467663624636
0.18635235496632743
0.1873605729623173
0.192159626023776
0.18146695237289734
0.1791238365245312
0.18483422143383876
0.18769410479210438
0.18884509606979916
0.19615095515289582
0.19115246721618304
0.18523212291328497
0.20673062000653294
0.1943468973714868
0.1828715450304812
0.1953289147538707
0.1981195798971466
0.1864558944015976
0.1798581949550776
0.19345028965840613
0.18643058922387692
0.19435677129530446
0.20274504392326886
0.18032752148009423
0.18734629424374136
0.18519493315266958
0.18508345685145824
0.1811530945824049
0.19683524699999919
0.1833279051092238
0.1911409608412381
0.1820670919006484
0.18977952264744846
0.17797891370846622
0.1853911190889389
0.19833053557815028
0.1776001643102227
0.19212431936799224
0.19122741704814197
0.2012304806900329
0.1988118339839118
0.18571385802405838
0.1990037335329797
0.19546970808606587
0.19402572191607614
0.20161668119361334
0.19180418757944498
0.1836699581173523
0.19319089011876547
0.1977581411984531
0.19664389289848214
0.1902193772156893
0.19149506551298068
0.1767992645743538
0.19690807900474117
0.1869212494429391
0.18788916344091044
0.18287153188450667
0.18222781754442466
0.17783732714904474
0.18953272809671085
0.18033167199281439
0.1739624121231926
0.179742492969978
0.1815567658896664
0.19702219963937298
0.18644834823653364
0.19272199721864983
0.1796044541846948
0.19885659949038173
0.18977280739940058
0.19420091039190804
0.18703594641862842
0.18607582576725656
0.2043149931088988
0.19297210783972532
0.1862531739527983
0.19105932987972898
0.18794728170879216
0.18858787600825863
0.20332394731435924
0.19412248232901577
0.1962459333071863
0.1832924860571665
0.1988839485778885
0.19444357836259585
0.18091118391858393
0.20268403512559632
0.18677865541827698
0.18193410626829573
0.17081340269134138
0.18197582555946065
0.19023692754021493
0.19763537329777556
0.19404176445557186
0.18610748935367968
0.1876402838383431
0.20222606024778614
0.18515341308554933
0.19373777579309961
0.19195130979043892
0.19340446037893114
0.18601162177433336
0.20535548409550639
0.19246416012546033
0.19124278192815605
0.178715308096282
0.19181082094250346
0.18820025787654326
0.19692118029153735
0.17840202280192693
0.19015469892434744
0.20972725598540023
0.19270153750505456
0.18171769821953968
0.19089537173745771
0.18486123241777733
0.18686799236692864
0.1691267951472765
0.1860585311437618
0.1895350460685383
0.18112548108517668
0.18886046464764406
0.18599787201434567
0.18132135203686636
0.19846598249989314
0.1932643727306912
0.17540815018785594
0.20048231087418264
0.18026238689207222
0.19662508832687042
0.1913039059585477
0.18171495308882932
0.18284731637422466
0.17667475035415336
0.18152594118834456
0.18515689638810715
0.18118024538867414
0.17968077370410865
0.18667132878309442
0.2033090144210643
0.2011148096980081
0.1945451437569221
0.20201744550563738
0.18886993219613377
0.1834451618564169
0.19463368928476
0.17839714166615184
0.18396806312910752
0.17203440371946319
0.19161704942038857
0.18744008327364656
0.1870596461291936
0.18954085346607516
0.19685615252057465
0.1930928528490825
0.17383764161996187
0.18660959145039888
0.18834838971147802
0.19337025171843317
0.17438083792194858
0.17836019645617165
0.1861143039503125
0.17851970807676854
0.1789657569741471
0.17287222563386073
0.17164748458482892
0.16989450383882143
0.1933617179768213
0.18914292946063058
0.19604182609473805
0.19639298597887855
0.19985200471948375
0.18336834663849388
0.1943961838602649
0.1718543382440987
0.1869720337362044
0.16642990348345807
0.18625230020982772
0.17928998164393894
0.1881179720500601
0.19142886465414619
0.1841592213585754
0.18367718048204262
0.18970840486748416
0.1858581823725696
0.20103371012774007
0.17235343341166573
0.18633179056137547
0.17730996704196975
0.18171989834539504
0.1783539937823078
0.17976798454293752
0.18242040551165642
0.18657359612846694
0.16835462234719156
0.19222963967375573
0.17873940418314468
0.17625035709777911
0.16390149882760113
0.18336421781233844
0.17620174417238224
0.18426205794894177
0.1731121932556584
0.18038368746160893
0.18433696952414683
0.19662268291676466
0.18179187856769374
0.2069640896127148
0.18691189980940848
0.20175095850890923
0.19579186398516402
0.1899782403200243
0.18820696250941735
0.18467331606642257
0.18160530464102478
0.1728105860288651
0.19929183939680964
0.19587428422267086
0.1761820210914036
0.18466907177728897
0.19337201473126317
0.1860723998602634
0.18972217242080672
0.18916132401832478
0.19817732766132348
0.17655526235757357
0.2002717168802993
0.20040617137284952
0.17965192194356916
0.17865974554937833
0.19277476304597188
0.16467930231024436
0.1985502148078269
0.20816721132350116
0.18470043994535953
0.18181776919875625
0.1920133060870868
0.17935531388356296
0.19077937452274044
0.1856869655155464
0.18373512303420922
0.17347478583557085
0.19367381889326898
0.19473559043289343
0.20531705159581762
0.20261598834645975
0.18630971917734562
0.1874515374396146
0.17584067464602307
0.18521512916266167
0.1826227789409771
0.18494399702164713
0.18663328313897384
0.1928498951039683
0.18664756778901134
0.18884083161094897
0.18905358376359738
0.1893170230899478
0.17814853029778133
0.17963882193737732
0.17568457710851515
0.1897448384490876
0.182540234510724
0.17619604141151113
0.17195428046835085
0.16944730392970375
0.17885209982242697
0.20297950163870657
0.19515153703536622
0.1877505623827311
0.17820163252667776
0.1865283146783462
0.20312466692085163
0.18470010824839814
0.18658676191463883
0.19471578884413165
0.18107338726183578
0.18697981398238037
0.17080341504640761
0.18201483886177175
0.1832732443136528
0.1821903051302155
0.19270394740637217
0.18711721553330532
0.17429817840495318
0.19093943962378837
0.18612978372589872
0.1858142373414666
0.19242933906614748
0.18754212436947051
0.17817267502654263
0.17767967636512672
0.19198848583027794
0.1901696793131893
0.19303631308792427
0.19580954496671807
0.1994733619185218
0.18090667525936632
0.17217774560080754
0.18618759390824768
0.1882114325194043
0.1808379179153812
0.18674721096394473
0.19108148003619088
0.19203141343247684
0.1842642160867284
0.18018148465989683
0.17742722329714666
0.1782305035758556
0.1868170675800174
0.19286216869851927
0.19791451188176026
0.17992487347587646
0.19640381391802833
0.19960031221527694
0.1991647865640647
0.1969181368718955
0.17888314835985272
0.19654511440095732
0.19110875196114271
0.1936064752908716
0.1818442782026337
0.191166986430539
0.1732389493294204
0.18525385436311506
0.18321207757642075
0.17809193272839652
0.19857530218559427
0.1896844915643564
0.19399851600566795
0.19296714486375055
0.19994417904270645
0.18785383246862655
0.18362188703642202
0.16879229076152924
0.18215652005258967
0.1883821897842822
0.201585509051176
0.19301456682342313
0.1919085703330281
0.18643400106314825
0.18568475459899947
0.1922983606901232
0.20490620340405397
0.17245866824640957
0.19351461389717836
0.1781709566688138
0.19225911451657238
0.19360189160148802
0.2042638545088812
0.19281120871899946
0.20276336528034303
0.17670546219631603
0.19870627754914302
0.1696848415560438
0.18546374314379707
0.19125702733708486
0.19084028519676854
0.16216047532240765
0.18160454312683882
0.19172153649929483
0.18971765508941107
0.1814187858459597
0.18921734636891466
0.1784344995174969
0.18308258004838893
0.17370059746689684
0.18895374052176098
0.21659605176375593
0.19606003202592762
0.19336584146483873
0.19361454764378516
0.19298315847003658
0.18607275987241237
0.19279810740481285
0.1896194999128851
0.18801862426961427
0.17347734339161158
0.19393123135549126
0.18497526795978478
0.17547096114994998
0.19563932082648858
0.18156323324288692
0.1964228700567091
0.20186542478929323
0.19854231166124883
0.19018698581053275
0.19741561442829092
0.17891934881183189
0.1843956361770512
0.19805613350528725
0.19115446209052112
0.17138924605504527
0.19303607597513514
0.18070060551771128
0.18725985709482454
0.17965902145367374
0.19595106846875152
0.19633601193981576
0.19204020987968573
0.1859163029452726
0.19774507217404366
0.17810125531267687
0.2046329573387015
0.2037651579470462
0.18463369350138567
0.192275583486859
0.18381093026454468
0.19383849062442585
0.17595947694285996
0.18381272805072124
0.1923615113913081
0.1884116524676972
0.1898941176475659
0.1935921533221011
0.19281214704359553
0.17531921145586418
0.19350153568678233
0.20046900171850945
0.1951143795411108
0.19639470153078817
0.1895079112625142
0.18679653525852788
0.19650343278241478
0.19977511939273593
0.1803073865291767
0.1899860194166365
0.18268817103245552
0.19440430315115467
0.1904578060681739
0.17959855657814072
0.1981086458581258
0.18776939103065546
0.18446866992842645
0.17585189128272002
0.19525156441423994
0.1847703526809565
0.18737369572273976
0.1830963662835936
0.17913644208395715
0.1939819867519684
0.19276033724681693
0.19373012179866256
0.19490155073086035
0.17544953916272862
0.19386943136020873
0.18645899919139855
0.1856948694003077
0.18297222910398267
0.19886055608481243
0.17518742649604568
0.17680529478202678
0.19073812011956215
0.21581026921044166
0.18599613751459174
0.1777353000041898
0.16890818699923482
0.16597829371869613
0.18772487482289898
0.18067687320541215
0.19034644603894765
0.16901812264100333
0.1783012009478937
0.1864866830977011
0.15648788117790788
0.1853703914567675
0.19988057180919436
0.20355012505757294
0.19196183938909814
0.18537275947058365
0.1918385338010973
0.1956299159839087
0.18615463615187278
0.18608187495887288
0.19294302613298706
0.18901727530561974
0.18317104766007597
0.19405832747179172
0.19231071881947195
0.18722324297753293
0.1791102148270511
0.1820502548191343
0.18733298964609835
0.18701841182137166
0.18436729832994703
0.1815550225391183
0.1798988257551514
0.17513767881052644
0.18217016096972785
0.1772585947210863
0.18598620169066035
0.197925312321371
0.17830304555768509
0.19504797426578502
0.19174205729059576
0.19358727682473528
0.1834511598308478
0.19521996937991234
0.19068062171604397
0.18060065094215358
0.18487414316074957
0.19513968732761977
0.19116392924750006
0.18721794997818286
0.19001256682430004
0.18451919199426958
0.19222380623821078
0.1801828582792133
0.18530162566223563
0.18225689324373148
0.18637455951602788
0.1730298789016456
0.19825094927577339
0.17934700577556953
0.17523051966066616
0.18301682689584717
0.18727949768394725
0.17788200125579387
0.19031059545595974
0.18117441769005171
0.18726665466066825
0.18232620935757862
0.1813052717175473
0.17626047997992658
0.18060698442881842
0.18928881832146208
0.1827000722793586
0.18978377396757665
0.18878791972907372
0.18133074323499032
0.17390473872823775
0.18918785060581633
0.1971178600945123
0.1803622447270229
0.19682992170973376
0.19093014210538153
0.18083182557670655
0.19972615137706137
0.19241161183673194
0.1759761274050794
0.19618188526611854
0.20182656605897178
0.1829719745011584
0.18922079863846294
0.18701031221704875
0.17876603591172288
0.1922336379246953
0.1819750064738592
0.17370602750860295
0.18953588702266902
0.1855333066415512
0.18514825392371523
0.18056146814611498
0.18487729161042796
0.20305404209911437
0.19454354936710014
0.19569776502411027
0.19544038114532558
0.20384956549552746
0.18730446829146727
0.20691395940116275
0.18974472531261607
0.19080802573888653
0.20611856669733772
0.20109717528975593
0.1992667918221502
0.20161232083911232
0.19948070596663156
0.1910057109880906
0.18968955187559666
0.19851227805081442
0.18921808262015835
0.2000103870089317
0.18141606651683642
0.18495315822216732
0.1894078690288098
0.1873157705087021
0.19815434243209887
0.1832179429827293
0.17632359849313828
0.183627440946708
0.19425669897649359
0.19299436667719624
0.18405926384299362
0.17508921024144455
0.18790912008581698
0.17304151448511648
0.1898092693713845
0.17808948305943806
0.18607000663313875
0.18940987896358907
0.18531721277345958
0.1920105514958429
0.19653228804087527
0.16971203683245528
0.19939495122124548
0.19468282852261642
0.19997664951803018
0.18779830891603325
0.16851808893087183
0.17477960450572538
0.1819117026607172
0.18552518940821916
0.1874402141425848
0.19308176774370459
0.16845184941381894
0.18448802775383133
0.2004643464943858
0.18181331752039295
0.17867139542506116
0.17461320894415858
0.17546328481155163
0.17190393570674867
0.18234062195038622
0.18839481268257852
0.18366740698739814
0.1862817877169598
0.19159635596463906
0.18077832157518617
0.1841490774534353
0.1864807992377178
0.19313083748963786
0.18414563086741678
0.18939562271524457
0.1996330949320967
0.18363766383598001
0.1864940910010341
0.18566366135638404
0.19405758032943274
0.18895179637909845
0.18775929048914855
0.19894318447373946
0.20346032894154342
0.1926607064531708
0.18763066663907735
0.1846585814699431
0.17415041080976013
0.17712638154497343
0.19186258255930963
0.18489329372594196
0.1997262788627946
0.199531524362596
0.18365222524063773
0.19054779046899928
0.18476464541304086
0.18119412364445298
0.17830886300058468
0.17864254096427823
0.1776594824667267
0.18958658428143174
0.18568643554243416
0.19057439717149435
0.18719489741124415
0.1810115204486988
0.1918604507112215
0.19354831191040786
0.20011291410272916
0.20306870631458843
0.19186331180499439
0.19584453512094313
0.184226673190049
0.19300900735407509
0.17930185437481796
0.18901951399684724
0.18406400929592737
0.1797476494911072
0.188640163621536
0.1591003231611882
0.18827677868237866
0.18128183591354674
0.17213992268496714
0.17710955527536168
0.18426733104694618
0.1899389503297357
0.18455583852315594
0.1841239851947257
0.17491150948395492
0.19807875573858033
0.18876559010464591
0.1950494475677564
0.18795384178553323
0.18956385721477043
0.19019242270478995
0.18763359407799216
0.18051692863386026
0.17966159544620788
0.18340766880968318
0.17903656775533386
0.18090073794962527
0.187305013921125
0.1870414502261443
0.18990323037500031
0.18853487495153595
0.18863246310465576
0.17833021194934104
0.1764665991471045
0.19232382179073604
0.18195393782911606
0.17935114880444122
0.16897165916516296
0.19493524935468612
0.18288751866311279
0.17961399594850522
0.19314051199921656
0.19702390139018014
0.19984380975868135
0.1984008448613781
0.18415107587282872
0.19480137313790277
0.19255013022546272
0.1944355847284516
0.18326247695725903
0.17703844895597962
0.18597516140190218
0.1803775598150783
0.19285335189857924
0.20109337967428634
0.19312348368439777
0.18731012881575285
0.17883375146959712
0.18987121150248812
0.19695721472717612
0.19327924051587853
0.18089416029654945
0.1878864770552172
0.18910290298657806
0.19533962943479777
0.1878441502690946
0.18113317837109477
0.18211442852304158
0.18321200274024504
0.1805738900999803
0.19257571739893828
0.18844782331150556
0.19923943320479318
0.19989484686658265
0.19040156786336723
0.1922051291550825
0.18780625010223903
0.18166667436988845
0.1965217139862584
0.1878934753522431
0.1766606558120161
0.1896246346994067
0.19555693063240934
0.1913166140144341
0.19463528493112284
0.18465885967933596
0.18168778600801627
0.1907642378258011
0.18796086822397387
0.1789956861467067
0.17433507038984167
0.167928355751113
0.18889142521667177
0.189285733983614
0.18261677118448058
0.18352589955100426
0.1841230916645323
0.2004040610109166
0.17848504830209297
0.17642019426914302
0.20548683581532134
0.1807100144294308
0.19523015634524146
0.189811690523378
0.19043638736872673
0.18432605421462636
0.18212708125997792
0.1854874818560849
0.18724475236062862
0.19539710877648286
0.18779443727910086
0.18100931457806665
0.19464972030685793
0.1912104513577775
0.19600523551285542
0.18459859252774177
0.18809327812488089
0.17683976047685634
0.18637954111603447
0.17449576476863402
0.1897732150075365
0.18967757465903257
0.17834693546927874
0.1850497422876989
0.17854171940242006
0.19390696715936492
0.20855157479462053
0.18706053154253752
0.17048647326274965
0.1894342118647
0.18955187190409817
0.18868270488367966
0.18812545736733835
0.1902323827538095
0.1781348275879926
0.19661724792527055
0.19004807008722693
0.18349230249206105
0.18433907901408186
0.18581833157884906
0.1779525732903551
0.17176607958762458
0.19304968511962484
0.2067817848452793
0.1665539146033634
0.20343105061320946
0.19267452681472605
0.18088902226038817
0.18612731986004652
0.1937021378356474
0.1926166769190749
0.1900035065241895
0.18586548476116801
0.18949155891132788
0.18612202755566457
0.20396835523789794
0.196914002245399
0.18280063066526375
0.18764408843266664
0.17930494670812983
0.2017722894996763
0.19770617523535008
0.2007851602695083
0.20367180653217362
0.20117701996002127
0.19208870741075432
0.1882773187589664
0.2009172926036746
0.19871945377593894
0.20017934150795932
0.19384627315123518
0.19138505905184067
0.18485412256642772
0.20393698075378966
0.20042091311108357
0.199860115115423
0.18733250423270542
0.1883793403251004
0.18637763908157132
0.19099291609549648
0.18606223741822617
0.18279129057636767
0.19208753742601067
0.1808821458745946
0.19940886308284445
0.19098217554074434
0.19685405352670227
0.19433312472837982
0.20316440492266544
0.182271287213995
0.17038268515058563
0.18734021807188725
0.18116572996459446
0.18364726846514254
0.1778725974703973
0.19166335735418286
0.18776479707364177
0.18058358060290935
0.17660724256230487
0.18871707642963942
0.1755112264294303
0.19500011903191858
0.18140019228892265
0.19993339569226487
0.1911514553559649
0.18020167943166887
0.19456459622424851
0.1880720475814082
0.1987819004517998
0.20556046151267673
0.19915178444095016
0.1922739623341065
0.171884334147843
0.18223254770160716
0.1768215454556142
0.18394418349376027
0.17893057427648681
0.17197848729121798
0.18853763343866492
0.18317609667612708
0.17843051847740035
0.1904147563137061
0.18956503989076168
0.17887842293364511
0.19140478512919257
0.18567648025317152
0.18252742903925825
0.19041123692714
0.16425800628792464
0.1963592150234146
0.1822458657335502
0.189775478318339
0.18099761100577186
0.1976787794949115
0.19089292431083657
0.19544202703598215
0.176454593433339
0.1801855297451789
0.19090100087387982
0.18831777826388515
0.18965987817275057
0.20122670752732497
0.18691222081385797
0.17856615393510264
0.19256946863394975
0.18009039341370595
0.18570713504483882
0.18444840245457902
0.18026891093943812
0.1881791586021959
0.18152339470688392
0.1864121401557859
0.1902538794302779
0.18739769964086228
0.1844985303312726
0.1877785624335654
0.19375474841923987
0.19131174424907135
0.19465200141657313
0.19415365003770854
0.21073878430308512
0.1919249456173274
0.20320606252105713
0.1997096291187164
0.19148072299477706
0.18701980074220137
0.19149458228970218
0.17793234506110822
0.179628277212351
0.19252446353061733
0.17375341081906473
0.18070698391561926
0.18480244242362331
0.19848182458659183
0.18245700581230861
0.19848536038719522
0.17531240108595447
0.18834764595726272
0.19146769340669637
0.185243054122152
0.18038004456151968
0.184003515939116
0.17717947490896402
0.1972873395382687
0.18978065234386746
0.19805026212868704
0.18687795063217102
0.19540761716050167
0.18966087620046557
0.19593599400594877
0.1969550235007009
0.1938753818379191
0.18337123580335182
0.1901555001133037
0.18410285624219025
0.18813722152896215
0.1795929266538181
0.17835465911811255
0.1810593768580178
0.20037336313638388
0.18345853268681722
0.19678438868672235
0.18894757062272302
0.18509925638261235
0.1793906056991427
0.19379298328884872
0.17899652135172536
0.18454302471676698
0.1831092515124616
0.1931025665723973
0.19641365971535196
0.18994031087538246
0.18939514541767735
0.1866327531159042
0.1920306640711675
0.1870039488931282
0.20817950661007525
0.18982644259066006
0.19609876816731475
0.20514847602367123
0.19845115840024588
0.1823006658426647
0.1839185650309553
0.19872879099738083
0.18546589211971795
0.19206659407925541
0.19966682841875097
0.19850295217115796
0.20632459147025653
0.19422775479750673
0.19494806937754194
0.19251450041440532
0.19915514396151635
0.1883868027915346
0.1919884913434199
0.19020413204523867
0.19773885063133811
0.20985640392391056
0.21766027727914902
0.19301618254237926
0.20213625627859352
0.1887435577926203
0.18317944023045254
0.1927022305176946
0.17616984295558955
0.1911157271968029
0.17969716928477908
0.19035906220732715
0.19567010361487017
0.1903945984146744
0.18472781296539875
0.18608120994342833
0.17868416679998955
0.18120969088752018
0.19634014412168785
0.1876971272807975
0.1770864226364283
0.20389636350079143
0.17161309757131005
0.17482774421171532
0.17503080385053582
0.17667656271182833
0.19243075774791105
0.1752576666821787
0.19810704493643516
0.19718213528646888
0.19456729163484163
0.18712558226062206
0.18101409618073397
0.18803608501554692
0.18718701676042723
0.17117808802708934
0.18430770385243275
0.18371103760026194
0.17488550117292104
0.17824650510991547
0.18068374587877042
0.17996346492489312
0.17255262974234306
0.196549640018863
0.1854208021207964
0.18748126392581385
0.17834904788848419
0.19843210173279244
0.18926890885814704
0.20002515568254478
0.18998718963488115
0.17350740485876726
0.19503125955263043
0.19760688131909332
0.20409296535982704
0.18400677579147248
0.1900930556169328
0.18624381434712858
0.18252379934125573
0.17903914535980062
0.1855252331666459
0.19181068612470067
0.20031645275471674
0.1906103351427005
0.1873048368893215
0.18233427227088686
0.18581257811525742
0.18739234102281446
0.17565180954480797
0.18132181851773946
0.18688016351634715
0.19453090689998162
0.19171944502647095
0.18639401995000085
0.17865257656067815
0.18521985359398865
0.17622242162581156
0.18374387279432527
0.20529353335739206
0.19012060804070943
0.19863979179340616
0.1942187529562263
0.18540249703148692
0.18900364547599924
0.1795611485551657
0.18377648341241182
0.1878849890190205
0.17707704653058534
0.1873997310178549
0.1739203884258617
0.1823143301212796
0.17748156106169544
0.20292715344675336
0.20181447912967224
0.18645314129376492
0.17985368411639993
0.176662166008838
0.1834667243289294
0.17275370905122558
0.19711655788614316
0.1836811078236924
0.1938338948049518
0.18994597969595975
0.19114310861843153
0.18751589150754047
0.1724370251380567
0.19431829378421697
0.17236180390122244
0.18563309122666857
0.17216757430151722
0.17824931157247637
0.18624741146329452
0.18486200756832416
0.1860058185826827
0.18828626846403598
0.199307935781224
0.208680377446699
0.198029848361258
0.19588692951739675
0.17964238150809028
0.1843812705324431
0.1868915273847788
0.18459368281594557
0.19146831447354098
0.1869856540797397
0.1860846482258793
0.19100959687755178
0.18731886124494837
0.17990942298636417
0.17321473800937348
0.16959413905152473
0.1724804801222666
0.19060490112278694
0.18675251543794266
0.1902415897712344
0.1694128692593142
0.1842021009851629
0.18649132332865984
0.1755889879476034
0.19590042756828405
0.16500378754133296
0.18481732128679987
0.20023657184271113
0.187636862964068
0.1939498048565397
0.17313333690197388
0.18301167803412488
0.18293127549985033
0.18476584127942794
0.19743474194226515
0.16733570467936817
0.17586290593271847
0.17143826010510543
0.1739664419896608
0.19434364127554118
0.19476694199840724
0.19432915096536707
0.1852465698464587
0.18996982466937348
0.19518610957587876
0.18462112127675415
0.17865506657811947
0.19088729565943993
0.19354576655424435
0.20580580335398035
0.18858465616636433
0.19993296846513464
0.1989461940132592
0.19431069435680823
0.1938470001572994
0.19107828424190562
0.19233298244789962
0.185008820101523
0.18245072032526444
0.17089811112304834
0.17264542259871044
0.16680169677295487
0.19511133525726618
0.18568620864929933
0.19266760078385115
0.192308117895278
0.18050552909295017
0.2043128534100965
0.17247779651061704
0.1932085798092644
0.18563627938989447
0.19348758725853707
0.18410866724110486
0.1805454017087188
0.20021739755172996
0.18023710545796431
0.1842806731278692
0.18494833698007943
0.18926254403006737
0.18358612209537062
0.1843220551120159
0.17287192424260153
0.18614151883075122
0.17716549719572128
0.19500456424317716
0.18493998483978738
0.18711292003245164
0.17996033436476186
0.18155634395722778
0.1868299717599723
0.18246882836293962
0.1955128856022623
0.18510758502944832
0.18728237039617113
0.19161268683527155
0.18323651708378216
0.18590549926137165
0.1785370087116063
0.1867530313315379
0.19137348872053053
0.18526581148017465
0.19323036916538358
0.1975176634179359
0.18851721605250119
0.19727410790092112
0.1894834258901873
0.17959912467004335
0.19101470369044649
0.1972819055999253
0.18297551486861027
0.18428289996545497
0.17617726324374405
0.1876041029898576
0.1837362870719457
0.19909898410764862
0.19398953991170645
0.1740303269951975
0.1829294170860951
0.20194992472489323
0.18764042737769746
0.1983909317469474
0.20096377629405002
0.1886035227685736
0.1846157885888895
0.18535433564702755
0.18356862460674403
0.17917776945104527
0.18157436179061917
0.19627559988587898
0.19435502381815242
0.18194278133321348
0.1755667565019978
0.18028385424563723
0.1826298854734262
0.1878334093040084
0.18444698676844948
0.1727769418674385
0.180271286141056
0.1896475372167711
0.20022649350734747
0.18174028994011068
0.1895471750784021
0.20224014417276812
0.1857173082739031
0.1824015845748336
0.1868394410199565
0.19177230700737058
0.1828385781874775
0.2047569839435437
