0.5515823361822775
0.5406548117428381
0.5396832387127102
0.5516167752771783
0.5488250190166519
0.5441692293493373
0.5466063600188735
0.5434035419449805
0.5492033235070388
0.5464879736917523
0.5527229953571938
0.5487699891568611
0.5510586976944993
0.5529800804612002
0.5483559236210562
0.5470917767802936
0.5512875733977762
0.5510561430007643
0.5482000960667766
0.5370739997135654
0.540048101262683
0.5394666425897026
0.5416722650634893
0.555014290959657
0.5482934208426857
0.5387782419555914
0.5480251731511405
0.54782403280595
0.5545717887352706
0.5477467403654885
0.5512866941033595
0.559401101365555
0.5506183715737928
0.5545080893894542
0.5539023610958163
0.5574023901113693
0.5506868005469545
0.5485394033783624
0.5607727527466928
0.5518248825820975
0.5531296855246643
0.5473700194247446
0.5574040558045035
0.5570391111342289
0.550842202391894
0.5555180925854544
0.5504948460884134
0.5489632552727564
0.5469899050413463
0.5432864042283845
0.5447953765818372
0.5499634558471573
0.5491175623066887
0.5515010254936762
0.5497733174886734
0.5517957016994421
0.5561531376684645
0.5599210162255486
0.5571640952455263
0.5659627926154971
0.5608846882612627
0.5535590456336521
0.5506164479067195
0.5595919253809842
0.5571581928097094
0.5541031902057414
0.554418743291037
0.5526519115398539
0.5564108943418987
0.5443271060935304
0.5512967480158925
0.5517211115011873
0.5545000391610907
0.5494768125635385
0.5467357066093133
0.5552139689685099
0.5608914297731934
0.5543379665699114
0.553007805933301
0.5577978115343254
0.5543956330707229
0.5509467664612875
0.5504743103802973
0.5500284505839061
0.5496548716372243
0.5585665898936352
0.5532448247289282
0.5506889187913695
0.563253158779148
0.555900011028057
0.5480082211758599
0.5516402447027902
0.5571648153968779
0.5567661665134302
0.5537539249858814
0.5335982763329667
0.5459224350689564
0.5570523266492351
0.5537996579509437
0.5572171951365267
0.5494262525080414
0.5403881825320361
0.5486106384625777
0.5553882265752057
0.5559836444998115
0.550767856936677
0.5511106501688653
0.5446449152191915
0.5498899300288118
0.5501304387634611
0.545014094884582
0.5480279087583756
0.5434726163248154
0.5387247320980735
0.5429952849301534
0.5532919125032016
0.54590370608347
0.5531541154831261
0.5567897477628307
0.5545074668548864
0.5602572908808223
0.5535210549579112
0.5472422250512905
0.5583313074096016
0.5543580486344761
0.5539834009457214
0.5419143589056181
0.5475006043222593
0.5412588807077496
0.5498295014942658
0.5502578373895792
0.5436055950438454
0.54702907267667
0.5395074169435486
0.544260683765392
0.5568290755914733
0.5504783210831841
0.5553513006847567
0.5519182432319789
0.5516158882964619
0.5497425578981394
0.5681687017772461
0.569520573240555
0.552978991012538
0.5493573668217571
0.5513599640805509
0.553818466773449
0.5510172137245821
0.5452532688407918
0.5462439700135209
0.5472234030747791
0.5444669108163729
0.5497468322084375
0.5561958641988725
0.5586379685093845
0.5575291158362272
0.5474633184800641
0.5542461132584386
0.5514837011837186
0.5567345970856732
0.5564476438709083
0.5535242933717328
0.5506923797677308
0.5428649520131807
0.5511505046657805
0.5574075295151804
0.5549842497011865
0.5450403735138281
0.5441008920814763
0.5471184368864217
0.5448814246214022
0.5525267572837815
0.5596935687014689
0.5539224778334862
0.5483892782451646
0.5478402073394963
0.5465392439972436
0.543675552051472
0.5493919361818481
0.5470926022797769
0.5433363250347804
0.5458884438999141
0.5442807574416278
0.5497262404129492
0.5475950796139055
0.5476542161766942
0.5439771982964176
0.5430257689257896
0.5438534551122567
0.5502419552467335
0.5451040150437304
0.5477077079396854
0.536574063064992
0.545354108599931
0.5467633151731734
0.545995971654594
0.5515630563154833
0.5423318939768066
0.5461138261083431
0.5639032483651456
0.5571765159616417
0.5590222087056633
0.5411003266853982
0.5449704656848102
0.5371182584432443
0.5450007326084831
0.5367071905103318
0.5344034084328391
0.5465813752517114
0.5519744861894735
0.5511690144228547
0.5482103079753367
0.549391774638035
0.5537507798126949
0.552705221742548
0.550249916373632
0.5476398607295515
0.5438301993249557
0.5456261768082964
0.5390604157610528
0.5321076748678657
0.5440449996847119
0.5478644762587704
0.5527315460244404
0.5475930861796979
0.5387530459605245
0.5366490401151017
0.5518147235354318
0.5586136709472427
0.5553220624899017
0.55627044451
0.5521806483467632
0.5453430620467608
0.5464845343639433
0.5532533254544695
0.5439661119414694
0.5464254987363629
0.5513673330705874
0.5584814885498268
0.555870018685231
0.546790097125645
0.5502020547852913
0.5545867935763084
0.5597362506889113
0.5551567256270773
0.5522350140654753
0.5527780700152276
0.5409193436963144
0.5449362505724482
0.5524373969868419
0.5555912319540659
0.5534713760336616
0.5552369391913723
0.5675570686055844
0.5667563743812973
0.5574691060381511
0.5526440347035622
0.5554125062721026
0.5573898480733559
0.5562253811573152
0.5602865154442049
0.5502833581929455
0.5511144950304482
0.5490705832902396
0.5423461364134894
0.5454400188249577
0.5417781040351195
0.5494214564312059
0.544526127902131
0.5525824824387555
0.5558058734565352
0.5560778146639571
0.5582076785844052
0.5532817966419048
0.5499048269016849
0.5416885809948133
0.542470260830439
0.5503340939233574
0.5553502111943348
0.555916783955494
0.5473445795475824
0.551338482082848
0.5517999089778817
0.5533847005279406
0.5498359863566835
0.5455548061001906
0.551177359113938
0.5484438431149894
0.5407906219689504
0.5361378294108325
0.5466017948088953
0.544421446366755
0.5544514262907518
0.5527086896942796
0.5498030259267588
0.5402608763420265
0.5455071764620159
0.5462885730815015
0.5348835859495071
0.5444075370704087
0.5531911942182152
0.555324115038801
0.5532730116513817
0.5502647693720453
0.5509173807522998
0.545534234618725
0.5452011596787608
0.5463153944218213
0.5399023809618146
0.5482472501135021
0.534464005800959
0.5492780219030009
0.5401774985025918
0.5445431688578731
0.5444134423183584
0.5459432407609239
0.5490814071835055
0.5488880886919116
0.5417089799508624
0.5546727848472999
0.5458469350533222
0.5620378392544397
0.5485436698001962
0.5490329087964188
0.5561548189402075
0.5518964940460093
0.5464673132631642
0.5476013815261604
0.5514749661438649
0.5554918746436142
0.5479881625086004
0.540532045459287
0.5489890783534906
0.5470358296672557
0.5419491278742592
0.5430166647384256
0.5388279948735888
0.5527634985910775
0.5499427214858884
0.5456282672194478
0.5495953449316561
0.5524885828548767
0.5520901317560087
0.5494076485504316
0.5485548346645898
0.5488440627119471
0.5389385025943689
0.5485167858114925
0.5331888718307309
0.5422016161052481
0.5434045422212345
0.5407746129283195
0.5484798798138514
0.5509217383386324
0.5583294998545113
0.5407740031136908
0.5373643158052022
0.5508721333324913
0.5458828813557149
0.5542692320811164
0.5468248987680401
0.5529157956014915
0.5421869284057481
0.5507481069669965
0.5504003545684033
0.5465540877269726
0.5451395852931709
0.5469574634463551
0.5592217093969185
0.5540022803851127
0.545547287182793
0.5557655935563686
0.5445216729440934
0.5480983142206268
0.5563350457156475
0.5515236473799239
0.552055427834723
0.548343965102845
0.545605642448904
0.5354617079390577
0.5435365579121283
0.5456776823650817
0.5507889245358562
0.5502201954215108
0.5427522999447267
0.5347529101671357
0.5413202404072024
0.551346668856412
0.5513976623734302
0.5376118378827607
0.5444177799359213
0.5487189276736895
0.5368239615073203
0.5388494987832241
0.5419521974882325
0.5509982478633673
0.5493111597267891
0.5614501775200262
0.5512716286493069
0.5473582179062342
0.5428732922602949
0.5485784395442744
0.5407505199533535
0.5375216203605511
0.5424737714626129
0.5455938414445043
0.5543253343204992
0.5474878915546536
0.5497229144354681
0.5527611762935474
0.559471261190507
0.5586462677562922
0.5465528424121894
0.5514070749168012
0.5539559809976049
0.5555674153327224
0.5386393119188528
0.553696414686282
0.5488436460242616
0.5446416754766152
0.5429044739658679
0.5525799095748652
0.5388629444671738
0.5559409571376336
0.5560325555467178
0.553113553445376
0.5487648309847759
0.5559178340817872
0.5554834746598709
0.5499331495319467
0.5567513269553692
0.5549578060072576
0.5434511568692788
0.5643233503487602
0.5474303541784531
0.5440921230249351
0.5390950263658216
0.55101365323904
0.5585136083573887
0.5551550546339721
0.5522819189159262
0.5537438763140834
0.5524361016315746
0.5537856318009917
0.5538554322288779
0.562614650207168
0.5522283645040185
0.5525854411207896
0.5493603382556833
0.5515129136834884
0.5423541586706186
0.543403789475153
0.5362018987884298
0.5322945703933184
0.5307350979772375
0.5405882070192012
0.5461935392963035
0.5512362340059318
0.5512064439278483
0.5493563170365445
0.5489821278304376
0.5428534697238764
0.5387045764525161
0.5402912839409509
0.5325726195960703
0.5474925917923045
0.5666163713585985
0.5607274634085258
0.5578965907995217
0.5420321930763876
0.5458444772174877
0.5448794189950599
0.5404557619224827
0.5497691421478204
0.5511972549226296
0.5536767695771767
0.5455558405658876
0.550631304434361
0.5469668153068115
0.5509605134787254
0.5463256752425437
0.552521831963523
0.5538380470413631
0.5538406360109968
0.5445221716284664
0.5468303364528474
0.5515144590561011
0.5535310141265307
0.5581284780336059
0.5488215114471613
0.5480104321534557
0.5492499840155388
0.5631439015952607
0.5505628572000817
0.5478220755143692
0.5556149495524784
0.5606139898242711
0.5503256855942258
0.5527435205525353
0.5527869819374749
0.556894540639878
0.5603955410595916
0.5544813601888599
0.5501108109749304
0.5542137878165191
0.551662108325303
0.550378699340853
0.5576210787821563
0.5506175425038076
0.5448222139349277
0.5533976555463969
0.5528940032580395
0.5616377042502092
0.5589981469333974
0.5495489762393506
0.5525154436027132
0.5517268558214293
0.5576133175749702
0.5545230072185103
0.554433137624243
0.5544250104043176
0.5626120032721366
0.5549517271354325
0.549241866668907
0.5506126859319453
0.5457222989643011
0.5534839934655724
0.5619500601365628
0.5577691883999006
0.5519967480401105
0.5530268968480148
0.5460333505589579
0.5437966529011982
0.5334491391911256
0.5379550095452155
0.5462559682148824
0.5475352321978431
0.5416804134565936
0.5403773800060409
0.5373554174805828
0.5357893443488393
0.5478871012430777
0.5545411258828578
0.5391195175681601
0.5476331510863718
0.547746417916754
0.5505149785732195
0.5425938911830017
0.5461010830742012
0.5450008939333086
0.5472955561681301
0.5482295202071089
0.5494804383039436
0.5497996621670593
0.5482557797099126
0.5465362093468615
0.5354244538963525
0.5436974796698155
0.5470716829718946
0.5474926930297829
0.5511401746637414
0.5481761595280127
0.5594845724653399
0.5517300759064839
0.5433591364440471
0.5412477761813799
0.5485239007798153
0.5532166457701818
0.5486234516917843
0.5534568167565701
0.5487467680715756
0.5512170196421463
0.5420642710915526
0.5454465668277861
0.5465119677722686
0.5459804170323201
0.5533594316313207
0.5401296542068221
0.545151545193759
0.5570240805511772
0.5571222509408058
0.5608066370649263
0.5593993510071489
0.5505656344430365
0.5567172372354479
0.564343875446546
0.5576367057581196
0.5527271964851643
0.5465115873474551
0.5431526165312469
0.5552903204111812
0.5587532104973761
0.5537516282390372
0.5580053491133606
0.5528319135986304
0.5449780988695307
0.5460397813087019
0.5378163424210689
0.5350610443236421
0.5456073346797652
0.5514970784619834
0.5484564794056248
0.5449446677187624
0.5484075036349741
0.5489123032786493
0.5445862879749684
0.5457393457267944
0.5610084352043538
0.5446718481869777
0.5484589430901359
0.5501427197527566
0.5534109239596718
0.5500990242237558
0.5484943723238926
0.5591175989689557
0.5582980912363005
0.549068746584805
0.5586468608834163
0.5461112569780031
0.5483160937955585
0.5526183420916166
0.5569113068324443
0.5444127080446763
0.5492787861889333
0.5460957985226843
0.5455170958147957
0.5485425495005072
0.5335160335519251
0.5489833516886553
0.5455819917336036
0.5498093359671983
0.5450617430951119
0.5504620975819724
0.5601532247367916
0.5428048047045613
0.5443626678728136
0.5511827138879566
0.5462351643154439
0.5483784919037173
0.5521633463776483
0.5571238988078879
0.5560202442520401
0.5643564229337646
0.5512987617599585
0.5575555967595986
0.5526738759470982
0.551220837737908
0.556676404654754
0.5533032848272945
0.5561061334938114
0.5524560766118978
0.5429830454012131
0.5396204029170881
0.5341553903812581
0.5463050085227095
0.5467830092312997
0.5536337820988115
0.53213885540675
0.5492779710898357
0.5517656680615639
0.5491647288702461
0.5498256008751605
0.5477314178442364
0.5541192959479129
0.5574487417730566
0.5557564220358508
0.5404838886239659
0.556611024899845
0.5572815171024582
0.5498773473689269
0.5506761361125339
0.5468660455053977
0.5461928952979924
0.557900951295986
0.557511606078722
0.5507132479483281
0.555632554820678
0.5526213871346928
0.5503965426755174
0.5563526371868206
0.561966588714678
0.5494826714664003
0.5617325475379858
0.5580568265429924
0.5603118877137993
0.555004595945482
0.5511562179199583
0.5528637283495498
0.5499210460167925
0.5457526243926888
0.5517677730081395
0.5595117407204114
0.5557142423170041
0.5434422622631218
0.5381728877695875
0.5438388060700838
0.5516656625875054
0.5460933531973086
0.5453585716409308
0.545267742094303
0.5513624229457874
0.5622666472126283
0.5461157515309422
0.546785798120255
0.5484868721728269
0.5403515582746911
0.5479288691539741
0.5550273744113834
0.5448643364381656
0.5590785188520235
0.548789653532994
0.5430898421182988
0.5477404880299394
0.5586016594026677
0.551123645213819
0.551539287214966
0.5331221252936371
0.5385407702840374
0.5468620682271434
0.5410345767936942
0.5496701812305843
0.5502803541233351
0.5467505572031867
0.5497805708182932
0.5436419690152219
0.5506808712220643
0.5546937779035925
0.5493697178517714
0.545986087619992
0.5569223719135036
0.5519471961701777
0.5540560783107
0.560526000507606
0.5575580011296293
0.5507802554845875
0.5525330859272394
0.5399006874292851
0.5528971411426981
0.5504175247112957
0.5463658050210074
0.5424374678837015
0.5452973008356357
0.5522905941923502
0.5557817566375636
0.551179650296553
0.5469142267475613
0.5375395003210182
0.5422680937487003
0.5506390540828708
0.54516425970599
0.5429279824363125
0.5446304247823401
0.5563016833157013
0.559293853072917
0.5595394746108469
0.5647600987660113
0.5589173284843831
0.5472252448725752
0.5561244215150605
0.5494524704454382
0.5477987180313393
0.5430838630273391
0.5500043647158372
0.5477496414498114
0.5387557156993349
0.5494793495168481
0.548765616688161
0.5545070962813448
0.5477036960835785
0.5484761937622304
0.546251312113815
0.5434165386115399
0.5472360157582222
0.5535797447068598
0.5431934702354615
0.5410925021200268
0.5492583214849686
0.5518188192267488
0.5622140076779559
0.5562920405791187
0.5512068298644005
0.5579616406497816
0.5551594505554094
0.5607150156113443
0.5530072831821953
0.5483791283231708
0.5542052846755926
0.5440530232615759
0.5475415759077341
0.5529176928422029
0.5456862395025874
0.5478554746010785
0.5466368401005612
0.5542007878311521
0.5594698828268561
0.5535859634214975
0.5563254983630965
0.563879042261923
0.5593072981186062
0.5571680205935353
