0.44916349618726653
0.43465129449725326
0.4362039983282707
0.457304439437348
0.4465557994762369
0.4520324589341248
0.44997629080385265
0.4395229657857427
0.4506774794841878
0.44626658720331014
0.4551031817603146
0.4502148824444572
0.4501160270069045
0.4505021141736143
0.4440516727336937
0.4486951421943443
0.45285269748418866
0.45459876041876907
0.4539935231325585
0.4319138839728486
0.4363678634117688
0.43586412121866697
0.4407554948163245
0.4566836506174971
0.4460323473260276
0.43933206045939616
0.4514534864046208
0.4573483464679525
0.45644225628055424
0.4427035349875421
0.4580649669614756
0.4667931398332964
0.45146259637893504
0.4564319797136308
0.45043715698782594
0.4591077468527123
0.4533399587152924
0.4459681902396662
0.4662708601884815
0.45073150127758804
0.4548189085290879
0.4489195411833121
0.4588564526277439
0.45474623162778993
0.4551250334036244
0.4548974251979188
0.453308167248491
0.4484384517409655
0.44645447113008785
0.4422909040393166
0.44489116601710355
0.4544628060129521
0.4461868229463974
0.45181628650297767
0.44828447222730194
0.44941882696428287
0.45801529323879575
0.46477419001787057
0.4571583092488311
0.4695558740648201
0.4690198301485081
0.4492539813237434
0.45072540322039806
0.45630649017321173
0.4607810355222114
0.45306850849168967
0.4596015090403511
0.45263302317046394
0.4566217558593038
0.44120520726688195
0.4557606790409948
0.45765654584821513
0.46029962167899013
0.44927341725549963
0.4454756285779178
0.4609509249010537
0.4661863727496751
0.45392067467404396
0.4483250766298631
0.46154956154479476
0.45413377805150235
0.4547985932835473
0.45019267829789544
0.4536553275769367
0.45228399267327163
0.46669853254353555
0.4553148215901639
0.4458103824290832
0.47524392903278145
0.4568973942529805
0.4442506980668225
0.4546021743217559
0.45850477232691345
0.45836699498772515
0.4628899677880368
0.42882180801369474
0.4513869039158172
0.4632989739807387
0.45805754777228497
0.45897392433676665
0.4480563115465861
0.43584825602568233
0.4492857878607989
0.45922091706593327
0.4506853709172286
0.44885854490080535
0.4535069397808521
0.4404887585853158
0.4455032243158226
0.4477023914262306
0.44805966743119297
0.4467223771155755
0.43827786737076135
0.433476203274766
0.44666088295096973
0.4552995153097825
0.4506787815870486
0.4515781188695658
0.45846611722731645
0.4577173286542743
0.46095916571441087
0.4523433582718444
0.44879353381028725
0.4616822891832944
0.45088740203085537
0.4532561074542089
0.44145837319545833
0.4512486543931738
0.4342472223345132
0.45567120023145563
0.45890012338956304
0.44324320462439737
0.4502373368476855
0.4441606951684277
0.44094789991636607
0.4593273749285029
0.45215702191089524
0.45396206504337694
0.4498263464020122
0.4485698082182269
0.4544519913198392
0.476191644149252
0.47353875544323476
0.46298655581785686
0.45158820469551947
0.45245258780749886
0.45580173578970923
0.4525612153337546
0.44279266570269266
0.4452239149944503
0.4485652447137935
0.4540458890224339
0.4491234090161824
0.45542953632275407
0.4582321966070486
0.45995189709194084
0.4523421273614592
0.45934788879638133
0.4514029686350668
0.4654489763647962
0.45201832874823644
0.44730473957319705
0.4551382065389655
0.44437615193915025
0.45398386776347277
0.4677927320626575
0.4603095386659557
0.4407398847474454
0.44316291214351233
0.4441495209588086
0.4420064684121373
0.45255550800109745
0.45773199377279383
0.4495223378665336
0.4474152013201483
0.45411634052291194
0.4471503719845322
0.44704480569826854
0.4470751558127509
0.4475533808068213
0.4440176423830015
0.4475657275809055
0.4426173749677729
0.45381266875830695
0.44704959423736346
0.4507276059428422
0.4449333191259609
0.45100260996612784
0.4501648734382644
0.45398381369626384
0.4438582310624116
0.44060249827871834
0.4295825156462768
0.44388792730814064
0.44632086677533256
0.4487294311652341
0.45277233492119395
0.4480673463001841
0.448399877183774
0.476089017549705
0.46101045551166075
0.46083215441421405
0.4419137547146056
0.44966578052512735
0.43669504599678677
0.44746776616863704
0.43317396899395677
0.4357112225937939
0.44576310659281243
0.4522505601190126
0.45478628715464847
0.4447610130328509
0.4467325290070681
0.456155948565935
0.4540497652341834
0.4530404703189715
0.44854172401771447
0.44042315116378405
0.4419892101626849
0.4360599905418092
0.4322044648521459
0.45001771800647616
0.44594387398602786
0.4518695643914195
0.4485487736922625
0.437336172205485
0.4347279224394736
0.4519552912208671
0.4595905653696408
0.46137736398212015
0.46007176105784586
0.4570975077762387
0.4419582630545529
0.4440875782075635
0.4509995712491029
0.4453614773330567
0.45093846362518153
0.45047646412163367
0.4634609702717202
0.4567483705765267
0.445126746023178
0.4570746793793475
0.4519373288959304
0.45409064345413774
0.4574621534812763
0.4557364653859002
0.45755179741713714
0.4388537931342614
0.4427944075669148
0.4502372156428707
0.4556769873944833
0.45585706112272617
0.45543567873478635
0.47064615781952573
0.46870343098392697
0.4598708280607232
0.4507773994852733
0.45273584770565656
0.46109623169810604
0.45895288630172354
0.46149386175139145
0.4506757262060918
0.4469010222619071
0.4459382448409235
0.4432487039252163
0.447902145256839
0.43622506745302686
0.4505798840318273
0.4414991195663256
0.4529043053235918
0.4619078062838828
0.4613085675484114
0.4636069985691387
0.4588597844693288
0.44704672762215203
0.4391480222170327
0.44291344733850935
0.44795999318693636
0.46111753261293664
0.45433973486566304
0.44729517096323845
0.45476324092595044
0.4520035025798618
0.462587142673026
0.45157321502315884
0.4419913819501724
0.45638865638607284
0.4525819803313127
0.44831636387142815
0.42796941989778853
0.4447157835303797
0.44468198200890796
0.45571703710539024
0.4545829757464839
0.4547326956101018
0.4442043190906379
0.4401647649985594
0.44802589171822993
0.4348880003779777
0.44281102066073386
0.4537207827307501
0.4535875971115856
0.4605316818758211
0.4525474237516016
0.4438160712850613
0.44434996513340697
0.4447004313105287
0.44900410682326386
0.4337336075834156
0.45068031746428205
0.42607886414126905
0.45269581558433425
0.44069095146497983
0.4400770742201888
0.446692596197785
0.442840928360269
0.4508746945651845
0.4516175932369216
0.4419730122500385
0.45535281364850333
0.44039488848365765
0.47076471015121785
0.44544271893493903
0.44470000504674645
0.45767253289404997
0.4521147907254949
0.44821280000947494
0.45561761491530656
0.453263232510253
0.45858189894714774
0.45940602480366666
0.44602437886705787
0.4592149056345656
0.44780665501419115
0.43779712751189664
0.4436579565944716
0.4343895685898508
0.450499251959795
0.44514972952459764
0.4490144669141979
0.44720184361001714
0.4483349201352649
0.4535566675568604
0.4517794169359778
0.4480372283543038
0.4513255467836059
0.4355802837481859
0.4436046955074981
0.42865774793753075
0.44023188414115566
0.4408972396550377
0.443534771655362
0.44031248180211274
0.4539343645678636
0.4560800609120623
0.4396119229003749
0.43621469017017706
0.4513934949327697
0.44125350804674435
0.4603482738299588
0.4440032210322152
0.44949703024311805
0.43768541790512516
0.45038371045535064
0.4504252387286451
0.4429067452347021
0.43930822120064394
0.44854105210439993
0.4634833334993744
0.4560648691877879
0.4438178220940377
0.4592408398138911
0.4432267310762806
0.44673123837638395
0.45428320133074884
0.4542446809456002
0.4540902893226235
0.4465274399790257
0.44132255379584123
0.43298644978827755
0.44097190956118104
0.45392476053875297
0.45055535479015363
0.45236346227987734
0.44876505205643663
0.4358193426815022
0.43787485434104323
0.455081913680607
0.454015053323123
0.4308454258966815
0.43890617902359463
0.45397950966620754
0.42955934698749776
0.43857695522512063
0.43582647733966584
0.4481550065898587
0.4456710657481308
0.45930970717409103
0.45678539752457603
0.44565330458965957
0.4375930098916895
0.4501714834635562
0.4384452315616416
0.4407550641072704
0.4487344461171859
0.44221330984094465
0.4600442524081568
0.4465416605732827
0.4566572170512686
0.4559516439000213
0.46778676852344103
0.4559602207078109
0.447667073856041
0.4578696239959863
0.45490248555571694
0.46043350556117335
0.43683354108008876
0.4578979294890595
0.4503907356901509
0.44443367894316194
0.4435882598013026
0.45952561427267513
0.4389869276303413
0.4588502548967064
0.45638985383248754
0.4490974194988581
0.44658040784918285
0.4560096021710036
0.46044769189642
0.4482892405333184
0.4528138477596057
0.4556169088263734
0.4401254488704483
0.46841749133829813
0.4377503855212672
0.43716155861295797
0.4368227312911277
0.4525652597885544
0.4632726550088899
0.458532587548387
0.45076107660311926
0.4517150970977454
0.44799296878613026
0.45257434110037387
0.45679797054127047
0.4671829574791441
0.45463238878758433
0.4530290584818141
0.4513125573255051
0.4502820330910122
0.4403290867999765
0.4341559888649603
0.43561732513443263
0.43139509908701645
0.42098417103968233
0.4374576967979925
0.445355779239266
0.455280308180871
0.4507278120404572
0.4470055931722689
0.44862702908526886
0.4372234990203006
0.4349801447726981
0.4353541221162227
0.42604235772105103
0.4487882290410676
0.47508531880063143
0.46777769338291464
0.45584746848424484
0.4425409091135147
0.44185696930262813
0.448117061156839
0.44381227078189783
0.44955580414536855
0.4537879224629226
0.45049185058734975
0.44683236248374847
0.4473828621595049
0.4435471757861976
0.4511285454099866
0.4370570156646244
0.456718797855264
0.4498788798265294
0.4492004225809309
0.4462855825895855
0.44551421102319055
0.4534878932414148
0.45571997520821994
0.46167110760737345
0.4454011698240442
0.4478480543457315
0.44797444450399404
0.4673647739224015
0.4474517461770557
0.4480903993079278
0.45236958761800566
0.46531222244252285
0.4475803223194267
0.4538493328982923
0.45184083725440116
0.4649849999876282
0.45855726775806704
0.4550810513509628
0.4492851383245247
0.4478810037237981
0.4507355288527837
0.4527275455280726
0.4587120988601968
0.4458281299393556
0.43729539268779616
0.45546264344435833
0.4558869742656996
0.4584620095133326
0.4643142474118978
0.45076133500954985
0.4517829038939798
0.4562067046846128
0.462008213312326
0.4578753412182919
0.4535524765862835
0.45342401550358746
0.4684261233475472
0.4531202274306393
0.452782023709089
0.45223583565073283
0.44408398801826676
0.4574473062330504
0.468451555043473
0.46019688751258375
0.45068528587679785
0.4565765689268697
0.44840069303706537
0.44798339184368674
0.43028338726251514
0.4381672313294061
0.4455617476333477
0.45165935269668733
0.4420831286633432
0.4433109029929145
0.43356156082168995
0.4333756152192898
0.45816673810529507
0.4573768241585938
0.43602646460809363
0.44806856849577914
0.4456272853018045
0.4459447913872765
0.4401185136572954
0.4442782260554062
0.44281712593092115
0.4504004520428172
0.4463823126470992
0.450059678949302
0.4459657779994543
0.45222184128323134
0.4472727606490915
0.4373649866570028
0.4467292450487361
0.447490973301364
0.4476932061544671
0.45420062523995747
0.4546787189063093
0.4615274920928638
0.45713573840544364
0.4466447510013433
0.4440735376168055
0.4465215737752813
0.4591542464900883
0.45205859076662985
0.4577588692425628
0.4543133172788441
0.45037583083803284
0.4411494252310473
0.4448770767971266
0.4469874627940781
0.4519131796922213
0.45833684472101255
0.43803299085643727
0.44633497302271513
0.4530808259408667
0.4598842417974954
0.46192134160732073
0.46538269487355016
0.44944470482489557
0.4579258727617217
0.46631471960823156
0.46085899775733363
0.45781545114586464
0.4485086020382292
0.44215804060196395
0.4594273892662928
0.4562708919399238
0.45192934851274874
0.4551916483490466
0.4537230445604131
0.4466211463450531
0.4437691876390268
0.43053209592150776
0.43013451446907836
0.44875386228189373
0.4550777906977679
0.4498399288263303
0.44773864648201545
0.4561816841897164
0.45459936510875754
0.4417060041141845
0.437422773383777
0.4645131411678042
0.4441632399520795
0.4418754129548718
0.44957547675529064
0.45156290535052535
0.4528779305022905
0.44823478192365795
0.45989129790867184
0.46006493116540403
0.45292194263749036
0.46247308734110804
0.44452122697160024
0.44818463460398067
0.45448758239069736
0.4578515805462212
0.4420163603078925
0.44719517811689635
0.4489442271125442
0.4448937506103669
0.44656757629786614
0.4308544889763539
0.4466504959880687
0.44917037724301767
0.45195640289820527
0.44650253851053345
0.4460163629639593
0.4659509059529162
0.442931467538201
0.441618804001217
0.45197108030532207
0.44065787733410666
0.44461674094207115
0.45700214171760967
0.4653296893441052
0.4553440765175193
0.46615076550428286
0.4473215750283533
0.45165093972881265
0.45875671325365097
0.4511358216549648
0.4587852485233048
0.45516361944933525
0.45994623222853726
0.46151048718788557
0.44085072918293566
0.4410577526465533
0.4353135819494799
0.4515249766567912
0.4378075975303136
0.4584532485828834
0.4269221537344333
0.4460050325623548
0.4494454601222567
0.4466990078799931
0.4548117531602122
0.4524098963341162
0.454647115683371
0.4602465912262512
0.46023617600219413
0.4374950680341396
0.4554748535001113
0.4557658547765404
0.4465604476359065
0.456957946476249
0.4463136390874566
0.44452373226095454
0.46084372606757074
0.4595456839467864
0.4525267199175179
0.45201023385678896
0.4555043573362829
0.44992233333227305
0.4608697134935144
0.4618139284964855
0.45129587975888485
0.4650929957267723
0.4593975941135295
0.46416093994920266
0.46219587560062125
0.45399258953972293
0.4539888157965921
0.4536250835610123
0.44841598086806683
0.45129054697599896
0.46316681753960265
0.4634754400010474
0.44037733922567657
0.439222506349487
0.44199548590356796
0.46531996589106894
0.44985334859107096
0.4467985697108675
0.44555823499908176
0.4505200606230355
0.4661538214531294
0.4484029223326102
0.450879427572198
0.45022281451813917
0.4408108871505718
0.44608783837977123
0.4582487374838953
0.4422420584544223
0.4621702777182544
0.4480373596670757
0.4393260022780985
0.44677357787189875
0.46493401728896416
0.4527400309134534
0.45369550106572415
0.42740906712069693
0.43614578356464556
0.4478751217789638
0.439954850432043
0.4500218008358378
0.4494215064184347
0.44309720593583674
0.45090030343724313
0.44296898788842903
0.45292484957968315
0.4558435045798813
0.4474964237106595
0.4471434905108177
0.45258018157187374
0.45322720457791793
0.4616576234017021
0.45767391200507923
0.4587562884456886
0.4546562807991794
0.45810288325239806
0.43432831408527284
0.45440237072315814
0.44886963860512513
0.4475771061650747
0.4427361952662354
0.44311267910156016
0.4537711564729116
0.457018583480225
0.4549790473219284
0.4398729726696672
0.43886345200721893
0.43894257223332944
0.4491309904204091
0.4482160825898983
0.4423930804363193
0.4469504061709707
0.45233596670489445
0.4626450028709015
0.46308051162203057
0.46853722658616703
0.4595688292225016
0.4451138482959073
0.45397661790354293
0.4491234293828654
0.44850652035016586
0.4441893032441828
0.44937280577809613
0.44718443148646075
0.4360114791751005
0.4496439213788662
0.44346395887028
0.4553947195647705
0.45211311584565683
0.4492708447985243
0.4398093596364677
0.44230962022677844
0.44675766990083443
0.4536501408679571
0.44103631538500054
0.4383765778195342
0.4544237703197402
0.45399469395080055
0.46541199225357754
0.4586135905796188
0.4506230327955233
0.4594011808914189
0.456728321078633
0.46297267005382947
0.44649420280234065
0.4449199372737629
0.45562898497742815
0.4399496176502246
0.4506594762207906
0.4610703212146232
0.4454629867771366
0.45418794271891383
0.44986655983129964
0.45807531155161085
0.46302416282487696
0.45050735842726414
0.46365091508864364
0.46515352618264577
0.45646882693938806
0.46564292152200526
