0.9136497726426972
0.897753948793423
0.9128292692836454
0.9108555282883624
0.8927308264232829
0.9110103114818167
0.899485068875584
0.8961255076569771
0.8944567236487486
0.9049002257259664
0.93428434613471
0.9194870874137937
0.9083370743841523
0.923044362729551
0.8969935173482528
0.923483230891255
0.8989598939072148
0.9210819666964236
0.9133939748207366
0.8992644499057745
0.9137238904119639
0.9162418876350042
0.8957117698510215
0.904446591160418
0.8842660993312031
0.920151394062019
0.8745231036578585
0.9149273853655888
0.9412978021777901
0.8884793415682395
0.9051428975106683
0.9124363717846995
0.9200440368131162
0.9032786926175789
0.8747311661705935
0.891154762081463
0.9008224893978545
0.9129582063167396
0.9007636011492396
0.9264741432361734
0.8949891243232528
0.8865484615372758
0.8869199345036566
0.8832712012388821
0.8882000854356475
0.8773512330885541
0.8928922373782366
0.8831252280191543
0.8761305380081208
0.8995202054022537
0.8996835285009932
0.8997220952489478
0.8788199093528886
0.9019967061792079
0.90032576174449
0.9111225311848622
0.9184457256932259
0.8866213036117641
0.8924251355467678
0.8709517565630769
0.8697472188893325
0.8898607921300659
0.8826419075700999
0.8887351743168103
0.8923256119532506
0.8910442286812114
0.8926166295889377
0.9154653292087466
0.9009367203519151
0.8947763892372369
0.8903086100678752
0.9051737659944674
0.8932512869618565
0.8894977475527728
0.8904625342468142
0.9231875195214492
0.9007712638132752
0.9150648922727412
0.8947393260893571
0.9272784419366484
0.904848585369349
0.8893935797145752
0.9063313251704179
0.8852994162823491
0.8988367850130324
0.9156913765580204
0.9068425898162265
0.9036037133246466
0.9116355373325974
0.9164739818275542
0.9087257090580598
0.894029935213078
0.8961384318749385
0.9283996257986225
0.9265812120458362
0.9174837770464201
0.9080823255952928
0.9214664763682388
0.9103408932743939
0.9280013062967842
0.9113657817580171
0.8738098722831542
0.9112651854430198
0.8912307937944481
0.8865779764908914
0.8739897936243672
0.9158363380764877
0.906782209672607
0.881184911089595
0.9053129887020259
0.8841678660752164
0.883835630977482
0.8789030003860897
0.8796079143402944
0.8884524902691907
0.9006398844745014
0.9172565366086431
0.8848006456500652
0.8983628223390031
0.9031693978570587
0.9032290373033595
0.9143730403800566
0.9248172379093833
0.9207627037979249
0.9013042136978262
0.9207781544484612
0.9307148354884893
0.9106712392239512
0.9081379716414868
0.8922651052166292
0.8837014583580589
0.8847498192409906
0.905333424526375
0.9112451937798752
0.9143594635862657
0.914004596265391
0.9316780964672318
0.90793155881709
0.912957489063022
0.8612478300183625
0.8777935436364916
0.9109171826457836
0.9096078129765548
0.8925930442335157
0.9086721551844362
0.9191470993611526
0.9150957567069514
0.9346355147048973
0.9207494699778968
0.9236446671343597
0.9030600795271901
0.9112455222309
0.9086561333339486
0.9118951090693787
0.9061302659069359
0.8950664822464163
0.9050172315607362
0.9251312388114814
0.9049494849284014
0.913837576819941
0.8872312856754012
0.8994802385957428
0.8929606627073587
0.9179303551607372
0.890625855064665
0.9009674649647691
0.8808471323320773
0.8698308133163265
0.8703946566901986
0.9060300471743312
0.8699277900934432
0.882587651412477
0.8832118668787998
0.871144118538427
0.8884659440971405
0.8813212724672217
0.902648761302475
0.8981702028002019
0.8972389115926281
0.9222404167677393
0.8833008122596024
0.8911277797183793
0.9258734433314624
0.868667020903892
0.8927568322117242
0.9148067505669677
0.8763963506346499
0.8978376533481904
0.9088675137647018
0.9131621667545354
0.8993300765987471
0.9036003560923762
0.90318903396495
0.8969620151803402
0.8877651667997108
0.8950209054956587
0.8677360373006946
0.8619212808234196
0.9093715436424444
0.8985370204804274
0.8570341725097625
0.9003509881231906
0.894701064927202
0.8884956885413974
0.8954843995232786
0.9021387119447161
0.8779294265289155
0.8991056260815891
0.9016793774482884
0.9067011344414497
0.8819215895175758
0.9100720748849903
0.903938107197131
0.917108839118026
0.9077944061339888
0.9203288786549281
0.8851922895347618
0.8758263972549263
0.9174781053032472
0.9051795574597786
0.8807243899337189
0.9056217675106204
0.906041045294142
0.8894435639405907
0.9255973610459828
0.9058676226830987
0.9077655108531145
0.879893276833867
0.892154733052539
0.9154938831454655
0.9276341029254086
0.9043056538289992
0.8961081533212698
0.8889646339496263
0.9053942561351009
0.9061033538051595
0.9245814357181046
0.9077502763683937
0.9043656799657754
0.8948128981620407
0.8923722423550589
0.8994368025148876
0.909250001819293
0.8898546045057336
0.9056975469077434
0.9063601774426083
0.8957025308186493
0.8776022874376197
0.897978117432404
0.8902479538863781
0.8871223325301132
0.897167838432595
0.8885956477606339
0.8924137279148228
0.9167359788340477
0.9209936779361892
0.9007372546797292
0.9211241887663388
0.9276763760280285
0.910470788649535
0.885922312413032
0.8894178547883944
0.8792840449719783
0.8704585501942768
0.8823599561125257
0.8923128812975675
0.8890368129389957
0.8877683863442812
0.8748683709472134
0.8833891865821536
0.9071790446306933
0.8850828326487411
0.8903130140534372
0.8897390873996698
0.8801056228284487
0.9123274764275635
0.8839169873303656
0.9058396718371269
0.8958311451865347
0.908578097311651
0.8951786357403657
0.8963198168645947
0.8847985794928082
0.8828640070599111
0.917083319364868
0.9130799969247224
0.9044483955608347
0.8837255628804657
0.9131421403194345
0.9101988908908658
0.8829776430481969
0.8835529084381439
0.8965235696586304
0.9148293132387315
0.9247668619191058
0.90127053011721
0.9002681650160722
0.8799514455397965
0.898552821290526
0.9045720056041491
0.8813690264015597
0.9030434396312317
0.8996488580360285
0.8883733495091221
0.903435400542064
0.8852815489367472
0.9000254737804418
0.9102486406340019
0.9310240364101471
0.9216367194966759
0.9158082986546747
0.9050711057016043
0.8914044689348832
0.8897099571993656
0.9089962977963237
0.9047228611819983
0.8820736841845969
0.9065988940749545
0.8930424444288734
0.9041297684193105
0.902901063868768
0.9033543294999368
0.8997534401788585
0.891349884128184
0.9060208850059441
0.90730837554532
0.8943843047459468
0.8936357054228318
0.9057968643761009
0.8871285028484319
0.9032931793144676
0.8924820229433211
0.9002254743116578
0.8817620287986938
0.9021795739120273
0.8910337096633406
0.8762794044774753
0.8731286135577
0.8575464295450734
0.8808439693546072
0.8727820387300486
0.8615011603433197
0.8886587966024084
0.8871236048334042
0.8882020533232544
0.8969938987056136
0.9112163288731112
0.8930610308228404
0.904426090449077
0.900400244612686
0.8976522576352336
0.9011309255511231
0.885853415748052
0.8931605344718281
0.896560535620194
0.8923872140009057
0.8965979897261883
0.9025525381737645
0.9063396629429568
0.8876874160681414
0.8975939732561765
0.8889039211722977
0.9009102646406468
0.9195363989966965
0.9362945340902432
0.9304980915536805
0.9458328534831173
0.9233602343002631
0.8886616119706479
0.9043215922173141
0.9016753740412358
0.9196721962379345
0.8802284024179748
0.9022722991777368
0.9055816228727308
0.9266537836172635
0.9034775478085048
0.905836110971361
0.8959171636535221
0.9051172665750515
0.8966611099640658
0.8815277217657953
0.8888689077929856
0.8919336293890969
0.8974985801171312
0.8987116268483448
0.8938113579146981
0.9188433203488383
0.9141378013926258
0.9015318494437428
0.8894604815393605
0.9045328415111948
0.8785043329432042
0.8993965509218829
0.918720372924953
0.9005874585755622
0.8902360660059948
0.9013263857807077
0.8791048354089491
0.8964190812167498
0.9005826005768952
0.9174374745218337
0.8849065293566113
0.9084738313029186
0.9097292080146314
0.9086369804656524
0.907224517182061
0.9260779825021612
0.9209212739228803
0.898280942695912
0.9081922562437701
0.907325939089789
0.903085402399435
0.8963542455555488
0.8787579725234672
0.8725031856166539
0.892447699458221
0.9228374233656441
0.8861215611560354
0.8915148175017764
0.8905079653700436
0.8619884421013019
0.8892077071415065
0.8812097693068204
0.9125811807226208
0.891206285143912
0.9079489997336762
0.8931047793470744
0.885597635412577
0.9028537875544702
0.9055893560034227
0.8921414681482782
0.9200302022453006
0.8973660978601677
0.912108968332318
0.9227709592827501
0.9029888946426217
0.9140080044571735
0.8764553189449515
0.9008661154500366
0.9128272522190121
0.89641607887644
0.9028889140911592
0.8769925078090617
0.9106697484688683
0.9027874427695852
0.9004182303953954
0.8884937196394147
0.903417470058888
0.8960561418611861
0.8960649566659658
0.8964915537548983
0.8772766416360434
0.881751390233658
0.8864187554534476
0.8818701725030356
0.885098330405237
0.8596261877879979
0.893375358092766
0.8564881361256562
0.887168693540576
0.9248461105174661
0.8907201539652965
0.8795358719729206
0.9067579954908827
0.9062905906946543
0.8907728650629781
0.9248590053364965
0.9227509064821481
0.9205385821368419
0.9309757351543609
0.940941671308273
0.9136088291123564
0.920790632430079
0.916330124870806
0.9080273203229448
0.9069040715384244
0.9269754614935045
0.897989701849897
0.8919268391792763
0.9126638575117777
0.8987456146003581
0.9175925612892759
0.9095748622919504
0.9008225085803465
0.9071667707350373
0.8991942161031673
0.9089079131873152
0.8968073549734573
0.9033170338573407
0.8935853245336212
0.8867284562337672
0.9021031223078209
0.8789370406095769
0.8860671515166558
0.9108154611770909
0.8913538867315771
0.8852915518626276
0.9089621060249271
0.8945285228933616
0.8780586960553953
0.90943635794314
0.9163157060456104
0.889834811390307
0.8915852649403552
0.8981661229694025
0.9024974146322355
0.8998237585395328
0.8875808082118704
0.8998201343646925
0.8877449494965534
0.9186723260390692
0.9009816056566415
0.9118382281838573
0.8987929571667709
0.8904493947432963
0.9083834661145249
0.9217509430259159
0.9222561432361459
0.9095600868127522
0.9170251321362438
0.9035689910520301
0.9267381310341459
0.9287312292794851
0.9170166631694338
0.9175832967881629
0.9002697186558488
0.8840164043398129
0.9201590288407503
0.8954122844914489
0.8774580749604477
0.9052606819832446
0.889455199075344
0.8967461062137996
0.9224211523398496
0.9041120092895045
0.9021222735844552
0.8935828736074019
0.8890384925248425
0.8956244635893899
0.8944609164665736
0.8942801846344506
0.895742062970487
0.908319730591866
0.899727500485423
0.9075832491895446
0.9052206339293403
0.8978386783702629
0.8936396650609765
0.9054389171186186
0.8899056769197145
0.9082256428309593
0.9070898334190056
0.8776644954374238
0.8888427538856292
0.896077252144478
0.8653222496987596
0.9050536191048271
0.8958553998582472
0.8910406613348663
0.8955726991709367
0.9040048886171941
0.8950115998065065
0.9094353932254379
0.8947972397911499
0.8907228175107659
0.8965520077189559
0.8690047556443388
0.9131078611120005
0.9191813312369665
0.8942278931711121
0.9125308913947913
0.9035300124538053
0.8999757902200516
0.889051104030905
0.9010916618904555
0.8928229872314839
0.9032419087352401
0.8864819403150371
0.8930741112613039
0.8742092210558632
0.8800107021771466
0.8878224824142482
0.9012109128811828
0.8900487478340968
0.8856016531848441
0.9029507032609876
0.8988498030729275
0.9075825238162949
0.8794736484666437
0.9098873134089146
0.8938423190763585
0.8868329104921455
0.8871460709775383
0.8900799452591664
0.893202238706745
0.8785511956339742
0.9041799402952101
0.8883518046684517
0.888741438431667
0.8762168115710374
0.9098670162540858
0.9106506571302473
0.9004806293125311
0.9140152584647773
0.9111724353879804
0.8991422692682409
0.9117728407388119
0.8991901948070373
0.9004975663905546
0.8852844084598243
0.9070016008372441
0.9014632532319857
0.9115002525129055
0.8903451852968651
0.9085568565811784
0.8834649401606398
0.8755817624973712
0.8906970656199298
0.90153212011584
0.8915306660217119
0.8908514774508782
0.910555445437581
0.9192703153019459
0.8899261023987943
0.8879332517372176
0.8853851073287307
0.8983290951872742
0.9050861300563297
0.8965582361610818
0.8917186363772729
0.8867665252807285
0.8811783133778884
0.9053325384481198
0.9106306950776091
0.8952237075529158
0.9106281848259868
0.9023168875419438
0.9037801585272931
0.9048160089529378
0.9143512562766336
0.9119389595789389
0.885100555031324
0.891280674688713
0.8988441534308864
0.9105093693916484
0.9036916725557756
0.9090113894451247
0.9290897404597525
0.8976712018361263
0.9057669859684544
0.8902427865131469
0.9016069931895044
0.9083496223622824
0.9110234846253267
0.8853345379038984
0.9045529523275646
0.8865965489634842
0.8880055212714799
0.8918051960152187
0.9000447139544606
0.9013062855154472
0.8912844413764139
0.8838842069380128
0.9044633709349252
0.8881276182759164
0.8834113901038416
0.8883642962812552
0.8794081214074152
0.8889779279770466
0.8751869796289398
0.8978547952552501
0.8977876687533846
0.9159616365422382
0.9198176221924972
0.8847332898361531
0.8934466779896024
0.9371816471457957
0.9201645251856989
0.907211155994097
0.8914435459172572
0.8927656868220291
0.8962788372337636
0.8646388650483869
0.8907136643137694
0.8923210059103007
0.8341285244434822
0.8874057962093713
0.8883969613443727
0.9165713413927687
0.8819306126267785
0.8622706611596911
0.8996630397534204
0.8723870341112276
0.8979247350336577
0.8822273236241546
0.8961912939590502
0.9077663614554264
0.9085702580953793
0.8993017922210025
0.9088901064826489
0.9080411223875976
0.9177002391272219
0.9004520179297559
0.9251127491079341
0.9070298782731443
0.8941866539384076
0.8982489612791857
0.8895559682542077
0.9022991391460553
0.8879699620141032
0.915385790580284
0.887378543393402
0.8885680768299651
0.889330411242234
0.9264552396215713
0.9222778244619383
0.8853458985603728
0.8995557643996733
0.8991554933881899
0.8950439239500085
0.8780463734398958
0.8837660011632429
0.8576141404440245
0.9066958163164327
0.8924097916204279
0.8869588502737117
0.9023382608499053
0.9005282446927034
0.9116808906686311
0.9073040633452427
0.9129381998342996
0.9205146782568383
0.889151928171285
0.9029434702029489
0.916020982527566
0.9133494306315723
0.912365493414224
0.8971421981956538
0.9010195526160312
0.9215915955446783
0.9016921026623677
0.8979001806812772
0.9110248332814793
0.8977052360711142
0.9046558771963447
0.9003103963299409
0.9010821133673395
0.8794851595787749
0.8967151586054986
0.9194058629003834
0.9067113839112452
0.9043550693432065
0.9093759754208224
0.9044131967073074
0.902551042587677
0.9095277892552721
0.9288649501564075
0.9345890124886631
0.915406562457031
0.9249289475696933
0.9043431718553798
0.9249041514386027
0.9200335755565944
0.9163924272347965
0.9146628388302345
0.9082981102877031
0.9191678475147722
0.9064398433842398
0.9211028533190982
0.8980189542744054
0.9216424684964717
0.9044507613975923
0.9165860721520369
0.8937366865882178
0.8947725384032342
0.8752332371153435
0.891551674597324
0.907784038053291
0.8943867181960056
0.9125261105929748
0.8819448305151629
0.8907588769185993
0.8663140751584287
0.8806625903091722
0.8967906955371101
0.9056500732685009
0.9038448395200673
0.9079043301394412
0.9020309736394068
0.8963314591588059
0.8882685248359653
0.9080323632772378
0.8899347109220619
0.9119969760190596
0.8811993988696885
0.9358783698124502
0.8898442745898978
0.897902251885947
0.8899531825507836
0.890962492055033
0.891403858787576
0.9214829356365875
0.8956133831126856
0.8886401834461051
0.8929703266665119
0.9080849320187365
0.9058396880708004
0.9205392256641021
0.9231187917858433
0.900858214826885
0.8643625843403694
0.8863324585089927
0.8885067433569174
0.9012944394174567
0.8998066521370449
0.912210088618177
0.9082704133634261
0.9053318406574233
0.9002765819125306
0.8974354092480494
0.8986460993151422
0.9055186515604563
0.9038078600316677
0.9274326952981868
0.8984871520177077
0.8911667743735032
0.8966682900651007
0.88720665581927
0.9159473611686764
0.9054309984687094
0.8929781676131725
0.8989061638871234
0.9061779362616378
0.907469202185496
0.9017721499387755
0.8849758723612892
0.893630967778692
0.8688040952336546
0.903642821662392
0.8761541770121763
0.8954932492067709
0.8935514636395258
0.8822601460564741
0.8954434506493332
0.9039805317737075
0.8835037496681544
0.8923362432324673
0.9129008666997724
0.8723528751468924
0.8818422553318168
0.9041036140699219
0.9051756797742265
0.9123784749674819
0.9040503976973439
0.8718944478595486
0.8940981247879032
0.9174226860278772
0.8980583370116404
0.9183508347831876
0.9102507415988457
0.9384589158638476
0.91124645176673
0.9066704027130575
0.8842829493781147
0.9080272628625956
0.9131902418369161
0.9123299831821714
0.9124084719462301
0.9158875329656159
0.9196163078402702
0.9279003012266627
0.922304499690776
0.8930702970529037
0.9067550882812222
0.9258141173147404
0.9325033993763491
0.8960366687340311
0.9274534703212236
0.9183389719629529
0.9107479795498686
0.9357679285131539
0.9029681434897758
0.9044053338218326
0.8977385354341443
0.9013175368615327
0.9145667218734327
0.9316826935678162
0.8956253632801396
0.9244225937449553
0.9202002569840457
0.9211744862099934
0.9011870385186922
0.9139214232055368
0.9133325128288889
0.9089582852171328
0.9445249657363928
0.9155718486932749
0.8959888647041832
0.8835984074549477
0.9113392664470692
0.9312659656415248
0.8876967413453534
0.9010599334534916
0.9155193308095388
0.9241249738235603
0.9320761798672229
0.9273007527974743
0.8936621344955367
0.9035444177235689
0.8727706840704562
0.849672074998495
0.8567055035495439
0.8755240435094066
0.8815492620822556
0.8962693895129841
0.9125745371608445
0.9145272859221796
0.9180280260165695
0.9152011993075995
0.9100111631247039
0.9107629199434473
0.9155151198747855
0.921950196018529
0.9271558800189786
0.8999063516745656
0.9151730707100164
0.9136438172046668
0.9311619993210093
0.9022831537583801
0.9045708084094919
0.9122317279601588
0.919605647013793
0.92239011712138
0.931363511045544
0.9189639020336677
0.8987948861452588
0.9173391765171305
0.9127648158851234
0.9272139389160484
0.9004703868505839
0.9048003017567634
0.899067947199231
0.9037310697298343
0.8964654257487171
0.9055564506110568
0.8905548927578235
0.9037010666786653
0.9294467189650814
0.9213577586341877
0.92356183540394
0.9141681742637465
0.9244638177203948
0.9241023344792052
0.9156097246612196
0.9213878007942313
0.9069630603386196
0.9153741851549553
0.9129251380779861
0.9083984671621643
0.9027632893531393
0.901554268404868
0.920715748590947
0.8814548076835645
0.9024557922226151
0.8962187093289276
0.9014974586858278
0.9036499154952864
0.885334617034862
0.9082892652994887
0.9148712731533079
0.9273732866501292
0.9194893954999237
0.9228590421910582
0.9315278953304214
0.9093234268115271
0.8942886342568525
0.8784602541825521
0.8885267212459098
0.8921256019877473
0.9259861143874996
0.8832881419915335
0.8877126421761408
0.8821844498237007
0.8908174200772218
0.9138138569387456
0.8897694330491118
0.9083607446664681
0.8902440462301698
0.8910064995231393
0.860910119632362
0.8727228728338504
0.8941007636834807
0.8878793014116715
0.8966260809730726
0.9014213142875787
0.8934730693767945
0.8789077424275162
0.8845664766895844
0.8924202581207362
0.8682743493978207
0.8771473245341314
0.9100444132763313
0.9089370795468158
0.9092587608896575
0.901215763889855
0.9153867747317305
0.9101211637744804
0.8929883797118281
0.8847980053223286
0.89981172457602
0.8972204846162407
0.9052648952218939
0.9166406178393651
0.9162376683175286
0.9220683378242045
0.9227811109204894
0.9041760582354494
0.8984539898721267
0.9003771316027873
0.8935376656837903
0.9061043662732726
0.8928309761039979
0.8861386477970843
0.8890453067535831
0.8868698051205883
0.896074071044461
0.8941142216674842
0.9133651293021523
0.9052081016809678
0.9108017648645574
0.9149172183364847
0.9310760015252927
0.9240671649145265
0.9154057259861548
0.9308431744226664
0.9069805749563145
0.9203850529149491
0.9096456602899895
0.9294047407721608
0.8988313748205021
0.896032317521736
0.8965856296224703
0.8899231193554201
0.8904797912034917
0.9045268712691326
0.9180104264477479
0.9056599894293704
0.8989956781849205
0.9283105744624573
0.9224890190317999
0.9105758268778004
0.9073857803497616
0.9043606318058466
0.9239619755715603
0.8982653761487369
0.906351331979927
0.8889378597607116
0.9022093465082991
0.8839122998142638
0.8991039242497528
0.9055900527285801
0.9106473298017739
0.8848177030377777
0.9148122043560686
0.9005891517532457
0.8852934480270918
0.8803346554594695
0.9012981592308388
0.912277736148179
0.9057809752177678
0.8700809878708917
0.9056224261090733
0.880431974150053
0.8888527819166974
0.9035907338374444
0.9106502621024023
0.8955810062170326
0.9187685224079767
0.9068104407220781
0.9146684807852079
0.9089082536678692
0.8980556125995798
0.8864989913044944
0.8797583471750885
0.899684252875287
0.86334959431067
0.8916283946610817
0.8806048602988997
0.8824879151715717
0.8774184784736732
0.8637311058508672
0.8859544971254438
0.8933043755948568
0.8786920951320447
0.8958079623723171
0.9130698386283431
0.8885604780262455
0.8842286375205517
0.900854041046156
0.892515625248878
0.9255314561106729
0.9276797109849835
0.9127319706927876
0.927536014456487
0.9123505655789149
0.903318028983512
0.904195082564765
0.8889223789768617
0.90136357381529
0.8872116152445562
0.9121607249428721
0.875502454419208
0.9057916350407056
0.9266290610920502
0.9113812465208233
0.9237110534749734
0.9142516622381741
0.9071794276734395
0.9000810421977727
0.8892871455929631
0.9059394714658052
0.9082102082798256
0.9102951720412182
0.8732107173531287
0.8971124540974608
0.889401370459501
0.9000128766840636
0.8924805404212941
0.8874497075907872
0.9051062590049587
0.8955132510862696
0.8822727075047707
0.9049115395957387
0.8964408801369834
0.9030220019384902
0.9117526967176066
0.914228786213541
0.9183432413310952
0.9037974368344045
0.909595833045127
0.8887795718704694
0.9146057293904808
0.9260059671027585
0.9055130285347741
0.9207131166113329
0.9130275385656457
0.9033591422738445
0.898233888476349
0.9106241407513309
0.897573618021553
0.8784813217581433
0.8863121739196257
0.9030481823133275
0.9158373089313866
0.9231232809114496
0.9092348919929804
0.9106162429183056
0.9155060424741066
0.9239844419906011
0.9307459562788136
0.9151279000653398
0.9122958269298337
0.8961671495725247
0.8971918452297912
0.9273870073371661
0.8729046830302256
0.8944795003619704
0.908681177502167
0.9015224195873911
0.8905768741987249
0.9217024627094088
0.8981785476917606
0.8842304978872486
0.8867107361601207
0.9024991479590284
0.8883258954718397
0.8836115334936336
0.9075969188172036
0.8906577308734182
0.8899798460185222
0.8885933797153054
0.8928538979923459
0.909139235885104
0.8931170042983123
0.9174804971808251
0.9278972148288871
0.9171214402349729
0.8919809874652112
0.8984968679250876
0.8932526093872746
0.9159844929834488
0.9094057217263813
0.8855613217857268
0.9140982772725865
0.9060818738163183
0.8959346021330334
0.9140378111073408
0.897848660663138
0.9092021957709865
0.8809394987764543
0.9024424700992806
0.9053347542960819
0.9289386883013517
0.9190200316403871
0.9023309443127314
0.8933009121401547
0.9241970725958746
0.9038448078121182
0.908397195027671
0.8863276975443815
0.8866129200755205
0.8871916306386357
0.8946540672799104
0.8821431657561487
0.8985144011558962
0.9080010831867413
0.8849685925717511
0.8817459971995614
0.9018330771472404
0.8872232671822697
0.8667405523209333
0.888115166280179
0.887590309103239
0.8773055490192905
0.8981304478607368
0.8755533478469343
0.8727612514008507
0.8879782980913147
0.8652366707296824
0.8880160101890406
0.9089850449549939
0.9050096299763368
0.8840102213567231
0.8855769764527787
0.9125456056584376
0.9158800756956788
0.9006525482632588
0.9134009368035496
0.8976153144687444
0.9074582127581504
0.8884315503969747
0.9071399714713868
0.8890942364612235
0.9089946778125475
0.9031980249973963
0.895582756423783
0.8997634876437902
0.8985513229777132
0.9210749354403371
0.8940589587370603
0.9176284270355914
0.9258345252235449
0.9049827365522576
0.934977315895808
0.9130452374053555
0.9451626933512431
0.9590445904211844
0.9031866729634096
0.896920961224641
0.8789007974010147
0.9127791533884451
0.9146272536853269
0.8868331406354598
0.8947971405212615
0.8917683060284947
0.9051961617810196
0.9174607668266642
0.8878665122706596
0.8898774334127644
0.91612110511534
0.9212336127406471
0.8991119392912907
0.8985007327442278
0.910080185538032
0.8911559410146827
0.9055150441789717
0.9007217496714429
0.9182024661980982
0.8910811388090729
0.8970471910342523
0.8839933416491367
0.9008711378603408
0.9049276529777772
0.8832988191345632
0.8850916770413351
0.8837715670574848
0.9117637020140563
0.9025308684866278
0.8835746547279018
0.9099326460855967
0.9047378283489124
0.9030207544450446
0.8894049504466579
0.9016674516354353
0.8989595456791386
0.905728410191092
0.9208475781586349
0.9238302453886402
0.8988052950659979
0.9195983224887423
0.9160006363114936
0.9022048933929478
0.9057927395495382
0.9005942285918266
0.9136666131901102
0.8797159586400263
0.9064224235728608
0.8840126766556232
0.9133730832131765
0.9031193861092468
0.883787121252618
0.8903963660782624
0.8916084359235469
0.9087478171152484
0.9241870068278564
0.9214289893562201
0.9015473869262559
0.8802772289075654
0.8947566064212202
0.906403739971017
0.9061256921625808
0.9462334810110383
0.9104333581298507
0.903508428562435
0.9161587692331556
0.9088389427586607
0.9298059688856616
0.9351275064965086
0.8910118135123637
0.8866786067000909
0.9033707634144439
0.8999028033250618
0.9004014358463723
0.9075700055296746
0.8892437957799082
0.8968870166237615
0.9149457114321036
0.8915056880360185
0.9171355742270904
0.9115687589271323
0.9249853786756663
0.9249912918503259
0.9147615056444586
0.9179449721140993
0.9093528224225527
0.8925215563675591
0.8861005417142033
0.8942448020681144
0.8806957625430517
0.9061594383686344
0.9007386246810982
0.899452851128207
0.9436515042696918
0.9161557449486368
0.9164787485175518
0.9332481739091479
0.909604063596971
0.9394803029407647
0.9045264919396145
0.9087997850772103
0.9171607830012747
0.9138484586987718
0.8866611961385382
0.9121375669223108
0.9183446431672306
0.9324442059397601
0.9180462669131033
0.9229037801526438
0.9133168809992491
0.9131117579712965
0.9216172104499765
0.9169592176969967
0.9339603946012144
0.9180125482773274
0.9066435567954421
0.9251501210369931
0.9131316024903751
0.8901656792322298
0.8947371961734105
0.919246016333755
0.9036251101091817
0.8764845644515074
0.9024393114703466
0.9063736332510481
0.9081714791557784
0.9012836548612292
0.9165401332278771
0.9074551576051343
0.9080755462030904
0.9059847166233127
0.8899877205704232
0.9109561405265365
0.9070200963820629
0.9003813024284011
0.9161150102817787
0.8992613526992983
0.8983956296325929
0.9026539024004715
0.8863587286467218
0.9002967759240329
0.8879204898749224
0.9131520590958557
0.9100534539168568
0.8922450366312403
0.9017409742273528
0.9120927988051257
0.862832138290554
0.8993532677408256
0.9133636228533029
0.8921986400822789
0.8941031150174286
0.8884418961834877
0.9246880103062429
0.9203642534265658
0.9261642720489762
0.8997946748584144
0.9196148006382401
0.9111269158652874
0.9011100396635856
0.8922716087162952
0.8885911317338968
0.9015394427666754
0.9135592730003865
0.8932490501286321
0.9067989957900117
0.8818339879348989
0.8912124310035322
0.8822286295604831
0.880086773737305
0.9010943014216987
0.8799055143127362
0.8718631600005221
0.900830489152513
0.9027677545686776
0.8984692465322347
0.9052094930199575
0.9072573112325846
0.8982539476500306
0.8988012167935872
0.8665076460086358
0.8752783417097801
0.8721185649863055
0.90249972899422
0.9073894203535686
0.8976318839364059
0.8922860664173999
0.9259680621355407
0.8964393337979305
0.8949033849761541
0.8966616265795373
0.9082871261974483
0.8959027974741691
0.8975139375269965
0.8992705527472968
0.9248909642018457
0.9308080086424233
0.9129214297220263
0.8859234163715208
0.9083929806733757
0.9341431914465264
0.8920048501953712
0.9032398548886608
0.9128141948473562
0.9025697513399835
0.904891034307663
0.9126461657589201
0.9063761096376204
0.9132447985626811
0.9091684042513187
0.9065355817138574
0.8958593115919589
0.8912746951232323
0.8995816336442257
0.882709053191711
0.9163883566565199
0.9218198009425994
0.9174821399664983
0.9231098165535829
0.9024140474677559
0.9065618597415817
0.8908702965310935
0.9241088069230288
0.8950576457232261
0.8805349072401851
0.9051856006412344
0.877987397578602
0.881273372318425
0.8916992697372221
0.9050680171006864
0.9017757347802269
0.9305762732750008
0.9036991150458176
0.909160435332615
0.886449367698289
0.8974695245518357
0.8883331284820151
0.9018648188957022
0.8886060229162218
0.8645703867522564
0.8872378861333006
0.9019820212943559
0.8996647227715812
0.8961308495760942
0.8764863050651563
0.8880201140326214
0.8948196283277927
0.9016586655495598
0.9156162258613518
0.9151569996206709
0.9155936512556562
0.9203140121846829
0.9164528861717012
0.9043903782774498
0.915458033619957
0.9172464845312195
0.932835838130408
0.9196032813352926
0.9037523637504171
0.9098517250919952
0.8956269763352047
0.9030387505448441
0.9085271749437774
0.9204541176048668
0.8930432393601186
0.9039190578804457
0.9042963438923493
0.9057483681228924
0.9016337546809658
0.9065316767798846
0.9185877412987187
0.8924271607216012
0.9005013436542367
0.8922148828276961
0.8867921644513788
0.8822215450976801
0.8965454849148362
0.9045577962799767
0.9185798314513915
0.9082190614465823
0.9157817209248743
0.9013893196770691
0.9058178096547455
0.912158661574175
0.8941517597705991
0.9023095030957095
0.8883547242766742
0.8905465396756538
0.938627633236429
0.8886838833495816
0.8998064009533178
0.9071800442616359
0.9151421928049568
0.9080166332028043
0.8868405802278666
0.9127996743773384
0.9149836434153356
0.9159828433750408
0.8865754403352972
0.9003954986611091
0.9073717130267615
0.89503617115526
0.8865922355574822
0.8657112452955505
0.9083422814725804
0.9077289608369896
0.894276472780773
0.8948121094706928
0.8805256453364724
0.8842276788762595
0.8592151546499867
0.8650100555332699
0.9041365949815701
0.9007960182062951
0.8882290018232863
0.8662269415966142
0.8659230810688643
0.8905622245230141
0.9077090636561647
0.8985167014664093
0.9088586813003687
0.9075918362178412
0.9108139493873156
0.9062822120661318
0.9149942497495022
0.9097805170861704
0.9156150043379557
0.9080162614544487
0.89568712654585
0.9223960864553409
0.9099762096429744
0.9237419319583561
0.9010305169708536
0.9180675890492314
0.909882197624148
0.906158027400498
0.8806661766825323
0.8884630657033327
0.8859248783839941
0.897454747971991
0.8697749680596575
0.8803106079813097
0.8923830511346094
0.8814893693286484
0.8948326678223104
0.902668551097696
0.9254321188606578
0.9180340711836014
0.8897707874190628
0.9092955123944118
0.9099333741298077
0.9081542019357295
0.8957340328343265
0.9036622795860542
0.9338828071874086
0.9123586208137163
0.9065254464679378
0.8981992753480637
0.9138845926636535
0.9290700142331557
0.8988783399603769
0.8914925312444962
0.9016381349277188
0.9354732725585067
0.8933270868373936
0.8913614840536193
0.9290673226400454
0.8997524880802288
0.9040845753839033
0.8958001211972142
0.9136803748784865
0.9152182265492904
0.9171931492554342
0.8981468126592238
0.9150474391295869
0.9283190177778137
0.9181335521137828
0.9453570873822691
0.9172699958345274
0.8911403582601365
0.9048500350694179
0.89692896172315
0.9006156422531661
0.8948318233220576
0.8832135252637454
0.8983423748359158
0.9069018987555437
0.8802574903102275
0.8890688934565946
0.8965708612882919
0.8854955325567105
0.8871262335339636
0.8800021060354579
0.9220733922944249
0.8940930056013996
0.8969036895452152
0.910605545115496
0.9022405833499731
0.8926120825157213
0.881835408128323
0.8857745394097436
0.8844018908080491
0.8703272282260117
0.8891370576755702
0.8986277962543655
0.9144348078163202
0.892166924397812
0.8881068578375194
0.8889338273013284
0.8997840684983449
0.9008360217196727
0.9135212405342352
0.8861128751034173
0.9180769772739235
0.9060985701929145
0.9097643766056065
0.9067786506637051
0.8917073161233332
0.8793469754485908
0.8757040077176128
0.8953554396773122
0.9103151128447915
0.9126818157135197
0.9170741566601069
0.9099213652564755
0.8745895901251615
0.8855234603513948
0.8809247845958877
0.8775737781088215
0.9018896425470166
0.8744270947585095
0.8959284440853522
0.8653060647315507
0.8891555158720078
0.8907220381802647
0.8749027506284123
0.8857746718942807
0.9038735583083971
0.9022645749533569
0.9126738475902758
0.8802351464239813
0.8921402896128766
0.8772123266440416
0.9233228805317472
0.900490838382707
0.8943779140770657
0.8913043216100494
0.8859167021249155
0.8840328995531634
0.9007110748736977
0.9141680339302263
0.8902257580163417
0.8959221512707829
0.8837564494036912
0.8746866988817936
0.8869692597964428
0.9321317055370892
0.894581858245115
0.9117176856882082
0.9130861762414721
0.9144589183702424
0.9083619323553704
0.9172279916496169
0.9347305349232757
0.8871494368171041
0.8854841141247719
0.9052702472143026
0.8928875729413409
0.8885938330355655
0.9090483737122158
0.9105653832801373
0.9009042110782028
0.9303424272706178
0.9234592193179825
0.8983195574198588
0.8899942138685866
0.9249526421308938
0.9250885727642627
0.8846629155373857
0.9205291751674132
0.9117400396353703
0.8908464760710018
0.9157072468929768
0.9108990615065189
0.891766815067382
0.8918057922175051
0.8822352563284961
0.9066579230308671
0.8769064687566367
0.8894352679661509
0.9069716023250196
0.8767485961249494
0.8749407461487939
0.8940550206022495
0.8966010930323578
0.8998093378157833
0.8982637149035149
0.8938046747755298
0.8711344470133987
0.8978849554207928
0.9040586168670394
0.8828833851776066
0.8829750301943056
0.8978073527519238
0.9042841827951061
0.8980871111380853
0.9004965767518921
0.8866359493681869
0.8920388794233877
0.9010681210476299
0.8742050867144342
0.8735644760373728
0.8773798976257232
0.877170509121162
0.8841969910891794
0.8826081280517267
0.875193958617876
0.8824312843518813
0.8874879606105845
0.89413646682889
0.9025543107376381
0.9057318546962008
0.8692748970780917
0.8998533792698122
0.8807788391166627
0.9034780294674285
0.8974994048393352
0.901057831419507
0.8691389312399231
0.9068448476448289
0.8870421150087847
0.897541734899101
0.930951213093133
0.9174352505681092
0.8842509081804109
0.8895273150128327
0.9128510972476133
0.8757520710715379
0.876107678777678
0.9106678335562575
0.8627908614797176
0.8873084763610781
0.8834158863410698
0.8862504128917446
0.8965759453171839
0.8856692191195659
0.8752880134520498
0.8661857878547675
0.8965387608311555
0.9147615456401316
0.8665463512672915
0.8829383171923502
0.8978037385346107
0.9083919900727917
0.9188597148649266
0.908377518937581
0.8954982615278393
0.9078950371777131
0.917673833254099
0.8930191843841833
0.8843266640059603
0.9269713273432418
0.8962212545952308
0.9013635802010295
0.9036526184477323
0.9009838274691537
0.8894947196160298
0.873180089777686
0.8911855276288999
0.8969087879247278
0.9074317160843028
0.9068220063183858
0.9116750285774547
0.9016178017615719
0.9005516593044998
0.895392777421385
0.8966481750380241
0.9071562983076993
0.9097665039256642
0.8881030412510721
0.8958413576738853
0.9056673010717609
0.8934316107382853
0.9138306253788359
0.9118707232488291
0.8925565019261457
0.8904368705605863
0.9106085080896159
0.9228885893717211
0.9003508657302349
0.9015377906747256
0.8901113597893333
0.9094526937452063
0.897756036354691
0.9027248843790431
0.8983785935228873
0.90510796321818
0.9128944177507122
0.8967688759312435
0.8940811489795908
0.9094258009376295
0.9038155472835201
0.914272800551118
0.9148159444898727
0.9027954654915766
0.9175670894359425
0.900931746838473
0.9193046834347105
0.9140039666146629
0.9160772267917966
0.9023096778236839
0.8870117093009438
0.9021363640418546
0.8913147800206953
0.9233019909569896
0.9143619441709112
0.9096856551873516
0.9006273999894394
0.8836743678135187
0.8917490392611951
0.8661360784913714
0.8933376822448762
0.872339556900019
0.8944465323542601
0.8849335644626196
0.9043486027836989
0.9205650139286441
0.8991146112568751
0.9115795526086243
0.919130456565549
0.9175383713024166
0.9127160726707562
0.9007537572261566
0.8878287894548754
0.903228361718616
0.8928083859513261
0.8992714317964932
0.8932473679945779
0.8774838165052639
0.8899763077919361
0.8814710036150375
0.8923321854867634
0.9223978229334475
0.919538062161974
0.9096424642185414
0.9136013807112455
0.9240237547052994
0.9221678709399059
0.9362362167634206
0.9278589129525725
0.9018953402392506
0.9029563122712198
0.9147174463118651
0.9224558693772791
0.9325712801970478
0.9362257920616697
0.9258617122473058
0.928346790091442
0.917879665279878
0.9071572814604488
0.9154449448835175
0.9070599170837473
0.8807136296800512
0.9255359134650378
0.9105757028994406
0.8802936916591558
0.8692433189480469
0.9074001488000083
0.9080005752448952
0.8827938648151302
0.8996335708254352
0.8777573191858328
0.9090651609218919
0.9068637283541532
0.8991876272956292
0.9080512860042087
0.9113125317207875
0.9057579825470877
0.9097287921914277
0.8980130897060584
0.9102542981991387
0.9135217667827613
0.8936477666699897
0.9127865630868139
0.9002582901051365
0.9121473622281384
0.9026440454079673
0.9157330410879021
0.9040532016161585
0.9090026340534076
0.9296710317505605
0.9031975398138317
0.9228522559136177
0.9354620894870522
0.9269632879678726
0.9239524427696708
0.9093125444876347
0.8933273451012298
0.9014393364397872
0.9226671960440598
0.9010691556122985
0.9280059910445309
0.9194582380515179
0.9135268115367803
0.900017807324474
0.8942195226549079
0.8977257239070864
0.8934796197692447
0.9060255656274252
0.9222299227011103
0.9017811469386912
0.8705155253698015
0.9207364560167638
0.8661893222615547
0.8811047831473189
0.8769832435060603
0.9001419445053029
0.909255075169888
0.8948160960319096
0.8923676723188355
0.891171257609837
0.870711291343045
0.8738693868726786
0.8795747718079678
0.8957077665866394
0.8637311452178327
0.8696872739005161
0.8890996709992174
0.896679490045335
0.8880834703656153
0.8844390711156396
0.8960671198581689
0.8935066140020248
0.8883785548843205
0.9063185255100079
0.9012912578623765
0.8955648746105901
0.8971996959989565
0.890996238595937
0.9119016700041993
0.911048568337032
0.9278114814456835
0.9032106726204017
0.9052096822351483
0.8822159309454386
0.8941597516969214
0.9044195352693145
0.9260940063636534
0.9071011490650207
0.8855864944942898
0.890499675611995
0.9139871558999322
0.9094963908739768
0.8919967005856686
0.8881335142827167
0.8973410617027662
0.921722626526097
0.8993668977438704
0.8928402698820295
0.8908719107560588
0.8909688143000789
0.9175477746774094
0.8942797019002169
0.9043839204030553
0.9055305714984105
0.8849036677174832
0.9065220972024063
0.9066064001661718
0.8839295113266887
0.8969879221713408
0.9106915302536053
0.9046978440578902
0.921659387660824
0.8839780783342628
0.8827482287772883
0.871647940320019
0.8870036520259639
0.8690003418341306
0.865659559277248
0.9016309227253386
0.9142011946550805
0.8927441084104908
0.9197609261936837
0.8964056316251718
0.8993513253500589
0.9009637831391188
0.9050432814187801
0.9193473771439411
0.9049622658590297
0.9207729219610782
0.9242849276020133
0.9132792216165817
0.9308960892036142
0.9183094576978874
0.9413337546729547
0.9252588915029714
0.9280645230144499
0.9163266945492794
0.9342066768402942
0.9247496184769398
0.9363810038212481
0.8917875609649777
0.9289181837528502
0.9269827117814856
0.9165403284677289
0.9132894346665572
0.8991277037039301
0.8988670353018589
0.9014340507919537
0.8723622762838865
0.9066063777951257
0.9002249938761531
0.9148657108405729
0.9107813702058148
0.8829092597753647
0.902793908053916
0.9088258588439719
0.8833531095838153
0.8733796982671107
0.8924601836385074
0.8711207668785517
0.8790750338271082
0.8985981454318767
0.8823479491799711
0.9089623470989399
0.8937306004933232
0.8886397332364926
0.8927612827297882
0.8715131532143661
0.8863634531739868
0.8865515810681943
0.8803486316138909
0.8758791836506693
0.8721217849909046
0.8661977113961877
0.8837173509109727
0.8826672821929618
0.9043672588302317
0.9034105674900363
0.9044862093871845
0.9094304538614499
0.8916909882987718
0.8950891369676537
0.8964372489917103
0.8848422535733491
0.8939495113658582
0.897511018733125
0.8871717701837689
0.8867639297067478
0.9011840163072251
0.8947275964559421
0.9326943123881235
0.9101595068811053
0.9163407048562695
0.9062941801361049
0.9166990596339553
0.9500435504958749
0.9316952491211898
0.9305439631862698
0.9212054902655957
0.8967902611292127
0.918015561861558
0.9087369708332254
0.895470889595392
0.9205196408334619
0.924362163364616
0.9187487296014547
0.9227997761557438
0.9113178928749542
0.9134338457260284
0.9311973094306643
0.9061467007819419
0.8953836249764238
0.9192533567111568
0.9264321224830143
0.9093898435664419
0.909207937590215
0.8929078038276823
0.8530597697073985
0.8630438108036774
0.9059011277867297
0.8968879519307055
0.9013215939132229
0.9241530768278876
0.8980739359772021
0.8803551665934928
0.908513246126545
0.901432507304522
0.9021162577805294
0.9000460959925969
0.8819343708190586
0.8970841045794498
0.9057341002997726
0.9121465234633228
0.904559449651112
0.9167397077584666
0.9271610352583008
0.8971497547982363
0.8911688427744724
0.9103502975371908
0.9240762917836745
0.8690461083561933
0.9096741287532437
0.8779364545367667
0.8713561090584933
0.8872877067810306
0.8958739588163998
0.8786095133974723
0.9046581382047758
0.8906625973907636
0.897054342202161
0.9058491317707562
0.8826896576916394
0.9063957310250604
0.8833714569440737
0.8655390617648246
0.8900946936735636
0.8974112754996485
0.8886634065439156
0.8980831416478102
0.8676549554584093
0.9138737597295392
0.8859436192803429
0.8983508698683853
0.8833430880987174
0.878402836069135
0.8993924339972552
0.8854559361050518
0.8930314581564713
0.8972621029469544
0.9042350773668218
0.9162982341831738
0.9076687121956184
0.8881600765983275
0.8933371307970039
0.8730738137092531
0.8799357379438181
0.8939373351593332
0.8957309469669695
0.8867020248977917
0.8762026593003684
0.8884050744034475
0.8830564943598054
0.8537152231020303
0.8933557196296558
0.9007728002027412
0.8999695409236037
0.9082836136688917
0.8761213073853733
0.8814914560844443
0.9047235230203501
0.897686488642057
0.8665936867391676
0.9007531447600345
0.8794758945337496
0.8740488899601251
0.9087789581788441
0.913272082701971
0.9244636951365282
0.9194095508358693
0.9252378270156096
0.9258319029996184
0.914194711333169
0.918720208897615
0.9022283502775525
0.9223865843057938
0.9131598170191575
0.9221650640532486
0.8965135547609793
0.8869628920079742
0.8955544561883775
0.897905856093444
0.9123354335283158
0.8890382411891784
0.8930485544425436
0.8942466784980686
0.8676273705914472
0.8748576871431143
0.8908254538246501
0.8940396537645414
0.899497623688409
0.8910493584425245
0.9049732343448834
0.9164230084493441
0.897508650119897
0.9156396976063053
0.9138629435747126
0.9095634941489743
0.9264351035599345
0.9147646250702557
0.9273677797765467
0.9142270574903943
0.9230607578421645
0.9159987048908282
0.9192798976530696
0.9199691803544401
0.9323944250061529
0.8987162137780328
0.9006278919993638
0.8910763076202393
0.9171232551177719
0.9027439575582095
0.9030570992343784
0.8968776882522943
0.9005907249008125
0.9227073333566922
0.8902264531930318
0.8784152990531955
0.8998377874391824
0.9093962817170244
0.8884739920611204
0.9049376009334
0.873700988037439
0.8809223766728806
0.8926806686875279
0.8939362954822032
0.9120566724825514
0.8956006427190422
0.8861584335008676
0.8807706883779446
0.8674685851406526
0.8901021400150494
0.8809267175388061
0.8812728321525793
0.9170782201873414
0.8947967409287195
0.8982680278961694
0.8849975436257069
0.8958592723658351
0.8989672105410975
0.9011555230460252
0.8966430253504066
0.9120199017938964
0.9007546248016951
0.9019247083436036
0.8888725122038039
0.9097229779529901
0.9187650782701551
0.9004059952366199
0.8957925458013124
0.8963407170132509
0.9052744269486999
0.8964695370772002
0.9004461299290563
0.9141194129111562
0.9158007911672477
0.9246297584792278
0.9214030067686936
0.9117358951147252
0.9069012272186848
0.9287366798607248
0.9123409901255934
0.9234435171768214
0.925168000830092
0.900763291803593
0.8828945043034876
0.9190095983237188
0.916829005009703
0.912630350746251
0.9179634134840182
0.8888749813502488
0.8784222084222751
0.9030860227058042
0.9009667080759549
0.8820704425512473
0.9100357494502153
0.9190931463263946
0.8839079398637137
0.8974278244216428
0.9050926065494964
0.8987571110969858
0.9125399733596614
0.9109591794600503
0.9098842575518667
0.9195955132227196
0.8543403053275782
0.9059875101645498
0.8887171461003728
0.8867975905967178
0.8923902344027778
0.9046137806561624
0.9014224358080785
0.9034252603079241
0.8972821738289063
0.8809124078091989
0.9014233560682945
0.8924552794709606
0.9000498044162624
0.8833895273245629
0.9100999627714079
0.9025569751354559
0.9136312340209418
0.8875103220824024
0.9066445154504331
0.8937914957127284
0.8985244480526823
0.8949064587944017
0.8784644395206495
0.908873066417299
0.89394217602969
0.8885600934550637
0.8935257322487572
0.9051065621530302
0.887530129301007
0.896025367781099
0.9156394153992891
0.9019146207529134
0.910012703997501
0.9070910683055214
0.8746918673016844
0.9238218328705217
0.8846314073396533
0.9145336480600528
0.8951539282031659
0.9020835358346371
0.8917049597079809
0.9124038736058051
0.9007905459736146
0.9009206458182635
0.8960591134510365
0.8836560449085114
0.8691618263502383
0.8666797704900386
0.883584431185481
0.8869045905338847
0.8801926065570789
0.90005592134302
0.8961861567777958
0.9021246986593694
0.8770927347502548
0.8887254665224383
0.8765587905240252
0.8959125130211817
0.8790085553401766
0.8887003912759432
0.8803301145756183
0.8949085515616739
0.8820905961651401
0.910889996755857
0.8838986668775792
0.8905532248978443
0.8868962096295594
0.8868438319333176
0.9046407350817038
0.9184013945824325
0.9092228193654897
0.8832887797755097
0.8904205169786956
0.8820243538875012
0.8973766003703787
0.882005303790878
0.8954569474870923
0.915193934946631
0.9114461019024611
0.8866685167174224
0.9111062424031402
0.9037645444528303
0.8815122817047384
0.9018904014267795
0.9227997454934646
0.9087618505274122
0.9225695150406932
0.8985932078913101
0.9097567112620417
0.9360032170278736
0.9305670451582881
0.9170884639309288
0.9204487505470913
0.9216850328594496
0.8938822310108399
0.8866966928712553
0.8866628688759776
0.8963545569095592
0.8907418636289187
0.9082141269907873
0.8862868749398967
0.8940596553874525
0.890005750420592
0.8921072913123118
0.9168010967934467
0.8935251913884067
0.9358975620269123
0.9135317356731127
0.9161085825992948
0.9098828145925697
0.9354710978841447
0.9228936500777385
0.9050755967544003
0.8966868966042798
0.9004419446261096
0.9283422440567657
0.9015471994858446
0.9283268885019753
0.9202074505640458
0.8908664688323908
0.9113261021300157
0.9201745884527276
0.9392376611495725
0.9060595137810953
0.9236695589615761
0.9296773794049681
0.9100164426618531
0.9185606550147251
0.9233022106597562
0.9059076917131713
0.9004933976985858
0.8911827652939193
0.8637206584440141
0.8917670728004041
0.8863741280152955
0.8632774632370392
0.9152680022233104
0.8569636298783944
0.9043907956409456
0.9153730603153405
0.8985553868308744
0.8817211501620404
0.9023041459477985
0.9046992951325024
0.8874672447464431
0.8767424008029959
0.8923681757263752
0.8890750536158735
0.8743522495484937
0.8837516334405923
0.8869116259568288
0.912053036685424
0.8981425124468629
0.9237515570669598
0.89863825765646
0.9275096142717683
0.8896850293400473
0.9039582179878802
0.8861739885874944
0.8894246538854516
0.8998642406126798
0.8948872182338323
0.9065720838646154
0.8895714218331675
0.9024267436492892
0.8938983127132434
0.8996364528392898
0.9138730907997809
0.8975870265380312
0.8859181257740891
0.9020815312061018
0.890424802303721
0.8989883378577743
0.9090651335430989
0.8873891012601511
0.9023646818915242
0.89805292030422
0.928319282448356
0.885300756619706
0.8898768566725633
0.9016548743814918
0.8917507032165197
0.9081407258663337
0.8934422361505201
0.9129615452846354
0.9188115968142203
0.8893341723666124
0.8871267800550344
0.8784735069892838
0.8722267507476192
0.897954067533474
0.8834928979518285
0.8930376035680643
0.8943831659436852
0.8916138255421348
0.8925865575730234
0.8962408992195379
0.8889468266479053
0.8902163404858989
0.9120284588428953
0.9146220258251041
0.9056426865575651
0.9003791285952013
0.9033996046543967
0.921060663378405
0.9071209067012542
0.8880803320554878
0.9096588149944274
0.894470277121334
0.8918057615362238
0.9007417076854511
0.9236735979544486
0.8996894774628981
0.9158752917032569
0.9006834476672749
0.8916242933204188
0.900746116733933
0.8964406821767348
0.9211618608946797
0.8757525799380047
0.8880218703278082
0.9074473154289873
0.8956662140079716
0.8946756548101654
0.8914487746045837
0.8975531594294481
0.8939783301114825
0.9158459714947877
0.8814781651788911
0.8793646305939311
0.8986918900446876
0.8970532231874844
0.885415090228657
0.8888615899873961
0.9053853318543302
0.8872354695937641
0.9031443356222773
0.8956305577882622
0.9137564500316657
0.9368982682055764
0.9244556305676841
0.9077293432385126
0.9129516237198916
0.9030140948951527
0.9018256889329819
0.8856547107561096
0.9122232265286172
0.8916471726513067
0.914195908601543
0.8937150895301176
0.8969408465023394
0.8845240028726773
0.9019567413210293
0.9230118753479364
0.8953768848669523
0.9289932985292586
0.8859652019948865
0.9011013398079655
0.9120592593817968
0.8982879725085735
0.9088498681195851
0.9105451304179395
0.8824091581163311
0.8981848065863682
0.8910683469174834
0.8785376599700279
0.9035576824719643
0.9057792491403371
0.8782309418727019
0.8975383346791628
0.8784932496425338
0.8805580936258608
0.9077300852306964
0.882320719193266
0.8707999591948901
0.8987185358388029
0.8796322764543578
0.9156314021979598
0.9122653660970707
0.9026413081144883
0.8859228533125503
0.8747562657350911
0.8924905619420582
0.8940298850746408
0.8806905523050723
0.9000915768286453
0.8867328772607538
0.9000510084095599
0.9039536586356323
0.9103439875687334
0.9161865840317598
0.9099825627334855
0.9100954663379301
0.901134841060013
0.8904938788602105
0.9088354145595996
0.8809741177620657
0.9090019877508448
0.898485264072086
0.8902092456171777
0.8792126645634402
0.8835945186048226
0.8881958214973578
0.9118664459773073
0.9160951660354355
0.9030864852883264
0.9038687015692899
0.9338598505769815
0.9211398443508019
0.9075631829542936
0.903139149709347
0.9143236052511541
0.9239303749301108
0.9019560456389606
0.9048824111582927
0.9029825884784269
0.9039166031858068
0.885891372314684
0.8946010190463609
0.8963168837140905
0.9029870567154069
0.9074779573179095
0.9200973155093557
0.8996643618232206
0.9185075386867347
0.9201814205201109
0.8941843892134028
0.9161592649468641
0.9100434534803035
0.9047068277641167
0.8957376565697097
0.9360315864878406
0.8826216221752983
0.9062109409381722
0.8716841907573962
0.8979083635041378
0.8913254114353225
0.912024081146305
0.9216023109609146
0.9116853740508161
0.9139565779499353
0.8881777677073094
0.8991026428013094
0.9202605803410033
0.9004569565581516
0.885780534176787
0.9237999038132806
0.9188239518707284
0.9115602631184531
0.9092658938308098
0.9080526535327361
0.9157824933959001
0.9266791339094508
0.9213637741612847
0.8954588276661759
0.9013666784032613
0.9061449699483282
0.8984576032251723
0.9195925751506027
0.913193009757782
0.9029188423212633
0.8896744160457088
0.9237965070187978
0.887594370160248
0.8994303286746848
0.8943279472874424
0.9030542734081803
0.9001745840631834
0.9089400206594247
0.8812494505741653
0.8871582625999768
0.9025555564066896
0.9024454039544954
0.90297405505517
0.900523566836468
0.8631771678549605
0.9018990445989219
0.8937056256666072
0.8729834419290115
0.8691591257887852
0.9119601280728284
0.8941990230761072
0.91464860443777
0.8989970877565228
0.9072895717514964
0.9035786765863204
0.8912835383971639
0.9005090088957345
0.9155767900918514
0.9081112651697961
0.8852057014103514
0.8865308374692296
0.8646218564923747
0.8952429070799054
0.9072299628536976
0.9158471452658049
0.901856776783537
0.9045704339225359
0.9037123643702878
0.8896149516662872
0.9223747183243278
0.905097943532007
0.9025701571041658
0.8967043666299261
0.8858049219403288
0.8885759466328866
0.8938420095966333
0.8882142306418278
0.9033808137311341
0.9021977380222245
0.8902220224423021
0.9279152315910051
0.9159222709449033
0.9131155982522642
0.914773155050387
0.8886151066305872
0.8954711301995503
0.8866381419481608
0.903262905783518
0.9292777488958072
0.9162070915301563
0.8906056411255814
0.9054919650333884
0.9268150715622675
0.923730687269558
0.9507564502285216
0.9288028382573266
0.9413372505438176
0.9331729336987652
0.9229749790987529
0.9082324148416568
0.9283675646678693
0.9254568563712714
0.9176707435006398
0.9093741376042025
0.9120859221463178
0.8823947617484863
0.9182012148167824
0.8991287534098145
0.8987366287599448
0.8908015143540962
0.9022395861219501
0.913021178694057
0.9088260380023936
0.889957055813654
0.9081847353881536
0.8939511205064556
0.9004354011069495
0.8876152225578087
0.8653152494575223
0.8936156167704818
0.9092597433112655
0.9199586828226881
0.9151692016385116
0.9280944447538652
0.8872999461580485
0.8940039717296999
0.8974784249117644
0.8868603927297201
0.8905291909546384
0.9067548124788642
0.8850955931875428
0.8982136398555187
0.8934700448090206
0.9118234905131404
0.9264900828259512
0.91575489939955
0.911801625488222
0.8751817919602016
0.9131512398924411
0.8920544054196712
0.9024965001069192
0.9005659133246503
0.9163903001579876
0.9084831350677276
0.9105562238148532
0.9089436874730121
0.9042852704199896
0.8894955000381405
0.8999771029440723
0.8932739575843733
0.8724511190243894
0.8827684396112017
0.8842198350518717
0.9192452099989211
0.9003195473145611
0.9121285739773257
0.916514862061072
0.941544785009286
0.9348240983576925
0.898473416721554
0.9075318623954274
0.869329806502149
0.8978939839089827
0.9082048457233648
0.9009612311178911
0.8982914911060553
0.9078953337288442
0.8913160940107405
0.8849335939388596
0.8763861292469166
0.8698426506052868
0.894349247941227
0.8791280436222009
0.8660795047062023
0.8856257366296942
0.879509667856703
0.9197477451940661
0.9080458313110759
0.8786982565356446
0.9150942749044122
0.9175377959299038
0.9260475431693581
0.8975635896383525
0.9071281832160798
0.9121977258345466
0.9023712953969835
0.9104239925562649
0.9088144254413517
0.9100690085554279
0.9052281185556861
0.9047924874002545
0.8825334643910425
0.9028110751395663
0.9314135336206957
0.9208050922001401
0.8747062933765684
0.8867139148936114
0.8870580567983342
0.8877215723501558
0.9018921081489129
0.9080591490545058
0.9044511017424317
0.9014669371184355
0.8929730608002882
0.9094908577067173
0.9043631850953608
0.8988265510947838
0.8876488820712465
0.9195538445644027
0.8887338437665636
0.8919985577650777
0.9341306949208787
0.9157806951979749
0.9106636641654915
0.9283949304461806
0.9095138710273545
0.9033891153414679
0.9133190720324853
0.9276710057818751
0.9347478932796555
0.9278752672868249
0.8914306526897386
0.8710358650884235
0.9131175933839868
0.904688639720256
0.889716561038066
0.8963691827942324
0.9036337469849341
0.9032915014361844
0.8800349619018368
0.9062045907969647
0.9007882822402792
0.8999389666081743
0.9072915194087512
0.9428675266163973
0.9172940038930218
0.9256736028896744
0.9074872004552285
0.926743801518013
0.9144351538021314
0.9064111591994205
0.9092346275683484
0.9039336010023812
0.8966980357221772
0.9005270326090152
0.8942691527719662
0.8785506231177485
0.8833228102538752
0.8919732246069514
0.8735822961335828
0.8946295228694676
0.8994223905702112
0.8867085355846109
0.9037679957704781
0.8993416311197863
0.884230852835463
0.8953283924048858
0.8949907590805597
0.8625617119258691
0.8853882539678142
0.8719604274546284
0.8797968378982344
0.8743983434171085
0.8761118092385323
0.8771218483692897
0.8767159889804508
0.9061474401157572
0.9114052558146135
0.8909048021151988
0.8905034548697484
0.8635428704997967
0.8985055246592066
0.8767585138940184
0.8907904773772239
0.8972716481705513
0.8986072521498285
0.9119639553444137
0.9082054499871379
0.9070425970113886
0.8899571272847013
0.899070130542062
0.9023323470480855
0.9033000224371724
0.8837144305990297
0.89932389862372
0.8910744194951825
0.9060716416475869
0.9129063379300986
0.8777309244453926
0.9115940568835061
0.8920860824328053
0.884678085357906
0.901453801047112
0.8759639067403899
0.8836695842224216
0.8893542318020159
0.8917709656484509
0.9125836232561173
0.9022438876537133
0.8893136387611309
0.8983912952106358
0.8795233487393197
0.8944941636941102
0.9035560653360528
0.9214587936773344
0.9072914082200356
0.8914430082701825
0.8962786551915751
0.9110627373536047
0.9003377333690565
0.8957065230669369
0.902813972028977
0.900469008240142
0.8914234844192099
0.8606123955128533
0.8874106011870597
0.901262535145343
0.8858012094653585
0.8746463767870676
0.8917015841111032
0.8705999789571012
0.8819905633405445
0.8946825880100737
0.8988808961235611
0.8893757111298766
0.9090357371942224
0.8955507334095796
0.9007448808667096
0.8974092390960847
0.8984698862195877
0.9028651942808024
0.8936727859319852
0.9042741725940264
0.9101244414898757
0.927262327541013
0.9051817604594666
0.904909342444549
0.8963666926022436
0.8953697147418325
0.9115956975392052
0.9083553945263658
0.9110410635267818
0.9032488008208267
0.8822116268237534
0.8906721073525061
0.9064457310655313
0.9058692593374984
0.8901070916056639
0.8872657283456391
0.8896674317166091
0.8831970338910423
0.8809163886425466
0.890909242394428
0.8977841517886613
0.8866776981558943
0.8762313244461237
0.9000111694189292
0.9020113781697044
0.8987108533451404
0.9119968580046837
0.9145125702831153
0.9059147212193887
0.9065710680418628
0.9237458858895009
0.9234454066773321
0.9153642401540878
0.8919708051183939
0.9186873390824635
0.9289792217117023
0.9096616355312385
0.9019133776430297
0.893566965941192
0.8752482207801711
0.9037821316298214
0.8954526723247991
0.8997334825846004
0.8883513740345786
0.8875718855065713
0.8902832131874797
0.8839621974517586
0.886861672277414
0.895278562993659
0.8782503719214528
0.888006506589148
0.878011227994373
0.8923913438777693
0.8787117490121021
0.8988165951871661
0.8975247697720767
0.8842622529136911
0.9008121881393335
0.893792684485286
0.8872867381322004
0.9111085416435769
0.9090549665058334
0.8986583471136531
0.8957101792725488
0.8954924591494667
0.9072479374057704
0.9197972436661987
0.9172955490741677
0.8911707796314187
0.8983778849977085
0.9045477018420675
0.873681333467548
0.9245927537886605
0.8866165513306309
0.8904276490871291
0.9172004383485449
0.8960859981863163
0.8926797967902897
0.8830544306398753
0.8940892193708848
0.9022749252566931
0.8990838751099864
0.9166646428408118
0.8969909660552307
0.9044609828509231
0.8983619582924258
0.9053247540669784
0.8868872549482839
0.8814429116588123
0.8906673359825028
0.9010325552402765
0.8997896552784816
0.9166612899956217
0.9095456187666348
0.9142010213750393
0.9217219968669648
0.8923526021636625
0.8981319520436588
0.9035506548879207
0.9030271790842456
0.9073794002116333
0.9071839265678965
0.9170312761995524
0.904567874877844
0.9077820004119935
0.8848931752103513
0.8678828637964194
0.9017947735633074
0.9087147143237114
0.888633221794122
0.8942009027988984
0.9049834238831644
0.8879388341918493
0.8959659603399043
0.8881792182164993
0.9292662488401013
0.9017510403709101
0.9001262045852848
0.9030278712798971
0.9033847513807641
0.896903103886902
0.9223235186152342
0.9146481519089485
0.914176096471954
0.9167980383101639
0.8883384302437777
0.925412830665952
0.9158646609445577
0.9396838267558616
0.9238323683563023
0.903504322999847
0.9203176111949702
0.9179776659961605
0.8790511264601399
0.9003317261983632
0.8945436869441952
0.9054269067472357
0.9173418223382868
0.909722907014417
0.9018656667492693
0.8964819111280574
0.8857806108334254
0.8887248964013017
0.8880557765205355
0.907617518690843
0.8960127041620471
0.8942406304591981
0.8957650014980219
0.8884142996364977
0.8871390157936117
0.8831466883289134
0.8859193402032154
0.8941908784133948
0.9224613393039356
0.8898602943796751
0.9107542453568085
0.9143201950861208
0.9034659174727216
0.8942313495991159
0.9079666344414555
0.8955904115189227
0.9194017178305474
0.9008867521695059
0.9008926495895567
0.9017999906321537
0.9064840599349024
0.903556253195467
0.9146644542273801
0.9056155187984242
0.9026197588952005
0.9112656865708961
0.899585416364289
0.8956662081258848
0.8968350429637008
0.8834776596226914
0.8979207384609234
0.8740855439613271
0.8962165403469272
0.8984744272274001
0.9125899617991062
0.9087022430907495
0.8816989937707458
0.8932405161280259
0.895238699996586
0.9130052766147821
0.8911478357962624
0.9101154990005644
0.8990645036452756
0.9037113514358885
0.932014158692813
0.9160481623765927
0.9210556220220824
0.9063945024065033
0.9122878453474238
0.8868319383727099
0.8808179067143374
0.903318771812633
0.8787822601963128
0.8647365166992449
0.8824206010024717
0.880153794585458
