0.0012185118179658253
0.004229139758552571
-0.003361701609280653
-0.005943522056480707
0.004803186127631635
-0.005055978430651176
-0.0032022856880059088
-0.0035845434991844042
-0.00418407185861587
-0.0016865606976600887
-0.0027318000679023464
0.0036591810012954135
-0.0005489448755311317
-0.0024877647029181126
0.0002979149888554741
0.0060199136516835405
-0.004041375461467586
-0.002619021668613554
-0.0020319191801734565
-0.0060768695736457485
-0.004774169011806989
-0.007726417938920378
0.003990731040720209
0.001744074015486766
-0.0053268797138739474
-0.004707824381353172
0.0021233631549932496
-0.006410741443759193
-0.0024856822614173464
0.0015441053491505531
-0.005665436542018452
0.003488080037101403
0.0056364437640963865
0.0019406288069488036
0.0072437232444002055
-0.007671239643258905
-9.730228254573666e-6
0.002945175961876839
-0.00030716939728307963
0.0025667753162784785
0.0026509499096239097
0.0007123514140763326
0.0030614588230350355
-0.005163734590401952
-0.000584661004548657
-0.0019679486204436506
-0.007823566927797107
0.009681043709885661
0.004116301922381041
-0.004210581514042263
0.0036556117037872737
0.0035013967336656694
-0.002614719531249891
0.0031331177923709136
-0.006835512899684775
-0.003306234563714634
0.0014859297501408908
-0.0028671139244735217
-0.003193275440088646
0.007537919880252262
0.002690315394674115
-0.0014085760136008751
0.004627962537772518
0.003280811310058193
0.0001659840847310261
0.00046589738677330636
-0.00186211885591148
-1.834397564735976e-5
0.0001285530444432967
0.0067182811507217974
-0.0029223812560653134
-0.005815000214241861
-0.0005413356942856717
-0.0010672496747200467
-0.00023795426378263318
-0.0023215610433450305
0.004599789941131789
0.0041062136636194155
-0.003939569920033014
0.001615383706137918
-0.00184486595695236
-0.006361254317427588
0.0011310131910777254
0.004224702309467595
0.002676610493610205
-0.0007167919195509348
-9.044490097438827e-5
0.005401307107787391
0.004273069079624073
0.006994581932693176
0.0068740817303057965
0.0028171056158921544
-0.0008050037796422486
-0.006735652124335817
-0.0013242249512909368
-0.0025630122664133392
-0.001221597081639385
0.0014595255051363606
0.006598394855655858
0.002978901204396252
0.007129633830161106
0.0006537384258133089
0.0004175723744802274
0.00014902009733270714
0.0033708036260219855
0.005409230644622399
0.00012030904205900242
-0.0014162532212098798
-0.004953625680990459
0.0008650341786825877
-0.0011261721499455282
-0.0035051132169861077
-0.002307540401180086
-0.001324611071433973
-0.0024013207138949668
-0.00037234786058727834
0.001236063639328895
-0.005965980669617909
0.004238342360581595
-0.0007360567087685456
-0.0015909827638661475
0.006541472537548282
-0.002963981078866396
-0.005014891709562198
0.0063453724325050415
-0.00979849542975328
0.00412409656976078
0.0010219224991497777
0.004928442263106723
-0.0010148839425239723
-0.004671317187612377
0.005011292376868035
0.003104226927493087
-0.0034768738311239276
0.0014321555809371379
0.0022507330903917574
-0.005069654440304168
0.00212949458515094
-0.002562455835695512
-0.0001756082747188894
-0.007757584704710363
0.00025890028866721584
0.005143902421046044
-0.004169607598338819
-0.004192017955299048
0.005174177141399755
-0.003103904180039449
-0.0033838644139621474
5.3266911603446106e-5
-0.001239289659520768
0.009116274119511148
0.005131338653846219
0.003754142097297856
-0.0051392821119621325
0.0018351943366419746
-0.003201430793160831
-0.005156652351166677
0.00609024644637181
-0.0029091148958882546
0.002900048870673158
-0.009750038809883975
-0.0020706789543727734
0.004202293511765055
-0.0025123547591477985
-0.0008565148374552805
0.0003607846791225666
-0.0013911828508102744
-0.00019014690790749135
-0.000553826764542151
0.0009746402168983783
0.00036097608078796274
-0.009256295438704348
0.0018658388908088558
0.0003121569733512022
0.0008074210905043874
0.0033649244991369497
0.001385374363523048
0.007201767830810058
0.0008859627277522772
0.002677266484582862
0.0023168538233339165
0.005441110278703437
0.0022127557109390744
0.004947652520512419
-0.00032481566379449246
0.0009727397380235062
-0.005085754280278351
-0.00128461179499793
-0.004893856217596323
-0.0006472605377557599
-0.0045053069163448626
0.00452674423862541
0.005872415409153348
-0.0014439419164341796
0.0013646582713414492
-0.0004871148810507539
-0.0011644135341583406
-0.0034214214409570404
0.002678372364488344
-0.004509583278110229
