0.030250814665697234
0.03461365297278473
0.034679801871354686
0.03556757289786347
0.02167773307743649
0.0333750070276697
0.04677225887643578
0.033110344911612265
0.035692185554891974
0.039778856665010534
0.03790542151963551
0.033963635304567925
0.03673137626703725
0.03212396429246205
0.03939380837042495
0.03807698518905527
0.04110596600993892
0.03358842544007013
0.03661444166620276
0.0357039433520939
0.03713614301656833
0.03765064226505455
0.03800709994940052
0.035628606279101006
0.04052330051388083
0.03372476554266328
0.033943948983909566
0.039432453701355535
0.03115484451799795
0.03751866311306129
0.03921841691438384
0.039794590802211705
0.03103776621752096
0.03347631232920896
0.039933085453546596
0.03686099240591248
0.029513668228496423
0.033777266518834975
0.03507257631933486
0.034099956057876246
0.037094792216727734
0.03661111230650393
0.035550240389838256
0.036505108705043234
0.026214677289897226
0.03477415576747406
0.034975239942804943
0.02805411839350575
0.04086218151730339
0.03508184957454848
0.03481330098124258
0.03566889735843335
0.03390455230166638
0.02758616889051886
0.03152788897340198
0.03944691910709122
0.041143314469969966
0.03158992779079059
0.03485375460345312
0.038826073276008816
0.0393017541139474
0.03810369251527685
0.041614908622594295
0.03786781654107456
0.03575484274888507
0.029114680549785152
0.03299569875644613
0.035259160552919604
0.02980656634466433
0.03761700765110437
0.03404821674218991
0.030765975630168762
0.0350954352085978
0.037524542621230436
0.03661634317365242
0.029584267117882777
0.03372400122337381
0.03330742792561198
0.0301778856650938
0.03475621600933343
0.0345435040945076
0.035123492950051474
0.029725270084630644
0.032299143954214606
0.031947127035525845
0.04112221609891935
0.02662090850424572
0.03886855727397824
0.0342498652957548
0.029160132292454823
0.030523160721999797
0.03596781668145657
0.03663607157456768
0.03606188162737534
0.04045116311712531
0.037270648595980116
0.03576086901369657
0.040399561947409485
0.03224852303414423
0.03226906525645888
0.03685980541767046
0.03446579387930855
0.03230363092090763
0.036612537610700505
0.04058093045167067
0.03673731550951834
0.035524119277621655
0.03690037975536281
0.03433720019906966
0.034335324483862846
0.03958095934365811
0.03977594160172754
0.02775793015675828
0.03684195067240727
0.024638515107338728
0.03458756329470189
0.03285026115404435
0.031247533694627294
0.03301417597069793
0.03282777526875677
0.04105129466475369
0.03261642749780786
0.04104995965705803
0.03925944451585761
0.03789327285170642
0.04056687240776678
0.039788237650512426
0.036001765164279456
0.03170737343875611
0.04069534804700418
0.02841837981470255
0.028540572441288665
0.03617032850166396
0.03720966924353744
0.039808201602812454
0.03380362494887952
0.040947492339384085
0.03476367432135379
0.03396713454249472
0.038194829003310934
0.034338619469585246
0.03975929636129498
0.0306613497920653
0.025484774414795172
0.037911791736854716
0.03132556532607093
0.03295903272345384
0.03654318418888862
0.03297505688840513
0.039606521790491726
0.038447034182302144
0.0369907573429408
0.032874628199746375
0.029077776036062215
0.03735247816553626
0.040477404318050816
0.02904599725409415
0.03349984931417695
0.03721040220049415
0.03154167271107371
0.03465619940144929
0.03460051485883088
0.03138234154334023
0.03410959750686609
0.03350221840606906
0.0313248904564817
0.04077804290613971
0.02844430810610005
0.03510430429108566
0.033012546715206884
0.032453992555554714
0.033125095703467694
0.037203127421713
0.031849813639857324
0.037506196420339366
0.033994316032313864
0.03703201173335616
0.038486622690352176
0.03556000468794912
0.03301429598578301
0.026856065962174703
0.037683627709029194
0.032951117531609155
0.028500896012229986
0.03819103731478889
0.038423100994705514
0.03157033121563717
0.03199540839601975
0.02795161753086007
0.03307990916154256
0.033683868875992964
0.032551851300746934
0.0349151044026355
0.03295211898719876
0.04056965227965062
0.04064711878656478
0.03708808444592232
0.03817261991010107
0.03088167261087929
0.04120336331983607
