0.03011067439041412
0.03618607336875471
0.037676650437545006
0.03434559585929616
0.034471465795817835
0.033656574879208444
0.04262742192651098
0.04002789028086562
0.032994056583364725
0.03303483079724576
0.028872681256807475
0.033991329879443165
0.03166803786754225
0.0323892521243471
0.04298872117244272
0.0435369054453834
0.0352624288241714
0.03370443383350964
0.03874554186933918
0.031146421740083155
0.03394322169182721
0.0424309108169475
0.03408018493301904
0.036829287515251385
0.0341552639791149
0.03476570894868554
0.0325914892123718
0.03704126517139356
0.03461234276254481
0.03684639952374372
0.043696795640684113
0.037769987580003
0.029040693051209068
0.030613127581842453
0.033971422218857135
0.03810443500640773
0.028587249825620373
0.03485599628556307
0.033631152144387416
0.033130791981073576
0.03590413074315159
0.03147628359747111
0.032132245145786095
0.030711273404052435
0.038455585674392515
0.02943163251361268
0.03089639395179216
0.03952709584087297
0.03548800946967265
0.027026796174549846
0.032344540374278204
0.03447553115519626
0.03477417552517359
0.040314479981041124
0.036786167248022375
0.03603592012224667
0.0319844963316234
0.02988332176707552
0.036908944856244144
0.041682076467912055
0.03360862553146465
0.028789102217019295
0.0427828130915669
0.03516150796081683
0.03623507684534581
0.031388193640060444
0.0414997660386695
0.03343526154369229
0.03392263627239562
0.03214412554795534
0.028343614573497086
0.03983048785871419
0.039119679750728595
0.03390029296942501
0.029074831180781878
0.03944534898953513
0.03194345333944446
0.03381677449219777
0.034856562207676675
0.03990354334469055
0.028060232815758722
0.02862378195547275
0.03374868203836602
0.03532184750817188
0.032267243937467424
0.032082836052434976
0.033876727765443315
0.045749037843910954
0.03816122329219197
0.031307591206725556
0.043917509970352216
0.0388396755653779
0.04207746286286365
0.03278990136382052
0.04038946412055778
0.028840063722191334
0.0380612027249114
0.036812492915443945
0.03410607537795244
0.03337898562733232
0.03347281429056892
0.03526909141047002
0.040720026664649564
0.03971040713772157
0.03766104396497348
0.03837592219101764
0.03715513462236368
0.037278838894736634
0.04033961093741161
0.03826206822609106
0.039319416003065655
0.03261446487265367
0.03148545910107001
0.034791216430922985
0.03684684606687991
0.03376777510685576
0.03645442138528901
0.03378612193986876
0.03279494769654362
0.03181344963808148
0.03416816900852935
0.027603775691861277
0.04699153486334508
0.033362343790076784
0.04318750415743909
0.03682602933703605
0.03996911421591677
0.03460809439271295
0.036390819844743544
0.03505221075352996
0.0343623850358282
0.03939318540180702
0.03162340241507835
0.039237236347069375
0.03601194778608473
0.04169682411205178
0.031324547751141574
0.03749533002238601
0.03948296472949017
0.04021064608437136
0.034896290316696076
0.041668449948303043
0.0409926462941921
0.03875327713333192
0.03909652431359001
0.033984023760158896
0.03048062551966156
0.03413548052008339
0.04208214509266208
0.03658568257241909
0.039413728328185064
0.030041802262334327
0.04143848475206862
0.029592548776126604
0.035589926203607875
0.040912520929677836
0.029111067756192707
0.03260118877285271
0.034022725455924996
0.027051657234311167
0.033305995710598155
0.03995500181777002
0.03138270678070089
0.03294598730046868
0.03378798484147576
0.030751530384761853
0.036762339744384705
0.03463879063187764
0.04163837583429068
0.033521527993358564
0.03526046425650167
0.02944196404884733
0.030540369222641472
0.03136921367641105
0.02783444859517429
0.028043957030428508
0.03621150835604707
0.038625030627112644
0.029824396993742806
0.026382495822657653
0.04303287321193043
0.03618699900441781
0.03736454648804896
0.02849688456885694
0.04159037254449215
0.03353853149139639
0.03730009192333601
0.03478188106488473
0.03525022344981109
0.040882263303248983
0.034636538620727984
0.036379596539547504
0.03525246624006288
0.03565977841019907
0.030172759909654283
0.041610898352714754
0.03198537344200521
0.041953526784112995
0.03153752421916885
0.034441491679686256
