1469190
1476618
1484038
1491423
1498788
1506185
1513579
1520944
1528316
1535730
1543124
1550487
1557824
1565195
1572560
1579970
1587336
1594675
1602047
1609439
1616848
1624244
1631600
1639025
1646408
1653831
1661212
1668585
1675915
1683317
1690660
1698091
1705411
1712757
1720098
1727419
1734801
1742220
1749594
1756936
1764312
1771703
1779128
1786504
1793901
1801253
1808647
1815981
1823368
1830735
1838158
1845555
1852930
1860293
1867742
1875064
1882412
1889773
1897162
1904567
1911948
1919289
1926665
1934025
1941441
1948799
1956209
1963571
1970931
1978286
1985606
1992972
2000373
2007789
2015161
2022509
2029898
2037287
2044713
2052105
2059535
2066953
2074364
2081739
2089073
2096457
2103810
2111134
2118520
2125923
2133285
2140674
2148040
2155444
2162818
2170181
2177585
2184991
2192341
2199742
2207088
2214491
2221866
2229236
2236601
2243982
2251319
2258693
2266046
2273426
2280788
2288174
2295569
2302980
2310385
2317758
2325140
2332514
2339869
2347206
2354571
2361958
2369340
2376721
2384116
2391535
2398846
2406174
2413561
2420935
2428297
2435692
2443066
2450478
2457886
2465268
2472670
2480037
2487399
2494759
2502156
2509537
2516916
2524355
2531754
2539104
2546469
2553842
2561230
2568591
2575923
2583313
2590698
2598061
2605451
2612812
2620228
2627561
2634921
2642314
2649695
2657038
2664404
2671769
2679134
2686493
2693843
2701239
2708611
2716019
2723353
2730780
2738141
2745475
2752865
2760250
2767615
2774998
2782378
2789700
2797081
2804456
2811791
2819165
2826557
2833917
2841295
2848670
2856052
2863436
2870899
2878253
2885621
2892983
2900363
2907769
2915159
2922521
2929896
2937229
2944605
2951996
2959411
2966792
2974183
2981562
2988960
2996316
3003665
3011087
3018456
3025787
3033209
3040609
3047985
3055372
3062774
3070189
3077577
3084952
3092316
3099696
3107058
3114446
3121813
3129204
3136672
3144076
3151451
3158864
3166198
3173558
3180906
3188252
3195628
3202991
3210408
3217824
3225178
3232601
3240005
3247382
3254770
3262104
3269495
3276889
3284247
3291651
3299056
3306432
3313792
3321164
3328536
3335946
3343347
3350751
3358161
3365549
3372966
3380337
3387692
3395112
3402446
3409828
3417184
3424589
3431999
3439341
3446733
3454095
3461493
3468884
3476262
3483667
3491057
3498421
3505785
3513230
3520630
3528030
3535350
3542715
3550111
3557484
3564843
3572162
3579470
3586872
3594197
3601588
3608960
3616321
3623707
3631100
3638448
3645857
3653235
3660604
3667976
3675362
3682715
3690081
3697492
3704852
3712224
3719599
3726979
3734399
3741784
3749190
3756546
3763864
3771216
3778589
3785960
3793340
3800681
3808037
3815390
3822747
3830101
3837522
3844886
3852256
3859637
3867008
3874368
3881774
3889163
3896486
3903917
3911309
3918683
3926048
3933464
3940820
3948200
3955504
3962832
3970193
3977549
3984891
3992275
3999698
4007039
4014449
4021819
4029214
4036592
4043981
4051377
4058765
4066091
4073492
4080847
4088217
4095591
4102996
4110402
4117799
4125154
4132577
4139968
4147381
4154714
4162068
4169409
4176781
4184160
4191534
4198877
4206212
4213552
4220978
4228315
4235687
4243065
4250461
4257821
4265190
4272532
4279921
4287309
4294710
4302144
4309532
4316892
4324278
4331612
4339032
4346454
4353833
4361245
4368583
4375938
4383346
4390734
4398133
4405539
4412941
4420332
4427704
4435080
4442456
4449808
4457161
4464529
4471910
4479253
4486613
4494026
4501439
4508774
4516174
4523504
4530885
4538213
4545568
4552957
4560326
4567730
4575104
4582460
4589837
4597195
4604567
4611938
4619309
4626632
4634024
4641400
4648725
4656052
4663432
4670808
4678216
4685623
4693044
4700403
4707802
4715215
4722556
4729931
4737326
4744734
4752132
4759518
4766953
4774323
4781697
4789081
4796487
4803837
4811251
4818583
4825946
4833346
4840739
4848084
4855440
4862775
4870162
4877538
4884907
4892237
4899601
4906967
4914341
4921732
4929100
4936509
4943884
4951254
4958617
4965974
4973399
4980727
4988073
4995467
5002848
5010270
5017644
5025058
5032460
5039826
5047222
5054573
5061943
5069364
5076733
5084084
5091499
5098852
5106226
5113631
5121008
5128389
5135749
5143131
5150486
5157888
5165260
5172614
5179968
5187334
5194700
5202064
5209451
5216841
5224201
5231611
5239014
5246392
5253724
5261134
5268511
5275859
5283288
5290636
5298005
5305380
5312720
5320097
5327438
5334838
5342223
5349595
5357012
5364372
5371735
5379128
5386494
5393845
5401235
5408609
5415997
5423391
5430759
5438171
5445561
5452957
5460318
5467662
5475013
5482389
5489785
5497108
5504441
5511823
5519206
5526631
5533990
5541343
5548733
5556051
5563432
5570762
5578172
5585514
5592875
5600271
5607636
5615020
5622430
5629811
5637176
5644526
5651935
5659302
5666698
5674083
5681465
5688869
5696249
5703610
5711004
5718400
5725750
5733115
5740494
5747865
5755220
5762585
5769965
5777389
5784744
5792159
5799532
5806901
5814263
5821672
5829018
5836379
5843781
5851113
5858444
5865832
5873199
5880551
5887949
5895359
5902733
5910089
5917486
5924862
5932236
5939603
5947037
5954421
5961802
5969209
5976584
5983972
5991297
5998650
6006026
6013410
6020760
6028145
6035559
6042908
6050279
6057582
6064954
6072326
6079661
6087025
6094432
6101831
6109197
6116573
6123947
6131352
6138688
6146081
6153437
6160807
6168186
6175548
6182910
6190286
6197659
6205028
6212345
6219731
6227168
6234568
6241993
6249373
6256792
6264147
6271561
6278950
6286340
6293681
6301032
6308339
6315722
6323097
6330462
6337809
6345157
6352568
6359945
6367347
6374719
6382141
6389506
6396954
6404328
6411754
6419119
6426464
6433863
6441257
6448615
6456010
6463367
6470750
6478152
6485584
6492923
6500309
6507674
6515067
6522422
6529808
6537185
6544573
6551935
6559296
6566641
6574014
6581352
6588715
6596113
6603526
6610904
6618307
6625658
6633020
6640435
6647818
6655204
6662574
6669896
6677276
6684635
6692007
6699373
6706777
6714134
6721463
6728903
6736282
6743628
6750996
6758367
6765768
6773132
6780503
6787897
6795268
6802674
6810043
6817405
6824800
6832225
6839604
6846986
6854366
6861780
6869163
6876530
6883901
6891309
6898653
6906007
6913390
6920809
6928182
6935553
6942948
6950342
6957745
6965127
6972507
6979901
6987282
6994639
7002012
7009432
7016828
7024219
7031553
7038935
7046375
7053789
7061156
7068548
7075904
7083263
7090644
7098008
7105357
7112779
7120165
7127515
7134924
7142339
7149736
7157130
7164547
7171915
7179278
7186679
7194080
7201442
7208851
7216255
7223599
7230974
7238381
7245708
7253076
7260433
7267813
7275201
7282616
7290000
7297353
7304780
7312135
7319516
7326894
7334263
7341634
7349014
7356372
7363792
7371196
7378527
7385928
7393301
7400627
7408018
7415403
7422783
7430194
7437551
7444963
7452324
7459708
7467129
7474499
7481902
7489307
7496659
7504022
7511393
7518745
7526075
7533464
7540851
7548239
7555601
7562979
7570353
7577753
7585122
7592531
7599953
7607322
7614682
7622064
7629458
7636795
7644140
7651468
7658865
7666183
7673542
7680910
7688274
7695662
7702988
7710344
7717711
7725105
7732412
7739745
7747152
7754504
7761883
7769272
7776631
7784007
7791383
7798765
7806140
7813512
7820906
7828241
7835597
7842964
7850304
7857692
7865066
7872455
7879854
7887233
7894633
7901980
7909366
7916769
7924115
7931541
7938874
7946287
7953647
7961025
7968431
7975751
7983088
7990501
7997875
8005236
8012643
8020026
8027437
8034858
8042199
8049531
8056945
8064324
8071689
8079107
8086501
8093851
8101224
8108607
8115973
8123365
8130761
8138114
8145491
8152915
8160352
8167716
8175122
8182528
8189899
8197356
8204671
8212048
8219431
8226852
8234274
8241630
8248956
8256381
8263799
8271204
8278577
8285912
8293270
8300618
8307940
8315310
8322679
8330057
8337444
8344831
8352248
8359628
8367018
8374421
8381784
8389142
8396507
8403857
8411201
8418577
8425957
8433333
8440699
8448084
8455457
8462872
8470245
8477626
8485026
8492465
8499854
8507178
8514537
8521908
8529281
8536643
8544021
8551387
8558782
8566149
8573530
8580848
8588256
8595639
8603007
8610436
8617788
8625179
8632546
8639968
8647321
8654677
8662011
8669375
8676775
8684145
8691570
8698978
8706387
8713743
8721110
8728514
8735852
8743236
8750627
8757995
8765348
8772678
8780039
8787398
8794785
8802164
8809530
8816903
8824255
8831675
8839029
8846428
8853818
8861213
8868469
8875875
8883241
8890643
8898000
8905352
8912694
8920023
8927397
8934753
8942109
8949492
8956890
8964253
8971589
8978948
8986319
8993741
9001147
9008565
9015919
9023312
9030697
9038133
9045462
9052850
9060251
9067624
9075019
9082424
9089816
9097155
9104520
9111910
9119175
9126548
9133901
9141247
9148623
9155929
9163306
9170717
9178076
9185426
9192800
9200146
9207507
9214846
9222159
9229561
9236913
9244298
9251634
9258966
9266316
9273654
9281026
9288382
9295745
9303112
9310486
9317853
9325234
9332623
9340029
9347421
9354802
9362186
9369572
9376952
9384320
9391727
9399140
9406536
9413895
9421261
9428640
9435988
9443342
9450713
9458096
9465489
9472836
9480194
9487528
9494864
9502291
9509622
9517029
9524391
9531797
9539161
9546547
9553915
9561335
9568685
9576039
9583381
9590762
9598112
9605479
9612847
9620244
9627622
9635000
9642378
9649666
9657050
9664427
9671760
9679170
9686529
9693918
9701303
9708722
9716112
9723496
9730863
9738267
9745677
9752989
9760335
9767709
9775055
9782425
9789794
9797177
9804583
9811974
9819327
9826681
9834053
9841416
9848766
9856173
9863570
9870968
9878375
9885772
9893165
9900587
9907993
9915351
9922746
9930138
9937568
9944958
9952372
9959791
9967191
9974581
9981977
9989351
9996757
10004135
10011564
10018940
10026340
10033724
10041060
10048467
10055861
10063250
10070642
10078028
10085417
10092802
10100198
10107581
10114936
10122266
10129659
10137033
10144410
10151777
10159151
10166535
10173901
10181291
10188648
10196025
10203396
10210771
10218157
10225590
10232969
10240327
10247775
10255108
10262452
10269844
10277242
10284657
10292031
10299410
10306769
10314117
10321507
10328890
10336294
10343652
10351055
10358425
10365807
10373197
10380590
10388036
10395394
10402755
10410145
10417545
10424934
10432295
10439681
10447026
10454388
10461769
10469139
10476546
10483944
10491237
10498622
10506018
10513389
10520802
10528154
10535511
10542907
10550315
10557662
10565041
10572397
10579729
10587086
10594455
10601772
10609127
10616494
10623876
10631213
10638514
10645863
10653261
10660650
10668027
10675384
10682770
10690108
10697522
10704926
10712356
10719714
10727114
10734449
10741823
10749198
10756533
10763946
10771338
10778702
10786057
10793422
10800843
10808188
10815585
10822974
10830393
10837768
10845154
10852505
10859825
10867190
10874545
10881940
10889294
10896643
10904001
10911356
10918739
10926109
10933512
10940892
10948240
10955565
10962976
10970358
10977784
10985090
10992494
10999843
11007227
11014574
11021899
11029252
11036624
11043984
11051298
11058700
11066087
11073484
11080896
11088262
11095633
11103028
11110407
11117755
11125116
11132494
11139884
11147264
11154630
11161994
11169398
11176776
11184205
11191550
11198978
11206325
11213748
11221154
11228498
11235881
11243243
11250627
11258054
11265420
11272795
11280164
11287531
11294880
11302259
11309636
11317028
11324400
11331728
11339084
11346489
11353850
11361211
11368599
11375945
11383280
11390626
11397961
11405364
11412750
11420082
11427488
11434846
11442219
11449602
11457000
11464350
11471762
11479139
11486498
11493875
11501243
11508651
11516036
11523385
11530805
11538140
11545465
11552803
11560140
11567517
11574891
11582275
11589624
11596945
11604308
11611698
11619063
11626385
11633817
11641214
11648584
11655954
11663318
11670711
11678105
11685516
11692901
11700305
11707657
11715022
11722456
11729846
11737216
11744630
11751993
11759333
11766709
11774107
11781433
11788873
11796207
11803622
11810981
11818383
11825786
11833161
11840554
11847946
11855330
11862705
11870099
11877471
11884873
11892278
11899696
11907117
11914508
11921915
11929305
11936683
11944017
11951396
11958765
11966197
11973590
11980967
11988294
11995675
12003033
12010399
12017756
12025104
12032497
12039903
12047269
12054622
12062020
12069346
12076705
12084091
12091491
12098861
12106217
12113611
12121009
12128368
12135752
12143069
12150440
12157805
12165192
12172552
12179924
12187287
12194657
12202029
12209408
12216770
12224109
12231487
12238845
12246195
12253557
12260995
12268354
12275764
12283100
12290495
12297955
12305376
12312790
12320142
12327570
12334977
12342391
12349834
12357233
12364623
12372009
12379402
12386785
12394201
12401526
12408890
12416299
12423667
12431048
12438412
12445841
12453227
12460636
12468041
12475374
12482724
12490152
12497542
12504942
12512306
12519713
12527088
12534472
12541892
12549252
12556654
12563988
12571365
12578724
12586111
12593484
12600877
12608242
12615605
12622990
12630341
12637702
12645075
12652461
12659874
12667247
12674663
12682018
12689436
12696820
12704196
12711572
12718922
12726346
12733707
12741105
12748504
12755861
12763251
12770626
12778003
12785414
12792788
12800234
12807604
12814973
12822312
12829681
12837068
12844530
12851872
12859240
12866612
12873934
12881364
12888723
12896100
12903455
12910840
12918240
12925653
12933034
12940436
12947799
12955179
12962567
12969966
12977301
12984638
12992037
12999399
13006772
13014134
13021511
13028839
13036226
13043557
13050919
13058329
13065643
13072969
13080363
13087733
13095045
13102446
13109829
13117209
13124621
13132019
13139372
13146757
13154138
13161503
13168879
13176236
13183628
13191048
13198430
13205825
13213211
13220628
13227975
13235332
13242716
13250093
13257484
13264877
13272243
13279581
13286953
13294322
13301696
13309058
13316467
13323847
13331214
13338585
13345971
13353344
13360703
13368088
13375504
13382844
13390237
13397624
13405002
13412397
13419785
13427159
13434495
13441861
13449250
13456561
13463931
13471333
13478709
13486083
13493413
13500780
13508161
13515487
13522860
13530239
13537627
13544959
13552390
13559754
13567137
13574537
13581908
13589293
13596701
13604084
13611499
13618868
13626288
13633672
13641041
13648438
13655802
13663201
13670606
13677965
13685404
13692787
13700169
13707532
13714894
13722282
13729654
13737058
13744437
13751786
13759189
13766604
13773926
13781310
13788690
13796075
13803482
13810849
13818210
13825566
13832962
13840336
13847732
13855098
13862524
13869899
13877274
13884696
13892027
13899410
13906817
13914216
13921660
13929037
13936409
13943800
13951175
13958573
13965993
13973342
13980680
13988032
13995401
14002837
14010221
14017604
14025006
14032367
14039731
14047104
14054438
14061843
14069205
14076585
14084005
14091378
14098755
14106125
14113526
14120915
14128270
14135644
14143057
14150426
14157806
14165167
14172600
14179988
14187343
14194679
14202017
14209429
14216774
14224149
14231504
14238868
14246290
14253635
14260982
14268335
14275716
14283123
14290495
14297891
14305273
14312644
14320017
14327367
14334746
14342115
14349521
14356888
14364291
14371633
14378978
14386349
14393726
14401082
14408490
14415880
14423250
14430596
14437950
14445322
14452707
14460101
14467489
14474834
14482243
14489629
14496989
14504392
14511757
14519145
14526504
14533908
14541266
14548651
14555994
14563390
14570749
14578167
14585573
14592963
14600355
14607764
14615157
14622577
14629947
14637316
14644681
14651995
14659363
14666738
14674084
14681465
14688809
14696174
14703550
14710863
14718226
14725577
14732979
14740356
14747788
14755191
14762528
14769971
14777348
14784717
14792148
14799521
14806890
14814286
14821664
14829021
14836398
14843783
14851192
14858571
14865943
14873297
14880661
14888030
14895397
14902790
14910193
14917631
14925066
14932429
14939850
14947183
14954552
14961922
14969277
14976666
14984052
14991412
14998742
15006112
15013475
15020902
15028270
15035659
15043063
15050463
15057821
15065152
15072495
15079884
15087282
15094679
15102030
15109411
15116809
15124194
15131584
15139048
15146432
15153788
15161147
15168534
15175916
15183286
15190642
15198082
15205498
15212879
15220286
15227668
15235033
15242394
15249785
15257179
15264563
15271916
15279257
15286675
15294084
15301458
15308826
15316256
15323639
15331035
15338433
15345797
15353126
15360503
15367866
15375246
15382651
15389997
15397398
15404759
15412097
15419500
15426860
15434219
15441599
15448976
15456334
15463738
15471040
15478429
15485808
15493163
15500513
15507888
15515303
15522681
15529999
15537364
15544735
15552132
15559479
15566799
15574181
15581587
15588953
15596355
15603730
15611132
15618481
15625828
15633273
15640648
15648028
15655410
15662811
15670209
15677636
15685006
15692353
15699723
15707136
15714470
15721824
15729174
15736562
15743941
15751289
15758664
15766082
15773475
15780874
15788235
15795669
15803065
15810422
15817802
15825153
15832497
15839923
15847327
15854640
15862004
15869358
15876738
15884140
15891530
15898862
15906246
15913610
15920971
15928339
15935665
15943068
15950431
15957796
15965183
15972565
15979937
15987361
15994768
16002144
16009491
16016828
16024210
16031601
16038987
16046362
16053725
16061156
16068514
16075830
16083168
16090508
16097905
16105295
16112661
16120055
16127435
16134815
16142216
16149566
16156953
16164327
16171655
16179015
16186347
16193694
16201088
16208426
16215779
16223154
16230533
16237908
16245292
16252625
16259970
16267328
16274711
16282078
16289492
16296851
16304197
16311565
16318947
16326311
16333723
16341112
16348508
16355869
16363277
16370630
16378001
16385356
16392728
16400125
16407544
16414891
16422270
16429628
16437043
16444433
16451800
16459235
16466597
16473988
16481328
16488727
16496134
16503468
16510846
16518226
16525558
16532938
16540318
16547643
16554991
16562357
16569706
16577078
16584477
16591824
16599180
16606508
16613872
16621272
16628667
16636043
16643401
16650760
16658135
16665499
16672831
16680228
16687634
16695060
16702442
16709788
16717135
16724483
16731848
16739256
16746661
16754059
16761431
16768751
16776127
16783492
16790874
16798273
16805659
16813001
16820363
16827752
16835130
16842504
16849922
16857281
16864649
16872005
16879375
16886796
16894189
16901554
16908945
16916300
16923617
16931012
16938376
16945760
16953160
16960572
16967914
16975240
16982631
16989995
16997369
17004734
17012148
17019536
17026908
17034302
17041684
17049096
17056415
17063816
17071233
17078602
17085975
17093318
17100701
17108102
17115494
17122881
17130280
17137604
17144991
17152342
17159731
17167162
17174581
17181929
17189290
17196700
17204113
17211481
17218819
17226206
17233581
17240982
17248393
17255758
17263167
17270570
17277926
17285251
17292597
17299961
17307299
17314655
17322038
17329405
17336809
17344116
17351542
17358927
17366291
17373681
17381058
17388456
17395832
17403197
17410565
17417927
17425298
17432695
17440020
17447349
17454711
17462111
17469481
17476811
17484185
17491521
17498869
17506231
17513666
17521101
17528470
17535798
17543198
17550536
17557902
17565271
17572659
17580018
17587358
17594705
17602072
17609415
17616784
17624150
17631500
17638916
17646284
17653670
17661028
17668397
17675746
17683140
17690500
17697856
17705196
17712542
17719899
17727269
17734634
17742005
17749392
17756746
17764096
17771419
17778794
17786168
17793549
17800963
17808353
17815744
17823122
17830481
17837862
17845241
17852616
17859995
17867389
17874777
17882171
17889540
17896958
17904329
17911728
17919100
17926460
17933789
17941160
17948604
17955994
17963316
17970678
17978093
17985482
17992837
18000214
18007602
18014987
18022375
18029765
18037168
18044533
18051945
18059285
18066686
18074048
18081424
18088816
18096206
18103566
18110949
18118331
18125743
18133111
18140521
18147891
18155291
18162664
18170042
18177449
18184829
18192225
18199577
18206986
18214373
18221772
18229189
18236547
18243945
18251321
18258719
18266129
18273566
18280957
18288340
18295740
18303093
18310492
18317912
18325303
18332693
18340062
18347408
18354812
18362176
18369570
18376972
18384393
18391838
18399209
18406572
18413951
18421317
18428705
18436072
18443437
18450864
18458254
18465662
18473043
18480439
18487788
18495143
18502507
18509854
18517194
18524544
18531957
18539303
18546708
18554137
18561512
18568915
18576252
18583644
18591012
18598396
18605771
18613129
18620497
18627893
18635283
18642650
18650015
18657430
18664832
18672225
18679640
18686991
18694371
18701710
18709132
18716498
18723860
18731242
18738643
18745943
18753340
18760662
18768054
18775443
18782743
18790096
18797414
18804752
18812093
18819463
18826854
18834200
18841565
18848916
18856273
18863637
18871052
18878445
18885804
18893173
18900537
18907918
18915267
18922658
18930020
18937368
18944743
18952157
18959547
18966905
18974293
18981690
18989064
18996407
19003799
19011158
19018548
19025913
19033267
19040696
19048079
19055487
19062833
19070193
19077546
19084861
19092259
19099653
19107045
19114440
19121787
19129182
19136539
19143888
19151254
19158632
19165975
19173382
19180768
19188185
19195556
19202872
19210316
19217698
19225066
19232452
19239772
19247114
19254486
19261862
19269242
19276668
19284069
19291410
19298794
19306185
19313591
19320949
19328302
19335730
19343107
19350509
19357883
19365268
19372644
19380057
19387400
19394813
19402139
19409535
19416882
19424288
19431648
19439011
19446386
19453744
19461120
19468483
19475865
19483218
19490590
19497984
19505343
19512711
19520081
19527476
19534840
19542226
19549504
19556913
19564295
19571663
19579017
19586357
19593727
19601119
19608514
19615926
19623244
19630656
19637990
19645403
19652769
19660152
19667524
19674918
19682299
19689646
19697020
19704413
19711776
19719092
19726460
19733819
19741187
19748549
19755873
19763237
19770610
19777999
19785405
19792857
19800229
19807635
19814999
19822349
19829720
19837129
19844524
19851897
19859296
19866679
19874069
19881377
19888736
19896115
19903518
19910907
19918277
19925667
19933018
19940335
19947703
19955058
19962408
19969728
19977075
19984503
19991879
19999253
20006623
20014021
20021448
20028853
20036196
20043567
20050901
20058295
20065610
20072985
20080297
20087682
20095024
20102379
20109736
20117088
20124488
20131854
20139236
20146610
20154014
20161395
20168745
20176105
20183500
20190890
20198244
20205600
20212984
20220335
20227724
20235095
20242479
20249802
20257228
20264604
20271980
20279386
20286833
20294187
20301583
20308998
20316361
20323773
20331165
20338518
20345909
20353249
20360643
20368070
20375417
20382803
20390191
20397562
20404947
20412299
20419681
20427012
20434381
20441750
20449103
20456442
20463816
20471213
20478613
20486004
20493469
20500804
20508169
20515559
20522990
20530383
20537744
20545087
20552432
20559780
20567187
20574565
20581943
20589335
20596746
20604082
20611453
20618838
20626198
20633574
20640941
20648317
20655673
20662997
20670409
20677780
20685197
20692594
20699992
20707388
20714728
20722104
20729467
20736874
20744260
20751675
20759029
20766372
20773783
20781170
20788545
20795927
20803323
20810664
20818052
20825446
20832802
20840183
20847587
20854918
20862268
20869627
20877012
20884369
20891722
20899113
20906498
20913845
20921213
20928578
20935928
20943339
20950708
20958070
20965457
20972855
20980241
20987648
20995003
21002396
21009794
21017151
21024488
21031893
21039279
21046663
21054106
21061492
21068911
21076266
21083658
21091044
21098406
21105757
21113120
21120521
21127879
21135308
21142667
21150035
21157372
21164765
21172153
21179517
21186869
21194220
21201588
21208980
21216369
21223765
21231140
21238511
21245940
21253273
21260658
21268020
21275407
21282757
21290150
21297486
21304848
21312226
21319547
21326919
21334278
21341634
21349017
21356441
21363794
21371178
21378574
21385947
21393354
21400726
21408150
21415544
21422933
21430329
21437704
21445071
21452477
21459813
21467226
21474653
21481988
21489389
21496735
21504074
21511514
21518883
21526253
21533644
21541032
21548392
21555773
21563150
21570467
21577834
21585201
21592584
21599930
21607267
21614611
21621990
21629347
21636706
21644091
21651459
21658821
21666148
21673579
21680949
21688319
21695652
21703024
21710388
21717770
21725137
21732511
21739894
21747342
21754701
21762074
21769478
21776814
21784202
21791568
21798899
21806212
21813560
21820944
21828312
21835683
21843051
21850373
21857797
21865173
21872568
21879965
21887308
21894651
21902046
21909376
21916793
21924212
21931558
21938915
21946270
21953655
21961045
21968449
21975793
21983146
21990519
21997908
22005280
22012611
22019930
22027290
22034667
22042025
22049410
22056807
22064208
22071603
22079010
22086385
22093785
22101142
22108538
22115906
22123277
22130654
22138038
22145426
22152853
22160212
22167583
22174962
22182353
22189735
22197129
22204528
22211956
22219336
22226662
22234029
22241415
22248820
22256154
22263567
22270992
22278384
22285786
22293172
22300580
22307955
22315322
22322728
22330143
22337511
22344853
22352251
22359632
22367015
22374394
22381768
22389129
22396472
22403793
22411176
22418518
22425880
22433277
22440632
22447991
22455367
22462736
22470103
22477463
22484805
22492166
22499504
22506856
22514245
22521628
22529034
22536368
22543790
22551180
22558569
22565969
22573353
22580699
22588037
22595430
22602771
22610175
22617494
22624896
22632267
22639637
22647063
22654420
22661812
22669196
22676563
22683996
22691394
22698747
22706110
22713487
22720854
22728196
22735558
22742928
22750320
22757706
22765112
22772493
22779869
22787255
22794635
22802022
22809383
22816798
22824155
22831488
22838873
22846213
22853541
22860904
22868322
22875716
22883048
22890453
22897864
22905201
22912622
22920007
22927391
22934780
22942121
22949504
22956879
22964271
22971693
22979052
22986384
22993763
23001129
23008486
23015846
23023217
23030634
23038003
23045416
23052766
23060154
23067549
23074916
23082303
23089683
23097017
23104422
23111800
23119168
23126553
23133945
23141309
23148692
23156094
23163472
23170852
23178197
23185569
23192928
23200269
23207636
23214976
23222303
23229675
23237072
23244420
23251758
23259112
23266471
23273859
23281216
23288610
23296008
23303370
23310712
23318047
23325392
23332766
23340101
23347484
23354850
23362221
23369562
23376935
23384283
23391667
23399042
23406418
23413820
23421195
23428547
23435921
23443305
23450688
23458068
23465431
23472822
23480189
23487556
23494928
23502288
23509657
23517016
23524396
23531777
23539140
23546540
23553956
23561279
23568709
23576047
23583465
23590874
23598277
23605643
23612995
23620394
23627792
23635132
23642508
23649900
23657294
23664678
23672033
23679422
23686813
23694179
23701539
23708899
23716237
23723654
23731018
23738440
23745761
23753130
23760494
23767856
23775235
23782627
23790076
23797438
23804766
23812133
23819497
23826917
23834301
23841658
23849019
23856391
23863787
23871123
23878439
23885837
23893264
23900677
23908041
23915393
23922776
23930156
23937565
23944978
23952350
23959711
23967101
23974446
23981847
23989250
23996619
24004008
24011424
24018738
24026132
24033527
24040911
24048271
24055619
24062991
24070338
24077684
24085050
24092381
24099766
24107162
24114553
24121909
24129294
24136683
24144120
24151484
24158878
24166273
24173593
24180986
24188351
24195735
24203115
24210455
24217785
24225170
24232566
24239933
24247311
24254651
24262022
24269385
24276771
24284159
24291542
24298909
24306294
24313710
24321084
24328449
24335808
24343158
24350508
24357857
24365241
24372588
24379943
24387314
24394677
24402052
24409443
24416779
24424146
24431565
24438884
24446196
24453594
24460989
24468355
24475785
24483165
24490522
24497932
24505337
24512732
24520138
24527542
24534936
24542329
24549695
24557105
24564465
24571852
24579224
24586595
24593955
24601329
24608703
24616082
24623404
24630755
24638128
24645470
24652825
24660170
24667548
24674911
24682225
24689561
24696919
24704325
24711702
24719095
24726464
24733827
24741194
24748576
24755940
24763363
24770711
24778105
24785443
24792834
24800258
24807624
24814973
24822333
24829752
24837102
24844527
24851896
24859297
24866683
24874078
24881439
24888829
24896210
24903602
24911018
24918434
24925838
24933214
24940589
24947982
24955351
24962673
24970014
24977388
24984742
24992099
24999496
25006864
25014232
25021616
25029035
25036430
25043790
25051153
25058502
25065876
25073215
25080641
25088021
25095395
25102755
25110127
25117515
25124936
25132358
25139773
25147135
25154526
25161880
25169253
25176612
25183981
25191261
25198641
25206011
25213396
25220750
25228156
25235477
25242836
25250220
25257615
25264975
25272347
25279702
25287128
25294500
25301841
25309213
25316602
25323997
25331350
25338664
25346033
25353396
25360777
25368173
25375508
25382886
25390297
25397688
25405055
25412387
25419789
25427168
25434527
25441902
25449271
25456661
25464039
25471441
25478850
25486212
25493594
25501031
25508381
25515757
25523087
25530529
25537895
25545282
25552654
25559946
25567321
25574674
25582081
25589485
25596873
25604281
25611635
25619013
25626368
25633767
25641170
25648624
25656000
25663381
25670779
25678157
25685638
25692993
25700389
25707766
25715114
25722502
25729869
25737273
25744633
25752048
25759439
25766803
25774173
25781542
25788938
25796310
25803624
25810971
25818395
25825736
25833130
25840528
25847924
25855308
25862702
25870133
25877509
25884882
25892211
25899563
25906953
25914351
25921743
25929156
25936516
25943894
25951268
25958635
25965983
25973401
25980771
25988145
25995554
26002872
26010253
26017579
26024945
26032322
26039719
26047046
26054411
26061767
26069075
26076380
26083732
26091088
26098446
26105854
26113234
26120604
26127940
26135336
26142668
26150067
26157393
26164744
26172132
26179472
26186844
26194246
26201653
26209011
26216380
26223746
26231123
26238499
26245892
26253289
26260713
26268119
26275508
26282950
26290349
26297729
26305033
26312369
26319790
26327172
26334549
26341875
26349276
26356655
26364094
26371440
26378826
26386253
26393604
26400955
26408352
26415727
26423089
26430462
26437818
26445187
26452608
26459979
26467364
26474745
26482102
26489476
26496875
26504196
26511597
26518988
26526386
26533759
26541105
26548495
26555884
26563231
26570590
26577943
26585326
26592730
26600096
26607414
26614797
26622189
26629533
26636911
26644283
26651653
26658991
26666429
26673800
26681206
26688513
26695905
26703313
26710758
26718157
26725548
26732881
26740290
26747667
26755070
26762451
26769793
26777177
26784559
26791973
26799364
26806702
26814091
26821509
26828926
26836285
26843625
26851042
26858424
26865771
26873122
26880436
26887767
26895122
26902445
26909815
26917189
26924541
26931940
26939308
26946666
26954006
26961393
26968764
26976132
26983499
26990850
26998248
27005647
27013006
27020410
27027835
27035217
27042596
27049950
27057346
27064717
27072103
27079469
27086877
27094215
27101587
27108939
27116316
27123689
27131106
27138451
27145837
27153227
27160607
27167980
27175325
27182696
27190115
27197475
27204875
27212246
27219573
27227004
27234404
27241789
27249181
27256586
27263986
27271337
27278733
27286141
27293551
27300903
27308302
27315705
27323061
27330411
27337768
27345168
27352579
27359924
27367334
27374697
27382033
27389371
27396738
27404108
27411401
27418767
27426197
27433562
27440941
27448310
27455640
27463030
27470387
27477788
27485063
27492444
27499854
27507215
27514601
27522032
27529435
27536776
27544144
27551516
27558882
27566290
27573647
27580977
27588345
27595680
27603082
27610483
27617918
27625345
27632743
27640147
27647566
27654953
27662322
27669723
27677103
27684502
27691877
27699243
27706592
27713998
27721418
27728796
27736170
27743551
27750970
27758315
27765669
27773097
27780510
27787868
27795237
27802595
27809939
27817310
27824685
27832011
27839455
27846814
27854246
27861612
27868985
27876432
27883802
27891201
27898529
27905933
27913303
27920670
27928078
27935440
27942866
27950208
27957593
27964924
27972272
27979624
27987057
27994400
28001724
28009096
28016459
28023798
28031131
28038500
28045861
28053242
28060604
28068007
28075393
28082752
28090132
28097531
28104958
28112371
28119784
28127190
28134533
28141939
28149346
28156714
28164107
28171494
28178864
28186199
28193623
28200997
28208375
28215750
28223136
28230478
28237929
28245275
28252675
28260026
28267407
28274723
28282107
28289481
28296856
28304222
28311560
28318899
28326299
28333686
28341086
28348506
28355874
28363211
28370562
28377960
28385354
28392731
28400137
28407514
28414903
28422258
28429693
28437093
28444486
28451833
28459209
28466613
28474003
28481393
28488817
28496185
28503563
28510940
28518334
28525729
28533149
28540506
28547912
28555257
28562619
28569923
28577286
28584613
28591987
28599384
28606791
28614158
28621506
28628875
28636260
28643656
28651073
28658421
28665812
28673164
28680542
28687898
28695251
28702660
28710025
28717373
28724791
28732207
28739575
28746972
28754388
28761735
28769083
28776485
28783849
28791197
28798561
28805936
28813349
28820755
28828172
28835524
28842864
28850236
28857621
28864980
28872342
28879719
28887094
28894520
28901887
28909281
28916642
28923996
28931405
28938810
28946192
28953554
28960930
28968321
28975726
28983048
28990438
28997767
29005131
29012506
29019842
29027209
29034558
29041925
29049299
29056689
29064045
29071458
29078840
29086253
29093658
29101008
29108360
29115704
29123086
29130445
29137836
29145164
29152538
29159893
29167292
29174673
29182013
29189421
29196815
29204179
29211574
29218950
29226336
29233665
29241020
29248401
29255766
29263165
29270593
29277940
29285329
29292679
29300073
29307454
29314857
29322229
29329635
29337037
29344399
29351747
29359089
29366491
29373875
29381273
29388675
29396070
29403456
29410811
29418211
29425619
29433047
29440436
29447789
29455217
29462564
29469962
29477333
29484694
29492126
29499521
29506899
29514296
29521729
29529140
29536498
29543891
29551280
29558709
29566077
29573460
29580887
29588273
29595665
29603047
29610477
29617864
29625288
29632609
29639995
29647420
29654770
29662169
29669564
29676941
29684304
29691670
29699095
29706481
29713876
29721264
29728675
29736086
29743472
29750886
29758251
29765682
29773070
29780427
29787801
29795180
29802562
29809939
29817376
29824747
29832098
29839410
29846787
29854158
29861560
29868960
29876332
29883707
29891019
29898385
29905740
29913091
29920408
29927808
29935156
29942544
29949918
29957289
29964677
29972077
29979468
29986807
29994191
30001538
30008966
30016340
30023671
30031109
30038445
30045834
30053186
30060570
30068003
30075401
30082813
30090173
30097516
30104841
30112279
30119608
30127012
30134408
30141796
30149163
30156554
30163949
30171338
30178727
30186108
30193509
30200885
30208265
30215682
30223021
30230352
30237706
30245060
30252406
30259804
30267172
30274521
30281881
30289281
30296638
30304020
30311415
30318785
30326146
30333538
30340932
30348317
30355688
30363067
30370452
30377827
30385169
30392520
30399905
30407344
30414712
30422111
30429524
30436878
30444220
30451612
30458989
30466380
30473787
30481176
30488569
30495941
30503325
30510686
30518079
30525500
30532896
30540285
30547686
30555039
30562417
30569830
30577180
30584582
30592001
30599354
30606768
30614202
30621619
30628991
30636400
30643761
30651154
30658578
30665963
30673313
30680679
30688072
30695404
30702778
30710166
30717559
30724943
30732350
30739729
30747125
30754504
30761816
30769101
30776497
30783875
30791313
30798679
30806058
30813437
30820843
30828263
30835693
30843055
30850467
30857843
30865199
30872570
30879912
30887320
30894677
30902059
30909440
30916846
30924216
30931565
30938925
30946280
30953618
30960985
30968379
30975746
30983125
30990490
30997808
31005210
31012563
31019898
31027322
31034669
31041998
31049347
31056739
31064083
31071464
31078772
31086184
31093563
31100922
31108308
31115690
31123028
31130357
31137717
31145075
31152464
31159899
31167279
31174697
31182077
31189480
31196851
31204176
31211552
31219035
31226337
31233721
31241132
31248507
31255921
31263277
31270634
31278018
31285366
31292750
31300133
31307503
31314868
31322271
31329610
31336979
31344309
31351681
31359030
31366379
31373745
31381075
31388456
31395806
31403205
31410572
31418042
31425351
31432753
31440149
31447511
31454863
31462219
31469619
31476992
31484343
31491727
31499108
31506511
31513918
31521239
31528644
31536003
31543399
31550782
31558159
31565530
31572979
31580387
31587783
31595183
31602559
31609951
31617331
31624683
31632069
31639432
31646773
31654175
31661577
31669000
31676371
31683741
31691130
31698514
31705917
31713286
31720664
31728042
31735388
31742761
31750123
31757522
31764906
31772256
31779637
31787015
31794391
31801739
31809096
31816511
31823889
31831241
31838582
31845954
31853327
31860714
31868121
31875449
31882822
31890208
31897605
31904967
31912335
31919723
31927098
31934494
31941896
31949289
31956680
31964080
31971458
31978832
31986168
31993549
32000930
32008267
32015606
32022957
32030316
32037647
32044993
32052436
32059802
32067185
32074567
32081878
32089253
32096617
32103992
32111378
32118755
32126158
32133595
32140997
32148370
32155777
32163108
32170484
32177872
32185209
32192571
32199943
32207300
32214653
32222066
32229410
32236783
32244169
32251548
32258916
32266288
32273646
32281016
32288395
32295765
32303121
32310503
32317867
32325213
32332580
32339942
32347308
32354714
32362090
32369461
32376828
32384199
32391600
32398973
32406348
32413783
32421166
32428569
32435888
32443295
32450720
32458074
32465481
32472855
32480297
32487692
32495065
32502472
32509848
32517219
32524582
32531976
32539340
32546758
32554152
32561518
32568900
32576276
32583678
32591045
32598415
32605775
32613202
32620516
32627878
32635236
32642588
32649937
32657310
32664656
32672017
32679421
32686757
32694116
32701489
32708813
32716113
32723512
32730846
32738246
32745616
32752943
32760313
32767719
32775099
32782497
32789866
32797213
32804638
32812010
32819313
32826696
32834057
32841435
32848779
32856173
32863533
32870913
32878305
32885679
32893052
32900393
32907770
32915173
32922548
32929926
32937302
32944686
32952026
32959344
32966707
32974144
32981481
32988841
32996271
33003681
33011080
33018432
33025833
33033222
33040571
33047930
33055297
33062687
33070092
33077493
33084855
33092235
33099592
33106970
33114339
33121704
33129063
33136415
33143802
33151200
33158559
33165952
33173340
33180743
33188110
33195477
33202828
33210191
33217498
33224879
33232242
33239637
33247024
33254383
33261710
33269078
33276511
33283872
33291263
33298625
33306002
33313417
33320799
33328236
33335610
33343012
33350395
33357831
33365174
33372497
33379862
33387278
33394624
33402006
33409354
33416750
33424121
33431472
33438842
33446265
33453595
33460961
33468361
33475668
33483032
33490361
33497736
33505110
33512493
33519900
33527276
33534631
33542048
33549403
33556756
33564186
33571525
33578864
33586209
33593605
33600956
33608331
33615709
33623066
33630421
33637782
33645144
33652506
33659918
33667305
33674686
33682078
33689432
33696845
33704196
33711564
33718954
33726332
33733671
33741074
33748462
33755854
33763224
33770600
33777934
33785275
33792664
33800001
33807392
33814766
33822141
33829531
33836906
33844268
33851632
33859051
33866447
33873864
33881231
33888606
33895960
33903336
33910669
33918058
33925415
33932798
33940162
33947492
33954859
33962263
33969610
33976998
33984373
33991699
33999090
34006452
34013828
34021166
34028529
34035882
34043256
34050662
34058052
34065407
34072798
34080159
34087545
34094909
34102308
34109705
34117109
34124469
34131848
34139216
34146574
34153920
34161313
34168737
34176113
34183478
34190875
34198264
34205637
34213032
34220427
34227835
34235192
34242550
34249879
34257288
34264686
34272050
34279443
34286764
34294155
34301500
34308837
34316192
34323555
34330928
34338293
34345651
34353031
34360381
34367780
34375128
34382494
34389893
34397226
34404613
34411985
34419353
34426711
34434117
34441490
34448834
34456176
34463524
34470896
34478251
34485644
34493014
34500375
34507694
34515145
34522566
34529937
34537335
34544698
34552088
34559432
34566781
34574118
34581485
34588863
34596206
34603603
34610998
34618397
34625812
34633228
34640574
34647950
34655309
34662682
34670064
34677437
34684836
34692213
34699570
34706945
34714271
34721670
34729072
34736463
34743821
34751182
34758562
34765942
34773309
34780679
34788096
34795462
34802862
34810290
34817623
34825010
34832365
34839768
34847159
34854551
34861913
34869325
34876696
34884092
34891445
34898837
34906193
34913552
34920927
34928342
34935784
34943149
34950499
34957884
34965271
34972660
34980025
34987388
34994768
35002184
35009542
35016870
35024204
35031600
35038949
35046302
35053662
35060999
35068364
35075747
35083144
35090581
35097982
35105322
35112733
35120118
35127504
35134915
35142286
35149637
35157019
35164443
35171788
35179172
35186553
35193893
35201278
35208668
35216012
35223410
35230799
35238146
35245533
35252920
35260255
35267606
35275024
35282396
35289814
35297206
35304594
35311951
35319308
35326718
35334073
35341427
35348768
35356109
35363475
35370855
35378245
35385646
35393044
35400414
35407818
35415194
35422560
35429971
35437334
35444732
35452120
35459498
35466876
35474210
35481576
35488948
35496314
35503714
35511075
35518452
35525779
35533147
35540501
35547809
35555238
35562558
35569931
35577295
35584677
35592006
35599358
35606703
35614127
35621538
35628958
35636323
35643730
35651082
35658448
35665739
35673115
35680461
35687840
35695159
35702560
35709971
35717352
35724675
35732009
35739425
35746818
35754170
35761588
35768970
35776370
35783816
35791164
35798588
35805926
35813270
35820620
35827963
35835320
35842731
35850081
35857475
35864852
35872290
35879673
35887042
35894454
35901850
35909222
35916628
35923991
35931363
35938724
35946090
35953464
35960831
35968214
35975564
35982898
35990296
35997701
36005030
36012404
36019836
36027248
36034579
36041923
36049261
36056624
36063981
36071323
36078690
36086059
36093471
36100821
36108209
36115575
36122931
36130279
36137664
36145027
36152382
36159738
36167101
36174433
36181783
36189112
36196482
36203861
36211255
36218633
36226059
36233454
36240801
36248152
36255522
36262905
36270307
36277669
36285019
36292404
36299754
36307129
36314489
36321898
36329264
36336617
36343968
36351354
36358771
36366152
36373558
36380903
36388275
36395667
36403056
36410421
36417778
36425159
36432550
36439901
36447312
36454687
36462097
36469497
36476899
36484273
36491656
36499012
36506403
36513812
36521213
36528624
36536010
36543367
36550769
36558161
36565482
36572826
36580210
36587613
36595035
36602446
36609796
36617154
36624527
36631888
36639283
36646694
36654078
36661420
36668766
36676152
36683496
36690803
36698193
36705545
36712922
36720289
36727642
36735053
36742411
36749750
36757117
36764491
36771879
36779235
36786621
36794015
36801384
36808749
36816092
36823478
36830879
36838276
36845682
36853083
36860493
36867877
36875230
36882555
36889967
36897350
36904742
36912128
36919550
36926882
36934235
36941595
36949011
36956309
36963731
36971144
36978496
36985859
36993249
37000667
37008052
37015409
37022768
37030153
37037551
37044924
37052309
37059728
37067086
37074500
37081914
37089251
37096599
37103947
37111338
37118765
37126147
37133549
37140903
37148240
37155595
37162980
37170370
37177761
37185147
37192546
37199922
37207285
37214706
37222075
37229438
37236804
37244173
37251539
37258872
37266231
37273582
37281004
37288352
37295759
37303159
37310536
37317945
37325300
37332690
37340064
37347435
37354828
37362234
37369600
37376982
37384319
37391665
37399020
37406392
37413773
37421133
37428462
37435821
37443171
37450506
37457849
37465221
37472572
37479961
37487330
37494704
37502090
37509477
37516854
37524176
37531579
37538945
37546293
37553624
37560955
37568317
37575753
37583102
37590484
37597827
37605210
37612565
37619936
37627335
37634696
37642071
37649497
37656893
37664333
37671695
37679102
37686487
37693827
37701206
37708566
37715928
37723288
37730694
37738098
37745468
37752813
37760206
37767613
37774987
37782392
37789768
37797120
37804501
37811806
37819174
37826577
37833994
37841365
37848744
37856137
37863496
37870844
37878229
37885662
37893020
37900363
37907768
37915173
37922562
37929907
37937307
37944673
37952071
37959492
37966821
37974178
37981556
37988945
37996369
38003762
38011169
38018560
38025946
38033314
38040708
38048106
38055501
38062808
38070213
38077552
38084965
38092347
38099689
38107049
38114351
38121744
38129116
38136472
38143871
38151255
38158619
38166032
38173440
38180821
38188182
38195581
38203004
38210335
38217741
38225114
38232444
38239802
38247228
38254532
38261899
38269310
38276702
38284082
38291435
38298828
38306204
38313650
38321053
38328422
38335803
38343113
38350476
38357841
38365205
38372571
38379969
38387345
38394705
38402097
38409478
38416837
38424216
38431600
38439013
38446430
38453806
38461151
38468564
38475928
38483293
38490700
38498079
38505452
38512804
38520186
38527563
38534929
38542284
38549608
38557025
38564400
38571768
38579168
38586546
38593946
38601339
38608676
38616071
38623439
38630803
38638208
38645561
38652982
38660385
38667728
38675121
38682538
38689909
38697308
38704696
38712061
38719420
38726808
38734214
38741594
38749004
38756361
38763698
38771030
38778432
38785805
38793140
38800541
38807913
38815275
38822675
38830107
38837462
38844880
38852264
38859639
38867017
38874381
38881775
38889080
38896450
38903779
38911121
38918496
38925873
38933230
38940603
38948012
38955395
38962717
38970070
38977457
38984822
38992154
38999538
39006898
39014273
39021656
39029060
39036403
39043751
39051140
39058519
39065923
39073300
39080715
39088118
39095505
39102921
39110362
39117710
39125098
39132474
39139852
39147268
39154617
39162005
39169384
39176793
39184170
39191536
39198922
39206275
39213611
39220972
39228328
39235727
39243069
39250456
39257809
39265178
39272540
39279918
39287328
39294697
39302036
39309386
39316723
39324075
39331498
39338855
39346188
39353561
39360922
39368290
39375619
39382972
39390291
39397637
39404966
39412324
39419659
39427049
39434424
39441801
39449181
39456532
39463902
39471264
39478623
39485970
39493367
39500698
39508033
39515439
39522837
39530191
39537571
39544983
39552344
39559671
39567062
39574442
39581798
39589151
39596553
39603903
39611273
39618638
39625996
39633372
39640705
39648034
39655427
39662779
39670165
39677560
39684909
39692283
39699634
39707054
39714433
39721856
39729287
39736617
39744009
39751422
39758814
39766194
39773550
39780968
39788337
39795682
39803031
39810414
39817835
39825212
39832558
39839968
39847372
39854722
39862107
39869479
39876865
39884263
39891627
39899000
39906369
39913724
39921082
39928469
39935878
39943339
39950696
39958099
39965473
39972807
39980166
39987557
39994911
40002285
40009664
40017034
40024413
40031784
40039210
40046528
40053878
40061253
40068624
40076024
40083362
40090728
40098092
40105474
40112841
40120199
40127574
40134936
40142326
40149676
40157020
40164428
40171822
40179219
40186530
40193943
40201302
40208665
40216039
40223382
40230733
40238115
40245486
40252872
40260287
40267633
40275003
40282371
40289747
40297128
40304490
40311850
40319240
40326629
40333985
40341353
40348744
40356085
40363438
40370852
40378201
40385539
40392895
40400234
40407617
40415008
40422378
40429739
40437115
40444516
40451865
40459277
40466629
40473984
40481372
40488773
40496131
40503503
40510800
40518162
40525528
40532878
40540257
40547644
40555000
40562363
40569755
40577169
40584523
40591908
40599285
40606683
40614069
40621484
40628875
40636269
40643656
40651055
40658401
40665729
40673078
40680423
40687817
40695207
40702603
40709983
40717388
40724764
40732137
40739539
40746867
40754269
40761647
40768991
40776363
40783706
40791134
40798477
40805828
40813179
40820528
40827884
40835263
40842655
40850045
40857381
40864799
40872165
40879537
40886917
40894317
40901672
40909065
40916409
40923692
40931081
40938433
40945820
40953190
40960562
40967961
40975350
40982748
40990148
40997523
41004885
41012242
41019577
41026968
41034341
41041740
41049127
41056462
41063850
41071200
41078572
41085932
41093269
41100619
41108033
41115454
41122779
41130125
41137484
41144881
41152209
41159599
41167011
41174429
41181762
41189129
41196490
41203885
41211223
41218627
41226017
41233406
41240794
41248174
41255554
41262962
41270366
41277749
41285088
41292444
41299819
41307190
41314537
41321927
41329305
41336658
41344012
41351369
41358713
41366118
41373531
41380873
41388281
41395666
41403049
41410435
41417830
41425240
41432593
41439978
41447323
41454648
41462022
41469417
41476799
41484186
41491558
41498920
41506294
41513703
41521100
41528457
41535848
41543268
41550697
41558066
41565449
41572816
41580216
41587617
41594943
41602340
41609739
41617127
41624495
41631893
41639275
41646623
41653946
41661311
41668670
41676073
41683442
41690808
41698153
41705497
41712907
41720282
41727647
41735007
41742383
41749775
41757142
41764537
41771954
41779322
41786702
41794076
41801486
41808866
41816240
41823598
41830947
41838278
41845642
41853021
41860422
41867848
41875239
41882617
41890004
41897349
41904693
41912079
41919445
41926775
41934122
41941514
41948918
41956250
41963658
41971036
41978451
41985839
41993166
42000524
42007932
42015318
42022676
42030084
42037466
42044836
42052225
42059608
42067008
42074425
42081768
42089113
42096446
42103829
42111182
42118537
42125891
42133311
42140719
42148084
42155479
42162855
42170216
42177576
42184985
42192354
42199734
42207121
42214511
42221895
42229242
42236645
42244051
42251424
42258787
42266123
42273540
42280924
42288303
42295652
42303065
42310439
42317810
42325121
42332467
42339832
42347242
42354610
42362000
42369423
42376781
42384163
42391521
42398937
42406312
42413717
42421169
42428561
42435966
42443313
42450671
42458045
42465440
42472872
42480278
42487626
42494994
42502353
42509787
42517188
42524599
42531974
42539366
42546766
42554172
42561527
42568966
42576380
42583776
42591149
42598497
42605900
42613314
42620705
42628110
42635506
42642918
42650328
42657705
42665033
42672466
42679854
42687242
42694616
42701952
42709335
42716740
42724127
42731513
42738917
42746306
42753683
42761084
42768444
42775794
42783166
42790535
42797969
42805339
42812718
42820079
42827422
42834761
42842137
42849424
42856807
42864173
42871589
42878994
42886382
42893738
42901149
42908560
42915926
42923258
42930661
42938046
42945403
42952782
42960180
42967549
42974959
42982369
42989751
42997132
43004488
43011853
43019196
43026601
43033962
43041353
43048696
43056029
43063388
43070736
43078159
43085527
43092876
43100238
43107586
43114989
43122391
43129762
43137149
43144518
43151852
43159186
43166549
43173929
43181281
43188679
43196009
43203366
43210757
43218131
43225535
43232938
43240310
43247647
43255004
43262357
43269762
43277110
43284491
43291890
43299192
43306599
43314011
43321378
43328747
43336164
43343537
43350920
43358249
43365626
43372989
43380372
43387785
43395153
43402537
43409933
43417288
43424712
43432064
43439478
43446886
43454216
43461596
43468992
43476353
43483706
43491099
43498480
43505900
43513240
43520664
43528036
43535349
43542724
43550080
43557487
43564855
43572201
43579573
43586944
43594337
43601690
43609046
43616446
43623794
43631140
43638483
43645911
43653300
43660737
43668125
43675507
43682926
43690329
43697702
43705124
43712505
43719923
43727306
43734678
43742045
43749431
43756813
43764191
43771554
43778925
43786280
43793632
43800952
43808346
43815654
43823059
43830463
43837875
43845229
43852645
43860026
43867393
43874793
43882184
43889577
43896950
43904318
43911641
43919009
43926377
43933726
43941099
43948460
43955881
43963248
43970632
43978052
43985395
43992790
44000149
44007525
44014905
44022212
44029570
44036964
44044334
44051733
44059150
44066565
44073887
44081250
44088651
44096045
44103371
44110762
44118150
44125540
44132881
44140246
44147596
44154946
44162377
44169746
44177114
44184519
44191913
44199292
44206715
44214066
44221500
44228935
44236303
44243678
44251047
44258407
44265807
44273187
44280608
44287953
44295333
44302681
44310063
44317451
44324842
44332245
44339656
44347027
44354431
44361755
44369144
44376467
44383819
44391198
44398612
44406007
44413354
44420722
44428074
44435470
44442839
44450234
44457587
44464954
44472352
44479734
44487100
44494489
44501865
44509222
44516560
44523943
44531327
44538718
44546037
44553460
44560800
44568207
44575577
44582961
44590326
44597760
44605099
44612479
44619889
44627276
44634602
44642033
44649428
44656763
44664150
44671556
44678911
44686263
44693596
44700960
44708356
44715734
44723099
44730484
44737878
44745290
44752676
44760059
44767414
44774741
44782119
44789495
44796871
44804265
44811649
44819015
44826381
44833775
44841136
44848503
44855868
44863251
44870658
44878062
44885425
44892767
44900088
44907435
44914798
44922158
44929520
44936911
44944253
44951630
44959007
44966387
44973707
44981070
44988478
44995834
45003172
45010519
45017849
45025227
45032569
45039961
45047341
45054751
45062126
45069509
45076893
45084284
45091638
45099016
45106363
45113734
45121084
45128461
45135809
45143173
45150562
45157945
45165318
45172677
45180043
45187403
45194794
45202179
45209548
45216895
45224254
45231597
45238960
45246335
45253684
45261046
45268424
45275810
45283144
45290602
45297997
45305319
45312689
45320118
45327523
45334923
45342314
45349725
45357086
45364491
45371830
45379193
45386561
45393931
45401256
45408585
45415930
45423273
45430638
45438016
45445381
45452716
45460087
45467469
45474781
45482129
45489522
45496892
45504242
45511595
45518956
45526285
45533639
45541035
45548424
45555781
45563174
45570573
45577943
45585337
45592705
45600071
45607428
45614822
45622198
45629611
45636949
45644281
45651620
45659005
45666398
45673800
45681161
45688568
45695957
45703341
45710718
45718015
45725392
45732760
45740112
45747467
45754872
45762232
45769668
45777000
45784368
45791785
45799207
45806596
45813957
45821321
45828689
45836075
45843469
45850828
45858192
45865535
45872874
45880286
45887631
45895015
45902379
45909737
45917114
45924472
45931873
45939242
45946628
45954014
45961361
45968728
45976153
45983470
45990850
45998223
46005594
46012970
46020297
46027709
46035101
46042476
46049811
46057142
46064525
46071935
46079283
46086688
46094086
46101496
46108859
46116222
46123590
46131008
46138352
46145706
46153098
46160479
46167853
46175189
46182538
46189896
46197288
46204680
46212073
46219497
46226903
46234287
46241607
46248945
46256266
46263613
46270950
46278338
46285702
46293095
46300461
46307849
46315197
46322598
46329905
46337221
46344587
46351950
46359275
46366650
46374055
46381397
46388799
46396174
46403546
46410906
46418240
46425566
46432985
46440314
46447719
46455138
46462530
46469918
46477258
46484607
46492005
46499361
46506714
46514056
46521461
46528819
46536160
46543519
46550865
46558238
46565624
46572963
46580391
46587749
46595144
46602497
46609815
46617156
46624519
46631848
46639243
46646638
46654015
46661377
46668795
46676203
46683583
46690979
46698349
46705774
46713147
46720576
46727953
46735314
46742672
46750039
46757437
46764785
46772158
46779518
46786905
46794314
46801712
46809091
46816501
46823893
46831260
46838658
46846042
46853453
46860835
46868163
46875535
46882935
46890360
46897745
46905143
46912519
46919944
46927310
46934729
46942153
46949525
46956922
46964310
46971704
46979077
46986464
46993873
47001257
47008637
47016003
47023341
47030745
47038154
47045532
47052921
47060296
47067680
47075082
47082463
47089862
47097254
47104647
47112051
47119423
47126828
47134247
47141584
47148975
47156306
47163735
47171145
47178514
47185878
47193221
47200637
47208018
47215399
47222800
47230188
47237606
47244987
47252384
47259757
47267117
47274540
47281889
47289251
47296638
47303978
47311376
47318783
47326124
47333512
47340936
47348347
47355728
47363131
47370524
47377945
47385338
47392698
47400136
47407488
47414836
47422193
47429555
47436971
47444383
47451761
47459151
47466565
47473938
47481368
47488699
47496062
47503453
47510859
47518225
47525567
47532945
47540335
47547712
47555111
47562533
47569894
47577251
47584630
47592037
47599448
47606798
47614180
47621530
47628912
47636197
47643593
47650975
47658326
47665694
47673121
47680483
47687865
47695282
47702649
47710041
47717473
47724862
47732270
47739649
47747037
47754427
47761785
47769153
47776535
47783896
47791281
47798635
47805991
47813331
47820726
47828079
47835429
47842842
47850264
47857622
47864985
47872319
47879728
47887062
47894461
47901844
47909207
47916569
47923987
47931396
47938767
47946139
47953492
47960863
47968231
47975587
47982934
47990335
47997747
48005129
48012496
48019869
48027285
48034622
48041999
48049359
48056745
48064099
48071516
48078878
48086226
48093574
48100940
48108322
48115674
48123054
48130442
48137841
48145201
48152583
48159972
48167362
48174744
48182101
48189468
48196863
48204216
48211603
48219010
48226390
48233776
48241119
48248476
48255868
48263254
48270578
48277957
48285340
48292737
48300107
48307480
48314864
48322235
48329597
48336981
48344333
48351692
48359123
48366495
48373821
48381215
48388595
48395910
48403316
48410753
48418108
48425516
48432897
48440281
48447664
48454976
48462385
48469748
48477104
48484453
48491793
48499184
48506550
48513954
48521323
48528700
48536066
48543436
48550815
48558135
48565514
48572912
48580255
48587666
48595048
48602431
48609806
48617193
48624549
48631907
48639219
48646616
48654032
48661419
48668807
48676134
48683534
48690922
48698336
48705706
48713085
48720477
48727848
48735193
48742564
48749945
48757350
48764722
48772077
48779505
48786867
48794157
48801519
48808890
48816287
48823652
48831022
48838397
48845737
48853127
48860515
48867891
48875247
48882627
48889980
48897327
48904722
48912102
48919470
48926879
48934218
48941611
48948992
48956345
48963715
48971066
48978454
48985821
48993214
49000576
49007936
49015283
49022610
49030034
49037414
49044808
49052158
49059556
49066934
49074311
49081696
49089062
49096372
49103772
49111167
49118552
49125893
49133307
49140640
49147965
49155362
49162753
49170118
49177505
49184859
49192233
49199600
49206996
49214387
49221723
49229055
49236441
49243803
49251249
49258586
49265955
49273359
49280791
49288128
49295469
49302895
49310253
49317626
49324999
49332347
49339755
49347103
49354501
49361884
49369290
49376665
49384067
49391439
49398811
49406169
49413530
49420883
49428263
49435592
49442956
49450282
49457696
49465079
49472449
49479833
49487245
49494622
49501999
49509370
49516733
49524134
49531549
49538919
49546282
49553684
49561024
49568442
49575814
49583204
49590557
49597940
49605338
49612752
49620147
49627463
49634814
49642242
49649644
49657033
49664376
49671757
49679163
49686528
49693890
49701288
49708639
49716004
49723370
49730719
49738062
49745437
49752855
49760197
49767525
49774877
49782204
49789542
49796948
49804279
49811656
49819078
49826413
49833801
49841204
49848588
49855986
49863393
49870736
49878118
49885540
49892916
49900269
49907645
49915000
49922354
49929716
49937098
49944492
49951902
49959229
49966558
49973972
49981339
49988646
49996008
50003369
50010725
50018140
50025588
50032911
50040303
50047678
50055060
50062490
50069857
50077248
50084634
50091978
50099367
50106795
50114166
50121573
50128949
50136372
50143743
50151101
50158485
50165803
50173187
50180514
50187933
50195234
50202615
50209954
50217279
50224659
50232044
50239402
50246774
50254171
50261538
50268895
50276294
50283663
50291023
50298372
50305743
50313107
50320504
50327888
50335269
50342698
50350129
50357520
50364892
50372247
50379626
50386986
50394375
50401718
50409082
50416449
50423823
50431207
50438522
50445883
50453268
50460605
50468010
50475421
50482795
50490132
50497540
50504988
50512388
50519747
50527123
50534465
50541892
50549269
50556661
50564026
50571399
50578759
50586175
50593544
50600943
50608391
50615753
50623093
50630442
50637847
50645197
50652579
50659953
50667286
50674657
50682047
50689447
50696776
50704153
50711569
50718958
50726369
50733763
50741090
50748502
50755877
50763189
50770567
50777983
50785355
50792749
50800188
50807550
50814953
50822348
50829714
50837068
50844444
50851813
50859168
50866506
50873862
50881240
50888628
50895998
50903352
50910724
50918053
50925433
50932785
50940130
50947464
50954780
50962175
50969554
50976930
50984356
50991700
50999062
51006403
51013791
51021166
51028578
51035991
51043349
51050721
51058079
51065479
51072878
51080215
51087608
51094982
51102346
51109735
51117120
51124461
51131811
51139196
51146560
51153915
51161291
51168679
51176059
51183462
51190871
51198206
51205566
51212946
51220302
51227670
51235015
51242380
51249752
51257137
51264482
51271831
51279152
51286503
51293914
51301281
51308661
51316060
51323424
51330813
51338195
51345532
51352891
51360273
51367665
51375027
51382397
51389788
51397170
51404568
51411918
51419285
51426652
51434048
51441431
51448843
51456193
51463563
51470901
51478241
51485617
51492992
51500395
51507753
51515100
51522446
51529806
51537192
51544543
51551936
51559279
51566639
51574030
51581422
51588759
51596118
51603516
51610879
51618287
51625699
51633048
51640428
51647827
51655247
51662548
51669947
51677331
51684719
51692121
51699510
51706911
51714240
51721625
51728940
51736280
51743699
51751079
51758441
51765779
51773173
51780570
51787976
51795341
51802757
51810111
51817481
51824919
51832263
51839598
51847026
51854404
51861810
51869183
51876530
51883856
51891242
51898555
51905968
51913355
51920715
51928135
51935539
51942921
51950332
51957680
51965062
51972433
51979791
51987222
51994556
52001956
52009374
52016708
52024107
52031418
52038782
52046198
52053571
52060941
52068366
52075750
52083139
52090535
52097838
52105232
52112632
52119996
52127419
52134765
52142139
52149496
52156841
52164207
52171563
52178938
52186305
52193701
52201073
52208461
52215852
52223207
52230536
52237951
52245321
52252705
52260094
52267489
52274801
52282185
52289524
52296929
52304319
52311681
52319013
52326420
52333798
52341144
52348546
52355932
52363300
52370658
52378030
52385364
52392750
52400083
52407477
52414862
52422240
52429591
52436961
52444353
52451739
52459096
52466489
52473849
52481213
52488556
52495927
52503320
52510678
52518053
52525457
52532820
52540211
52547581
52554982
52562437
52569829
52577225
52584592
52591983
52599386
52606731
52614050
52621452
52628820
52636207
52643579
52650894
52658277
52665632
52672986
52680380
52687715
52695096
52702454
52709808
52717193
52724572
52731993
52739377
52746744
52754122
52761524
52768871
52776280
52783657
52791028
52798401
52805780
52813119
52820509
52827863
52835267
52842649
52850037
52857464
52864912
52872285
52879640
52886999
52894393
52901744
52909109
52916474
52923847
52931201
52938585
52945946
52953267
52960648
52968051
52975422
52982779
52990145
52997461
53004795
53012170
53019537
53026940
53034338
53041738
53049139
53056515
53063901
53071299
53078641
53086013
53093363
53100702
53108063
53115451
53122862
53130214
53137626
53145029
53152352
53159744
53167086
53174445
53181861
53189235
53196617
53203981
53211362
53218742
53226152
53233512
53240878
53248233
53255639
53263029
53270376
53277815
53285188
53292541
53299864
53307240
53314640
53321951
53329312
53336725
53344155
53351552
53358937
53366300
53373660
53381033
53388442
53395843
53403196
53410545
53417909
53425310
53432672
53440045
53447448
53454838
53462248
53469649
53477040
53484447
53491809
53499191
53506579
53513926
53521251
53528658
53536019
53543371
53550747
53558078
53565433
53572787
53580191
53587534
53594941
53602300
53609648
53617088
53624489
53631896
53639279
53646646
53654025
53661357
53668761
53676163
53683554
53690915
53698352
53705726
53713092
53720460
53727858
53735208
53742532
53749958
53757345
53764684
53772051
53779418
53786806
53794191
53801563
53808927
53816299
53823682
53831076
53838474
53845778
53853218
53860580
53867954
53875293
53882683
53890080
53897494
53904895
53912283
53919662
53927022
53934433
53941852
53949280
53956650
53964066
53971418
53978718
53986052
53993378
54000790
54008186
54015556
54022923
54030300
54037693
54045073
54052430
54059820
54067216
54074624
54082032
54089384
54096765
54104156
54111554
54118873
54126222
54133578
54140904
54148259
54155611
54162989
54170387
54177735
54185141
54192550
54199877
54207247
54214615
54222006
54229364
54236719
54244093
54251476
54258834
54266223
54273581
54280931
54288328
54295684
54303003
54310388
54317794
54325164
54332531
54339899
54347302
54354698
54362055
54369418
54376844
54384224
54391576
54398952
54406324
54413681
54421052
54428436
54435807
54443159
54450545
54457879
54465227
54472612
54479954
54487326
54494684
54502072
54509428
54516801
54524129
54531481
54538873
54546258
54553658
54561098
54568490
54575864
54583250
54590607
54597953
54605347
54612700
54620064
54627423
54634813
54642185
54649589
54656907
54664262
54671649
54679035
54686406
54693760
54701146
54708477
54715871
54723262
54730625
54738023
54745449
54752818
54760159
54767576
54774930
54782295
54789622
54796976
54804328
54811702
54819058
54826438
54833800
54841153
54848461
54855781
54863145
54870510
54877900
54885280
54892669
54900073
54907491
54914903
54922239
54929614
54936984
54944372
54951754
54959093
54966478
54973832
54981231
54988560
54995958
55003332
55010719
55018109
55025500
55032869
55040229
55047626
55054989
55062363
55069753
55077162
55084520
55091904
55099313
55106635
55114053
55121443
55128835
55136256
55143617
55150991
55158389
55165807
55173187
55180590
55188006
55195365
55202721
55210132
55217534
55224913
55232287
55239649
55246988
55254316
55261681
55269059
55276434
55283809
55291210
55298630
55306016
55313415
55320726
55328088
55335501
55342907
55350290
55357639
55365004
55372328
55379675
55387035
55394430
55401811
55409211
55416589
55423935
55431290
55438700
55446059
55453420
55460806
55468149
55475537
55482854
55490193
55497508
55504887
55512290
55519623
55527025
55534435
55541785
55549220
55556589
55563947
55571329
55578670
55586046
55593439
55600814
55608179
55615546
55622910
55630276
55637640
55645012
55652390
55659748
55667186
55674523
55681880
55689254
55696613
55704027
55711401
55718820
55726212
55733631
55741038
55748374
55755784
55763172
55770517
55777912
55785321
55792704
55800101
55807492
55814812
55822212
55829581
55836954
55844380
55851775
55859181
55866536
55873897
55881263
55888629
55896056
55903452
55910803
55918155
55925543
55932962
55940340
55947753
55955159
55962529
55969931
55977259
55984610
55991988
55999339
56006767
56014130
56021469
56028824
56036187
56043570
56050985
56058407
56065776
56073153
56080502
56087912
56095280
56102693
56110039
56117412
56124831
56132198
56139547
56146910
56154261
56161663
56169026
56176397
56183764
56191160
56198541
56205883
56213253
56220649
56228044
56235384
56242767
56250114
56257492
56264812
56272182
56279537
56286915
56294260
56301660
56309042
56316411
56323768
56331149
56338516
56345889
56353251
56360671
56368019
56375400
56382767
56390191
56397593
56404910
56412281
56419644
56427039
56434396
56441802
56449181
56456558
56463947
56471319
56478695
56486010
56493381
56500727
56508081
56515496
56522888
56530239
56537614
56544996
56552360
56559705
56567095
56574496
56581841
56589228
56596602
56603944
56611314
56618719
56626110
56633504
56640935
56648324
56655715
56663067
56670457
56677867
56685258
56692666
56700011
56707404
56714782
56722118
56729488
56736878
56744237
56751637
56759002
56766333
56773730
56781158
56788517
56795891
56803217
56810583
56817984
56825387
56832729
56840084
56847459
56854867
56862258
56869631
56877014
56884397
56891792
56899188
56906571
56913931
56921323
56928680
56936077
56943443
56950823
56958155
56965562
56972942
56980282
56987626
56994999
57002387
57009743
57017108
57024471
57031814
57039216
57046565
57053939
57061286
57068682
57076048
57083439
57090814
57098174
57105528
57112863
57120263
57127651
57135006
57142409
57149734
57157115
57164424
57171756
57179157
57186494
57193895
57201289
57208675
57216078
57223462
57230860
57238244
57245559
57252945
57260288
57267685
57275033
57282397
57289738
57297105
57304471
57311842
57319171
57326580
57333974
57341343
57348717
57356104
57363462
57370859
57378207
57385574
57392947
57400308
57407723
57415072
57422478
57429824
57437210
57444573
57451949
57459373
57466762
57474160
57481488
57488876
57496265
57503624
57510961
57518307
57525666
57533055
57540455
57547767
57555115
57562479
57569797
57577135
57584544
57591932
57599353
57606716
57614071
57621464
57628833
57636206
57643643
57650989
57658378
57665751
57673130
57680504
57687913
57695253
57702645
57709999
57717405
57724772
57732129
57739547
57746919
57754292
57761665
57769094
57776494
57783887
57791236
57798617
57806027
57813406
57820786
57828155
57835551
57842960
57850353
57857715
57865080
57872431
57879845
57887255
57894684
57902073
57909508
57916888
57924306
57931713
57939095
57946503
57953857
57961231
57968619
57976031
57983410
57990777
57998143
58005524
58012881
58020281
58027680
58035038
58042428
58049801
58057143
58064510
58071862
58079242
58086641
58094034
58101453
58108843
58116268
58123596
58130933
58138281
58145683
58153047
58160439
58167820
58175205
58182538
58189962
58197367
58204707
58212072
58219422
58226819
58234146
58241525
58248916
58256267
58263618
58271002
58278368
58285699
58293072
58300421
58307819
58315192
58322560
58329924
58337266
58344640
58352077
58359437
58366768
58374147
58381527
58388903
58396289
58403671
58411023
58418412
58425835
58433155
58440545
58447901
58455272
58462678
58470046
58477431
58484820
58492197
58499596
58507010
58514384
58521785
58529141
58536546
58543931
58551307
58558684
58566062
58573405
58580803
58588175
58595575
58602954
58610310
58617723
58625110
58632516
58639864
58647246
58654606
58662011
58669401
58676785
58684120
58691480
58698885
58706313
58713696
58721014
58728374
58735792
58743187
58750585
58757980
58765356
58772745
58780099
58787444
58794774
58802178
58809543
58816905
58824300
58831683
58839046
58846446
58853861
58861240
58868622
58875963
58883306
58890698
58898060
58905444
58912820
58920140
58927495
58934885
58942273
58949669
58957042
58964417
58971807
58979182
58986558
58993972
59001378
59008748
59016079
59023479
59030829
59038219
59045631
59052990
59060395
59067735
59075092
59082479
59089824
59097182
59104607
59111969
59119336
59126712
59134102
59141424
59148819
59156185
59163523
59170920
59178266
59185636
59193048
59200439
59207815
59215195
59222565
59229944
59237344
59244732
59252103
59259521
59266894
59274313
59281714
59289125
59296494
59303881
59311302
59318709
59326083
59333458
59340844
59348248
59355586
59362967
59370341
59377711
59385036
59392425
59399802
59407191
59414569
59421974
59429339
59436746
59444135
59451529
59458907
59466276
59473671
59481043
59488420
59495823
59503206
59510661
59518040
59525445
59532792
59540192
59547587
59554956
59562327
59569735
59577107
59584545
59591928
59599274
59606616
59613999
59621332
59628730
59636125
59643504
59650861
59658203
59665550
59672924
59680259
59687666
59695116
59702485
59709850
59717193
59724586
59731955
59739324
59746652
59754061
59761446
59768870
59776230
59783594
59790947
59798351
59805782
59813148
59820542
59827910
59835298
59842706
59850114
59857526
59864900
59872302
59879690
59887074
59894500
59901889
59909220
59916602
59924010
59931438
59938804
59946203
59953578
59960952
59968351
59975704
59983079
59990457
59997836
60005256
60012619
60019944
60027276
60034645
60042023
60049412
60056783
60064172
60071528
60078933
60086309
60093675
60101002
60108417
60115820
60123154
60130527
60137886
60145257
60152648
60160011
60167371
60174790
60182181
60189574
60196953
60204288
60211679
60219057
60226429
60233835
60241237
60248582
60255956
60263326
60270699
60278075
60285440
60292813
60300194
60307564
60314974
60322333
60329665
60337033
60344423
60351788
60359143
60366484
60373838
60381175
60388499
60395827
60403199
60410621
60418051
60425431
60432840
60440254
60447602
60454953
60462294
60469705
60477029
60484383
60491782
60499145
60506514
60513849
60521257
60528628
60535963
60543322
60550743
60558108
60565452
60572849
60580254
60587611
60594972
60602350
60609745
60617122
60624505
60631865
60639253
60646646
60654003
60661393
60668776
60676206
60683554
60690925
60698271
60705680
60713032
60720395
60727785
60735183
60742572
60749987
60757364
60764712
60772078
60779439
60786839
60794234
60801607
60808988
60816331
60823680
60831027
60838414
60845821
60853209
60860534
60867918
60875281
60882619
60889994
60897342
60904692
60912076
60919446
60926817
60934224
60941584
60948965
60956306
60963661
60971055
60978386
60985777
60993153
61000474
61007890
61015263
61022679
61030083
61037458
61044771
61052133
61059503
61066867
61074241
61081584
61088929
61096321
61103709
61111089
61118480
61125862
61133232
61140616
61147949
61155296
61162677
61170013
61177429
61184801
61192150
61199551
61206926
61214302
61221669
61229028
61236386
61243731
61251100
61258465
61265892
61273249
61280618
61287992
61295310
61302696
61310063
61317481
61324840
61332195
61339538
61346962
61354313
61361682
61369109
61376488
61383871
61391227
61398604
61405965
61413346
61420726
61428114
61435478
61442818
61450171
61457536
61464957
61472359
61479756
61487123
61494477
61501817
61509213
61516580
61523961
61531302
61538642
61546001
61553403
61560772
61568151
61575487
61582827
61590174
61597572
61604959
61612293
61619615
61626989
61634428
61641793
61649160
61656543
61663888
61671304
61678695
61686051
61693459
61700809
61708193
61715541
61722901
61730317
61737702
61745069
61752431
61759791
61767196
61774569
61781993
61789392
61796758
61804121
61811511
61818935
61826305
61833640
61841004
61848390
61855739
61863142
61870458
61877813
61885221
61892611
61900011
61907406
61914772
61922109
61929485
61936859
61944193
61951571
61958974
61966328
61973746
61981097
61988441
61995774
62003179
62010545
62017878
62025286
62032647
62040047
62047454
62054894
62062274
62069676
62077077
62084437
62091845
62099252
62106624
62114057
62121421
62128802
62136216
62143616
62151003
62158385
62165781
62173147
62180569
62187932
62195353
62202680
62210045
62217378
62224703
62232101
62239488
62246867
62254243
62261612
62269004
62276378
62283733
62291126
62298551
62305930
62313321
62320692
62328079
62335466
62342824
62350238
62357603
62365026
62372396
62379817
62387228
62394604
62401954
62409326
62416690
62424102
62431469
62438841
62446137
62453504
62460935
62468304
62475673
62483020
62490435
62497751
62505079
62512432
62519839
62527215
62534589
62541936
62549314
62556710
62564063
62571415
62578768
62586135
62593525
62600869
62608239
62615644
62622996
62630343
62637729
62645126
62652544
62659941
62667329
62674732
62682114
62689477
62696869
62704259
62711610
62719002
62726372
62733795
62741093
62748492
62755859
62763269
62770632
62778043
62785398
62792749
62800144
62807472
62814821
62822158
62829530
62836919
62844351
62851718
62859097
62866474
62873873
62881253
62888642
62896033
62903359
62910756
62918144
62925555
62932957
62940358
62947748
62955130
62962488
62969879
62977233
62984591
62991946
62999347
63006732
63014093
63021450
63028805
63036198
63043588
63051004
63058389
63065825
63073193
63080584
63087965
63095321
63102678
63110059
63117463
63124856
63132229
63139602
63146970
63154327
63161752
63169101
63176441
63183837
63191226
63198610
63205976
63213313
63220710
63228048
63235456
63242830
63250194
63257599
63264968
63272334
63279659
63287025
63294437
63301782
63309239
63316596
63324002
63331375
63338782
63346172
63353566
63360974
63368347
63375702
63383112
63390497
63397912
63405261
63412645
63420034
63427429
63434825
63442155
63449539
63456896
63464238
63471580
63478984
63486350
63493728
63501166
63508545
63515923
63523303
63530695
63538041
63545425
63552760
63560149
63567528
63574882
63582227
63589573
63596921
63604278
63611639
63618972
63626328
63633682
63641058
63648434
63655823
63663233
63670584
63677904
63685241
63692658
63699997
63707359
63714717
63722030
63729372
63736769
63744177
63751573
63758980
63766344
63773709
63781070
63788437
63795788
63803150
63810530
63817900
63825309
63832657
63840048
63847437
63854802
63862188
63869569
63876942
63884303
63891691
63899066
63906476
63913869
63921214
63928604
63935954
63943285
63950639
63958005
63965381
63972766
63980149
63987509
63994857
64002226
64009580
64016940
64024366
64031714
64039073
64046481
64053888
64061256
64068604
64075958
64083304
64090687
64098034
64105429
64112766
64120206
64127619
64135032
64142389
64149751
64157121
64164488
64171950
64179303
64186686
64194088
64201497
64208872
64216243
64223644
64231077
64238479
64245837
64253210
64260636
64268008
64275385
64282756
64290154
64297510
64304860
64312232
64319612
64326972
64334350
64341716
64349076
64356467
64363852
64371198
64378605
64385993
64393341
64400669
64408047
64415411
64422793
64430151
64437506
64444898
64452286
64459658
64467016
64474376
64481759
64489136
64496510
64503881
64511225
64518607
64525961
64533411
64540718
64548113
64555510
64562920
64570362
64577678
64585087
64592488
64599863
64607225
64614627
64622021
64629429
64636828
64644124
64651510
64658909
64666309
64673699
64681097
64688432
64695800
64703178
64710581
64717935
64725311
64732692
64740132
64747545
64754875
64762296
64769645
64777035
64784395
64791752
64799127
64806499
64813884
64821289
64828661
64836038
64843431
64850759
64858164
64865543
64872869
64880212
64887590
64895016
64902432
64909849
64917226
64924572
64931909
64939289
64946685
64954048
64961411
64968801
64976160
64983544
64990938
64998283
65005650
65013026
65020411
65027798
65035238
65042578
65049929
65057269
65064656
65072032
65079392
65086758
65094131
65101509
65108905
65116282
65123651
65130998
65138359
65145696
65153059
65160441
65167870
65175238
65182646
65190027
65197383
65204738
65212134
65219470
65226844
65234179
65241547
65248887
65256217
65263575
65270921
65278274
65285705
65293031
65300423
65307762
65315094
65322452
65329803
65337151
65344508
65351870
65359233
65366601
65373981
65381374
65388762
65396190
65403590
65410939
65418344
65425622
65432993
65440365
65447731
65455156
65462564
65469947
65477323
65484690
65492052
65499435
65506811
65514196
65521535
65528888
65536258
65543583
65550929
65558322
65565652
65573068
65580453
65587824
65595267
65602656
65610003
65617375
65624821
65632187
65639594
65646971
65654387
65661809
65669158
65676535
65683896
65691269
65698643
65705992
65713334
65720703
65728087
65735421
65742863
65750241
65757658
65765040
65772441
65779798
65787191
65794596
65802015
65809388
65816761
65824161
65831571
65838973
65846359
65853756
65861144
65868502
65875849
65883215
65890550
65897979
65905342
65912723
65920128
65927517
65934877
65942250
65949645
65957057
65964441
65971812
65979175
65986558
65993983
66001353
66008784
66016167
66023555
66030958
66038320
66045677
66053004
66060346
66067710
66075112
66082464
66089833
66097241
66104603
66111977
66119343
66126747
66134156
66141529
66148937
66156270
66163674
66171034
66178443
66185784
66193269
66200674
66208047
66215438
66222833
66230196
66237628
66244957
66252362
66259740
66267149
66274557
66281936
66289301
66296654
66304010
66311426
66318789
66326186
66333562
66340970
66348334
66355681
66363061
66370457
66377836
66385273
66392709
66400094
66407430
66414800
66422162
66429504
66436909
66444314
66451692
66459065
66466412
66473757
66481104
66488449
66495823
66503196
66510578
66517921
66525330
66532709
66540132
66547526
66554935
66562360
66569766
66577141
66584497
66591896
66599276
66606641
66614013
66621355
66628736
66636087
66643408
66650835
66658244
66665576
66672881
66680211
66687570
66694974
66702331
66709707
66717096
66724447
66731830
66739160
66746516
66753899
66761248
66768639
66776003
66783349
66790729
66798115
66805516
66812921
66820294
66827702
66835099
66842436
66849796
66857151
66864543
66871918
66879261
66886644
66894027
66901368
66908755
66916121
66923550
66930945
66938358
66945769
66953071
66960450
66967844
66975216
66982573
66989973
66997362
67004754
67012172
67019578
67026892
67034298
67041672
67049088
67056461
67063806
67071162
67078535
67085919
67093318
67100696
67108024
67115417
67122793
67130164
67137539
67144936
67152305
67159681
67167096
67174488
67181888
67189304
67196703
67204044
67211399
67218793
67226177
67233510
67240883
67248232
67255598
67262989
67270371
67277769
67285110
67292498
67299872
67307272
67314639
67321955
67329338
67336712
67344059
67351430
67358743
67366151
67373534
67380944
67388323
67395702
67403080
67410458
67417807
67425207
67432545
67439908
67447258
67454649
67462006
67469402
67476794
67484178
67491574
67498988
67506387
67513699
67521074
67528449
67535843
67543237
67550573
67557914
67565280
67572658
67580040
67587402
67594753
67602116
67609538
67616923
67624268
67631642
67639059
67646455
67653865
67661273
67668683
67676038
67683383
67690790
67698174
67705561
67712931
67720321
67727746
67735147
67742528
67749829
67757229
67764636
67772016
67779371
67786755
67794130
67801465
67808823
67816204
67823567
67830916
67838264
67845657
67853025
67860356
67867784
67875114
67882457
67889834
67897176
67904533
67911894
67919300
67926662
67934056
67941403
67948733
67956097
67963422
67970765
67978156
67985551
67992940
68000310
68007652
68015028
68022397
68029775
68037129
68044490
68051845
68059217
68066580
68073947
68081300
68088662
68096077
68103456
68110802
68118227
68125611
68132995
68140346
68147748
68155059
68162475
68169852
68177252
68184633
68192026
68199427
68206780
68214156
68221556
68228904
68236290
68243648
68251040
68258392
68265772
68273125
68280460
68287852
68295219
68302590
68309938
68317292
68324669
68332045
68339408
68346736
68354088
68361455
68368853
68376255
68383595
68390982
68398331
68405703
68413061
68420387
68427748
68435150
68442479
68449867
68457270
68464668
68472048
68479463
68486818
68494185
68501567
68508911
68516217
68523607
68530995
68538372
68545739
68553119
68560536
68567878
68575279
68582664
68590047
68597431
68604781
68612174
68619559
68626961
68634360
68641757
68649155
68656544
68663946
68671317
68678690
68686113
68693430
68700801
68708141
68715499
68722879
68730235
68737545
68744949
68752310
68759658
68767021
68774389
68781781
68789173
68796566
68803923
68811311
68818740
68826131
68833493
68840869
68848236
68855592
68862969
68870343
68877735
68885096
68892498
68899898
68907291
68914621
68922027
68929415
68936817
68944251
68951633
68959052
68966411
68973754
68981138
68988567
68995932
69003343
69010707
69018119
69025533
69032905
69040276
69047665
69055052
69062412
69069829
69077200
69084518
69091898
69099327
69106694
69114032
69121404
69128804
69136102
69143476
69150831
69158193
69165589
69172977
69180367
69187728
69195118
69202456
69209822
69217171
69224562
69231930
69239295
69246668
69254055
69261426
69268819
69276233
69283611
69291037
69298393
69305774
69313176
69320558
69327961
69335380
69342796
69350111
69357453
69364789
69372167
69379564
69386917
69394303
69401727
69409098
69416464
69423829
69431215
69438538
69445893
69453253
69460615
69467982
69475285
69482661
69490083
69497454
69504831
69512153
69519554
69526948
69534323
69541704
69549043
69556445
69563810
69571200
69578576
69585939
69593329
69600712
69608120
69615452
69622825
69630152
69637548
69644913
69652251
69659633
69667000
69674366
69681765
69689171
69696538
69703941
69711269
69718635
69726019
69733358
69740737
69748090
69755476
69762835
69770199
69777599
69784960
69792378
69799760
69807112
69814498
69821850
69829233
69836633
69843998
69851352
69858703
69866077
69873406
69880731
69888123
69895538
69902900
69910278
69917652
69925001
69932394
69939729
69947076
69954422
69961818
69969175
69976531
69983909
69991246
69998678
70006030
70013463
70020839
70028228
70035606
70043011
70050375
70057761
70065136
70072512
70079867
70087258
70094652
70102025
70109414
70116806
70124178
70131545
70138908
70146263
70153647
70161009
70168387
70175708
70183134
70190541
70197961
70205374
70212717
70220081
70227402
70234829
70242218
70249610
70256982
70264339
70271729
70279114
70286464
70293828
70301222
70308554
70315900
70323326
70330674
70338057
70345448
70352852
70360249
70367672
70375015
70382372
70389727
70397083
70404484
70411851
70419243
70426592
70434000
70441358
70448689
70456001
70463371
70470780
70478151
70485568
70492919
70500284
70507652
70515000
70522391
70529759
70537150
70544536
70551912
70559292
70566640
70574018
70581384
70588767
70596112
70603469
70610859
70618283
70625661
70633048
70640407
70647784
70655200
70662592
70669982
70677348
70684658
70692031
70699395
70706805
70714131
70721522
70728868
70736213
70743596
70751000
70758396
70765771
70773112
70780527
70787915
70795253
70802610
70810018
70817381
70824750
70832099
70839471
70846830
70854220
70861585
70868984
70876382
70883734
70891111
70898451
70905840
70913199
70920557
70927848
70935220
70942630
70950017
70957448
70964838
70972251
70979649
70986947
70994331
71001692
71009046
71016404
71023752
71031140
71038505
71045900
71053215
71060618
71067931
71075317
71082671
71090013
71097395
71104789
71112142
71119472
71126825
71134214
71141544
71148911
71156281
71163706
71171084
71178482
71185872
71193282
71200645
71208013
71215386
71222826
71230211
71237612
71244951
71252332
71259722
71267107
71274508
71281846
71289248
71296641
71304006
71311376
71318730
71326096
71333493
71340906
71348258
71355624
71362992
71370352
71377699
71385025
71392390
71399778
71407135
71414534
71421886
71429281
71436646
71443989
71451410
71458834
71466206
71473566
71480916
71488299
71495675
71503002
71510337
71517703
71525054
71532435
71539875
71547246
71554597
71561972
71569322
71576720
71584104
71591518
71598884
71606245
71613623
71621035
71628418
71635757
71643126
71650475
71657890
71665266
71672686
71680022
71687375
71694747
71702121
71709551
71716950
71724349
71731717
71739136
71746476
71753824
71761175
71768513
71775892
71783246
71790593
71797929
71805283
71812677
71820040
71827432
71834778
71842184
71849540
71856892
71864283
71871693
71879084
71886484
71893855
71901220
71908623
71916014
71923369
71930751
71938102
71945460
71952845
71960244
71967613
71974986
71982381
71989701
71997049
72004391
72011768
72019157
72026562
72033992
72041388
72048751
72056150
72063521
72070912
72078331
72085690
72093054
72100418
72107778
72115157
72122560
72129892
72137274
72144632
72152005
72159446
72166792
72174199
72181580
72188937
72196294
72203664
72211046
72218427
72225830
72233224
72240607
72247976
72255378
72262763
72270139
72277515
72284905
72292306
72299662
72307047
72314400
72321764
72329171
72336558
72343920
72351357
72358767
72366158
72373515
72380890
72388271
72395657
72403048
72410402
72417740
72425141
72432506
72439846
72447249
72454613
72461956
72469328
72476724
72484073
72491457
72498841
72506248
72513627
72520982
72528418
72535800
72543171
72550605
72557980
72565366
72572758
72580127
72587477
72594854
72602209
72609591
72617010
72624374
72631769
72639146
72646530
72653853
72661209
72668603
72676004
72683355
72690747
72698111
72705495
72712860
72720214
72727548
72734892
72742283
72749689
72757094
72764512
72771868
72779266
72786674
72794077
72801462
72808878
72816268
72823731
72831149
72838551
72845910
72853336
72860716
72868105
72875509
72882940
72890353
72897721
72905058
72912404
72919808
72927204
72934566
72941951
72949338
72956720
72964134
72971532
72978876
72986264
72993638
73001031
73008408
73015762
73023119
73030522
73037889
73045270
73052697
73060134
73067478
73074846
73082210
73089558
73096946
73104315
73111676
73119073
73126431
73133843
73141172
73148506
73155871
73163246
73170624
73178032
73185370
73192732
73200099
73207510
73214859
73222194
73229589
73236989
73244372
73251705
73259081
73266428
73273841
73281204
73288612
73295972
73303303
73310672
73318076
73325436
73332825
73340230
73347642
73355042
73362433
73369774
73377140
73384532
73391850
73399275
73406640
73414005
73421376
73428753
73436139
73443499
73450852
73458235
73465589
73472931
73480320
73487749
73495123
73502503
73509905
73517298
73524662
73532059
73539454
73546859
73554227
73561624
73568970
73576335
73583698
73591063
73598415
73605760
73613167
73620562
73627930
73635318
73642668
73650046
73657381
73664757
73672047
73679390
73686794
73694196
73701566
73708931
73716308
73723708
73731060
73738434
73745819
73753142
73760516
73767903
73775305
73782678
73790052
73797411
73804767
73812119
73819477
73826838
73834197
73841552
73848901
73856296
73863691
73871076
73878424
73885832
73893199
73900573
73907930
73915294
73922661
73930027
73937412
73944825
73952155
73959511
73966888
73974262
73981665
73989074
73996443
74003796
74011220
74018593
74026004
74033432
74040834
74048199
74055572
74062958
74070320
74077713
74085095
74092451
74099821
74107248
74114650
74122086
74129424
74136833
74144229
74151601
74158955
74166312
74173693
74181061
74188484
74195846
74203256
74210583
74217948
74225326
74232749
74240130
74247502
74254889
74262316
74269700
74277064
74284434
74291815
74299211
74306585
74313960
74321322
74328697
74336025
74343428
74350860
74358262
74365580
74372952
74380317
74387731
74395107
74402530
74409941
74417338
74424754
74432113
74439568
74446948
74454351
74461688
74469084
74476454
74483850
74491213
74498540
74505925
74513275
74520672
74528067
74535436
74542821
74550200
74557569
74564949
74572367
74579760
74587128
74594533
74601918
74609322
74616722
74624090
74631489
74638866
74646246
74653619
74660976
74668363
74675718
74683120
74690471
74697875
74705273
74712679
74720026
74727381
74734743
74742084
74749439
74756834
74764219
74771585
74778964
74786346
74793765
74801123
74808468
74815805
74823143
74830505
74837894
74845300
74852668
74860092
74867484
74874859
74882219
74889631
74896944
74904329
74911715
74919100
74926452
74933832
74941195
74948566
74955933
74963281
74970687
74978036
74985433
74992834
75000214
75007606
75015047
75022417
75029828
75037167
75044576
75051998
75059346
75066722
75074128
75081520
75088898
75096304
75103727
75111100
75118421
75125795
75133177
75140526
75147925
75155249
75162597
75169952
75177326
75184696
75192089
75199451
75206803
75214158
75221533
