91816
92284
92741
93184
93641
94103
94576
95037
95505
95961
96420
96873
97330
97789
98258
98719
99172
99633
100100
100565
101026
101485
101954
102407
102868
103329
103794
104257
104720
105191
105642
106102
106559
107019
107476
107940
108389
108851
109299
109768
110215
110680
111148
111618
112082
112555
113010
113479
113942
114409
114875
115336
115793
116250
116720
117182
117645
118115
118574
119035
119501
119963
120429
120888
121345
121806
122286
122754
123213
123675
124138
124606
125072
125544
126004
126468
126933
127396
127864
128317
128774
129241
129700
130170
130630
131099
131557
132026
132488
132958
133424
133880
134348
134799
135255
135719
136181
136636
137097
137561
138024
138488
138945
139402
139857
140309
140759
141213
141673
142124
142590
143051
143512
143975
144434
144898
145364
145832
146295
146758
147218
147692
148159
148613
149074
149534
149986
150451
150909
151362
151822
152265
152729
153195
153655
154124
154578
155045
155504
155965
156430
156897
157352
157815
158262
158725
159190
159659
160125
160593
161059
161523
161993
162461
162931
163386
163831
164287
164738
165204
165656
166124
166597
167062
167513
167982
168445
168901
169354
169817
170280
170740
171210
171678
172140
172601
173070
173540
173995
174459
174914
175373
175823
176291
176759
177218
177691
178152
178609
179065
179525
179989
180458
180919
181381
181851
182305
182768
183234
183704
184170
184642
185108
185576
186034
186498
186972
187446
187909
188367
188823
189284
189745
190216
190689
191141
191608
192063
192526
192989
193466
193934
194401
194865
195320
195786
196240
196704
197162
197626
198091
198556
199016
199482
199937
200402
200871
201346
201810
202268
202719
203171
203637
204100
204563
205030
205488
205957
206419
206884
207343
207809
208274
208742
209209
209671
210146
210614
211076
211541
211994
212458
212918
213394
213857
214330
214791
215249
215719
216171
216641
217109
217570
218043
218515
218968
219426
219885
220357
220816
221276
221737
222200
222666
223126
223590
224055
224516
224973
225439
225917
226388
226848
227309
227784
228247
228711
229186
229647
230105
230573
231024
231486
231946
232414
232869
233338
233805
234266
234730
235196
235653
236113
236563
237016
237478
237930
238393
238863
239329
239798
240265
240730
241186
241646
242088
242541
242997
243465
243938
244394
244851
245314
245778
246240
246703
247168
247624
248096
248557
249007
249459
249927
250387
250856
251310
251781
252243
252698
253148
253604
254054
254512
254979
255433
255894
256350
256810
257279
257743
258223
258681
259142
259607
260065
260523
260996
261449
261913
262372
262827
263281
263748
264200
264652
265111
265578
266024
266493
266950
267408
267876
268334
268800
269270
269730
270188
270658
271117
271574
272037
272505
272959
273420
273875
274341
274798
275253
275709
276162
276616
277082
277545
278009
278469
278914
279383
279847
280312
280774
281231
281696
282167
282623
283081
283550
284019
284484
284945
285411
285875
286330
286796
287267
287720
288184
288649
289122
289592
290062
290515
290987
291441
291901
292360
292816
293281
293749
294207
294678
295144
295611
296083
296546
297014
297492
297955
298419
298896
299352
299813
300281
300746
301210
301669
302134
302603
303063
303521
303994
304460
304922
305388
305851
306318
306779
307233
307695
308162
308620
309088
309557
310023
310496
310973
311433
311875
312335
312805
313268
313730
314188
314657
315118
315588
316058
316511
316979
317445
317894
318349
318810
319262
319729
320195
320657
321127
321590
322067
322532
322985
323441
323905
324363
324826
325289
325748
326220
326679
327155
327625
328088
328550
329010
329465
329921
330381
330842
331307
331768
332235
332693
333144
333609
334072
334529
334971
335422
335885
336347
336807
337265
337730
338192
338656
339114
339580
340040
340507
340968
341429
341896
342360
342829
343289
343754
344228
344695
345161
345615
346070
346533
346997
347471
347940
348399
348860
349319
349789
350243
350707
351163
351625
352088
352552
353015
353476
353948
354413
354886
355357
355812
356285
356753
357218
357686
358148
358603
359069
359530
360001
360456
360926
361395
361863
362334
362800
363258
363724
364182
364637
365101
365566
366033
366484
366956
367422
367872
368348
368816
369283
369752
370205
370676
371132
371598
372063
372518
372980
373442
373911
374376
374840
375301
375756
376225
376689
377142
377609
378074
378530
378996
379460
379923
380376
380833
381303
381754
382210
382663
383138
383589
384047
384510
384972
385440
385907
386375
386841
387301
387764
388235
388700
389159
389617
390079
390542
391003
391458
391915
392389
392853
393308
393764
394221
394689
395153
395596
396053
396501
396976
397447
397917
398382
398846
399304
399766
400219
400690
401151
401618
402080
402544
403013
403464
403930
404397
404857
405320
405785
406228
406689
407154
407606
408068
408531
408995
409448
409917
410394
410862
411325
411788
412232
412704
413157
413619
414060
414512
414960
415404
415863
416326
416794
417251
417722
418182
418650
419103
419562
420016
420482
420938
421387
421854
422321
422782
423245
423704
424169
424634
425088
425553
426016
426475
426929
427392
427847
428318
428788
429254
429726
430189
430650
431112
431578
432044
432519
432989
433459
433917
434378
434842
435301
435771
436235
436708
437170
437639
438101
438554
439017
439484
439942
440410
440874
441337
441799
442269
442729
443174
443639
444114
444564
445038
445505
445968
446434
446896
447357
447805
448271
448727
449182
449644
450102
450571
451039
451510
451979
452455
452896
453359
453825
454297
454742
455197
455665
456122
456583
457038
457506
457957
458403
458863
459328
459791
460253
460717
461180
461631
462093
462558
463025
463482
463941
464401
464853
465311
465772
466234
466695
467140
467609
468070
468537
468999
469468
469928
470393
470861
471325
471791
472260
472723
473183
473644
474111
474566
475014
475485
475943
476409
476875
477340
477810
478278
478745
479201
479670
480138
480596
481051
481516
481983
482449
482910
483375
483824
484273
484735
485210
485662
486117
486592
487058
487518
487977
488442
488910
489368
489839
490306
490758
491231
491698
492163
492620
493091
493556
494016
494480
494938
495414
495877
496342
496806
497263
497727
498192
498647
499115
499580
500039
500492
500960
501427
501892
502358
502827
503301
503769
504234
504696
505166
505622
506095
506561
507021
507484
507946
508406
508875
509338
509808
510282
510743
511201
511652
512117
512585
513048
513514
513981
514446
514919
515383
515856
516309
516766
517210
517680
518133
518597
519056
519524
519992
520449
520903
521360
521812
522287
522755
523218
523687
524152
524618
525077
525533
525978
526439
526904
527370
527832
528302
528754
529220
529674
530129
530584
531045
531516
531971
532428
532882
533345
533814
534277
534727
535189
535658
536133
536585
537051
537518
537986
538453
538906
539360
539830
540297
540756
541218
541687
542150
542609
543070
543533
543986
544453
544914
545375
545843
546314
546778
547238
547702
548163
548610
549076
549527
549986
550448
550905
551363
551820
552278
552742
553209
553676
554135
554606
555068
555531
556003
556468
556916
557373
557828
558291
558744
559192
559653
560113
560574
561033
561497
561970
562433
562892
563354
563805
564275
564731
565196
565660
566120
566596
567060
567521
567972
568439
568900
569360
569823
570285
570743
571210
571676
572136
572597
573053
573516
573984
574438
574918
575388
575838
576289
576744
577198
577669
578134
578589
579054
579516
579984
580445
580909
581368
581825
582285
582746
583211
583669
584130
584591
585051
585524
585973
586434
586879
587333
587800
588260
588713
589185
589661
590122
590585
591048
591519
591980
592445
592904
593371
593837
594309
594774
595235
595698
596163
596627
597088
597554
598005
598463
598924
599387
599832
600300
600769
601228
601691
602154
602612
603080
603540
603984
604448
604908
605370
605834
606292
606754
607226
607698
608168
608631
609085
609559
610031
610488
610945
611410
611872
612339
612806
613270
613727
614182
614641
615094
615564
616021
616495
616970
617430
617885
618353
618817
619277
619743
620207
620666
621132
621595
622053
622514
622983
623454
623916
624390
624861
625320
625789
626250
626713
627180
627649
628114
628568
629030
629484
629944
630401
630870
631330
631799
632251
632711
633173
633639
634114
634575
635033
635505
635980
636446
636910
637374
637830
638298
638765
639228
639701
640171
640642
641105
641562
642042
642503
642975
643430
643904
644358
644813
645277
645749
646209
646678
647132
647592
648060
648533
648991
649450
649915
650383
650844
651289
651759
652215
652684
653149
653617
654089
654543
654996
655449
655913
656373
656842
657313
657772
658228
658696
659162
659644
660118
660581
661041
661510
661969
662441
662902
663362
663824
664293
664745
665214
665678
666141
666597
667066
667527
667990
668457
668919
669387
669859
670313
670766
671237
671706
672177
672647
673103
673550
674018
674475
674937
675401
675850
676320
676768
677238
677699
678150
678608
679077
679531
679991
680455
680917
681367
681826
682294
682752
683220
683680
684138
684613
685068
685532
686006
686460
686924
687388
687852
688302
688765
689232
689700
690153
690609
691067
691527
691992
692459
692929
693398
693857
694323
694786
695241
695704
696176
696658
697123
697582
698037
698489
698956
699408
699873
700337
700793
701257
701717
702184
702646
703098
703548
704022
704476
704939
705395
705866
706340
706799
707267
707741
708214
708673
709135
709601
710061
710540
710998
711469
711921
712380
712840
713311
713774
714233
714696
715157
715621
716073
716549
717008
717475
717937
718410
718876
719341
719811
720271
720726
721195
721653
722118
722586
723042
723510
723966
724422
724878
725348
725818
726276
726747
727204
727661
728128
728595
729066
729522
729978
730436
730896
731350
731814
732287
732750
733216
733674
734137
734604
735056
735508
735976
736438
736909
737372
737831
738287
738737
739188
739637
740099
740568
741035
741499
741952
742408
742875
743339
743795
744256
744724
745188
745646
746093
746562
747026
747486
747952
748421
748884
749346
749800
750248
750709
751160
751614
752073
752531
752989
753457
753927
754393
754855
755327
755790
756255
756713
757169
757636
758089
758546
759011
759477
759923
760386
760845
761303
761762
762223
762674
763136
763595
764055
764513
764972
765433
765881
766356
766819
767282
767748
768209
768662
769119
769586
770048
770509
770972
771432
771892
772357
772825
773288
773745
774215
774677
775142
775618
776078
776530
776997
777456
777924
778392
778855
779323
779778
780239
780695
781158
781625
782090
782551
783012
783475
783942
784409
784878
785342
785804
786268
786728
787186
787651
788108
788579
789047
789511
789973
790440
790907
791372
791831
792294
792755
793216
793680
794149
794605
795055
795523
795987
796449
796913
797376
797853
798305
798773
799233
799699
800169
800634
801091
801548
802007
802459
802924
803390
803863
804325
804794
805253
805714
806176
806628
807082
807551
808016
808481
808929
809386
809844
810307
810768
811216
811681
812135
812599
813063
813529
813991
814451
814918
815383
815849
816297
816752
817217
817684
818145
818612
819071
819533
819991
820453
820905
821366
821844
822308
822757
823232
823697
824164
824624
825085
825549
826015
826469
826934
827390
827853
828324
828778
829226
829699
830160
830622
831093
831556
832017
832486
832942
833416
833873
834340
834807
835273
835733
836200
836670
837139
837600
838058
838524
838986
839444
839916
840389
840846
841298
841755
842212
842674
843134
843596
844061
844523
844982
845436
845903
846357
846814
847284
847753
848218
848678
849143
849601
850062
850514
850973
851434
851905
852374
852843
853303
853768
854235
854703
855175
855634
856097
856556
857014
857476
857940
858405
858858
859316
859772
860241
860704
861157
861616
862080
862537
862999
863468
863918
864388
864845
865305
865773
866232
866693
867148
867612
868070
868530
868993
869455
869920
870378
870831
871296
871759
872219
872681
873143
873610
874063
874529
874990
875449
875918
876379
876848
877303
877767
878215
878677
879148
879616
880072
880530
880991
881452
881910
882374
882844
883306
883784
884248
884709
885172
885633
886107
886565
887037
887503
887969
888443
888902
889363
889822
890295
890762
891205
891655
892108
892575
893028
893500
893966
894429
894893
895347
895809
896277
896741
897208
897674
898138
898597
899053
899514
899992
900457
900926
901388
901850
902310
902770
903228
903687
904154
904611
905074
905538
906013
906482
906937
907402
907867
908331
908797
909266
909726
910198
910664
911129
911591
912045
912514
912971
913428
913901
914362
914846
915310
915771
916234
916701
917173
917640
918103
918556
919002
919460
919922
920371
920835
921297
921762
922218
922675
923138
923602
924048
924515
924980
925445
925910
926372
926837
927310
927781
928249
928706
929171
929648
930112
930571
931028
931489
931953
932419
932868
933335
933801
934268
934727
935173
935640
936103
936559
937023
937487
937943
938408
938866
939329
939799
940268
940728
941197
941659
942122
942595
943058
943525
943996
944457
944910
945365
945830
946293
946759
947225
947692
948155
948622
949083
949543
950007
950468
950931
951398
951845
952307
952769
953228
953692
954160
954626
955078
955548
956009
956473
956931
957385
957846
958308
958765
959233
959705
960166
960631
961092
961552
962018
962465
962927
963397
963860
964324
964787
965245
965704
966175
966632
967089
967550
968011
968469
968932
969382
969847
970284
970736
971190
971653
972114
972580
973043
973501
973962
974427
974884
975362
975822
976293
976755
977216
977677
978143
978602
979055
979519
979979
980448
980916
981381
981819
982280
982742
983198
983651
984108
984577
985042
985503
985949
986411
986869
987329
987793
988247
988708
989160
989619
990086
990557
991016
991476
991945
992407
992873
993337
993801
994257
994713
995178
995643
996111
996569
997022
997489
997955
998415
998878
999335
999793
1000250
1000712
1001175
1001649
1002115
1002586
1003044
1003509
1003955
1004426
1004881
1005338
1005797
1006262
1006728
1007199
1007663
1008142
1008605
1009071
1009536
1009993
1010451
1010915
1011383
1011853
1012314
1012767
1013225
1013694
1014164
1014636
1015103
1015558
1016029
1016490
1016946
1017410
1017866
1018316
1018774
1019238
1019700
1020152
1020617
1021069
1021525
1021976
1022433
1022895
1023350
1023808
1024273
1024737
1025188
1025657
1026120
1026587
1027042
1027496
1027955
1028429
1028894
1029351
1029815
1030273
1030732
1031203
1031661
1032125
1032580
1033027
1033490
1033958
1034422
1034887
1035352
1035809
1036276
1036738
1037209
1037673
1038122
1038583
1039045
1039500
1039955
1040425
1040885
1041359
1041822
1042286
1042751
1043214
1043668
1044137
1044600
1045069
1045531
1045984
1046450
1046910
1047383
1047852
1048312
1048784
1049242
1049704
1050165
1050625
1051088
1051546
1052012
1052474
1052930
1053400
1053852
1054320
1054781
1055241
1055706
1056161
1056621
1057082
1057547
1058014
1058481
1058941
1059398
1059851
1060313
1060767
1061217
1061680
1062133
1062595
1063052
1063499
1063960
1064422
1064882
1065345
1065806
1066262
1066731
1067180
1067640
1068105
1068569
1069037
1069491
1069955
1070414
1070876
1071330
1071804
1072261
1072716
1073180
1073629
1074094
1074567
1075032
1075494
1075958
1076418
1076887
1077359
1077823
1078283
1078739
1079186
1079653
1080117
1080586
1081046
1081510
1081961
1082420
1082864
1083327
1083782
1084238
1084703
1085174
1085637
1086101
1086570
1087023
1087487
1087948
1088423
1088885
1089353
1089808
1090272
1090726
1091183
1091636
1092087
1092543
1093017
1093487
1093946
1094415
1094881
1095342
1095797
1096258
1096725
1097184
1097643
1098111
1098575
1099038
1099501
1099972
1100444
1100912
1101368
1101832
1102292
1102755
1103228
1103693
1104157
1104625
1105082
1105543
1106016
1106481
1106950
1107421
1107897
1108358
1108827
1109283
1109745
1110232
1110683
1111146
1111613
1112076
1112553
1113024
1113497
1113960
1114431
1114894
1115363
1115830
1116283
1116739
1117209
1117682
1118140
1118610
1119078
1119546
1120007
1120481
1120948
1121411
1121869
1122331
1122791
1123250
1123710
1124174
1124636
1125086
1125560
1126021
1126480
1126952
1127419
1127876
1128347
1128812
1129281
1129730
1130195
1130662
1131118
1131570
1132031
1132496
1132953
1133424
1133890
1134355
1134833
1135296
1135752
1136215
1136672
1137130
1137599
1138071
1138537
1139002
1139458
1139920
1140383
1140846
1141315
1141765
1142232
1142703
1143168
1143636
1144086
1144553
1145014
1145473
1145927
1146387
1146850
1147327
1147792
1148263
1148721
1149182
1149641
1150107
1150590
1151057
1151519
1151974
1152441
1152888
1153353
1153815
1154300
1154765
1155220
1155681
1156153
1156608
1157074
1157551
1158022
1158484
1158942
1159411
1159871
1160335
1160791
1161254
1161700
1162172
1162633
1163099
1163557
1164025
1164481
1164949
1165404
1165858
1166312
1166781
1167244
1167716
1168166
1168627
1169095
1169561
1170027
1170492
1170948
1171416
1171874
1172337
1172800
1173262
1173722
1174176
1174645
1175103
1175564
1176028
1176491
1176953
1177418
1177871
1178328
1178787
1179254
1179708
1180171
1180642
1181108
1181568
1182037
1182494
1182955
1183413
1183875
1184332
1184803
1185270
1185730
1186198
1186666
1187122
1187586
1188046
1188506
1188968
1189423
1189880
1190341
1190810
1191273
1191731
1192202
1192678
1193128
1193592
1194048
1194515
1194969
1195429
1195886
1196350
1196813
1197277
1197723
1198188
1198648
1199118
1199567
1200026
1200477
1200927
1201390
1201862
1202323
1202788
1203251
1203717
1204173
1204641
1205102
1205573
1206039
1206489
1206953
1207414
1207875
1208337
1208804
1209275
1209737
1210211
1210664
1211132
1211600
1212071
1212542
1212997
1213462
1213923
1214395
1214851
1215326
1215794
1216260
1216717
1217183
1217646
1218105
1218564
1219028
1219488
1219948
1220404
1220872
1221338
1221796
1222265
1222737
1223194
1223653
1224115
1224577
1225044
1225503
1225961
1226425
1226875
1227333
1227788
1228254
1228719
1229177
1229642
1230103
1230557
1231011
1231463
1231932
1232397
1232860
1233326
1233789
1234251
1234713
1235155
1235612
1236074
1236533
1237000
1237455
1237912
1238368
1238819
1239279
1239732
1240197
1240670
1241134
1241598
1242064
1242518
1242979
1243439
1243906
1244373
1244843
1245298
1245753
1246219
1246681
1247141
1247599
1248055
1248508
1248971
1249438
1249895
1250374
1250832
1251296
1251756
1252228
1252691
1253155
1253626
1254068
1254549
1255009
1255475
1255930
1256388
1256851
1257301
1257761
1258224
1258689
1259153
1259618
1260088
1260540
1261007
1261471
1261934
1262402
1262859
1263319
1263774
1264242
1264708
1265171
1265646
1266110
1266571
1267039
1267483
1267948
1268406
1268866
1269327
1269787
1270244
1270703
1271164
1271634
1272092
1272545
1273002
1273469
1273932
1274399
1274861
1275321
1275788
1276238
1276694
1277152
1277609
1278070
1278538
1278993
1279457
1279921
1280380
1280841
1281306
1281765
1282229
1282687
1283145
1283604
1284070
1284542
1285009
1285457
1285927
1286385
1286849
1287310
1287764
1288228
1288698
1289163
1289615
1290082
1290545
1291008
1291473
1291945
1292399
1292858
1293313
1293761
1294227
1294698
1295158
1295620
1296091
1296548
1297014
1297474
1297928
1298386
1298855
1299320
1299785
1300237
1300698
1301162
1301622
1302087
1302547
1303016
1303480
1303943
1304403
1304865
1305325
1305793
1306257
1306707
1307168
1307638
1308111
1308567
1309037
1309495
1309961
1310412
1310880
1311336
1311800
1312259
1312728
1313184
1313660
1314117
1314588
1315044
1315502
1315968
1316426
1316884
1317346
1317810
1318273
1318742
1319212
1319675
1320153
1320612
1321063
1321530
1321998
1322463
1322919
1323381
1323849
1324313
1324778
1325239
1325697
1326149
1326621
1327089
1327547
1328015
1328486
1328940
1329408
1329875
1330336
1330807
1331270
1331746
1332217
1332682
1333152
1333614
1334084
1334551
1335019
1335479
1335933
1336389
1336844
1337312
1337772
1338240
1338703
1339166
1339631
1340092
1340551
1341016
1341467
1341917
1342376
1342843
1343306
1343779
1344245
1344695
1345152
1345610
1346069
1346534
1346995
1347463
1347934
1348395
1348865
1349322
1349773
1350223
1350676
1351131
1351597
1352055
1352507
1352971
1353436
1353889
1354340
1354804
1355256
1355716
1356169
1356636
1357105
1357573
1358035
1358492
1358941
1359396
1359869
1360329
1360787
1361253
1361713
1362164
1362635
1363108
1363558
1364028
1364496
1364949
1365420
1365880
1366342
1366798
1367257
1367714
1368176
1368639
1369099
1369562
1370034
1370493
1370960
1371430
1371898
1372370
1372818
1373275
1373735
1374201
1374656
1375124
1375577
1376047
1376504
1376947
1377402
1377863
1378326
1378788
1379254
1379725
1380184
1380642
1381105
1381579
1382040
1382500
1382965
1383420
1383864
1384325
1384789
1385258
1385716
1386182
1386647
1387100
1387569
1388031
1388495
1388972
1389427
1389889
1390352
1390819
1391282
1391735
1392205
1392674
1393134
1393604
1394066
1394530
1394998
1395471
1395930
1396398
1396853
1397314
1397768
1398237
1398701
1399168
1399633
1400098
1400547
1401011
1401471
1401931
1402396
1402861
1403329
1403783
1404248
1404711
1405178
1405643
1406116
1406566
1407024
1407489
1407954
1408425
1408891
1409345
1409813
1410279
1410734
1411198
1411665
1412128
1412597
1413065
1413531
1413988
1414444
1414904
1415371
1415823
1416282
1416748
1417207
1417668
1418128
1418587
1419053
1419515
1419981
1420445
1420901
1421371
1421819
1422290
1422741
1423199
1423664
1424123
1424589
1425044
1425512
1425977
1426439
1426897
1427356
1427823
1428287
1428763
1429225
1429693
1430169
1430634
1431106
1431561
1432026
1432486
1432944
1433408
1433873
1434328
1434791
1435254
1435721
1436189
1436650
1437108
1437560
1438019
1438484
1438932
1439394
1439866
1440325
1440776
1441234
1441695
1442156
1442623
1443082
1443543
1444011
1444467
1444933
1445400
1445857
1446317
1446786
1447252
1447721
1448176
1448635
1449100
1449558
1450021
1450479
1450944
1451398
1451866
1452332
1452797
1453249
1453732
1454197
1454663
1455130
1455594
1456046
1456506
1456979
1457445
1457911
1458373
1458838
1459301
1459765
1460232
1460692
1461144
1461610
1462070
1462536
1462997
1463468
1463932
1464399
1464869
1465327
1465776
1466245
1466714
1467178
1467646
1468098
1468549
1469011
1469471
1469930
1470385
1470853
1471308
1471770
1472236
1472706
1473182
1473646
1474100
1474555
1475008
1475470
1475931
1476388
1476837
1477300
1477759
1478219
1478675
1479134
1479590
1480048
1480502
1480967
1481428
1481884
1482349
1482828
1483299
1483767
1484228
1484708
1485163
1485633
1486091
1486550
1487010
1487460
1487922
1488380
1488819
1489283
1489753
1490220
1490675
1491147
1491608
1492073
1492537
1493002
1493461
1493924
1494391
1494851
1495311
1495770
1496238
1496703
1497167
1497626
1498093
1498562
1499037
1499496
1499955
1500416
1500890
1501354
1501802
1502256
1502728
1503191
1503657
1504127
1504586
1505032
1505494
1505960
1506416
1506870
1507323
1507792
1508253
1508717
1509177
1509643
1510109
1510554
1511019
1511486
1511960
1512419
1512896
1513358
1513829
1514294
1514758
1515232
1515698
1516155
1516613
1517078
1517534
1517998
1518453
1518916
1519381
1519843
1520306
1520783
1521249
1521709
1522166
1522618
1523078
1523532
1524004
1524468
1524938
1525404
1525877
1526338
1526792
1527242
1527705
1528169
1528627
1529085
1529544
1530007
1530467
1530935
1531398
1531841
1532311
1532758
1533225
1533687
1534151
1534612
1535081
1535551
1536018
1536483
1536952
1537419
1537888
1538355
1538820
1539275
1539743
1540214
1540686
1541152
1541604
1542064
1542533
1542998
1543461
1543924
1544394
1544858
1545323
1545789
1546250
1546708
1547166
1547623
1548088
1548548
1549020
1549480
1549941
1550398
1550857
1551317
1551769
1552246
1552720
1553187
1553650
1554098
1554570
1555016
1555480
1555938
1556409
1556882
1557350
1557824
1558284
1558750
1559214
1559678
1560143
1560613
1561069
1561526
1561983
1562446
1562912
1563372
1563835
1564289
1564742
1565211
1565677
1566131
1566593
1567059
1567525
1567988
1568447
1568913
1569377
1569826
1570286
1570756
1571223
1571682
1572149
1572618
1573062
1573522
1573976
1574440
1574889
1575342
1575799
1576258
1576727
1577194
1577657
1578116
1578576
1579030
1579488
1579947
1580412
1580866
1581333
1581794
1582260
1582733
1583207
1583668
1584128
1584577
1585041
1585504
1585952
1586407
1586866
1587336
1587802
1588271
1588725
1589191
1589653
1590126
1590582
1591046
1591498
1591959
1592414
1592880
1593349
1593819
1594282
1594728
1595195
1595653
1596124
1596601
1597064
1597511
1597976
1598442
1598899
1599366
1599828
1600297
1600753
1601218
1601676
1602137
1602605
1603058
1603529
1603988
1604456
1604914
1605374
1605833
1606294
1606754
1607216
1607691
1608144
1608608
1609067
1609522
1609977
1610438
1610901
1611365
1611822
1612299
1612763
1613230
1613701
1614163
1614612
1615069
1615530
1615992
1616448
1616919
1617379
1617837
1618303
1618770
1619233
1619697
1620160
1620628
1621102
1621570
1622036
1622489
1622940
1623397
1623851
1624301
1624754
1625219
1625689
1626151
1626625
1627082
1627543
1628012
1628466
1628926
1629385
1629837
1630298
1630757
1631211
1631678
1632146
1632606
1633052
1633508
1633980
1634438
1634890
1635341
1635803
1636260
1636730
1637188
1637649
1638091
1638551
1639013
1639472
1639927
1640394
1640853
1641316
1641782
1642247
1642708
1643184
1643657
1644122
1644586
1645049
1645503
1645959
1646419
1646876
1647334
1647796
1648264
1648728
1649195
1649650
1650107
1650579
1651038
1651494
1651956
1652415
1652882
1653344
1653813
1654268
1654733
1655193
1655653
1656106
1656575
1657049
1657522
1657993
1658453
1658931
1659386
1659837
1660304
1660766
1661220
1661685
1662159
1662621
1663088
1663550
1663989
1664459
1664935
1665395
1665856
1666320
1666780
1667239
1667703
1668157
1668615
1669088
1669544
1670009
1670464
1670927
1671386
1671840
1672311
1672776
1673233
1673708
1674170
1674637
1675102
1675561
1676022
1676485
1676935
1677389
1677857
1678327
1678792
1679262
1679720
1680187
1680647
1681114
1681576
1682027
1682499
1682958
1683412
1683878
1684340
1684790
1685255
1685716
1686181
1686644
1687101
1687560
1688032
1688504
1688966
1689433
1689890
1690343
1690801
1691265
1691724
1692182
1692637
1693096
1693555
1694029
1694471
1694928
1695385
1695851
1696313
1696781
1697255
1697731
1698185
1698659
1699128
1699584
1700046
1700517
1700967
1701438
1701893
1702359
1702831
1703302
1703765
1704238
1704706
1705175
1705647
1706102
1706562
1707031
1707495
1707959
1708430
1708902
1709357
1709823
1710287
1710742
1711199
1711650
1712120
1712575
1713033
1713496
1713951
1714419
1714881
1715337
1715808
1716264
1716719
1717181
1717643
1718107
1718574
1719041
1719504
1719962
1720426
1720886
1721366
1721836
1722300
1722764
1723222
1723685
1724146
1724614
1725075
1725545
1726013
1726469
1726934
1727393
1727859
1728330
1728802
1729263
1729727
1730195
1730647
1731113
1731567
1732028
1732497
1732958
1733427
1733888
1734346
1734823
1735286
1735750
1736212
1736677
1737137
1737600
1738068
1738539
1739004
1739469
1739935
1740385
1740853
1741319
1741784
1742250
1742717
1743179
1743646
1744102
1744568
1745032
1745502
1745973
1746436
1746893
1747358
1747816
1748279
1748751
1749213
1749677
1750151
1750618
1751088
1751548
1752005
1752466
1752943
1753415
1753875
1754343
1754810
1755285
1755751
1756211
1756675
1757131
1757576
1758039
1758512
1758967
1759423
1759884
1760345
1760809
1761268
1761724
1762186
1762645
1763110
1763581
1764041
1764505
1764970
1765429
1765885
1766346
1766819
1767290
1767761
1768216
1768678
1769131
1769589
1770055
1770517
1770981
1771420
1771887
1772350
1772814
1773280
1773744
1774203
1774669
1775133
1775601
1776075
1776548
1777009
1777467
1777922
1778389
1778841
1779315
1779792
1780253
1780713
1781168
1781631
1782096
1782555
1783008
1783459
1783919
1784395
1784844
1785310
1785772
1786232
1786704
1787172
1787629
1788098
1788563
1789018
1789483
1789941
1790401
1790863
1791313
1791782
1792253
1792727
1793205
1793662
1794124
1794585
1795047
1795512
1795971
1796428
1796889
1797348
1797805
1798274
1798737
1799191
1799651
1800111
1800576
1801024
1801482
1801940
1802408
1802861
1803333
1803800
1804261
1804712
1805170
1805635
1806085
1806550
1807006
1807467
1807931
1808395
1808857
1809324
1809789
1810257
1810711
1811172
1811628
1812095
1812547
1813002
1813474
1813927
1814383
1814838
1815307
1815775
1816231
1816697
1817165
1817628
1818092
1818559
1819022
1819487
1819951
1820402
1820867
1821325
1821790
1822259
1822721
1823183
1823654
1824101
1824566
1825027
1825487
1825948
1826406
1826873
1827335
1827796
1828253
1828715
1829176
1829644
1830104
1830562
1831023
1831475
1831928
1832396
1832864
1833332
1833784
1834240
1834718
1835180
1835641
1836100
1836559
1837013
1837463
1837920
1838384
1838859
1839322
1839783
1840245
1840713
1841172
1841625
1842082
1842534
1842997
1843455
1843925
1844383
1844838
1845309
1845768
1846236
1846705
1847168
1847630
1848092
1848559
1849005
1849467
1849934
1850393
1850863
1851321
1851784
1852237
1852709
1853171
1853631
1854101
1854569
1855032
1855484
1855951
1856409
1856872
1857331
1857784
1858244
1858699
1859168
1859637
1860106
1860566
1861029
1861495
1861958
1862430
1862891
1863345
1863804
1864268
1864735
1865190
1865640
1866098
1866553
1867029
1867500
1867968
1868435
1868902
1869363
1869822
1870273
1870743
1871215
1871680
1872147
1872611
1873075
1873549
1874021
1874481
1874946
1875402
1875858
1876323
1876774
1877240
1877693
1878150
1878608
1879070
1879542
1880002
1880455
1880930
1881399
1881877
1882333
1882799
1883268
1883738
1884200
1884658
1885108
1885574
1886039
1886503
1886955
1887404
1887868
1888320
1888778
1889240
1889689
1890144
1890609
1891058
1891518
1891990
1892454
1892908
1893371
1893837
1894309
1894779
1895240
1895712
1896166
1896615
1897070
1897534
1897995
1898465
1898932
1899399
1899865
1900335
1900788
1901248
1901708
1902172
1902631
1903083
1903547
1904018
1904490
1904954
1905417
1905880
1906350
1906805
1907265
1907730
1908198
1908671
1909149
1909618
1910086
1910554
1911007
1911483
1911936
1912398
1912860
1913323
1913784
1914231
1914691
1915157
1915622
1916077
1916537
1917001
1917453
1917924
1918393
1918856
1919326
1919793
1920251
1920711
1921182
1921650
1922108
1922574
1923037
1923498
1923963
1924421
1924864
1925325
1925787
1926241
1926711
1927177
1927648
1928108
1928567
1929032
1929492
1929970
1930429
1930889
1931349
1931807
1932266
1932726
1933189
1933653
1934115
1934579
1935035
1935501
1935963
1936419
1936873
1937343
1937816
1938274
1938732
1939190
1939650
1940114
1940575
1941038
1941512
1941969
1942436
1942891
1943353
1943813
1944274
1944735
1945196
1945661
1946120
1946585
1947048
1947511
1947985
1948452
1948905
1949369
1949839
1950307
1950764
1951222
1951686
1952149
1952604
1953080
1953545
1954007
1954467
1954932
1955399
1955856
1956307
1956761
1957223
1957678
1958125
1958593
1959049
1959515
1959986
1960459
1960912
1961378
1961847
1962316
1962776
1963237
1963693
1964154
1964613
1965074
1965535
1965999
1966459
1966920
1967383
1967846
1968296
1968756
1969212
1969678
1970139
1970595
1971065
1971530
1971999
1972460
1972911
1973370
1973835
1974290
1974740
1975191
1975659
1976116
1976570
1977027
1977485
1977949
1978409
1978881
1979337
1979806
1980265
1980734
1981187
1981649
1982109
1982583
1983041
1983508
1983966
1984431
1984901
1985364
1985822
1986279
1986742
1987204
1987683
1988139
1988614
1989077
1989543
1989997
1990461
1990922
1991389
1991855
1992313
1992789
1993246
1993707
1994158
1994617
1995071
1995533
1996001
1996461
1996923
1997388
1997852
1998311
1998759
1999217
1999682
2000138
2000588
2001040
2001513
2001972
2002441
2002915
2003375
2003841
2004294
2004752
2005204
2005655
2006121
2006584
2007050
2007511
2007982
2008437
2008898
2009361
2009836
2010295
2010746
2011212
2011663
2012136
2012615
2013082
2013548
2014022
2014501
2014970
2015427
2015891
2016347
2016801
2017269
2017737
2018205
2018675
2019126
2019582
2020053
2020521
2020984
2021441
2021896
2022364
2022827
2023274
2023739
2024204
2024667
2025132
2025591
2026052
2026513
2026969
2027428
2027887
2028356
2028821
2029294
2029750
2030214
2030674
2031136
2031592
2032054
2032512
2032985
2033460
2033925
2034404
2034869
2035327
2035777
2036246
2036703
2037169
2037629
2038093
2038548
2039021
2039486
2039948
2040406
2040874
2041339
2041782
2042248
2042724
2043195
2043669
2044134
2044598
2045058
2045526
2045994
2046449
2046911
2047382
2047844
2048304
2048769
2049231
2049698
2050174
2050646
2051106
2051558
2052032
2052508
2052972
2053442
2053910
2054369
2054836
2055306
2055777
2056247
2056708
2057169
2057632
2058086
2058547
2059008
2059464
2059925
2060382
2060838
2061303
2061756
2062221
2062689
2063158
2063614
2064085
2064542
2065002
2065450
2065908
2066367
2066825
2067284
2067752
2068200
2068657
2069116
2069571
2070049
2070512
2070983
2071451
2071917
2072367
2072829
2073293
2073758
2074207
2074665
2075127
2075602
2076068
2076529
2076992
2077454
2077926
2078389
2078850
2079309
2079775
2080237
2080697
2081155
2081611
2082070
2082531
2082995
2083456
2083928
2084393
2084849
2085313
2085773
2086231
2086694
2087165
2087614
2088074
2088546
2089010
2089469
2089929
2090393
2090860
2091317
2091781
2092245
2092707
2093174
2093631
2094099
2094565
2095020
2095478
2095952
2096416
2096880
2097338
2097796
2098262
2098719
2099190
2099659
2100107
2100564
2101033
2101500
2101958
2102422
2102902
2103360
2103821
2104295
2104761
2105230
2105695
2106167
2106626
2107091
2107554
2108015
2108475
2108934
2109400
2109868
2110331
2110801
2111268
2111741
2112208
2112663
2113126
2113595
2114074
2114546
2115009
2115481
2115949
2116412
2116868
2117320
2117782
2118244
2118704
2119168
2119639
2120097
2120559
2121013
2121466
2121926
2122381
2122839
2123305
2123765
2124228
2124694
2125149
2125601
2126070
2126525
2126983
2127445
2127915
2128389
2128854
2129311
2129792
2130264
2130735
2131188
2131651
2132104
2132570
2133036
2133504
2133977
2134433
2134906
2135368
2135836
2136285
2136747
2137214
2137670
2138140
2138598
2139064
2139527
2139984
2140429
2140887
2141348
2141816
2142286
2142759
2143218
2143678
2144141
2144609
2145069
2145530
2145988
2146443
2146903
2147357
2147820
2148285
2148760
2149229
2149688
2150147
2150608
2151078
2151540
2152000
2152467
2152928
2153401
2153865
2154332
2154780
2155254
2155709
2156163
2156624
2157093
2157558
2158019
2158492
2158960
2159420
2159876
2160340
2160800
2161256
2161707
2162174
2162632
2163102
2163559
2164020
2164482
2164933
2165396
2165846
2166301
2166762
2167227
2167700
2168166
2168626
2169084
2169542
2169990
2170460
2170924
2171384
2171845
2172295
2172750
2173217
2173684
2174144
2174614
2175080
2175546
2176010
2176479
2176953
2177419
2177880
2178358
2178825
2179291
2179750
2180220
2180698
2181161
2181621
2182087
2182548
2183008
2183466
2183926
2184386
2184845
2185295
2185766
2186233
2186707
2187180
2187639
2188107
2188561
2189033
2189492
2189961
2190435
2190892
2191348
2191815
2192262
2192725
2193184
2193651
2194116
2194582
2195052
2195510
2195962
2196425
2196895
2197362
2197837
2198301
2198771
2199241
2199708
2200175
2200626
2201088
2201551
2201997
2202450
2202911
2203362
2203824
2204289
2204742
2205209
2205666
2206128
2206599
2207060
2207521
2207971
2208437
2208901
2209352
2209816
2210277
2210737
2211194
2211665
2212121
2212589
2213052
2213512
2213978
2214446
2214911
2215373
2215827
2216282
2216753
2217211
2217682
2218143
2218605
2219070
2219539
2219994
2220453
2220904
2221362
2221822
2222275
2222730
2223190
2223662
2224129
2224605
2225073
2225532
2225998
2226470
2226928
2227397
2227862
2228320
2228769
2229235
2229716
2230184
2230642
2231095
2231567
2232034
2232500
2232962
2233427
2233895
2234359
2234826
2235287
2235749
2236213
2236685
2237145
2237616
2238079
2238542
2239014
2239472
2239927
2240389
2240861
2241329
2241788
2242244
2242705
2243164
2243616
2244070
2244534
2244993
2245453
2245914
2246370
2246833
2247295
2247750
2248208
2248665
2249127
2249585
2250037
2250492
2250957
2251425
2251888
2252362
2252826
2253279
2253735
2254199
2254667
2255128
2255582
2256035
2256506
2256982
2257451
2257920
2258388
2258854
2259327
2259797
2260267
2260735
2261190
2261658
2262120
2262582
2263047
2263507
2263965
2264426
2264899
2265362
2265828
2266280
2266735
2267198
2267653
2268120
2268565
2269019
2269458
2269920
2270386
2270854
2271308
2271775
2272230
2272697
2273164
2273630
2274097
2274557
2275010
2275476
2275936
2276391
2276841
2277298
2277762
2278214
2278674
2279128
2279583
2280044
2280508
2280975
2281436
2281887
2282347
2282808
2283268
2283719
2284170
2284639
2285107
2285574
2286030
2286490
2286947
2287417
2287880
2288339
2288811
2289263
2289732
2290182
2290656
2291123
2291585
2292050
2292515
2292977
2293448
2293915
2294385
2294836
2295303
2295772
2296251
2296708
2297163
2297625
2298080
2298541
2299014
2299477
2299941
2300400
2300859
2301312
2301770
2302232
2302697
2303164
2303627
2304089
2304544
2304997
2305455
2305912
2306373
2306837
2307301
2307762
2308236
2308699
2309162
2309621
2310090
2310548
2311015
2311474
2311950
2312419
2312882
2313338
2313806
2314274
2314729
2315187
2315654
2316120
2316599
2317061
2317521
2317987
2318443
2318899
2319371
2319832
2320302
2320768
2321223
2321691
2322151
2322614
2323077
2323528
2323993
2324465
2324922
2325379
2325840
2326310
2326775
2327242
2327705
2328168
2328634
2329090
2329559
2330019
2330486
2330946
2331414
2331883
2332344
2332796
2333265
2333726
2334183
2334651
2335115
2335585
2336053
2336509
2336963
2337418
2337891
2338340
2338812
2339274
2339724
2340186
2340656
2341115
2341580
2342041
2342504
2342959
2343416
2343868
2344326
2344799
2345264
2345721
2346164
2346618
2347071
2347541
2347996
2348470
2348926
2349390
2349862
2350322
2350787
2351250
2351713
2352175
2352638
2353095
2353560
2354020
2354477
2354936
2355386
2355855
2356317
2356774
2357238
2357705
2358168
2358628
2359090
2359545
2360002
2360457
2360922
2361380
2361849
2362325
2362780
2363238
2363698
2364157
2364618
2365083
2365541
2365997
2366453
2366909
2367367
2367837
2368304
2368761
2369232
2369683
2370141
2370606
2371062
2371525
2372004
2372469
2372932
2373398
2373853
2374323
2374781
2375245
2375689
2376148
2376611
2377071
2377538
2378003
2378463
2378927
2379394
2379860
2380325
2380772
2381240
2381701
2382165
2382610
2383076
2383541
2384000
2384471
2384922
2385385
2385844
2386308
2386772
2387233
2387698
2388172
2388633
2389100
2389550
2390010
2390478
2390936
2391389
2391855
2392318
2392779
2393239
2393706
2394167
2394640
2395095
2395559
2396013
2396481
2396935
2397401
2397871
2398342
2398805
2399260
2399718
2400178
2400644
2401110
2401580
2402048
2402499
2402964
2403433
2403891
2404355
2404821
2405280
2405729
2406195
2406653
2407115
2407589
2408046
2408512
2408977
2409427
2409881
2410352
2410820
2411280
2411742
2412190
2412652
2413109
2413584
2414050
2414509
2414980
2415447
2415900
2416365
2416834
2417293
2417751
2418214
2418675
2419139
2419600
2420066
2420537
2420993
2421457
2421914
2422379
2422841
2423307
2423771
2424238
2424704
2425169
2425626
2426080
2426535
2427003
2427459
2427926
2428392
2428854
2429312
2429769
2430214
2430677
2431132
2431603
2432063
2432531
2433000
2433460
2433916
2434381
2434843
2435310
2435763
2436224
2436684
2437145
2437610
2438082
2438545
2439011
2439461
2439928
2440392
2440854
2441308
2441772
2442226
2442682
2443124
2443593
2444043
2444512
2444974
2445433
2445887
2446356
2446817
2447278
2447738
2448207
2448661
2449138
2449601
2450063
2450528
2450994
2451460
2451918
2452381
2452849
2453311
2453773
2454243
2454708
2455177
2455627
2456084
2456551
2457018
2457480
2457946
2458412
2458869
2459319
2459772
2460238
2460706
2461165
2461630
2462085
2462544
2462994
2463455
2463914
2464374
2464844
2465298
2465774
2466240
2466692
2467149
2467614
2468068
2468521
2468981
2469448
2469919
2470391
2470853
2471322
2471801
2472266
2472722
2473180
2473641
2474095
2474555
2475024
2475489
2475966
2476424
2476881
2477345
2477811
2478266
2478724
2479181
2479648
2480102
2480564
2481025
2481470
2481930
2482389
2482842
2483292
2483754
2484212
2484677
2485133
2485596
2486052
2486514
2486968
2487424
2487890
2488349
2488808
2489278
2489741
2490208
2490683
2491130
2491598
2492057
2492526
2493001
2493467
2493920
2494381
2494836
2495300
2495762
2496229
2496690
2497152
2497599
2498062
2498519
2498975
2499435
2499909
2500372
2500835
2501302
2501768
2502233
2502701
2503159
2503609
2504071
2504536
2505000
2505461
2505907
2506373
2506838
2507296
2507750
2508215
2508677
2509143
2509604
2510062
2510507
2510975
2511443
2511904
2512372
2512831
2513304
2513767
2514225
2514697
2515152
2515618
2516089
2516555
2517017
2517481
2517949
2518415
2518884
2519346
2519810
2520263
2520732
2521209
2521672
2522134
2522594
2523051
2523516
2523968
2524425
2524887
2525350
2525805
2526259
2526728
2527188
2527642
2528094
2528548
2529002
2529462
2529932
2530391
2530848
2531310
2531769
2532224
2532679
2533149
2533603
2534075
2534528
2534997
2535457
2535906
2536375
2536839
2537308
2537778
2538249
2538704
2539159
2539624
2540084
2540538
2540995
2541462
2541908
2542374
2542828
2543294
2543755
2544220
2544675
2545142
2545622
2546098
2546560
2547017
2547471
2547945
2548409
2548858
2549323
2549797
2550257
2550712
2551173
2551645
2552107
2552558
2553012
2553476
2553946
2554407
2554871
2555339
2555805
2556271
2556737
2557201
2557657
2558106
2558568
2559032
2559486
2559945
2560401
2560867
2561329
2561790
2562244
2562704
2563170
2563637
2564109
2564567
2565025
2565490
2565949
2566414
2566865
2567323
2567786
2568260
2568719
2569185
2569644
2570089
2570540
2571006
2571466
2571934
2572401
2572865
2573321
2573785
2574257
2574719
2575170
2575624
2576082
2576551
2577019
2577479
2577948
2578414
2578872
2579336
2579794
2580257
2580712
2581178
2581641
2582106
2582562
2583021
2583479
2583934
2584388
2584861
2585325
2585790
2586261
2586719
2587192
2587650
2588118
2588575
2589042
2589510
2589986
2590458
2590923
2591390
2591854
2592313
2592776
2593241
2593712
2594171
2594641
2595100
2595561
2596016
2596485
2596951
2597411
2597877
2598362
2598818
2599293
2599758
2600210
2600674
2601129
2601600
2602073
2602543
2602997
2603462
2603927
2604391
2604855
2605317
2605792
2606252
2606717
2607182
2607644
2608086
2608563
2609018
2609487
2609967
2610429
2610887
2611354
2611827
2612296
2612769
2613232
2613699
2614166
2614634
2615079
2615551
2616011
2616470
2616925
2617396
2617847
2618314
2618780
2619237
2619705
2620185
2620645
2621098
2621537
2621988
2622449
2622919
2623382
2623842
2624299
2624764
2625230
2625698
2626159
2626615
2627077
2627547
2628015
2628470
2628942
2629412
2629878
2630342
2630806
2631272
2631729
2632189
2632655
2633116
2633577
2634040
2634505
2634970
2635437
2635905
2636387
2636854
2637312
2637767
2638230
2638688
2639144
2639608
2640074
2640541
2641008
2641479
2641941
2642414
2642881
2643349
2643813
2644273
2644746
2645210
2645676
2646139
2646608
2647066
2647534
2648003
2648466
2648932
2649380
2649833
2650291
2650754
2651224
2651692
2652152
2652607
2653063
2653517
2653982
2654442
2654913
2655383
2655853
2656320
2656788
2657261
2657721
2658191
2658653
2659124
2659588
2660048
2660512
2660982
2661447
2661909
2662362
2662826
2663285
2663749
2664204
2664671
2665132
2665593
2666053
2666516
2666974
2667432
2667892
2668350
2668817
2669290
2669759
2670218
2670694
2671161
2671628
2672087
2672543
2673003
2673465
2673930
2674390
2674858
2675315
2675770
2676235
2676687
2677141
2677612
2678065
2678531
2678990
2679468
2679930
2680392
2680850
2681320
2681790
2682248
2682706
2683164
2683638
2684097
2684568
2685021
2685487
2685942
2686405
2686876
2687344
2687811
2688264
2688728
2689189
2689648
2690108
2690565
2691033
2691500
2691962
2692421
2692883
2693349
2693804
2694265
2694730
2695198
2695662
2696129
2696594
2697057
2697506
2697973
2698433
2698877
2699330
2699798
2700259
2700713
2701169
2701641
2702111
2702565
2703025
2703494
2703964
2704424
2704900
2705354
2705801
2706266
2706728
2707183
2707648
2708112
2708587
2709048
2709508
2709971
2710413
2710884
2711339
2711786
2712240
2712706
2713167
2713628
2714078
2714540
2714998
2715464
2715921
2716376
2716828
2717286
2717748
2718210
2718679
2719144
2719607
2720074
2720526
2720986
2721447
2721907
2722376
2722837
2723289
2723756
2724221
2724674
2725132
2725589
2726055
2726516
2726976
2727440
2727905
2728364
2728816
2729278
2729738
2730196
2730654
2731122
2731579
2732031
2732491
2732941
2733395
2733835
2734301
2734758
2735213
2735675
2736129
2736593
2737056
2737505
2737966
2738430
2738903
2739368
2739829
2740300
2740759
2741211
2741684
2742148
2742593
2743059
2743521
2743982
2744448
2744901
2745363
2745826
2746290
2746740
2747214
2747677
2748145
2748616
2749094
2749549
2750014
2750480
2750941
2751406
2751865
2752320
2752779
2753246
2753706
2754166
2754636
2755092
2755556
2756019
2756488
2756956
2757417
2757875
2758340
2758794
2759251
2759706
2760173
2760636
2761092
2761551
2762014
2762480
2762914
2763382
2763848
2764309
2764765
2765233
2765690
2766151
2766605
2767072
2767546
2768008
2768484
2768941
2769407
2769864
2770323
2770788
2771244
2771709
2772176
2772644
2773112
2773574
2774043
2774492
2774958
2775433
2775882
2776353
2776819
2777284
2777745
2778207
2778669
2779134
2779592
2780059
2780529
2780997
2781457
2781919
2782380
2782840
2783302
2783763
2784238
2784698
2785157
2785617
2786066
2786532
2786998
2787462
2787919
2788383
2788833
2789289
2789753
2790209
2790653
2791106
2791569
2792033
2792499
2792967
2793445
2793907
2794372
2794827
2795302
2795766
2796236
2796698
2797171
2797632
2798084
2798557
2799015
2799477
2799935
2800401
2800864
2801332
2801799
2802266
2802734
2803194
2803655
2804124
2804587
2805066
2805531
2805999
2806462
2806919
2807380
2807851
2808311
2808777
2809239
2809695
2810161
2810618
2811077
2811531
2811992
2812453
2812917
2813380
2813847
2814299
2814753
2815218
2815679
2816141
2816601
2817062
2817517
2817984
2818453
2818916
2819380
2819843
2820304
2820769
2821234
2821697
2822153
2822621
2823074
2823538
2823988
2824446
2824900
2825366
2825823
2826293
2826767
2827232
2827694
2828140
2828591
2829058
2829523
2829986
2830435
2830893
2831363
2831832
2832294
2832753
2833223
2833693
2834145
2834593
2835058
2835520
2835980
2836434
2836889
2837346
2837814
2838277
2838739
2839202
2839655
2840105
2840572
2841030
2841492
2841951
2842419
2842878
2843337
2843787
2844242
2844695
2845159
2845610
2846070
2846522
2846979
2847441
2847908
2848363
2848821
2849284
2849736
2850206
2850674
2851126
2851582
2852054
2852508
2852982
2853439
2853899
2854361
2854818
2855280
2855741
2856212
2856685
2857151
2857613
2858074
2858549
2859000
2859461
2859930
2860394
2860852
2861311
2861756
2862204
2862645
2863102
2863550
2864017
2864472
2864919
2865375
2865848
2866301
2866757
2867216
2867693
2868158
2868617
2869075
2869545
2870010
2870477
2870936
2871402
2871871
2872326
2872790
2873250
2873713
2874184
2874651
2875111
2875566
2876024
2876487
2876939
2877402
2877865
2878311
2878775
2879234
2879702
2880164
2880629
2881086
2881545
2882007
2882466
2882928
2883395
2883860
2884320
2884781
2885259
2885719
2886176
2886633
2887092
2887561
2888038
2888490
2888958
2889426
2889889
2890353
2890813
2891286
2891746
2892211
2892675
2893151
2893608
2894073
2894535
2894996
2895454
2895922
2896391
2896854
2897305
2897763
2898217
2898683
2899151
2899606
2900067
2900522
2900983
2901441
2901919
2902379
2902850
2903317
2903779
2904231
2904683
2905142
2905606
2906065
2906522
2906979
2907446
2907902
2908364
2908831
2909304
2909768
2910221
2910671
2911130
2911585
2912037
2912496
2912961
2913403
2913869
2914323
2914780
2915234
2915695
2916150
2916613
2917067
2917525
2917988
2918444
2918899
2919361
2919830
2920295
2920753
2921222
2921688
2922149
2922613
2923070
2923534
2923999
2924466
2924931
2925381
2925842
2926307
2926772
2927231
2927698
2928149
2928619
2929082
2929547
2930023
2930481
2930944
2931417
2931879
2932345
2932811
2933272
2933735
2934205
2934662
2935132
2935593
2936060
2936523
2936987
2937451
2937907
2938360
2938824
2939285
2939743
2940203
2940673
2941139
2941592
2942057
2942515
2942974
2943438
2943894
2944355
2944821
2945297
2945757
2946220
2946674
2947148
2947605
2948059
2948529
2948994
2949457
2949919
2950373
2950837
2951296
2951769
2952224
2952682
2953137
2953604
2954065
2954542
2955007
2955470
2955932
2956388
2956842
2957296
2957756
2958216
2958677
2959132
2959604
2960075
2960544
2961002
2961476
2961939
2962384
2962842
2963301
2963763
2964222
2964689
2965147
2965604
2966060
2966508
2966980
2967436
2967897
2968350
2968801
2969252
2969712
2970174
2970633
2971094
2971543
2972006
2972461
2972920
2973376
2973834
2974296
2974758
2975227
2975681
2976143
2976611
2977074
2977530
2977986
2978444
2978921
2979385
2979848
2980304
2980764
2981226
2981694
2982148
2982620
2983079
2983544
2984007
2984476
2984934
2985395
2985851
2986318
2986782
2987239
2987699
2988150
2988613
2989075
2989536
2990003
2990464
2990918
2991378
2991834
2992285
2992732
2993192
2993650
2994119
2994590
2995041
2995512
2995976
2996443
2996907
2997373
2997843
2998310
2998778
2999247
2999711
3000173
3000640
3001103
3001568
3002036
3002498
3002963
3003435
3003902
3004367
3004823
3005278
3005732
3006192
3006653
3007118
3007585
3008048
3008511
3008972
3009436
3009904
3010378
3010850
3011312
3011782
3012228
3012680
3013144
3013608
3014074
3014527
3014984
3015446
3015904
3016363
3016834
3017290
3017749
3018214
3018691
3019150
3019620
3020080
3020541
3021004
3021461
3021931
3022379
3022828
3023286
3023733
3024189
3024640
3025092
3025560
3026005
3026463
3026926
3027378
3027843
3028312
3028774
3029238
3029696
3030162
3030630
3031097
3031559
3032027
3032488
3032957
3033420
3033892
3034360
3034827
3035301
3035754
3036219
3036677
3037144
3037621
3038092
3038560
3039035
3039494
3039946
3040413
3040882
3041357
3041820
3042279
3042755
3043212
3043679
3044139
3044592
3045051
3045514
3045981
3046445
3046904
3047370
3047832
3048298
3048771
3049231
3049677
3050136
3050603
3051063
3051523
3051990
3052453
3052921
3053391
3053844
3054312
3054780
3055236
3055695
3056149
3056614
3057072
3057529
3057980
3058442
3058900
3059358
3059816
3060288
3060752
3061216
3061689
3062153
3062616
3063081
3063534
3063999
3064458
3064932
3065396
3065855
3066317
3066777
3067248
3067711
3068177
3068634
3069089
3069553
3070015
3070469
3070930
3071391
3071842
3072304
3072763
3073223
3073698
3074156
3074625
3075085
3075542
3075992
3076446
3076892
3077362
3077831
3078303
3078766
3079231
3079704
3080176
3080638
3081100
3081552
3082020
3082480
3082948
3083403
3083853
3084308
3084788
3085249
3085722
3086179
3086644
3087084
3087547
3088015
3088472
3088927
3089380
3089840
3090309
3090753
3091206
3091680
3092145
3092600
3093064
3093530
3093993
3094454
3094912
3095357
3095826
3096296
3096769
3097221
3097677
3098151
3098604
3099076
3099540
3099981
3100437
3100905
3101366
3101835
3102298
3102767
3103231
3103688
3104146
3104609
3105068
3105523
3105990
3106453
3106915
3107374
3107828
3108303
3108768
3109236
3109681
3110146
3110611
3111065
3111543
3112002
3112455
3112929
3113391
3113850
3114309
3114761
3115230
3115686
3116152
3116617
3117083
3117540
3118007
3118480
3118946
3119404
3119869
3120329
3120788
3121256
3121724
3122185
3122652
3123116
3123585
3124044
3124507
3124977
3125434
3125895
3126357
3126820
3127280
3127750
3128197
3128662
3129120
3129589
3130047
3130512
3130973
3131422
3131879
3132331
3132785
3133247
3133710
3134170
3134631
3135109
3135558
3136020
3136477
3136934
3137397
3137858
3138323
3138781
3139248
3139707
3140168
3140628
3141086
3141545
3142014
3142469
3142929
3143389
3143850
3144313
3144767
3145228
3145701
3146162
3146620
3147082
3147535
3147993
3148446
3148907
3149378
3149832
3150293
3150757
3151219
3151681
3152146
3152610
3153071
3153531
3153995
3154457
3154920
3155366
3155829
3156290
3156747
3157209
3157675
3158135
3158592
3159054
3159507
3159956
3160420
3160875
3161346
3161804
3162252
3162725
3163178
3163638
3164106
3164579
3165036
3165497
3165960
3166424
3166888
3167335
3167797
3168253
3168704
3169185
3169647
3170108
3170571
3171036
3171501
3171968
3172408
3172863
3173323
3173786
3174249
3174707
3175170
3175637
3176106
3176571
3177041
3177503
3177956
3178417
3178875
3179346
3179804
3180270
3180730
3181200
3181672
3182144
3182603
3183063
3183521
3183986
3184440
3184891
3185350
3185811
3186275
3186737
3187194
3187661
3188117
3188586
3189044
3189497
3189960
3190420
3190866
3191323
3191790
3192248
3192721
3193177
3193633
3194103
3194560
3195019
3195489
3195951
3196419
3196880
3197340
3197806
3198262
3198715
3199178
3199636
3200098
3200563
3201026
3201487
3201949
3202417
3202889
3203355
3203817
3204274
3204742
3205203
3205672
3206146
3206610
3207072
3207532
3208005
3208466
3208937
3209391
3209850
3210312
3210764
3211227
3211690
3212160
3212617
3213063
3213527
3213995
3214455
3214916
3215366
3215832
3216290
3216752
3217206
3217667
3218126
3218599
3219060
3219523
3219987
3220460
3220919
3221395
3221856
3222322
3222776
3223241
3223705
3224177
3224651
3225109
3225563
3226026
3226484
3226944
3227419
3227887
3228350
3228811
3229265
3229732
3230192
3230637
3231100
3231570
3232033
3232507
3232967
3233424
3233886
3234348
3234806
3235250
3235699
3236173
3236632
3237098
3237556
3238021
3238483
3238950
3239406
3239873
3240332
3240800
3241262
3241713
3242168
3242628
3243090
3243555
3244017
3244471
3244943
3245406
3245864
3246329
3246795
3247263
3247712
3248166
3248629
3249087
3249556
3250011
3250479
3250944
3251398
3251861
3252314
3252786
3253242
3253699
3254159
3254613
3255068
3255530
3255987
3256451
3256921
3257373
3257839
3258304
3258761
3259222
3259689
3260142
3260599
3261050
3261514
3261971
3262452
3262909
3263379
3263844
3264285
3264740
3265205
3265676
3266145
3266613
3267069
3267532
3267995
3268465
3268915
3269388
3269851
3270311
3270778
3271246
3271707
3272168
3272627
3273069
3273521
3273979
3274435
3274910
3275366
3275831
3276303
3276764
3277232
3277695
3278151
3278606
3279070
3279526
3279988
3280456
3280930
3281398
3281861
3282322
3282780
3283239
3283696
3284154
3284620
3285085
3285553
3286010
3286472
3286936
3287400
3287856
3288321
3288777
3289248
3289706
3290158
3290616
3291071
3291530
3291990
3292456
3292918
3293380
3293842
3294312
3294773
3295227
3295689
3296162
3296627
3297085
3297545
3298012
3298487
3298959
3299420
3299886
3300357
3300814
3301268
3301720
3302193
3302651
3303110
3303572
3304032
3304487
3304955
3305418
3305871
3306335
3306792
3307245
3307709
3308162
3308626
3309100
3309569
3310035
3310490
3310951
3311418
3311878
3312339
3312804
3313272
3313734
3314208
3314678
3315147
3315615
3316090
3316552
3317005
3317480
3317925
3318380
3318850
3319314
3319758
3320222
3320686
3321150
3321607
3322074
3322534
3322997
3323466
3323914
3324384
3324847
3325302
3325753
3326211
3326680
3327153
3327626
3328087
3328546
3329008
3329464
3329935
3330401
3330868
3331343
3331793
3332253
3332713
3333172
3333646
3334107
3334568
3335023
3335492
3335947
3336409
3336868
3337326
3337778
3338251
3338717
3339175
3339645
3340107
3340550
3341006
3341468
3341935
3342396
3342866
3343330
3343794
3344270
3344734
3345200
3345657
3346118
3346577
3347047
3347512
3347980
3348431
3348908
3349382
3349844
3350312
3350765
3351229
3351672
3352131
3352592
3353053
3353526
3353987
3354453
3354912
3355371
3355835
3356293
3356761
3357223
3357683
3358140
3358599
3359062
3359527
3359999
3360465
3360925
3361386
3361852
3362320
3362796
3363268
3363749
3364221
3364691
3365152
3365610
3366061
3366518
3366992
3367461
3367930
3368408
3368869
3369333
3369801
3370265
3370734
3371199
3371667
3372132
3372598
3373054
3373516
3373966
3374422
3374892
3375349
3375814
3376281
3376741
3377198
3377667
3378117
3378572
3379037
3379492
3379960
3380424
3380885
3381340
3381810
3382268
3382740
3383200
3383660
3384119
3384589
3385059
3385523
3385976
3386443
3386896
3387366
3387822
3388279
3388747
3389217
3389677
3390133
3390604
3391072
3391533
3391991
3392452
3392911
3393373
3393842
3394313
3394771
3395225
3395683
3396136
3396606
3397062
3397540
3397998
3398451
3398913
3399372
3399843
3400306
3400751
3401218
3401663
3402132
3402589
3403045
3403513
3403973
3404425
3404869
3405328
3405793
3406252
3406724
3407188
3407657
3408127
3408596
3409055
3409513
3409972
3410445
3410912
3411372
3411833
3412291
3412749
3413214
3413676
3414130
3414599
3415071
3415536
3416004
3416467
3416927
3417390
3417852
3418319
3418779
3419245
3419709
3420182
3420634
3421102
3421568
3422033
3422502
3422956
3423416
3423876
3424342
3424815
3425270
3425728
3426185
3426642
3427106
3427559
3428024
3428481
3428952
3429406
3429868
3430326
3430796
3431263
3431724
3432194
3432652
3433118
3433586
3434046
3434503
3434972
3435438
3435902
3436361
3436824
3437291
3437752
3438217
3438682
3439150
3439613
3440083
3440550
3441003
3441454
3441906
3442373
3442841
3443308
3443780
3444244
3444706
3445172
3445634
3446098
3446566
3447032
3447496
3447953
3448422
3448883
3449348
3449802
3450263
3450728
3451191
3451644
3452112
3452581
3453052
3453517
3453973
3454439
3454896
3455365
3455832
3456293
3456747
3457219
3457679
3458147
3458611
3459064
3459534
3459996
3460455
3460919
3461377
3461848
3462297
3462761
3463229
3463687
3464158
3464626
3465093
3465559
3466021
3466479
3466948
3467420
3467885
3468353
3468823
3469280
3469733
3470198
3470652
3471104
3471562
3472027
3472493
3472955
3473414
3473882
3474361
3474821
3475288
3475741
3476215
3476679
3477147
3477600
3478063
3478513
3478973
3479437
3479890
3480358
3480826
3481282
3481735
3482205
3482665
3483128
3483578
3484043
3484492
3484964
3485439
3485904
3486361
3486820
3487282
3487745
3488206
3488671
3489141
3489595
3490062
3490520
3490984
3491439
3491908
3492365
3492823
3493275
3493731
3494193
3494665
3495134
3495603
3496064
3496531
3496985
3497455
3497924
3498392
3498867
3499321
3499782
3500245
3500710
3501174
3501639
3502086
3502545
3503007
3503469
3503929
3504390
3504856
3505319
3505779
3506236
3506697
3507156
3507620
3508076
3508524
3508994
3509447
3509894
3510357
3510816
3511279
3511739
3512204
3512670
3513132
3513598
3514071
3514537
3514990
3515459
3515920
3516377
3516839
3517299
3517765
3518231
3518683
3519142
3519611
3520061
3520522
3520982
3521435
3521905
3522379
3522849
3523311
3523768
3524238
3524702
3525168
3525635
3526095
3526548
3527004
3527459
3527924
3528387
3528854
3529316
3529777
3530236
3530690
3531148
3531608
3532068
3532529
3532991
3533450
3533916
3534377
3534836
3535299
3535759
3536219
3536685
3537145
3537611
3538078
3538533
3538985
3539447
3539910
3540365
3540827
3541290
3541753
3542215
3542684
3543146
3543604
3544063
3544530
3544995
3545459
3545925
3546396
3546857
3547326
3547796
3548265
3548725
3549190
3549661
3550109
3550572
3551041
3551506
3551970
3552423
3552890
3553344
3553792
3554249
3554701
3555170
3555626
3556089
3556552
3557015
3557482
3557941
3558398
3558864
3559334
3559805
3560275
3560728
3561184
3561647
3562119
3562587
3563047
3563507
3563967
3564426
3564893
3565356
3565822
3566283
3566750
3567216
3567678
3568144
3568610
3569080
3569529
3569984
3570453
3570911
3571386
3571854
3572321
3572779
3573241
3573695
3574146
3574615
3575082
3575543
3576002
3576456
3576919
3577383
3577846
3578303
3578758
3579221
3579692
3580152
3580611
3581082
3581541
3582007
3582474
3582933
3583400
3583875
3584331
3584789
3585253
3585729
3586192
3586649
3587111
3587575
3588035
3588494
3588958
3589418
3589877
3590336
3590790
3591249
3591705
3592161
3592630
3593082
3593552
3594011
3594467
3594931
3595402
3595867
3596324
3596782
3597254
3597716
3598174
3598640
3599102
3599565
3600024
3600484
3600943
3601408
3601866
3602329
3602783
3603252
3603722
3604179
3604636
3605093
3605569
3606016
3606472
3606933
3607403
3607863
3608318
3608774
3609234
3609691
3610157
3610616
3611081
3611540
3612001
3612453
3612919
3613380
3613831
3614284
3614741
3615199
3615664
3616131
3616595
3617049
3617509
3617987
3618439
3618895
3619356
3619811
3620272
3620737
3621199
3621669
3622126
3622585
3623046
3623514
3623968
3624432
3624894
3625356
3625817
3626288
3626743
3627206
3627672
3628137
3628603
3629067
3629526
3629985
3630447
3630906
3631378
3631830
3632284
3632755
3633219
3633678
3634141
3634614
3635071
3635539
3636000
3636461
3636926
3637394
3637854
3638318
3638787
3639241
3639700
3640160
3640624
3641088
3641557
3642017
3642471
3642928
3643392
3643845
3644304
3644763
3645220
3645674
3646126
3646580
3647042
3647508
3647976
3648440
3648882
3649353
3649813
3650276
3650740
3651197
3651663
3652106
3652554
3653020
3653482
3653947
3654404
3654878
3655341
3655808
3656269
3656721
3657188
3657653
3658114
3658575
3659044
3659520
3659977
3660443
3660909
3661363
3661820
3662282
3662746
3663211
3663672
3664139
3664605
3665068
3665531
3665990
3666450
3666918
3667376
3667842
3668311
3668780
3669229
3669690
3670154
3670618
3671091
3671540
3672015
3672483
3672955
3673428
3673894
3674352
3674821
3675283
3675746
3676213
3676665
3677126
3677588
3678046
3678495
3678965
3679431
3679889
3680352
3680815
3681269
3681724
3682189
3682653
3683114
3683575
3684043
3684511
3684968
3685431
3685886
3686341
3686792
3687254
3687734
3688194
3688648
3689111
3689578
3690038
3690508
3690970
3691443
3691911
3692370
3692832
3693303
3693768
3694239
3694701
3695162
3695613
3696080
3696547
3697017
3697477
3697935
3698401
3698859
3699331
3699800
3700278
3700745
3701208
3701666
3702133
3702609
3703072
3703528
3703994
3704469
3704934
3705392
3705853
3706319
3706779
3707239
3707692
3708150
3708619
3709077
3709530
3709994
3710455
3710898
3711363
3711818
3712279
3712744
3713217
3713690
3714156
3714620
3715083
3715546
3716001
3716467
3716923
3717387
3717857
3718306
3718774
3719242
3719703
3720169
3720624
3721099
3721564
3722019
3722486
3722947
3723412
3723877
3724332
3724796
3725264
3725731
3726189
3726656
3727127
3727582
3728046
3728516
3728966
3729426
3729883
3730338
3730804
3731269
3731733
3732186
3732648
3733108
3733571
3734024
3734485
3734957
3735423
3735872
3736339
3736794
3737250
3737714
3738179
3738634
3739096
3739556
3740021
3740473
3740931
3741416
3741880
3742348
3742810
3743279
3743739
3744207
3744670
3745131
3745592
3746047
3746509
3746962
3747426
3747898
3748354
3748814
3749270
3749731
3750189
3750652
3751111
3751569
3752028
3752477
3752939
3753392
3753853
3754323
3754789
3755255
3755725
3756192
3756657
3757117
3757593
3758056
3758515
3758978
3759440
3759899
3760351
3760818
3761277
3761745
3762195
3762662
3763125
3763579
3764041
3764497
3764962
3765428
3765892
3766351
3766816
3767292
3767761
3768217
3768688
3769146
3769616
3770074
3770544
3771013
3771474
3771934
3772405
3772864
3773339
3773810
3774275
3774735
3775207
3775671
3776144
3776596
3777061
3777518
3777983
3778454
3778914
3779366
3779817
3780286
3780745
3781203
3781657
3782121
3782584
3783047
3783506
3783967
3784438
3784905
3785367
3785827
3786296
3786767
3787228
3787695
3788149
3788614
3789064
3789537
3790001
3790467
3790921
3791385
3791847
3792316
3792769
3793237
3793688
3794148
3794611
3795075
3795533
3795996
3796463
3796921
3797389
3797861
3798322
3798781
3799244
3799703
3800167
3800635
3801113
3801575
3802052
3802522
3802986
3803458
3803913
3804377
3804845
3805313
3805767
3806218
3806680
3807146
3807619
3808083
3808541
3809006
3809475
3809940
3810402
3810869
3811331
3811792
3812248
3812710
3813176
3813633
3814098
3814556
3815011
3815475
3815935
3816405
3816875
3817339
3817801
3818252
3818700
3819173
3819649
3820119
3820577
3821042
3821505
3821971
3822446
3822913
3823380
3823838
3824298
3824766
3825227
3825684
3826141
3826597
3827057
3827511
3827966
3828422
3828883
3829353
3829807
3830257
3830724
3831189
3831662
3832136
3832595
3833063
3833535
3833999
3834455
3834919
3835361
3835807
3836279
3836744
3837184
3837657
3838124
3838592
3839055
3839518
3839977
3840435
3840893
3841331
3841797
3842274
3842734
3843196
3843643
3844103
3844571
3845038
3845509
3845973
3846423
3846875
3847338
3847787
3848248
3848712
3849171
3849634
3850098
3850563
3851026
3851491
3851962
3852437
3852889
3853352
3853813
3854270
3854733
3855182
3855647
3856101
3856562
3857032
3857489
3857954
3858411
3858866
3859325
3859791
3860257
3860723
3861180
3861638
3862099
3862560
3863025
3863476
3863940
3864395
3864865
3865326
3865783
3866253
3866719
3867191
3867661
3868125
3868584
3869049
3869501
3869964
3870427
3870892
3871351
3871798
3872276
3872733
3873193
3873660
3874134
3874595
3875053
3875509
3875971
3876429
3876893
3877358
3877829
3878286
3878752
3879215
3879671
3880134
3880589
3881067
3881526
3881993
3882453
3882905
3883364
3883823
3884290
3884752
3885209
3885669
3886138
3886593
3887066
3887543
3888010
3888485
3888953
3889402
3889860
3890321
3890774
3891246
3891722
3892194
3892652
3893112
3893582
3894038
3894506
3894976
3895443
3895910
3896375
3896834
3897298
3897756
3898211
3898683
3899139
3899607
3900076
3900540
3901015
3901475
3901938
3902404
3902880
3903341
3903809
3904278
3904757
3905223
3905687
3906145
3906598
3907057
3907518
3907979
3908444
3908908
3909372
3909845
3910316
3910780
3911238
3911690
3912169
3912625
3913087
3913543
3914011
3914471
3914926
3915386
3915831
3916294
3916771
3917241
3917709
3918166
3918634
3919102
3919570
3920036
3920505
3920972
3921432
3921904
3922362
3922825
3923281
3923737
3924193
3924650
3925108
3925577
3926038
3926495
3926954
3927428
3927879
3928341
3928802
3929272
3929738
3930202
3930658
3931122
3931586
3932036
3932501
3932952
3933422
3933895
3934351
3934814
3935274
3935728
3936181
3936653
3937114
3937583
3938042
3938504
3938968
3939419
3939883
3940342
3940799
3941269
3941730
3942197
3942663
3943134
3943594
3944048
3944497
3944958
3945419
3945881
3946337
3946802
3947258
3947712
3948174
3948636
3949107
3949572
3950039
3950492
3950955
3951417
3951880
3952345
3952809
3953277
3953733
3954199
3954666
3955129
3955593
3956060
3956517
3956978
3957439
3957912
3958381
3958846
3959308
3959767
3960236
3960708
3961164
3961613
3962084
3962550
3963009
3963474
3963930
3964385
3964853
3965313
3965776
3966244
3966713
3967177
3967635
3968093
3968553
3969017
3969479
3969951
3970413
3970882
3971345
3971805
3972275
3972721
3973185
3973644
3974103
3974562
3975028
3975484
3975953
3976424
3976889
3977341
3977802
3978261
3978728
3979197
3979666
3980139
3980583
3981033
3981498
3981964
3982431
3982910
3983365
3983830
3984280
3984739
3985204
3985672
3986143
3986611
3987075
3987539
3987993
3988453
3988910
3989366
3989836
3990304
3990776
3991238
3991700
3992164
3992626
3993085
3993549
3994010
3994467
3994937
3995399
3995858
3996317
3996785
3997246
3997719
3998171
3998635
3999094
3999557
4000009
4000475
4000943
4001402
4001867
4002324
4002777
4003233
4003689
4004149
4004606
4005070
4005528
4005994
4006454
4006910
4007382
4007833
4008287
4008756
4009227
4009692
4010152
4010616
4011067
4011513
4011979
4012441
4012894
4013353
4013814
4014269
4014732
4015194
4015658
4016120
4016589
4017059
4017532
4017994
4018458
4018919
4019378
4019846
4020309
4020770
4021233
4021690
4022152
4022610
4023082
4023541
4024004
4024476
4024934
4025395
4025859
4026307
4026779
4027246
4027723
4028188
4028651
4029119
4029581
4030047
4030510
4030983
4031431
4031883
4032351
4032816
4033269
4033726
4034201
4034663
4035126
4035589
4036048
4036506
4036967
4037435
4037895
4038354
4038816
4039277
4039742
4040204
4040667
4041127
4041592
4042062
4042519
4042982
4043429
4043894
4044361
4044821
4045284
4045743
4046206
4046665
4047131
4047594
4048073
4048540
4048998
4049458
4049923
4050389
4050846
4051314
4051771
4052231
4052697
4053166
4053633
4054098
4054570
4055020
4055481
4055940
4056406
4056869
4057336
4057797
4058255
4058726
4059186
4059658
4060115
4060583
4061036
4061494
4061953
4062422
4062881
4063328
4063789
4064254
4064719
4065189
4065660
4066122
4066585
4067048
4067515
4067966
4068431
4068890
4069355
4069808
4070269
4070738
4071197
4071650
4072104
4072569
4073037
4073504
4073958
4074418
4074878
4075342
4075802
4076264
4076732
4077192
4077652
4078099
4078560
4079021
4079490
4079950
4080413
4080868
4081336
4081802
4082271
4082726
4083187
4083646
4084102
4084565
4085034
4085497
4085957
4086413
4086884
4087342
4087807
4088267
4088732
4089183
4089655
4090132
4090597
4091065
4091521
4091984
4092457
4092923
4093376
4093837
4094293
4094761
4095229
4095693
4096146
4096597
4097068
4097531
4098000
4098455
4098903
4099354
4099804
4100259
4100716
4101170
4101631
4102101
4102564
4103023
4103494
4103955
4104412
4104874
4105343
4105801
4106267
4106719
4107188
4107657
4108109
4108567
4109030
4109490
4109950
4110415
4110882
4111344
4111815
4112281
4112757
4113228
4113690
4114158
4114629
4115094
4115558
4116026
4116485
4116948
4117425
4117878
4118346
4118789
4119258
4119706
4120181
4120638
4121093
4121554
4122031
4122487
4122933
4123393
4123869
4124340
4124806
4125258
4125726
4126185
4126651
4127117
4127583
4128036
4128499
4128962
4129424
4129885
4130349
4130812
4131282
4131752
4132214
4132677
4133143
4133601
4134065
4134532
4135000
4135456
4135921
4136390
4136857
4137330
4137793
4138249
4138719
4139178
4139631
4140098
4140558
4141026
4141479
4141931
4142393
4142856
4143316
4143768
4144228
4144703
4145169
4145650
4146105
4146581
4147036
4147489
4147951
4148425
4148891
4149349
4149813
4150287
4150752
4151216
4151682
4152140
4152603
4153062
4153521
4153989
4154463
4154918
4155383
4155846
4156310
4156782
4157253
4157709
4158164
4158625
4159086
4159554
4160030
4160492
4160954
4161429
4161888
4162367
4162820
4163284
4163754
4164215
4164671
4165144
4165603
4166064
4166529
4166999
4167454
4167924
4168383
4168834
4169299
4169757
4170216
4170673
4171135
4171599
4172061
4172532
4173004
4173460
4173927
4174389
4174847
4175320
4175771
4176238
4176696
4177150
4177614
4178072
4178532
4178997
4179459
4179926
4180387
4180854
4181332
4181801
4182274
4182748
4183200
4183662
4184120
4184576
4185043
4185515
4185977
4186447
4186915
4187369
4187817
4188276
4188742
4189187
4189645
4190108
4190574
4191036
4191512
4191980
4192441
4192920
4193389
4193857
4194320
4194779
4195238
4195700
4196168
4196634
4197097
4197557
4198021
4198487
4198951
4199416
4199875
4200340
4200781
4201241
4201696
4202154
4202598
4203054
4203512
4203973
4204428
4204893
4205351
4205810
4206269
4206738
4207203
4207676
4208135
4208612
4209070
4209533
4209990
4210451
4210912
4211380
4211843
4212302
4212766
4213238
4213695
4214157
4214622
4215094
4215554
4216016
4216468
4216942
4217404
4217867
4218325
4218791
4219250
4219692
4220165
4220629
4221095
4221561
4222021
4222475
4222937
4223408
4223878
4224343
4224803
4225269
4225728
4226207
4226675
4227134
4227581
4228048
4228509
4228961
4229430
4229894
4230357
4230828
4231286
4231746
4232208
4232667
4233139
4233596
4234066
4234530
4234996
4235455
4235906
4236373
4236831
4237289
4237758
4238215
4238675
4239135
4239607
4240072
4240539
4241004
4241467
4241935
4242404
4242866
4243333
4243798
4244254
4244724
4245180
4245634
4246095
4246552
4247021
4247473
4247944
4248397
4248860
4249322
4249787
4250252
4250705
4251178
4251631
4252094
4252560
4253021
4253491
4253955
4254407
4254877
4255341
4255798
4256254
4256718
4257187
4257648
4258111
4258577
4259040
4259506
4259963
4260412
4260878
4261339
4261803
4262265
4262728
4263200
4263664
4264135
4264608
4265062
4265525
4265988
4266442
4266908
4267377
4267827
4268297
4268756
4269197
4269656
4270117
4270568
4271029
4271491
4271952
4272407
4272867
4273328
4273791
4274246
4274710
4275172
4275639
4276093
4276560
4277023
4277501
4277953
4278413
4278888
4279354
4279806
4280270
4280726
4281187
4281648
4282105
4282569
4283040
4283499
4283967
4284422
4284895
4285350
4285805
4286278
4286746
4287216
4287682
4288142
4288604
4289070
4289525
4289985
4290453
4290911
4291369
4291830
4292292
4292752
4293214
4293666
4294132
4294604
4295063
4295522
4295994
4296439
4296907
4297370
4297838
4298304
4298766
4299227
4299691
4300148
4300603
4301073
4301529
4301987
4302445
4302921
4303393
4303861
4304338
4304804
4305257
4305723
4306191
4306655
4307125
4307586
4308047
4308506
4308958
4309424
4309880
4310343
4310807
4311273
4311737
4312195
4312661
4313123
4313585
4314030
4314487
4314947
4315394
4315860
4316318
4316785
4317252
4317710
4318176
4318639
4319087
4319549
4320000
4320478
4320939
4321404
4321865
4322326
4322783
4323237
4323704
4324151
4324621
4325090
4325553
4326021
4326479
4326942
4327407
4327868
4328336
4328797
4329251
4329715
4330177
4330642
4331101
4331556
4332021
4332482
4332941
4333401
4333859
4334323
4334783
4335257
4335723
4336182
4336645
4337105
4337566
4338036
4338502
4338971
4339438
4339893
4340350
4340816
4341279
4341741
4342206
4342668
4343131
4343598
4344058
4344515
4344976
4345439
4345896
4346348
4346798
4347265
4347734
4348192
4348667
4349123
4349586
4350035
4350496
4350962
4351416
4351886
4352346
4352808
4353274
4353737
4354200
4354670
4355136
4355597
4356064
4356527
4356992
4357457
4357903
4358364
4358821
4359285
4359751
4360202
4360662
4361117
4361577
4362036
4362495
4362957
4363427
4363892
4364358
4364820
4365274
4365732
4366196
4366662
4367131
4367580
4368045
4368495
4368954
4369410
4369880
4370342
4370805
4371256
4371723
4372194
4372657
4373130
4373606
4374084
4374547
4375014
4375487
4375938
4376395
4376854
4377320
4377792
4378256
4378726
4379194
4379652
4380123
4380589
4381048
4381522
4381992
4382464
4382937
4383397
4383856
4384315
4384771
4385236
4385705
4386176
4386643
4387100
4387569
4388039
4388496
4388952
4389422
4389886
4390358
4390813
4391271
4391741
4392195
4392657
4393132
4393605
4394057
4394518
4394988
4395454
4395918
4396373
4396827
4397293
4397763
4398234
4398694
4399150
4399609
4400055
4400519
4400983
4401438
4401889
4402357
4402817
4403279
4403746
4404214
4404670
4405135
4405604
4406066
4406522
4406996
4407462
4407921
4408377
4408842
4409300
4409770
4410228
4410696
4411162
4411624
4412079
4412540
4412991
4413466
4413931
4414387
4414854
4415315
4415772
4416238
4416686
4417158
4417624
4418089
4418552
4419012
4419485
4419950
4420417
4420868
4421330
4421783
4422255
4422715
4423183
4423648
4424108
4424566
4425034
4425503
4425968
4426422
4426874
4427339
4427804
4428265
4428717
4429180
4429637
4430100
4430555
4431026
4431484
4431947
4432418
4432878
4433328
4433776
4434233
4434692
4435150
4435619
4436079
4436541
4437010
4437469
4437928
4438391
4438860
4439326
4439779
4440240
4440711
4441171
4441619
4442082
4442533
4442995
4443453
4443904
4444368
4444825
4445278
4445740
4446212
4446668
4447139
4447589
4448037
4448492
4448941
4449395
4449858
4450314
4450783
4451256
4451708
4452172
4452645
4453113
4453568
4454020
4454476
4454941
4455398
4455858
4456312
4456762
4457235
4457692
4458154
4458617
4459076
4459540
4460006
4460464
4460930
4461405
4461869
4462328
4462791
4463260
4463723
4464177
4464640
4465103
4465571
4466034
4466498
4466962
4467412
4467870
4468343
4468807
4469264
4469727
4470185
4470649
4471111
4471566
4472025
4472493
4472955
4473422
4473874
4474317
4474785
4475259
4475717
4476189
4476652
4477113
4477580
4478048
4478516
4478991
4479458
4479921
4480388
4480846
4481315
4481774
4482233
4482694
4483157
4483617
4484101
4484563
4485016
4485474
4485932
4486388
4486829
4487287
4487748
4488213
4488687
4489143
4489609
4490076
4490527
4490985
4491435
4491900
4492369
4492833
4493291
4493747
4494219
4494679
4495144
4495611
4496066
4496526
4496980
4497449
4497906
4498382
4498836
4499293
4499745
4500209
4500666
4501125
4501590
4502053
4502512
4502972
4503438
4503887
4504343
4504794
4505262
4505715
4506173
4506629
4507091
4507549
4508002
4508455
4508925
4509382
4509850
4510320
4510788
4511248
4511705
4512151
4512613
4513060
4513523
4513976
4514444
4514900
4515371
4515828
4516289
4516742
4517216
4517675
4518147
4518613
4519078
4519552
4520011
4520463
4520923
4521404
4521858
4522318
4522782
4523251
4523712
4524180
4524645
4525104
4525567
4526044
4526504
4526969
4527427
4527885
4528349
4528813
4529279
4529753
4530207
4530686
4531145
4531610
4532067
4532526
4532988
4533458
4533919
4534400
4534861
4535323
4535788
4536248
4536711
4537172
4537643
4538095
4538553
4539007
4539461
4539925
4540379
4540844
4541302
4541768
4542229
4542692
4543146
4543601
4544066
4544525
4544994
4545453
4545909
4546364
4546826
4547296
4547763
4548223
4548687
4549143
4549612
4550078
4550549
4551008
4551476
4551954
4552408
4552874
4553345
4553800
4554266
4554730
4555199
4555656
4556114
4556574
4557030
4557496
4557964
4558426
4558890
4559359
4559813
4560286
4560751
4561207
4561679
4562140
4562599
4563058
4563518
4563973
4564447
4564915
4565384
4565847
4566310
4566773
4567238
4567702
4568168
4568628
4569101
4569556
4570012
4570473
4570933
4571385
4571840
4572304
4572769
4573223
4573680
4574135
4574604
4575071
4575531
4575999
4576460
4576927
4577385
4577851
4578300
4578762
4579231
4579698
4580156
4580617
4581074
4581534
4581983
4582456
4582901
4583368
4583827
4584290
4584744
4585196
4585660
4586122
4586574
4587030
4587471
4587926
4588388
4588845
4589309
4589774
4590243
4590709
4591164
4591608
4592065
4592518
4592977
4593443
4593916
4594375
4594837
4595303
4595767
4596223
4596677
4597148
4597609
4598059
4598523
4598990
4599454
4599916
4600378
4600834
4601299
4601761
4602221
4602695
4603170
4603632
4604086
4604554
4605010
4605459
4605904
4606376
4606845
4607305
4607768
4608229
4608696
4609157
4609614
4610082
4610558
4611020
4611475
4611933
4612404
4612854
4613319
4613776
4614243
4614697
4615169
4615621
4616087
4616542
4617001
4617457
4617921
4618384
4618856
4619324
4619774
4620235
4620682
4621144
4621605
4622066
4622533
4622987
4623450
4623915
4624373
4624827
4625278
4625734
4626190
4626655
4627107
4627560
4628024
4628483
4628941
4629414
4629861
4630324
4630792
4631253
4631731
4632195
4632662
4633119
4633578
4634040
4634498
4634951
4635417
4635880
4636346
4636806
4637261
4637731
4638190
4638662
4639114
4639578
4640036
4640500
4640961
4641423
4641879
4642334
4642803
4643271
4643729
4644189
4644655
4645118
4645581
4646049
4646514
4646980
4647456
4647918
4648378
4648841
4649302
4649761
4650227
4650693
4651155
4651618
4652087
4652555
4653020
4653480
4653943
4654397
4654863
4655325
4655782
4656228
4656685
4657140
4657598
4658060
4658514
4658974
4659444
4659905
4660364
4660829
4661296
4661763
4662237
4662679
4663140
4663602
4664065
4664533
4664995
4665454
4665915
4666373
4666836
4667295
4667750
4668211
4668684
4669144
4669601
4670069
4670545
4670997
4671472
4671937
4672400
4672861
4673323
4673788
4674250
4674718
4675177
4675635
4676081
4676548
4677008
4677474
4677934
4678408
4678880
4679341
4679806
4680259
4680734
4681195
4681659
4682123
4682588
4683048
4683527
4683990
4684449
4684915
4685375
4685838
4686303
4686765
4687242
4687715
4688177
4688636
4689102
4689570
4690043
4690505
4690959
4691422
4691878
4692335
4692803
4693271
4693713
4694177
4694633
4695097
4695558
4696015
4696486
4696952
4697422
4697896
4698357
4698806
4699265
4699730
4700201
4700662
4701115
4701573
4702039
4702502
4702965
4703425
4703885
4704345
4704804
4705264
4705728
4706184
4706644
4707094
4707567
4708028
4708488
4708953
4709418
4709873
4710337
4710802
4711264
4711727
4712180
4712642
4713101
4713549
