-0.004087792455958946
-0.0017163119830637048
-0.0004801899248078993
0.004672816126901682
-0.00028348248240276904
0.0038437690641063907
-0.002241474603377298
-0.010100603520506592
0.004018587665021667
-0.002135308885998774
-0.0017537016704144049
-0.005119888407975106
-0.006564568003915043
0.00046743547940839513
-0.0021791909013619062
-0.0033397960048008
0.002494743326446961
0.0008653885713296257
0.005867296742425117
0.0032110187207660184
0.0021918119574834438
0.0033450668853281535
0.0011778831029535303
-0.0007601755543745891
-0.0011454803950181095
0.0008926287084825455
0.0010670873662672773
0.0009930858902095043
-0.012089070049393332
-0.003251074184740563
-0.0016571446086181504
-0.003056443166007638
0.0005559760181796745
0.0037155829909761196
0.005285694446531859
0.0038644042926717706
0.00032423628051127164
0.005665638633889549
0.003029429192532581
-0.004269733186228161
-0.0005316554662011237
0.0018081009172731916
0.003840968963742266
-0.0012637657158096902
-0.0024196295505646537
0.005388279731501537
-0.0041716602603377164
0.0019524128963702412
7.188357570076312e-5
-0.0010243355823037997
-0.006042856586930068
0.0005352568375001335
0.003796743791850946
-0.0006953437636611002
0.007569838732542645
0.002937874382845305
-0.0034885128759806266
0.0018025254794798438
-0.001121168498259664
-0.0056535901167597425
0.007081374017756346
0.0016400388184088465
0.0032772167477112075
-0.001445603361191098
-0.006290009276339466
-0.005976490868025549
-0.0004007515370701544
-0.0047735492692144495
-0.00023015195887728795
-0.00771508845786513
-0.0025433611116556392
-0.001953549398887546
-0.008342901598634184
-0.004575638791168143
0.0013674261832312448
-0.005695060789299914
0.0010214469143940605
-0.005805633577707538
0.0035616446322697744
-0.004113513822164093
0.0008605539670821066
-0.0007466000507961015
-0.000141348996134074
-0.006137336637608449
-0.003447750253398595
-0.004407585114274954
-0.004239244773042524
-0.0018456561924743867
0.0028487389446139686
-0.0009282342561714443
0.0005457980489498587
0.0013298748859913384
0.0014139143915701106
0.0033784405439771844
0.0031049694977213797
-0.003992518488556173
0.0008620532493485288
0.0037211932736439
0.0012450284347078888
0.004914300637899688
0.001718591514567666
0.0010261159902893032
-0.00025142555426682666
-0.0003091502769038347
-0.006440831634297672
0.0007859626679344615
-0.005904591956318516
0.0009415578643503209
0.0007806937550903106
-0.0002022551510231067
0.006253454079597945
0.005323885607083364
-0.007989075791355604
-1.260267731872022e-5
0.0029479482285750787
0.0077774662070749755
-0.001270451327352355
0.0038158092021550547
0.0021587407976482184
0.003760548734591994
-0.002185419466368808
0.0009516861853594392
-0.0032047857455727797
-0.0022375494302051555
-0.005796890154727718
0.0009300752185334091
-0.0007831758683930694
0.00036568914300867694
0.005947275365141019
0.012835055620355522
0.0031022692546050215
-0.00645233417039129
-0.0018747151217580087
0.0006944042720234557
0.004961983291050331
-0.009716750933349809
-0.013745070197271354
0.0016285219644748257
-0.002848009031052406
-0.0010417642491357616
0.0009130641684481132
0.0008416315411615351
-0.004317471870718531
-0.004578157071438592
0.00942237607945547
0.003922842371731
-0.0031546411568367082
-0.0012759628590610032
-0.0011921533791109358
-0.006846088754391161
-0.001315941668207879
-0.0051632922224554715
-0.0010860679952666725
0.0006254022010708999
-0.0008771249397553629
-0.0017221299467174585
0.0006779689714873811
-0.008648289171043561
-0.002627977563101954
-5.108550995654203e-5
-0.002748968395235359
-0.0014687717027903298
0.0032016767796276945
0.0009030143248303006
-0.001976268620270923
0.0018840196782260593
-0.005890613783946542
0.0012367738063225173
-0.002495739019574616
0.0029532525673241113
-0.003444138673293025
0.0006124210491025258
-0.0012388841900012816
-0.004121793928102855
0.00033758960633446247
0.0033219720098651684
-0.00394874353750578
0.0024008932790732227
-0.007921373179613557
0.007346206678027382
0.012098478688573455
0.0030875886128905574
-0.00227256787641133
0.00496419767814947
0.0014682189515564362
-0.0024182103073506953
-0.003705008323296839
-0.003707921376293726
0.009673752621233156
0.0034629267287503433
-0.0021152904274249133
-0.0009334872272566052
0.0015092076895909731
-0.0033674170302766685
0.0009114696234890684
-0.0018403701030061412
0.007829212126283461
0.0015477382006746153
0.0019636104084325883
0.001076727868672031
