9689
19475
29172
39051
48941
58952
68977
79047
89217
99434
109603
119881
130066
140361
150554
160883
171194
181489
191787
202131
212480
222812
233131
243528
253909
264394
274830
285206
295642
306048
316503
326939
337402
347823
358347
368749
379142
389539
399942
410407
420843
431314
441707
452077
462558
472998
483486
493960
504392
514859
525319
535802
546306
556762
567226
577617
588095
598579
609049
619505
629976
640449
650941
661316
671811
682198
692661
703116
713533
724058
734480
744840
755264
765712
776130
786558
796933
807327
817784
828215
838593
849031
859486
869897
880336
890695
901107
911527
921928
932337
942776
953204
963634
974052
984462
994909
1005318
1015743
1026209
1036648
1047099
1057491
1067979
1078438
1088855
1099300
1109852
1120280
1130693
1141097
1151542
1161993
1172446
1182889
1193326
1203706
1214137
1224562
1235004
1245435
1255837
1266256
1276708
1287178
1297631
1308060
1318491
1328867
1339313
1349752
1360164
1370626
1381048
1391494
1401962
1412411
1422840
1433258
1443657
1454034
1464457
1474838
1485244
1495687
1506098
1516557
1526998
1537435
1547904
1558358
1568776
1579176
1589588
1599967
1610387
1620794
1631227
1641659
1652074
1662462
1672918
1683438
1693834
1704325
1714738
1725167
1735673
1746064
1756466
1766895
1777345
1787744
1798157
1808603
1819035
1829450
1839842
1850252
1860704
1871159
1881593
1891978
1902406
1912809
1923290
1933646
1944029
1954438
1964812
1975225
1985661
1996062
2006536
2016922
2027304
2037756
2048236
2058710
2069166
2079637
2089950
2100368
2110784
2121178
2131563
2142029
2152427
2162841
2173254
2183653
2194030
2204403
2214779
2225183
2235595
2245979
2256432
2266872
2277344
2287811
2298268
2308691
2319099
2329522
2339966
2350318
2360769
2371196
2381644
2392097
2402498
2412884
2423380
2433779
2444232
2454673
2465119
2475575
2486009
2496443
2506933
2517374
2527812
2538305
2548758
2559157
2569630
2580038
2590410
2600829
2611263
2621700
2632112
2642528
2652969
2663446
2673921
2684348
2694743
2705212
2715643
2726120
2736588
2747057
2757513
2767928
2778325
2788796
2799283
2809785
2820310
2830782
2841203
2851654
2862023
2872421
2882856
2893246
2903621
2914022
2924451
2934821
2945214
2955647
2966098
2976565
2987007
2997435
3007816
3018253
3028728
3039185
3049568
3059940
3070341
3080806
3091339
3101716
3112147
3122625
3133096
3143582
3154010
3164348
3174789
3185238
3195680
3206083
3216536
3226924
3237307
3247777
3258188
3268589
3279084
3289477
3299921
3310319
3320737
3331268
3341795
3352211
3362638
3373012
3383475
3393947
3404467
3414928
3425306
3435789
3446266
3456690
3467154
3477607
3488062
3498477
3508898
3519281
3529727
3540150
3550551
3561047
3571555
3582026
3592473
3602889
3613312
3623740
3634160
3644537
3655011
3665403
3675746
3686223
3696584
3707002
3717404
3727849
3738262
3748719
3759115
3769560
3779955
3790407
3800838
3811177
3821577
3832060
3842531
3852932
3863409
3873825
3884231
3894649
3905054
3915467
3925886
3936287
3946740
3957155
3967651
3978074
3988459
3998921
4009329
4019792
4030163
4040624
4051102
4061577
4071972
4082405
4092818
4103213
4113650
4124137
4134522
4144956
4155380
4165817
4176326
4186835
4197221
4207708
4218140
4228572
4238993
4249405
4259886
4270301
4280734
4291234
4301747
4312204
4322747
4333185
4343661
4354119
4364520
4375043
4385526
4395933
4406343
4416818
4427271
4437744
4448176
4458557
4468974
4479400
4489842
4500259
4510614
4521107
4531534
4541991
4552385
4562813
4573262
4583675
4594129
4604584
4614966
4625401
4635798
4646146
4656551
4666946
4677370
4687858
4698291
4708762
4719130
4729509
4739954
4750424
4760821
4771300
4781721
4792074
4802447
4812888
4823285
4833750
4844222
4854643
4865115
4875578
4886001
4896428
4906879
4917262
4927735
4938193
4948601
4958974
4969427
4979854
4990290
5000718
5011132
5021551
5031968
5042382
5052802
5063295
5073715
5084144
5094511
5104900
5115309
5125733
5136180
5146630
5157021
5167480
5177980
5188451
5198927
5209280
5219684
5230165
5240633
5251088
5261540
5271946
5282359
5292754
5303179
5313617
5324065
5334493
5344881
5355292
5365764
5376226
5386672
5397120
5407571
5417913
5428357
5438826
5449296
5459724
5470128
5480574
5490961
5501346
5511819
5522273
5532724
5543219
5553622
5564096
5574588
5584984
5595433
5605931
5616289
5626726
5637137
5647600
5658077
5668466
5678930
5689373
5699852
5710254
5720699
5731185
5741632
5752031
5762412
5772840
5783271
5793728
5804141
5814580
5825033
5835481
5845870
5856275
5866689
5877132
5887652
5898099
5908533
5919005
5929465
5939906
5950364
5960839
5971297
5981700
5992182
6002589
6012969
6023391
6033831
6044271
6054676
6065062
6075454
6085890
6096316
6106740
6117130
6127533
6137978
6148412
6158843
6169235
6179558
6190038
6200456
6210862
6221266
6231675
6242034
6252432
6262834
6273296
6283720
6294154
6304529
6314942
6325369
6335808
6346253
6356692
6367090
6377503
6387906
6398401
6408822
6419265
6429704
6440129
6450557
6460972
6471386
6481817
6492318
6502786
6513257
6523684
6534142
6544625
6555028
6565490
6575865
6586374
6596785
6607243
6617712
6628148
6638624
6649077
6659495
6669935
6680364
6690786
6701174
6711695
6722131
6732532
6743007
6753458
6763849
6774325
6784711
6795169
6805635
6816039
6826409
6836879
6847286
6857769
6868179
6878645
6889045
6899483
6909878
6920318
6930738
6941200
6951674
6962143
6972599
6983120
6993572
7003958
7014456
7024857
7035257
7045660
7056120
7066531
7076980
7087402
7097839
7108302
7118746
7129243
7139629
7150066
7160554
7170968
7181361
7191793
7202215
7212593
7223039
7233468
7243925
7254353
7264768
7275174
7285613
7295976
7306409
7316918
7327409
7337801
7348223
7358742
7369089
7379530
7389909
7400370
7410816
7421334
7431811
7442228
7452618
7463014
7473442
7483848
7494202
7504640
7515018
7525443
7535823
7546228
7556639
7567087
7577481
7587895
7598456
7608927
7619362
7629798
7640217
7650661
7661082
7671481
7681910
7692314
7702757
7713102
7723608
7734006
7744468
7754854
7765316
7775824
7786249
7796733
7807190
7817613
7828118
7838584
7849020
7859496
7869844
7880366
7890804
7901329
7911785
7922221
7932623
7943033
7953431
7963864
7974353
7984752
7995169
8005595
8016015
8026456
8036946
8047371
8057763
8068221
8078662
8089108
8099460
8109894
8120385
8130844
8141338
8151756
8162198
8172628
8183027
8193433
8203819
8214238
8224650
8235092
8245537
8256033
8266416
8276824
8287322
8297763
8308148
8318547
8329013
8339471
8349863
8360257
8370684
8381161
8391536
8401947
8412388
8422804
8433245
8443641
8454059
8464491
8474910
8485325
8495767
8506196
8516618
8527114
8537493
8547911
8558394
8568791
8579200
8589659
8600107
8610604
8621044
8631511
8641910
8652342
8662794
8673259
8683748
8694185
8704689
8715095
8725495
8735878
8746316
8756736
8767201
8777606
8788074
8798515
8808868
8819323
8829771
8840187
8850580
8861068
8871503
8881867
8892335
8902707
8913203
8923613
8934063
8944515
8955002
8965454
8975863
8986290
8996758
9007210
9017618
9028093
9038479
9048966
9059419
9069818
9080234
9090695
9101137
9111585
9122054
9132485
9142946
9153375
9163766
9174223
9184673
9195121
9205559
9216063
9226500
9236948
9247374
9257844
9268294
9278733
9289194
9299660
9310079
9320560
9331005
9341459
9351781
9362269
9372698
9383153
9393618
9404075
9414517
9424997
9435420
9445823
9456287
9466715
9477093
9487484
9497845
9508254
9518690
9529135
9539553
9550045
9560456
9570890
9581292
9591660
9602040
9612562
9623005
9633445
9643907
9654437
9664887
9675345
9685774
9696202
9706628
9717004
9727421
9737845
9748268
9758705
9769165
9779565
9790022
9800525
9810964
9821405
9831803
9842271
9852649
9863120
9873551
9883929
9894403
9904830
9915264
9925703
9936086
9946566
9956983
9967406
9977808
9988222
9998640
10009116
10019503
10029917
10040312
10050764
10061150
10071555
10081976
10092405
10102880
10113295
10123721
10134087
10144497
10154927
10165420
10175848
10186278
10196715
10207101
10217519
10227930
10238311
10248749
10259172
10269643
10280113
10290562
10300974
10311319
10321790
10332216
10342621
10353078
10363573
10374047
10384491
10394905
10405309
10415756
10426171
10436552
10447024
10457453
10467858
10478302
10488717
10499150
10509614
10520029
10530442
10540907
10551355
10561811
10572281
10582733
10593188
10603613
10613983
10624390
10634945
10645411
10655853
10666240
10676720
10687165
10697566
10708045
10718550
10728953
10739372
10749821
10760253
10770755
10781214
10791662
10802104
10812517
10822977
10833444
10843850
10854280
10864706
10875050
10885550
10895987
10906434
10916828
10927233
10937683
10948144
10958663
10969111
10979443
10989876
11000325
11010790
11021255
11031701
11042194
11052643
11063072
11073518
11083931
11094401
11104792
11115264
11125675
11136044
11146404
11156866
11167311
11177763
11188178
11198629
11209102
11219528
11229991
11240446
11250815
11261148
11271646
11281989
11292421
11302809
11313168
11323589
11334028
11344458
11354834
11365221
11375598
11386034
11396398
11406829
11417258
11427626
11438084
11448457
11458937
11469430
11479826
11490234
11500639
11511036
11521503
11531893
11542328
11552778
11563202
11573600
11584049
11594465
11604911
11615324
11625745
11636197
11646644
11657099
11667508
11677952
11688422
11698864
11709298
11719774
11730179
11740636
11751073
11761489
11771885
11782362
11792813
11803139
11813598
11824089
11834500
11844888
11855305
11865704
11876169
11886599
11897082
11907484
11917907
11928256
11938723
11949133
11959499
11969954
11980391
11990780
12001174
12011676
12022079
12032504
12042996
12053380
12063728
12074157
12084667
12095133
12105555
12115973
12126412
12136837
12147251
12157630
12168018
12178501
12188939
12199357
12209732
12220147
12230534
12240989
12251350
12261774
12272204
12282641
12293049
12303481
12313903
12324348
12334780
12345187
12355599
12366004
12376451
12386881
12397405
12407827
12418214
12428685
12439120
12449484
12459963
12470400
12480860
12491279
12501688
12512130
12522544
12532981
12543361
12553811
12564293
12574762
12585234
12595582
12606062
12616459
12626979
12637419
12647775
12658202
12668649
12679088
12689580
12700053
12710461
12720832
12731253
12741572
12751967
12762356
12772756
12783209
12793695
12804215
12814657
12825102
12835620
12846033
12856555
12867004
12877404
12887872
12898302
12908648
12919023
12929461
12939932
12950346
12960731
12971203
12981621
12992045
13002447
13012901
13023298
13033741
13044224
13054612
13065153
13075530
13085967
13096425
13106845
13117220
13127723
13138098
13148522
13158862
13169259
13179669
13190037
13200483
13210966
13221352
13231732
13242117
13252546
13262970
13273417
13283857
13294283
13304695
13315140
13325565
13335901
13346337
13356793
13367205
13377696
13388163
13398582
13409051
13419527
13429978
13440426
13450897
13461335
13471691
13482060
13492495
13502948
13513456
13523884
13534240
13544677
13555090
13565525
13575963
13586396
13596786
13607207
13617653
13628022
13638506
13648997
13659417
13669786
13680183
13690578
13701045
13711434
13721887
13732298
13742726
13753129
13763476
13773862
13784264
13794753
13805232
13815704
13826137
13836570
13846969
13857412
13867832
13878242
13888700
13899058
13909500
13919888
13930296
13940672
13951063
13961495
13971935
13982367
13992751
14003201
14013636
14024057
14034485
14044906
14055281
14065689
14076088
14086541
14096954
14107357
14117793
14128193
14138614
14149004
14159446
14169893
14180310
14190707
14201079
14211548
14221980
14232446
14242912
14253357
14263805
14274295
14284716
14295097
14305553
14315981
14326409
14336808
14347270
14357712
14368136
14378506
14388956
14399464
14409884
14420378
14430783
14441237
14451627
14462068
14472502
14483030
14493481
14503897
14514278
14524717
14535114
14545530
14555940
14566445
14576938
14587302
14597689
14608189
14618624
14629045
14639452
14649807
14660270
14670735
14681149
14691590
14702047
14712525
14722936
14733360
14743737
14754206
14764678
14775105
14785530
14795922
14806417
14816846
14827304
14837743
14848180
14858578
14868975
14879428
14889856
14900265
14910684
14921180
14931645
14941984
14952370
14962793
14973224
14983639
14994088
15004538
15015017
15025445
15035877
15046288
15056714
15067195
15077581
15088013
15098448
15108877
15119288
15129727
15140128
15150592
15161017
15171415
15181874
15192337
15202794
15213256
15223631
15234036
15244435
15254820
15265265
15275696
15286168
15296633
15307025
15317502
15327917
15338313
15348780
15359231
15369716
15380095
15390536
15400966
15411463
15421879
15432300
15442666
15453191
15463583
15474008
15484518
15494930
15505343
15515820
15526265
15536751
15547140
15557606
15568048
15578498
15588967
15599448
15609892
15620273
15630731
15641166
15651657
15662096
15672500
15682905
15693307
15703716
15714093
15724513
15734986
15745450
15755872
15766239
15776748
15787155
15797545
15807930
15818385
15828794
15839295
15849725
15860168
15870564
15880914
15891295
15901729
15912203
15922655
15932992
15943436
15953914
15964363
15974754
15985149
15995534
16005934
16016419
16026871
16037255
16047672
16058097
16068488
16078931
16089318
16099786
16110215
16120631
16131030
16141451
16151874
16162307
16172715
16183068
16193519
16203941
16214403
16224844
16235253
16245696
16256119
16266594
16277020
16287385
16297884
16308329
16318737
16329152
16339623
16350038
16360513
16370894
16381332
16391786
16402161
16412585
16423004
16433483
16443886
16454333
16464744
16475144
16485502
16496007
16506423
16516843
16527242
16537636
16548059
16558478
16568965
16579403
16589756
16600178
16610587
16620968
16631390
16641838
16652272
16662728
16673137
16683535
16694095
16704519
16714971
16725378
16735781
16746231
16756624
16767075
16777458
16787901
16798347
16808838
16819228
16829652
16840044
16850457
16860863
16871320
16881745
16892204
16902670
16913070
16923492
16933954
16944338
16954754
16965235
16975719
16986164
16996591
17006962
17017410
17027895
17038312
17048724
17059180
17069630
17079987
17090453
17100906
17111245
17121658
17132033
17142493
17152965
17163367
17173780
17184233
17194658
17205118
17215578
17226053
17236491
17246915
17257355
17267760
17278248
17288638
17299029
17309421
17319787
17330238
17340614
17351004
17361416
17371877
17382323
17392812
17403200
17413627
17424045
17434537
17445031
17455498
17465926
17476338
17486842
17497234
17507630
17518019
17528453
17538887
17549271
17559679
17570136
17580557
17590990
17601439
17611906
17622361
17632824
17643290
17653735
17664107
17674481
17684894
17695296
17705748
17716200
17726615
17737044
17747446
17757849
17768303
17778743
17789190
17799507
17809875
17820354
17830732
17841117
17851593
17862064
17872495
17882899
17893314
17903709
17914122
17924539
17935009
17945407
17955780
17966203
17976692
17987162
17997659
18008162
18018642
18029032
18039424
18049778
18060271
18070643
18080986
18091413
18101874
18112288
18122708
18133221
18143602
18154020
18164479
18174955
18185460
18195900
18206305
18216785
18227221
18237703
18248089
18258530
18268957
18279402
18289851
18300285
18310660
18321076
18331502
18341879
18352287
18362724
18373136
18383559
18393987
18404494
18414916
18425327
18435818
18446228
18456692
18467131
18477526
18488012
18498422
18508842
18519327
18529727
18540141
18550587
18561104
18571581
18582024
18592442
18602913
18613319
18623838
18634310
18644761
18655201
18665537
18676000
18686443
18696865
18707342
18717775
18728227
18738717
18749155
18759521
18769923
18780441
18790902
18801351
18811749
18822252
18832660
18843204
18853647
18864087
18874517
18884899
18895322
18905672
18916192
18926618
18937110
18947614
18957988
18968492
18978931
18989388
18999766
19010202
19020635
19031113
19041552
19052074
19062499
19072934
19083407
19093864
19104260
19114735
19125286
19135695
19146145
19156644
19167032
19177437
19187935
19198421
19208864
19219316
19229755
19240235
19250681
19261137
19271476
19281854
19292304
19302676
19313090
19323462
19333882
19344221
19354710
19365144
19375623
19386042
19396442
19406893
19417415
19427817
19438173
19448617
19458982
19469333
19479753
19490185
19500655
19511102
19521515
19531967
19542399
19552853
19563316
19573789
19584214
19594681
19605184
19615585
19626057
19636484
19646911
19657351
19667797
19678147
19688538
19698960
19709418
19719798
19730215
19740728
19751147
19761545
19771972
19782441
19792807
19803298
19813713
19824121
19834579
19845023
19855495
19865905
19876255
19886641
19897078
19907555
19918025
19928458
19938963
19949356
19959769
19970227
19980659
19991076
20001464
20011897
20022321
20032699
20043158
20053498
20063840
20074268
20084672
20095091
20105508
20115952
20126352
20136830
20147273
20157718
20168175
20178615
20189048
20199456
20209930
20220453
20230960
20241354
20251794
20262277
20272653
20283046
20293379
20303890
20314437
20324928
20335375
20345809
20356239
20366602
20377052
20387466
20397883
20408316
20418727
20429175
20439595
20450011
20460498
20471002
20481438
20491870
20502330
20512780
20523186
20533608
20544043
20554500
20564975
20575401
20585804
20596212
20606696
20617082
20627542
20637951
20648392
20658798
20669220
20679660
20690094
20700537
20711034
20721474
20731882
20742307
20752748
20763203
20773575
20783995
20794428
20804870
20815233
20825626
20836126
20846563
20857020
20867514
20877925
20888353
20898742
20909203
20919541
20929916
20940355
20950820
20961194
20971637
20982062
20992504
21002917
21013354
21023856
21034337
21044743
21055217
21065659
21076101
21086517
21096992
21107502
21117888
21128318
21138702
21149243
21159657
21170121
21180510
21190974
21201334
21211727
21222171
21232565
21243009
21253385
21263824
21274184
21284556
21294994
21305463
21315922
21326421
21336849
21347223
21357652
21368115
21378545
21388950
21399379
21409736
21420170
21430629
21441027
21451463
21461904
21472330
21482736
21493220
21503664
21514103
21524559
21535018
21545482
21555985
21566392
21576833
21587242
21597695
21608143
21618580
21628960
21639430
21649875
21660399
21670867
21681324
21691809
21702243
21712671
21723083
21733511
21743919
21754318
21764778
21775240
21785677
21796096
21806533
21817020
21827500
21837947
21848373
21858785
21869243
21879679
21890062
21900535
21911059
21921481
21931899
21942364
21952760
21963154
21973587
21983983
21994403
22004833
22015240
22025701
22036064
22046436
22056901
22067342
22077713
22088145
22098557
22109048
22119510
22130022
22140536
22150960
22161396
22171828
22182216
22192677
22203084
22213529
22223984
22234381
22244898
22255374
22265839
22276244
22286607
22297116
22307535
22317944
22328346
22338755
22349203
22359609
22370094
22380538
22390914
22401321
22411734
22422132
22432548
22442949
22453328
22463763
22474145
22484562
22494979
22505377
22515884
22526293
22536653
22547090
22557544
22567964
22578335
22588753
22599153
22609637
22620083
22630606
22641039
22651490
22661901
22672299
22682727
22693179
22703585
22713928
22724389
22734803
22745254
22755674
22766121
22776564
22787033
22797437
22807827
22818263
22828669
22839089
22849482
22859935
22870414
22880853
22891260
22901729
22912159
22922630
22933057
22943515
22953966
22964406
22974816
22985279
22995731
23006152
23016547
23027004
23037518
23047969
23058409
23068811
23079246
23089705
23100113
23110535
23121042
23131522
23141901
23152329
23162751
23173211
23183725
23194182
23204632
23215076
23225488
23235933
23246354
23256758
23267220
23277629
23288085
23298507
23308908
23319298
23329794
23340275
23350713
23361178
23371606
23381996
23392409
23402839
23413281
23423682
23434177
23444631
23455074
23465414
23475873
23486306
23496739
23507109
23517469
23527869
23538337
23548776
23559244
23569676
23580110
23590511
23601007
23611426
23621845
23632240
23642672
23653150
23663638
23674073
23684546
23694987
23705432
23715801
23726243
23736718
23747161
23757556
23767991
23778381
23788837
23799217
23809617
23820063
23830544
23840984
23851351
23861846
23872188
23882643
23893137
23903541
23913934
23924323
23934731
23945135
23955613
23966041
23976465
23986821
23997243
24007667
24018105
24028523
24038984
24049420
24059850
24070377
24080867
24091352
24101775
24112289
24122724
24133131
24143481
24153891
24164261
24174730
24185159
24195573
24205980
24216382
24226788
24237248
24247665
24258076
24268492
24278893
24289250
24299642
24310101
24320567
24330994
24341430
24351847
24362324
24372741
24383119
24393511
24403902
24414359
24424786
24435188
24445653
24456086
24466539
24477015
24487432
24497842
24508352
24518752
24529226
24539634
24550030
24560472
24570880
24581318
24591762
24602211
24612664
24623142
24633545
24643964
24654312
24664706
24675148
24685603
24696026
24706486
24716939
24727394
24737860
24748319
24758779
24769226
24779655
24790017
24800470
24810891
24821259
24831720
24842111
24852523
24863023
24873410
24883774
24894161
24904613
24915077
24925552
24935976
24946381
24956796
24967197
24977594
24988081
24998503
25008890
25019354
25029783
25040238
25050686
25061104
25071504
25081983
25092451
25102841
25113205
25123682
25134077
25144476
25154902
25165347
25175772
25186194
25196662
25207102
25217458
25227894
25238345
25248810
25259219
25269643
25280070
25290482
25300919
25311324
25321736
25332196
25342630
25353056
25363529
25373948
25384414
25394836
25405226
25415710
25426090
25436504
25446894
25457323
25467713
25478172
25488506
25498894
25509291
25519744
25530119
25540582
25551021
25561512
25571915
25582332
25592774
25603214
25613578
25623993
25634367
25644787
25655213
25665638
25676060
25686506
25696903
25707366
25717779
25728243
25738667
25749165
25759589
25769979
25780371
25790810
25801234
25811692
25822159
25832560
25842987
25853394
25863823
25874256
25884704
25895130
25905519
25915933
25926374
25936838
25947209
25957656
25968013
25978411
25988836
25999270
26009653
26020088
26030444
26040863
26051319
26061723
26072160
26082602
26093001
26103430
26113852
26124298
26134709
26145163
26155588
26166062
26176528
26186914
26197319
26207690
26218115
26228522
26238905
26249286
26259693
26270122
26280580
26290949
26301380
26311808
26322229
26332662
26343026
26353436
26363860
26374315
26384731
26395172
26405601
26416061
26426537
26436973
26447432
26457841
26468304
26478816
26489300
26499732
26510118
26520526
26530960
26541371
26551784
26562214
26572647
26583026
26593521
26603964
26614333
26624743
26635167
26645562
26655982
26666455
26676851
26687244
26697744
26708176
26718579
26729028
26739510
26749933
26760384
26770881
26781311
26791743
26802135
26812615
26823029
26833429
26843838
26854314
26864764
26875124
26885529
26895939
26906393
26916831
26927218
26937694
26948157
26958567
26969017
26979403
26989813
27000223
27010643
27021088
27031509
27041942
27052413
27062830
27073293
27083706
27094161
27104546
27114958
27125384
27135822
27146224
27156650
27167100
27177522
27188059
27198516
27209015
27219441
27229829
27240262
27250671
27261109
27271574
27282012
27292487
27302899
27313228
27323657
27334134
27344518
27354975
27365409
27375832
27386228
27396681
27407120
27417557
27428004
27438385
27448810
27459248
27469711
27480162
27490586
27500998
27511480
27521846
27532311
27542732
27553180
27563652
27574091
27584509
27594868
27605278
27615689
27626091
27636488
27646900
27657277
27667776
27678197
27688688
27699136
27709543
27719981
27730413
27740908
27751384
27761931
27772390
27782866
27793346
27803776
27814226
27824743
27835197
27845648
27856126
27866561
27876978
27887406
27897795
27908242
27918566
27928948
27939340
27949846
27960275
27970692
27981117
27991513
28001985
28012400
28022832
28033289
28043755
28054203
28064651
28074968
28085401
28095831
28106298
28116771
28127222
28137692
28148121
28158481
28168897
28179286
28189743
28200246
28210633
28221036
28231490
28241909
28252274
28262682
28273064
28283482
28293976
28304406
28314775
28325269
28335674
28346108
28356589
28367000
28377378
28387770
28398221
28408629
28419145
28429636
28440052
28450541
28461030
28471444
28481808
28492245
28502684
28513074
28523448
28533881
28544336
28554766
28565188
28575643
28586061
28596467
28606901
28617336
28627829
28638270
28648711
28659144
28669650
28680123
28690557
28701000
28711456
28721959
28732386
28742877
28753276
28763763
28774200
28784634
28795018
28805499
28815954
28826339
28836772
28847180
28857585
28867998
28878447
28888883
28899331
28909789
28920254
28930675
28941077
28951440
28961879
28972329
28982799
28993236
29003708
29014146
29024527
29034990
29045485
29055960
29066394
29076803
29087185
29097579
29107984
29118376
29128798
29139257
29149629
29160084
29170465
29180865
29191307
29201732
29212144
29222538
29232974
29243423
29253940
29264403
29274859
29285334
29295713
29306022
29316475
29326957
29337377
29347809
29358240
29368667
29379064
29389401
29399844
29410228
29420639
29431103
29441508
29451942
29462316
29472735
29483113
29493505
29503898
29514334
29524783
29535197
29545586
29556047
29566400
29576772
29587267
29597602
29608071
29618560
29629015
29639402
29649847
29660293
29670736
29681058
29691476
29701830
29712216
29722623
29733076
29743566
29754007
29764395
29774868
29785337
29795815
29806218
29816641
29827080
29837540
29847959
29858375
29868855
29879225
29889642
29900084
29910497
29920932
29931332
29941819
29952270
29962686
29973115
29983546
29993957
30004368
30014849
30025320
30035767
30046233
30056683
30067088
30077570
30087973
30098468
30108966
30119400
30129791
30140272
30150734
30161142
30171538
30181981
30192450
30202916
30213331
30223681
30234109
30244500
30254977
30265429
30275844
30286310
30296776
30307213
30317629
30328069
30338486
30348844
30359347
30369803
30380202
30390599
30401094
30411527
30421881
30432327
30442720
30453119
30463541
30473954
30484349
30494768
30505187
30515614
30526020
30536477
30546931
30557350
30567793
30578254
30588652
30599107
30609511
30619950
30630350
30640848
30651308
30661669
30672057
30682574
30692958
30703392
30713825
30724264
30734609
30745053
30755472
30765864
30776350
30786761
30797248
30807690
30818146
30828563
30838988
30849363
30859741
30870115
30880565
30890995
30901349
30911775
30922156
30932569
30943005
30953455
30963897
30974256
30984715
30995109
31005529
31016006
31026398
31036885
31047336
31057720
31068130
31078530
31088926
31099326
31109812
31120320
31130689
31141132
31151578
31162035
31172414
31182839
31193278
31203714
31214154
31224582
31235057
31245484
31255899
31266288
31276727
31287164
31297572
31308031
31318476
31328967
31339410
31349872
31360337
31370780
31381162
31391593
31402072
31412537
31422937
31433412
31443801
31454191
31464633
31475108
31485566
31496005
31506479
31516912
31527324
31537668
31548067
31558514
31569010
31579465
31589920
31600322
31610725
31621081
31631569
31642019
31652437
31662830
31673255
31683661
31694093
31704477
31714978
31725333
31735828
31746239
31756712
31767169
31777601
31788056
31798448
31808966
31819379
31829804
31840214
31850652
31861013
31871441
31881824
31892253
31902700
31913173
31923643
31934097
31944499
31954926
31965317
31975764
31986213
31996634
32007104
32017506
32027995
32038429
32048847
32059253
32069682
32080141
32090523
32100992
32111425
32121823
32132236
32142637
32153122
32163577
32174003
32184424
32194828
32205250
32215670
32226086
32236542
32246973
32257446
32267893
32278329
32288802
32299227
32309612
32320086
32330464
32340843
32351264
32361765
32372256
32382631
32393067
32403485
32413894
32424323
32434772
32445241
32455659
32466062
32476547
32486929
32497340
32507803
32518272
32528726
32539211
32549645
32560032
32570518
32580936
32591299
32601706
32612108
32622464
32632791
32643245
32653657
32664098
32674563
32684963
32695402
32705833
32716242
32726673
32737111
32747592
32758022
32768492
32778996
32789414
32799818
32810262
32820696
32831097
32841544
32851970
32862483
32872950
32883352
32893799
32904276
32914715
32925125
32935563
32945967
32956356
32966823
32977220
32987653
32998103
33008508
33018952
33029409
33039873
33050373
33060726
33071143
33081577
33092004
33102448
33112943
33123354
33133832
33144249
33154723
33165138
33175569
33185987
33196406
33206892
33217258
33227638
33238097
33248478
33258856
33269257
33279695
33290036
33300511
33311016
33321434
33331910
33342376
33352830
33363167
33373591
33383982
33394437
33404878
33415298
33425727
33436145
33446568
33457011
33467476
33477962
33488422
33498834
33509279
33519723
33530180
33540630
33551069
33561490
33571940
33582391
33592734
33603163
33613584
33623993
33634345
33644762
33655199
33665597
33676036
33686539
33696982
33707441
33717846
33728252
33738686
33749096
33759508
33769953
33780393
33790758
33801164
33811541
33821940
33832393
33842883
33853298
33863728
33874193
33884553
33894945
