0.5437201415025124
0.5275949579333885
0.529635097198965
0.5415847091984985
0.5448884894991443
0.532890793899229
0.5489016392493145
0.5534413715285282
0.5706989127564588
0.5683367189315286
0.5626814443879524
0.5451803496210053
0.5600754911292443
0.539753204554829
0.5424066147505829
0.5486344595433709
0.5420532920201265
0.5259243700421967
0.5320463765780076
0.5471969735780551
0.5246268311223343
0.5407882150798925
0.553613702634387
0.5525708844961879
0.531579168788705
0.5471559060097854
0.5445585555319917
0.5375682931405004
0.5306807413794026
0.5179666587634326
0.539003022752728
0.5444246894498678
0.560865615574921
0.5272708696393165
0.5535947794867492
0.5495008632477109
0.5420298357852947
0.5444208580400317
0.5336119264562547
0.544737055094984
0.5453517835773549
0.5362037945314173
0.55368845466164
0.5573347507434838
0.5653711577834342
0.5653012629632773
0.5835158698117836
0.577632414340716
0.557126927124028
0.5446404878561889
0.5506840226468857
0.5492853644729833
0.5504360472321363
0.5454713863506463
0.5655232146899305
0.5509549187619974
0.5461281258977445
0.5507681578625953
0.5420522226903706
0.5416382298389394
0.5588230542028185
0.5522226992970951
0.5374687407719877
0.5235289892482451
0.5373379071287228
0.5430013066212689
0.5383164294951738
0.5483758611216534
0.5585940349437537
0.5457551681272386
0.5446152557480703
0.5335399729857522
0.5535068103876981
0.5560271371084885
0.5692876020186107
0.5613558889443108
0.5769617862645084
0.5614552947088882
0.5716035520222592
0.5640972466672899
0.5489668424420375
0.558328476989775
0.5503321148164334
0.5778125397757468
0.5504767207272572
0.5623431202786932
0.5640797416328652
0.5685035291101719
0.5402930742924765
0.5236237068661878
0.5296979377341858
0.5325651211309411
0.5418094350898827
0.5457196625571827
0.5451588131251945
0.5473292299625276
0.5757073638594153
0.5410092877460503
0.5445873535737515
0.5490895582991193
0.5296958305389884
0.5243914223970584
0.5457858522481179
0.5421619943051144
0.5340620750887325
0.5353882738574786
0.5481035948794474
0.5313408401796174
0.5421742752076554
0.5354220916218153
0.5542769276680249
0.5467662966521512
0.5218579131131722
0.5425144357758449
0.54636294803131
0.5397205010741273
0.5245419541713039
0.5508061234306469
0.5665760481415958
0.5613857427465146
0.5624163143452179
0.5575458569128359
0.5540733990494056
0.5557112664192971
0.5400045441432125
0.5613294778877093
0.5500501215693439
0.5569130897134893
0.5378050201020256
0.5391859745358104
0.5278412449793088
0.5188592198478587
0.5408459611742834
0.5579439719562389
0.5405795969601023
0.5456205265310881
0.5442498298462604
0.5324501195238573
0.5264899094531698
0.5327530657431949
0.5383228592296881
0.5443263430967057
0.5540205606551684
0.5733594063804435
0.5702910090884662
0.5692555268556431
0.5637453418304517
0.5546774143924895
0.5487181236524635
0.5386708696404261
0.5526739540489967
0.5616457335452523
0.5521641199668781
0.5475568371058415
0.554301998276684
0.5598802403848191
0.5447761445087846
0.5384448067731291
0.5462877955044259
0.5534068657609645
0.546013477635591
0.5255301754350191
0.5228573395451785
0.5473299591493529
0.5480336305427775
0.5478233642841491
0.5554749803481065
0.5656064373957129
0.5627326337946525
0.5625857804694978
0.5652858585288856
0.5561266966821536
0.5532714909242252
0.5419470266700911
0.5485871424897281
0.5212852622493577
0.5277086241316036
0.5348116823781134
0.5272333402717614
0.5494568027091588
0.5551111514551069
0.5386906685407948
0.5397709824546534
0.5358212268182858
0.5560049051142923
0.5438735054194715
0.5458931440797566
0.541619007512632
0.5355554496005472
0.5375796844597188
0.5526054852270101
0.534585411736185
0.5527844016254443
0.5459736263670081
0.5525324189572174
0.5432380556082052
0.5674352650412351
0.5523566179279751
0.5376086127525138
0.5551862566443811
0.5695163537531538
0.5584063921543401
0.5546008838847334
0.5678269262673733
0.5725953474294531
0.5612437026047843
0.5493292942968678
0.5474883352970521
0.5447580288632067
0.5517442425957513
0.5511763349889457
0.5604589156021744
0.5604861722389658
0.5510171944619289
0.5409647326737018
0.5584092332290994
0.5504822490912239
0.5685378625037155
0.5628161634397395
0.5551580481323665
0.5588479972600666
0.5568459257552378
0.5398037477367179
0.5603896169780888
0.5368372976168239
0.5483640250388511
0.5639096774086245
0.5590567429612602
0.5515196920249131
0.5516830591841534
0.5625967151022541
0.5472310184475079
0.5629021215011305
0.5561986391140287
0.5556224501975914
0.5673803808266613
0.5443966079660015
0.5470915719645456
0.540538133199042
0.5357539266589063
0.5547247002953511
0.5550825052343429
0.5364257332600606
0.5564737619017454
0.5611912964135982
0.5264507365018293
0.5405026847174098
0.5569978986294235
0.577233181461395
0.5496415414519223
0.5758716002853475
0.5520596714731579
0.5398658795672542
0.5314252574196725
0.5382813827742577
0.550657131054987
0.5387629169360498
0.561294280579418
0.5520058197190384
0.5514654718382547
0.5510631844142608
0.574053338886784
0.5659048839964927
0.5650723554038319
0.5477901261112904
0.547500794145201
0.5520478481048535
0.549450042162633
0.5364997501726474
0.5615255533768557
0.5433421090176935
0.5390184494558307
0.5690372147090346
0.5490103711051038
0.5710537621513724
0.5488244542611437
0.5563566296554031
0.5842861459331917
0.5724610224503045
0.5712353136564908
0.5508092413821876
0.5435111791270418
0.5500674232028047
0.5327312832805264
0.5530148938020364
0.5573410219810156
0.5501861254463131
0.5487529909811792
0.5466596932335399
0.5469950390849991
0.5512136406095799
0.5401366900601
0.5602856430087102
0.5501509722083895
0.5606333504480997
0.5599240014461893
0.5461488377914384
0.5496845942593849
0.5765906794370627
0.5550310150603408
0.565913524801751
0.5622949955358111
0.5319992013964505
0.5640831675679144
0.5596224282107938
0.5540538319044227
0.5528868025474346
0.544011101013983
0.5449790509831627
0.5511121048788071
0.5493308203282635
0.5552635680230759
0.5525935685147535
0.5573621142721952
0.5424491403846787
0.5436787519948791
0.5422412292452706
0.5163800634844123
0.5296813524413971
0.5460940388289738
0.5364979399809245
0.5546551900325103
0.564785480881943
0.5483496270501643
0.5388739375032304
0.5312064314919204
0.5529948572413895
0.5594133913833652
0.5602519893900199
0.5608736504507857
0.5579645036403682
0.5486305653146424
0.5511854677552472
0.5495794103609737
0.5491079049079103
0.5367968970512594
0.5650806132633953
0.5615529958424712
0.5571744232236047
0.5494830214396422
0.5691154595302933
0.5566207977348839
0.5621100596189939
0.5473859222069298
0.5573932769290337
0.5578394991348399
0.5552026472535777
0.5606893767693429
0.5748537920950372
0.5419756696689307
0.5731675023267493
0.5765182359955935
0.5654680682127345
0.5676056224352974
0.5670338765432607
0.5440373772804603
0.5568168223896498
0.5439647096513819
0.5460336180129058
0.5442698357929326
0.5354256902764803
0.536901735009275
0.5363401021990295
0.537383950020149
0.5488495280890532
0.5491700222516821
0.5538382531106706
0.5534587200641314
0.5440552946336118
0.5436135084327718
0.5498276718980019
0.5414065447124302
0.5496788353725028
0.5436206569276955
0.5233060284128075
0.5203801357854544
0.5543658739152296
0.5503396717609295
0.537613165989983
0.5338144337965393
0.5632005748680173
0.5703910158821285
0.566501596163343
0.574629708471348
0.5474241600024532
0.5411376915987979
0.5467504931331236
0.5756312098796016
0.5565572418860661
0.5285308787627466
0.5375048984387766
0.542116081231061
0.5314757550653887
0.5491856627088572
0.5520296412516158
0.5429843326248435
0.5459903676615406
0.5424265803690594
0.5555153389528933
0.5715118277853837
0.5645356893448751
0.5523741156809315
0.5464214250599201
0.5723929105052687
0.539524768311232
0.5352773741149126
0.5347753988539764
0.5424749297607431
0.537923448406525
0.5258071006558903
0.5220741881803025
0.5667426657782562
0.5574025715583724
0.5576925560993063
0.5734784772524074
0.5556879022523015
0.551183801656794
0.5709499516716339
0.5614320506301954
0.5548270392507818
0.5586869432898575
0.5348702207510937
0.5316491397407664
0.544189646101451
0.554670524127701
0.535072232096529
0.5425113528520852
0.5371283701536788
0.5342014498883548
0.5381475089106968
0.5450560835685692
0.5545916615729067
0.5446570549273096
0.5289291272940267
0.5554971810746675
0.5497533702061661
0.5634691603371245
0.5699750691302496
0.5507007972918766
0.5501260070347228
0.5535337175678967
0.5561880004550773
0.5614174152194821
0.5403874121751886
0.5592934531862362
0.5417756827337824
0.5416459541668902
0.5543384396543592
0.560142989698162
0.5439997045696859
0.5597417475154056
0.5395334490004666
0.5479699422228972
0.5365263270862334
0.5482904528346018
0.5435277249438674
0.5537955636710781
0.5598566931412494
0.5642344281249935
0.5509005487547909
0.5368152408562674
0.5389429101761731
0.5334012491153023
0.5390283965309087
0.5552480193819102
0.5457680182694619
0.5453828018088759
0.5487992059216569
0.5381434111944903
0.5530860424644636
0.5483758439528064
0.5442486668137791
0.5455602961997136
0.529946280100839
0.5416413435290973
0.5447657092302197
0.5395013090268899
0.5550292273980891
0.5327944972030159
0.5530022226910505
0.5634240881489831
0.542320674258477
0.5508013599019657
0.5474809609537489
0.5403928782140779
0.5457682823125464
0.5429126776742794
0.5427645497339814
0.5489476142534134
0.5516388221696832
0.5426298469326206
0.5698098151409594
0.564588894482624
0.544255959390408
0.5688219978675364
0.5512739528772426
0.5569185708430927
0.5584303664201778
0.5722915779933677
0.5568953903401902
0.5331318958595053
0.5376012458538327
0.5411696597620771
0.5476871726067695
0.5399581485800962
0.5381846147275616
0.5391181570404737
0.5660674432610864
0.5573485448648675
0.5543939506737408
0.556784090114802
0.559131610630878
0.5598357629985283
0.5503902005333731
0.5678239587438685
0.5649638897225211
0.5414605224933955
0.5572606111096327
0.5705431681943818
0.5516570672316962
0.5320997087769209
0.5496286664261495
0.5733089377888405
0.5534827041159496
0.5645079963868922
0.5629772528309649
0.562980172189634
0.5712454357687733
0.540976441754072
0.5374038100827969
0.5531538330707503
0.5424296853474138
0.5339307102502384
0.5297472668964756
0.546745492322316
0.5302837528236986
0.5439846655484705
0.539417846255266
0.54735343389024
0.5469026739458765
0.551907219335142
0.5604388384141311
0.5533794131486092
0.5477256450724691
0.5659454607154831
0.5602264295012965
0.5468903090524775
0.5414189276474584
0.5291837283646463
0.536267310864995
0.5470912106334589
0.5387959463640504
0.5473673136026882
0.538996962832683
0.5270216711715145
0.5217312553528122
0.5482031762644984
0.525855403684773
0.5411113903909553
0.5531706929800863
0.5619481750722884
0.5562443473958925
0.5642665276566388
0.5652982431215617
0.5538243321279422
0.550283089326291
0.560568166291885
0.5549914689067822
0.5526656059982067
0.561173639778933
0.5498654381123651
0.5759413144765106
0.5590782600054671
0.5576185707298394
0.5693242886410501
0.562744022777706
0.5551356435980717
0.53270481884761
0.5497171284144248
0.529136034605901
0.5497170617428938
0.534440514574891
0.5465395952115528
0.5634809166362351
0.55151845688306
0.5552853996124238
0.5538099189523116
0.5563078616638986
0.5479262234878589
0.553689398464987
0.547636772159622
0.5381775554970707
0.5454304903569136
0.5595710287850131
0.5727984386819446
0.5460064473647019
0.5536045093635278
0.5453560463102523
0.5323904911606333
0.5472266854768146
0.5451192697207553
0.5623441586837343
0.547251810706156
0.5499400834966728
0.5479661409343427
0.5418322848449042
0.5424056914172619
0.5466300964343729
0.5550873023472392
0.5594397034601185
0.561410655504075
0.5662057891992474
0.5558760205210558
0.5782278787776158
0.5441897928003551
0.5774766227818724
0.5568001911273869
0.5695556324645552
0.5644556813441245
0.5356642802910114
0.5346895891537623
0.5308098647795799
0.5359116424354979
0.5434616388922651
0.5423779429155213
0.5443665590603527
0.5586502302252409
0.5596265353787622
0.548058661327744
0.5531846210985937
0.5360254433897244
0.5537244590735204
0.5518801335329919
0.5574758758057701
0.568997951321002
0.5667235626611801
0.5567596270866144
0.554355888892459
0.5576759967004561
0.5740920391126594
0.5511795525664617
0.5619592662241877
0.5623439608813189
0.5655965227381688
0.5704530786829264
0.5487133465099925
0.5339803895809723
0.5312584903437633
0.5444042357676792
0.557293740337149
0.5518609507185658
0.568019508168921
0.5563240466790385
0.540976232147252
0.5689223865367911
0.5403529454321016
0.5485255287320729
0.5620635463798529
0.5476316172379023
0.5537159757964163
0.565659473796087
0.559660201851787
0.5553916932081604
0.5476418206241028
0.545601943819073
0.5344728316412074
0.5478075159086379
0.5380633482687861
0.5361711607658556
0.5376351854239454
0.5271558171040701
0.5356250412802789
0.5421608315230877
0.5389023330307396
0.5447813289761296
0.5476698263232981
0.5641645134973764
0.5507591567043492
0.5492843875898744
0.5400521060158435
0.5674297858632461
0.5777200998670547
0.54787002192269
0.5435207958052222
0.554191007898709
0.5532091790106717
0.5538397282443154
0.5373603628927788
0.5423040877915433
0.54651138054945
0.5404736151715135
0.5457207587929158
0.546177795861294
0.5529505246308486
0.5621024525545337
0.5441543237349544
0.5545493286371932
0.5722859544203049
0.5381948152926496
0.5615773621719702
0.5626265583661474
0.5725961407963902
0.5526723033086985
0.5559491829360558
0.5480652255120079
0.5593555219407155
0.5667635441568286
0.5638764931035475
0.5627467523278602
0.5608940810168491
0.5504142447799892
0.5602911121790378
0.5354598615194951
0.5390668120328784
0.5599532957412433
0.5412703727454135
0.5455786488725564
0.5409940706572745
0.5293865377921378
0.5565698791478478
0.5708982538931492
0.5540993617662415
0.55301853040722
0.559249921097713
0.5428291059992697
0.5509642939277388
0.5296638538317809
0.5288624576686193
0.5438904570687916
0.5578884962758157
0.5485833573912603
0.5308846475249694
0.5458306238181149
0.54611197041378
0.5467085954350304
0.5444157440751644
0.532583805848428
0.5486506251292794
0.543495019212048
0.5459179565424351
0.5285959326658256
0.5606042502540357
0.569708751443295
0.5444932557990242
0.5345614395144352
0.5408886272934738
0.5103771893726059
0.5430878800736407
0.5280586954709013
0.54146461221087
0.5560716921373136
0.5380491469715112
0.5320431615994685
0.5487456595268138
0.5411924953295184
0.5358382178558558
0.5571363285360764
0.5532995410892821
0.5393276742847642
0.5584124512010142
0.5478320372666751
0.5596673241569395
0.5436959381069962
0.5622593317425383
0.5726803914147476
0.5792272975059504
0.5813011542935298
0.5571499794997541
0.554969753840185
0.5435981209185355
0.53949046462135
0.5541498446640762
0.5647661360360288
0.5473776878926708
0.5510704428646953
0.5420198320678526
0.5344616713818209
0.5336714100466708
0.534648648431453
0.5403028456191233
0.5493025233204406
0.5521469298956454
0.548234214712701
0.5623527611367425
0.5440693838576562
0.5465258380282869
0.533600071792297
0.5432621212659797
0.5418418433096678
0.5417334937385769
0.52691118223692
0.5424370846698516
0.562946565268234
0.5519958877685393
0.5452392264568571
0.536086188626923
0.5383702571391249
0.5680400255802162
0.5419330778848783
0.5416514929613814
0.5214588975231398
0.55012283511373
0.5539873432839145
0.544318319699159
0.5582794348132261
0.5462852116073768
0.5497866010543964
0.5562985609442035
0.5492798797637982
0.5597634863428264
0.5706797529056575
0.5576101840504484
0.5430103253260016
0.5590904868728167
0.5567735863295717
0.546858912874071
0.5477035797391866
0.5346993684043095
0.5488014989563498
0.5369565049324923
0.5381890599315113
0.5475449029380941
0.5625837979857995
0.552163134625514
0.55945651268129
0.5201411275399137
0.5463160175315562
0.5594980154528246
0.5432210096461901
0.5427762246034294
0.56165589094836
0.5606703044429754
0.5451728251358288
0.5375692396700185
0.5448390688069344
0.5538039511422821
0.5440849129528733
0.5438387160454115
0.5405310278407336
0.546670481918004
0.5641225296820683
0.556863434612229
0.5560214112709551
0.5644740114564871
0.5582946269885969
0.5616222262638981
0.5644092518740964
0.5479786996545422
0.5400736820292228
0.5594422949443149
0.5741924271184325
0.5636243421617159
0.5489238855001015
0.5618964009686289
0.5434739977891618
0.545992105191021
0.5503872852309603
0.545226057060075
0.5502771223661622
0.5532623571879505
0.5541747083056323
0.5534659432532828
0.550793722839815
0.5579817109561943
0.5579453232883078
0.5609356348052941
0.5648511937160096
0.5502552159314403
0.5582081172742824
0.5630922931638273
0.545589852760881
0.548159094470043
0.5740166377075406
0.5493959786875328
0.5555941795376943
0.5665701110231138
0.5511120907525772
0.5536297939616346
0.5614178539490745
0.5581303986090866
0.5509492137491931
0.5343298132424362
0.5326121728758416
0.5589731578011491
0.5512816374405514
0.560112058619378
0.55580332948183
0.54382945598163
0.5536997843526684
0.546343322311739
0.5341340948505833
0.5375144829962196
0.5461944419658096
0.5371513134662266
0.5358044371860673
0.5608344789230784
0.5569841063487566
0.5400306011550907
0.5501714066564176
0.5576084144026086
0.5471831641882083
0.5511175749391748
0.5303719649137563
0.54218354698096
0.5481668586917415
0.547696342871212
0.5400960809775712
0.5316499614837991
0.5358625564518894
0.5417849054601805
0.5502509334511728
0.5577040698268246
0.5496801541401872
0.5360576825794596
0.5332943740751249
0.5557159152115114
0.5711277743251941
0.549920247624494
0.5481696075770519
0.5471962296887096
0.541662201646618
0.5365418634751834
0.5440579754192747
0.5528505372110637
0.54608779804163
0.54345202262767
0.5346459018848243
0.538427078014656
0.5242868038308542
0.5162475976902459
0.5462584967289436
0.5357283055273948
0.5272959628704144
0.5522336538356899
0.5396041243011676
0.5409766559944579
0.5418322826783256
0.5639037458801602
0.5308321362742295
0.5329604035669405
0.5529286252907626
0.5467442908095269
0.5530416206663392
0.5428697658682037
0.5497419542384554
0.5805769748326508
0.5524650985851909
0.5509545384788757
0.5510227854326992
0.5615819255008231
0.5670974742414222
0.5674627467707516
0.5457165504185028
0.5363120608887709
0.5227025532056006
0.5259175067752097
0.5366367846990915
0.5484290882486329
0.5672955955256909
0.5435823956136334
0.5507427470914859
0.5620211596798859
0.5580981700380736
0.5594576184462267
0.546153797372537
0.551781078880899
0.557811016926633
0.5692616908898153
0.560138330500159
0.5696179516789861
0.5660218395387895
0.5700543328894061
0.5561564924588843
0.550397523462533
0.5538121330525256
0.5528197324260089
0.5585169079435035
0.5529430956707804
0.5516443534084344
0.5389964157759435
0.5348733903639399
0.5494932177890935
0.5219589813399008
0.5299584925855703
0.5232054907710031
0.531518606150481
0.5542537696870722
0.5786112365108589
0.5768429404005366
0.5702652990185431
0.5584478509442617
0.540423591269943
0.5382965165770599
0.5531482262836586
0.5409522226954643
0.5378882857702464
0.5338745625579951
0.5384588676886124
0.5411372239595241
0.5657076711939598
0.5478706923572659
0.555228028405511
0.55521826016453
0.5568227444361248
0.558146791620842
0.5416928095919695
0.5381219707678476
0.5570554014017794
0.5414405994794351
0.558127060654037
0.5407107249385417
0.5709386390791871
0.5489727337935928
0.5532606498565897
0.5487608502333767
0.5527566728488974
0.5527943178685191
0.5344647359657392
0.5369518923568583
0.5581266043938936
0.5332409095678586
0.5571438677860459
0.5452463359434244
0.5416919738901455
0.5274030279971882
0.5444588714676896
0.5483211181701252
0.5589544181839864
0.5440267156537405
0.5470525926178965
0.5562809415212276
0.5505074105518716
0.5346918853609086
0.5232602381687568
0.5365793760776596
0.5469528452139836
0.5402759052371856
0.5657298213431743
0.553070595204184
0.5705386061711534
0.5263703669990614
0.5451218771910517
0.5662881708447585
0.5573903474478219
0.5392097235111925
0.5395379068925771
0.5570232766331432
0.5550473305011246
0.5545591672881954
0.5464489784485174
0.5464353603496231
0.5413831172364543
0.5542783030131776
0.5461153740482886
0.526239388485414
0.5409622754237619
0.5176609517231077
0.5259250040806084
0.5423218316685315
0.5323662016214223
0.5454633315100277
0.530451204880872
0.5557416432103967
0.5602301152634579
0.5688782983316097
0.5700682351718556
0.5723396381328237
0.5596645030201918
0.5639269808005143
0.5518288156297066
0.5280693133901011
0.5495462163939766
0.5493046510307359
0.5343467432852913
0.5298426525578741
0.5424530502665049
0.5520816419742972
0.5284983495852431
0.5457145595312827
0.544054185144329
0.535895701700823
0.5504956549967971
0.5474442948398338
0.5609183223995012
0.5589538721174552
0.5383446042374733
0.553354266496217
0.547983794652431
0.5372182598767697
0.539929923564281
0.5610250923077037
0.5695124712265992
0.5700123438141658
0.5438400613130744
0.544885187073444
0.5493627853785628
0.5525725735579367
0.5501433293438437
0.5694367735479606
0.5338675006240421
0.567271876856215
0.5417038503095273
0.5372872474973988
0.5394629885913746
0.5537164445881089
0.5635830840940346
0.581251562875587
0.5735829118739704
0.5711305681274101
0.5726131266406165
0.5634003753084397
0.5355113737797756
0.5447646052371581
0.5315483340416888
0.5501439892424778
0.5477494986359387
0.5654431330867781
0.5565820572624204
0.5485174420164508
0.5389525024178962
0.5411563377109863
0.5653932366974734
0.5571088349857044
0.5346838938185106
0.5525355725608779
0.5638569308715389
0.5370672696530973
0.5400200709344739
0.552042065636744
0.5638268449769711
0.5636949010651164
0.5699241075130317
0.5404241503179561
0.536875123499161
0.5354381762383494
0.5486155267304992
0.5475624805352103
0.5500278710895141
0.5529374074586545
0.5426075769642763
0.5358613437136701
0.539876854272629
0.5549082901181267
0.5592391943002213
0.5390328954566275
0.5515237371856753
0.5345699939018249
0.5390804578124372
0.5411289302146705
0.5555439649489344
0.5286588475675333
0.5390262120480496
0.5362191642725582
0.5542283275625887
0.548194935526963
0.5309709636447058
0.5439230217024799
0.5302604278962431
0.5418521921568134
0.5453789359012743
0.535686690441935
0.5360753837862533
0.5425905981026247
0.5513116759839174
0.5493324708332152
0.5616340922906203
0.56001239736138
0.5553419594616926
0.5627689840423626
0.5529171322821627
0.5420581851024596
0.5299473722386931
0.5567944327290538
0.5409392197334969
0.5515930739217813
0.5437518466235061
0.5545593283016502
0.5717410960057283
0.5589217968574609
0.5401737751358276
0.5444555006336355
0.5546432840460773
0.5376951618619179
0.5274710544069842
0.552064909288782
0.5357943051234875
0.5314207929498298
0.532670377007698
0.544450721110431
0.5519589134740608
0.5483151955227853
0.5508495829610708
0.5576700011063934
0.5665875857019437
0.5480914965798074
0.5468375038481956
0.5435549293617039
0.5438125097485957
0.5348984092107734
0.547422924730811
0.5498380530099521
0.5842054849267289
0.566917434831047
0.554904629128209
0.5408834632676134
0.5735104704154935
0.566879942976608
0.5535810080905513
0.557770659566521
0.5450882885640209
0.5473648222676881
0.5424809180899675
0.5574085679653396
0.543770880474723
0.5434122079548667
0.5564765702200719
0.5363442958777086
0.5396744694390082
0.5440817160507642
0.5589619903561569
0.5637871238803742
0.5523382723958209
0.5501183473592048
0.5366025299678935
0.5518542241790043
0.552912699265877
0.568361587914757
0.5499394672797738
0.5369835410303719
0.5341700437192015
0.5634196962321609
0.5513431630311169
0.5555969318214468
0.5591998525561619
0.5349672018600649
0.5611645534600096
0.5521979371180923
0.5645841850823038
0.5434520099879669
0.5536842092040619
0.5351750369829802
0.5364968535851619
0.5284166025512181
0.5395371652044689
0.5458473244531167
0.5455863906778906
0.5353559648847478
0.5245804874614508
0.5202928708033078
0.531153110192176
0.5299397711744631
0.5325675151413618
0.5505391421400779
0.5564346467987383
0.5438158879240608
0.561472904203902
0.5675524817791907
0.5510497857464106
0.5282094183706203
0.5423440842868239
0.5309185339512988
0.5198685147134181
0.5516883415242996
0.5326559859390165
0.5327939406800457
0.5458737030085032
0.5511932319767506
0.5457831272192881
0.5275779341305998
0.5222661993998174
0.5321154863604525
0.5327751908551097
0.5382265818411933
0.5602059633910503
0.5714560616148401
0.5465111554651628
0.5454862547708638
0.5512248974445747
0.5503817462658945
0.5569470213336005
0.5551321701385362
0.538364611306701
0.5291524920919163
0.5540481815375377
0.5394131943299151
0.5544286492721401
0.5658517112019257
0.5357195392917767
0.5361325731354712
0.5514658805883434
0.5417607059398917
0.5637272095953632
0.5355311004740552
0.5534302361627184
0.5657868461322302
0.5630876029835202
0.5624450050779005
0.5556382934533264
0.5377291602679765
0.5467279731694203
0.5467272635318858
0.5485452924951646
0.5512150997951459
0.5399447720631864
0.5478857255366569
0.5549784943203026
0.5547749334917473
0.5630218751174928
0.5623240330510703
0.539765957081798
0.5514247929996264
0.5726874237333464
0.5543414584123635
0.5577437159405041
0.5533816375013543
0.5557518507523254
0.5438586180401689
0.5674039380150985
0.5639958524438315
0.5481211957605086
0.5544626520282325
0.5479397632765395
0.542587261863774
0.5578706285534996
0.5575895326681396
0.5532858706736361
0.5459938125967172
0.5737169321092587
0.5544234775714773
0.5635802839059462
0.5565215803141667
0.5429531081031083
0.5557261721119992
0.5660220363704567
0.5603655991550646
0.5518147743350605
0.5527945558333357
0.5602535659817013
0.5428012942515669
0.5673802173928085
0.5609350659916503
0.5500906262517004
0.563269508692267
0.546500953887752
0.5464751624502411
0.5634230504285626
0.552094466168965
0.5494676847058877
0.5365870063425686
0.5522216676816197
0.5415271374844679
0.5477943449710384
0.5437469971375429
0.5519606757253961
0.5553149110329241
0.5442599814321372
0.5286648258458072
0.5516865210019011
0.5492295157302496
0.5706931817457511
0.5582889575070424
0.5567183697251925
0.5599397856194833
0.5194983924795009
0.5598384203740508
0.567864265919414
0.5636094109402867
0.5542824046651169
0.5612541837679739
0.5492233437971535
0.5573787932577186
0.5632923826154015
0.5557040593454761
0.5581389300442033
0.5494376176162232
0.561628307195364
0.5498853897204015
0.5620583706099722
0.5470909830650793
0.5597261937324722
0.5328115819256328
0.5612299245861458
0.5539266847466827
0.5568863588639577
0.5543841134954084
0.5416941658090699
0.5525580150665415
0.5446314014878685
0.5421288611291001
0.5287381142107748
0.5396040864547659
0.5777834907385586
0.5551348575227155
0.5565829054677469
0.5742777826536174
0.5542340991084745
0.5569222894284352
0.5704557841698218
0.5658518596512009
0.5529216590125161
0.5414241524679123
0.5509513402069426
0.5520120108135892
0.5652552486890349
0.5677427569959127
0.5411408586103761
0.5389750150746461
0.5639181502792061
0.5416392770422828
0.545833143423432
0.553711520263721
0.5497735223233163
0.5522272251889528
0.5488440450392303
0.5418799667474175
0.5569492765323987
0.5358294068950147
0.530987606430232
0.5243690991997735
0.5377848325681303
0.5508723574424819
0.5372600451243206
0.5401803609922153
0.5493985512986869
0.5451417986540077
0.5519074204565892
0.5513896676758038
0.5745900674519308
0.5541538534513404
0.5658103613152479
0.5501046274294218
0.5457070520234782
0.527122068202216
0.5602689407852223
0.5614177663304458
0.564295011922613
0.5603264286078843
0.5495718650172023
0.5366552151302456
0.5542580172948356
0.5542540260992818
0.5388735530462371
0.5202167691759604
0.5489186151082569
0.5291111075395751
0.5360379136419996
0.5299269197468331
0.5287372690895094
0.5325680116187423
0.5394677066918948
0.536161331302686
0.5503570870969647
0.5622243921070776
0.5607693411302864
0.5411472336917845
0.5250704831406177
0.5463626940917695
0.547471904250118
0.5470000193890426
0.5409753212805452
0.5512120617579254
0.5578161211018619
0.5414387607138511
0.5530518901986613
0.5259448852869836
0.5343996320030544
0.5542589433113605
0.550299750964762
0.5658158048628903
0.5410483649859187
0.5416700165419273
0.5453290146098362
0.5419513310068024
0.5435965421579979
0.551474444683921
0.5416976682536494
0.5420846381103637
0.5396996136841904
0.5260023697255595
0.537390273463779
0.5353702372467817
0.5367200835498854
0.5458563067376183
0.5628111275136896
0.534356842417998
0.5468695492053347
0.5601230805149171
0.5673504635618567
0.5606980952726343
0.5556550883429335
0.5444674936229168
0.5578718708031826
0.541776633113081
0.5539266075325868
0.5579320024842382
0.5428252099686922
0.5634046104928104
0.5499429426587817
0.5651583560783463
0.5384294702129558
0.5366090405741548
0.5514141284516028
0.5360711647862099
0.5329501676574595
0.530594457693252
0.5380937113289328
0.5594902587159043
0.5574790614747088
0.5617123260436527
0.5613328075991157
0.5480237134999295
0.535977665101096
0.5387823081703659
0.5502384203476789
0.5339291978509787
0.5748903824048481
0.5586239386316272
0.5420432409542429
0.5683471346352371
0.54955751444568
0.5595046751403704
0.5569341888601512
0.5761573930498171
0.5645383819084037
0.5824244077336954
0.5682012590422139
0.5496246070982255
0.5528051672522112
0.5547451099020322
0.5503275066431481
0.5320378907766782
0.5416413901069659
0.5371772611585386
0.5434924700666559
0.5472037537326279
0.5439428248378086
0.541901915942311
0.5399178396974698
0.5286586861136007
0.5354357874602778
0.5382440438527936
0.5653547478460815
0.5457788077506686
0.5554807999280077
0.5536791769086633
0.5532684432689072
0.5526354624656417
0.5587008780225522
0.5375470431237532
0.5300454887132217
0.5750591278762298
0.5594497651527929
0.5547232834154988
0.5591521238837022
0.5620312201090606
0.5392574123954601
0.5494233520179543
0.5601797046070138
0.538981983425394
0.5533742813755713
0.5508882555630502
0.5591164257302048
0.5670327869840138
0.5734700252994158
0.5311174220980264
0.5537032647581934
0.5473226874780874
0.5554352608261859
0.5720150507500072
0.5435799001986776
0.5673169286179428
0.5645762798419013
0.5448837175897105
0.5370923493129508
0.5401032576480684
0.5399386770598754
0.5516455031117663
0.5572649131821659
0.5339359251518461
0.5383236832345208
0.5346249378992111
0.5484060988813311
0.5645791781777459
0.5385364890082747
0.5354953375201579
0.5599652323922354
0.5680029968052562
0.5503287749088054
0.5577171389528846
0.5743735770818068
0.5473085829674583
0.5558324045658336
0.56368924977981
0.5549752555118755
0.5595025735620104
0.5388142156144304
0.5309844303439103
0.5447791636619942
0.5427214700637624
0.5660177803162368
0.5533152579379691
0.5438882980501101
0.5492383860721173
0.5532694551267849
0.5456306802349354
0.5565884289410946
0.5571877858698319
0.5660042818331681
0.5415559441657464
0.5519147165458814
0.5329437732384569
0.5368456377652017
0.5623955712014208
0.5441296508199541
0.5345328420445868
0.5423824868192965
0.542323896886472
0.5463129389785863
0.5490220001058898
0.533157297967581
0.5505302098262479
0.558606743135729
0.5602342787647144
0.5642592400763027
0.5479790677087414
0.5542583708339679
0.5548155937206212
0.5220080542195339
0.5422289394926049
0.5538088168856877
0.5430755291989237
0.5525063037830032
0.5618064820395143
0.5435023657016698
0.5534694695190168
0.5571770273282274
0.5417235481457796
0.5469159381773175
0.5628389245626997
0.5401178275383121
0.5467789341263176
0.5255176183252762
0.552037505070501
0.5543310097264337
0.5471914275277325
0.5535630622489061
0.5245725629545256
0.5180920783500278
0.5326637165627823
0.5470515729050052
0.5467557368580396
0.5485229906894017
0.558291983974288
0.567870827864098
0.5755789997740202
0.540518667589647
0.5528878538725249
0.5572653583869663
0.5511709834435713
0.5421333124448487
0.5591710723200433
0.5553852022581662
0.5510686165564534
0.5724684648920692
0.5603269944902891
0.5551118209686461
0.555698944003659
0.5475480447135975
0.538289191477522
0.5384537059633997
0.536965942476612
0.5542162258920107
0.5404840467578788
0.5465708634939566
0.5413907255276859
0.5494713591164352
0.5568192636440097
0.5540594182292258
0.5414350754146885
0.551779693447716
0.5408158749829177
0.5461282933187839
0.5436884575866222
0.5256229310320533
0.5469444109238694
0.5650049270065925
0.5564190392248316
0.5602386297684014
0.5661029589987444
0.5498403422465533
0.5456398404321327
0.5465232458654861
0.5545135681018155
0.5607790946985954
0.5406477615091911
0.5526931317745963
0.5373176758437563
0.5451898475144992
0.5513104127767587
0.5515641360142898
0.5599287712687873
0.5640157089864785
0.5382513583243544
0.5520283031763037
0.540944318270942
0.5369165220553325
0.5276592114264499
0.5296234717016751
0.5119358512989632
0.5352803900054197
0.5320015626319269
0.5580105785652189
0.5376314642072513
0.5461727730607961
0.5508420973588368
0.5448925748404905
0.5673827499215547
0.563142139479392
0.5780061903449956
0.5660998420703792
0.5475471143897731
0.54514888207978
0.5252479401333575
0.5584134442561244
0.557305513781595
0.5620438134218382
0.5334835693891641
0.5344196924484174
0.5500243388734586
0.5350357906452179
0.5540868817366965
0.5391430360637381
0.5490393610493034
0.5405665435316828
0.5590311823566886
0.5703271476575605
0.5850800079140801
0.5465437399618253
0.5483039418604443
0.5464908836335031
0.5447646522731104
0.5371247875271447
0.54329199469973
0.5531521357952173
0.5613038482449264
0.5782705129886503
0.5700212401141428
0.5542202277293433
0.5514711026774155
0.5437042415713649
0.5534090099695095
0.549215770097318
0.5630683028703248
0.5758594443613201
0.5612778653812698
0.562233126689039
0.5602039289827971
0.5457990219252022
0.5396579149677172
0.5536806593351281
0.5465239003012858
0.551501808066489
0.5513862963925047
0.5545853962852609
0.5386009523573585
0.5591015881409281
0.5436004228918168
0.5336719133150359
0.542645516547995
0.5602437999719032
0.550839668902916
0.5488437315613983
0.553353725646049
0.521558002604165
0.5359060713092106
0.530991208561997
0.5433252411543166
0.5506429864594501
0.5430128460102565
0.5361864097469582
0.5677416964266362
0.5596935287928101
0.5505013962869162
0.5561925013708978
0.5643066671489192
0.5479294330843029
0.5229172232318563
0.5435944413929592
0.5464132799097206
0.5580030339845038
0.5550111721803177
0.544105802273129
0.548319992256848
0.559525201163698
0.5647366068428799
0.5705188560087845
0.5643386772509091
0.5702237058198176
0.5513467634900331
0.5496173847428774
0.5415676992697703
0.54171936351091
0.5480091030912996
0.5337712243965227
0.5399005366464822
0.5408429225248
0.5397436075439307
0.5758753673115344
0.5558462370669636
0.5480302554850279
0.5501445610959396
0.5443779866730472
0.5425761151526156
0.521210740181878
0.5116575349688489
0.520264423388951
0.5083352258873668
0.5274937359827438
0.5409146470388992
0.5442853586165469
0.5450494841992255
0.5552952741650093
0.5574200777773718
0.5385494624643183
0.5586254046028563
0.5507810207985749
0.5621862777276225
0.5691819423089912
0.550870195812252
0.5882824641488943
0.5569343526552785
0.5581667110601286
0.5641050532612727
0.5450287022916835
0.5451042325895107
0.571091686417117
0.5419925716385867
0.5438007123318207
0.5400955337074459
0.522578177280625
0.5509060526601116
0.5178573289386521
0.5349149501248727
0.5755883095282587
0.553811585517891
0.5522013459322709
0.5549917850616388
0.5550167737491507
0.5558792656522203
0.5626591752184713
0.5731575808102686
0.5635704773257673
0.5549619782794256
0.5422187709821612
0.5435826790281754
0.5292594815923028
0.5407520475802419
0.5556105487132454
0.5442683534517868
0.5454786752578393
0.5599753132534678
0.5612258705898537
0.5391863415964644
0.5658837359252019
0.5690435941995805
0.559816495525362
0.5510800495446685
0.5506096300778726
0.5397380601602914
0.5310790471533084
0.5233622622436646
0.5530638548994722
0.5476391385746652
0.5478335304523004
0.5732152439619811
0.5599623649049583
0.5719918671720827
0.5746420669674555
0.5635513543337758
0.5541522379404262
0.5444296657685757
0.539968343358248
0.5675319021150819
0.5547689354426365
0.5563438420110773
0.5627743246174098
0.5625766808368506
0.5500663819146423
0.5598805265316711
0.553350900430511
0.5321875488869824
0.5344981254907694
0.518055514673786
0.537170541858512
0.5532492691271271
0.5473709657118703
0.5429328908678294
0.5520414640937739
0.5471650858352286
0.5591897005898931
0.5479347192745088
0.554947013833463
0.5493650483393555
0.5730853411321067
0.5594180209058778
0.5731503516531204
0.5575008116884059
0.5572230977605142
0.5526044948835337
0.5697275240014208
0.5629930579424058
0.537579210381536
0.5475163673681477
0.5480129361636517
0.541794952388499
0.5636403396338271
0.5638615165482777
0.5696470048617052
0.5500177192526423
0.5482135155697528
0.5507167885636568
0.5527416625823894
0.5395556783724782
0.554503697540632
0.5741169426938633
0.5513085124277878
0.5559122023361466
0.5427914883532798
0.5449952230308897
0.5447014206635868
0.5561825843919449
0.5444542136818327
0.5313996242960111
0.5314532629674941
0.5400820956884238
0.5518104384110453
0.5538370098239306
0.5604161178007766
0.5581206119521646
0.5587927158421245
0.5552185035773946
0.551639829994219
0.5509152026731979
0.554940595321119
0.5659247906450638
0.5475975011788402
0.551908221179486
0.5488532305362305
0.5387155022755189
0.5477176149995455
0.5591065068417053
0.5437776920274526
0.5466485475517651
0.5583970773327795
0.5306793037335417
0.5335825414227774
0.5376121604966574
0.5536783700338779
0.5376129451724687
0.5352469419228796
0.5321109492490788
0.5300568754841332
0.5461883530329471
0.5503948283998733
0.5587371040927278
0.5678291317850015
0.5585104327507758
0.5787744573085478
0.5474974285172906
0.5399738754913971
0.5414448378743547
0.5559711115448394
0.5543489964630316
0.5667843387545983
0.5570776438530534
0.5448006523940768
0.5442849484329528
0.5537876801655304
0.5476261351275465
0.5613547786815073
0.5633105059802916
0.5533014921812616
0.5544770826881158
0.5217584278569808
0.5401978014545731
0.5248204104640811
0.5207542894945018
0.5169917915187906
0.5249148569226432
0.5255068047321023
0.5387830887074075
0.5454308010543515
0.5591755300794138
0.5796976807735037
0.5412387514906994
0.5364032290086511
0.5577035492584865
0.5458981198718834
0.5409835423046763
0.5555306488819611
0.5481784072194926
0.5343694664008329
0.5340191469161004
0.5519475222130868
0.5464432996131251
0.5650695284862207
0.5649252669883278
0.568684304967622
0.561329677953479
0.5729168982596324
0.5535550984148797
0.5606847910106527
0.5572900375849764
0.5415673220638172
0.5537929259957145
0.5343009992984257
0.5557351728092511
0.5400058814602319
0.5379965405127686
0.5407482217650736
0.5526370473578899
0.5446368895147309
0.5565960635286491
0.5484116049118858
0.562494881489421
0.5628159467118476
0.5555906123664255
0.5468355377813928
0.5541172500016686
0.5525904925275598
0.5763879781585723
0.5595682656508307
0.5467933077541743
0.5555431343045729
0.5483156533672315
0.5539253963643376
0.5521077160275788
0.5764808792561508
0.5741606136386425
0.5641721676901772
0.5462692994924472
0.560581237849376
0.550690221727495
0.5452984872707004
0.5431811820344024
0.5483942577738573
0.5566049791150964
0.5478975136317846
0.5556487868099813
0.5502972964902847
0.5392362510078069
0.5464938189995808
0.5385691981773921
0.5683115246086607
0.5695514802150528
0.5437460155959167
0.5559202199237616
0.5295828681383611
0.5555724678490025
0.5641161887599295
0.5379487723495974
0.5506319508735523
0.5420301954405211
0.5524491391137283
0.5362429577776957
0.5551477155705404
0.5498031976906687
0.5458885135080253
0.541678372878574
0.5351050579515667
0.5409204014516023
0.5417574996310944
0.5534074311216907
0.5432998851682208
0.5651317088301099
0.5403905640551225
0.5548097971876853
0.5475692088205161
0.5357331715445228
0.5553336284367497
0.5382276940287951
0.5390020394996518
0.5688315959852398
0.5715401605224437
0.5437258326155867
0.5438223835277908
0.5448811175665164
0.5540757393669417
0.542418364865193
0.5450227030407047
0.544569421951806
0.5448779409089662
0.5382130836806881
0.5477669261150366
0.5455635291211579
0.5438259092441842
0.5350091723426658
0.5409212118566835
0.567155359207133
0.551240036681368
0.5495427195032537
0.52475033563017
0.5519232164568952
0.5554867353710377
0.5467598354131435
0.5652757079535803
0.5625356460997104
0.5567093027726733
0.5686123923397304
0.5591697540074131
0.5455032688761835
0.5416791927622844
0.5574906285891142
0.5658983022555368
0.572140859886359
0.5526402691979073
0.5620512941572186
0.5639448285333238
0.5721395125466031
0.5435711668993649
0.5436278613996799
0.5481083813722415
0.552106583781651
0.5396888474093905
0.5495538804929091
0.5567582852073021
0.5647057948983373
0.5667915162112085
0.5746967116130282
0.5637566789161537
0.5520939245653972
0.5495509155605406
0.5357098165576275
0.5490321385359357
0.5532337275970021
0.5532981163303158
0.5428248965653577
0.5621995395883367
0.5452141647323564
0.5625235428365943
0.5730678497703828
0.5735166513041191
0.5688936670004562
0.5637698442041043
0.5661042524012717
0.5415829824811909
0.5376048224215397
0.5601699774784612
0.573765187971253
0.550298311875841
0.5660941246775547
0.5604337102265846
0.5534420221351266
0.5476057540175376
0.5357708529601249
0.5409020088692922
0.5399400851250006
0.5438702412753272
0.558346102728029
0.5500476933570296
0.5574393567933041
0.5541841968225052
0.5531255716390302
0.544786902701379
0.5467545607640415
0.5526684711827832
0.5511764900993263
0.5579310832936051
0.5686046862246126
0.5498659634795688
0.5496745512171608
0.5331719218197953
0.5425176319541717
0.5259675013869972
0.5651796962464519
0.570188467677854
0.5453682822246294
0.5594490862809008
0.5495136280735599
0.5545012460923443
0.5733871119086819
0.5616605370345134
0.5668914819040934
0.5673578862835311
0.5740373467999565
0.5554753566321209
0.552976345721862
0.5379250546031616
0.552760948928663
0.5368903587769502
0.544147236263654
0.5610280485132466
0.5230260395785655
0.5454948117669672
0.546808894631787
0.5427282886983993
0.5272029317649233
0.5276273781640588
0.5719628286147598
0.5459913667549251
0.5504413351584734
0.5655275799334561
0.5734390500792662
0.559855619491275
0.5511994109945438
0.5277277127811776
0.5532749913232271
0.5618470114106744
0.563468681666767
0.5546980112333647
0.5329579729978454
0.5490722110509144
0.5527669706224979
0.5670169376570439
0.5560640238543773
0.574097929254967
0.5357371531901494
0.5553735880074414
0.553742147448932
0.56514077730516
0.5485009728551221
0.5656829738890728
0.5676218263407268
0.5550458281883451
0.5449665228849058
0.5505106830066215
0.5611629654666218
0.5597190964226881
0.5538009404510498
0.5540859710778197
0.5473051155677914
0.5449609060931522
0.5463454094418704
0.5465441768776047
0.549418922872585
0.5676524858462687
0.542797480022132
0.5499557542219533
0.5507136394520934
0.5496791626238988
0.55269568920733
0.5586626147614843
0.5470895832198591
0.5467506541183726
0.5494177587900761
0.5484764839599673
0.5422403838078164
0.5469349594106395
0.5384181033094385
0.5367171013989372
0.54884207281798
0.5446109852715851
0.5546504946646942
0.5488618399632109
0.5448808968408109
0.530049503865346
0.552352082522806
0.5589994439167428
0.5360670623962169
0.5600917453478557
0.5334280641087414
0.5412956780963538
0.5523263651791694
0.5387918842462043
0.5557159600721522
0.5551861037889086
0.5382230061664168
0.5478710271693708
0.5364148393153624
0.5382969476815146
0.5444902826679199
0.54186300732083
0.5257231446357009
0.5384394201062953
0.5558648013254207
0.5510783122718971
0.5491542770727512
0.5450962217175674
0.535926931486222
0.551432484888158
0.558996570504801
0.5731879116631842
0.5473567293362993
0.5515564603094878
0.5419450847299329
0.5436109841162791
0.546597079236471
0.5337463664810899
0.5491548318840225
0.5515271007769416
0.5411223991104851
0.5255717210989528
0.5484782409138064
0.5734023275642707
0.5621118234351921
0.5499478735253014
0.5475801809110018
0.5539135723968459
0.5719018848930123
0.5493832312781335
0.5475994397112042
0.5461159323373851
0.5674823176378115
0.5581784113667998
0.5441738366604773
0.5678742703272203
0.5830598728846059
0.5770280120091621
0.566110056732207
0.5427464384113981
0.5482476380299787
0.5485026953809277
0.5536125950866856
0.5563039441501989
0.5592631980241447
0.5609562258695977
0.5759644176681612
0.5719234813053506
0.5663089505837186
0.5588836717375206
0.5392503201199976
0.5446213854484242
0.5306516955137737
0.5245640708835935
0.5542561181890797
0.5490504371212768
0.5449896878201207
0.5667480513550678
0.5506623787033806
0.5529354658302711
0.5562955632883186
0.5539644996739786
0.5568945595755221
0.5463075081945391
0.5295806467456948
0.5449628212956008
0.5513521641882748
0.5462002533114141
0.5449128329345417
0.5619171734324448
0.5364525142552533
0.562807565433781
0.5413271480559266
0.5602678726104304
0.5416196767549327
0.5245269968807883
0.548724200481553
0.5440475090740304
0.5513064698745969
0.5578789887406355
0.5818067732851904
0.5735654219677574
0.5535331783311365
0.5545380647392897
0.5427940955693704
0.5370383993963692
0.5483803081305332
0.5558399638863282
0.5561775950186694
0.5540266122268082
0.535745731245717
0.5489981652538222
0.5635469295505178
0.5782990485269637
0.5749831487149574
0.5632380465141424
0.5440528293343179
0.5467999242250683
0.538657650115244
0.5616893902112652
0.5478224290797575
0.5540642567009844
0.5622702858206922
0.5629255810345377
0.5530776024363927
0.5710213032483425
0.564958634745766
0.5575267061875049
0.559347987536227
0.5571680069422894
0.5482533018404772
0.5604076113903216
0.544845555323409
0.5364553039177369
0.531746076523889
0.5471792053983003
0.5588376932615493
0.5425725952682708
0.550141622594632
0.5550913038951736
0.5510634023862653
0.5402641379876958
0.5444630035498035
0.5537815781566923
0.5515274979442717
0.5406345973875673
0.5533125975498199
0.5365087118802764
0.5520461462399573
0.5819207482666741
0.5729590945046812
0.5571521889734181
0.5606250867727115
0.5352276959138336
0.5447086585850298
0.5380709493112488
0.5477923405643659
0.5518867468900516
0.5483018849185566
0.5554780637710766
0.5701701682401851
0.5600479738042078
0.539061912386144
0.5440416956348795
0.5422919308214337
0.5265831106097086
0.5534199988699336
0.5515378801506837
0.5612424898889959
0.5523191120962468
0.5379685450749468
0.5458861872835539
0.5374248175751868
0.553686635504068
0.544822911552414
0.5570249030686889
0.554787825071333
0.5414296137464757
0.5532111017174517
0.5532696115628755
0.5561088953953524
0.5626276350775117
0.545769737125546
0.5438887764004248
0.5610566004384796
0.5394656477497158
0.537468871488651
0.5462532250131975
0.5608538004877868
0.5596484181571845
0.5450522950813146
0.54685084697262
0.5453501291462071
0.556412465920156
0.5518042214610244
0.5480199775451979
0.5255629291307854
0.5550014533664497
0.5396144799276508
0.5435006888782538
0.5288103933598443
0.5564599932116321
0.581615760227231
0.5584536673636695
0.5527378628660664
0.5412863751180332
0.5510413727252914
0.5392523171384478
0.5652409345154775
0.542724032723422
0.5339880358795722
0.5504564876785083
0.5505325535147538
0.5385160511774667
0.5583611662248837
0.5572815419139853
0.5449532557153506
0.5595507049379798
0.5267038594460605
0.5501574642442064
0.533953590192575
0.566940080801762
0.5536408542936777
0.5530983388694897
0.5417612508049623
0.5432376467472095
0.5514519787964371
0.5576434254746873
0.5671906713756986
0.5640542934574826
0.571112485008174
0.5561704310805462
0.5474784634656945
0.5500682199920056
0.5566305011982792
0.5560009472030595
0.5731401444056279
0.5665848893484404
0.5561164487329207
0.554284770493348
0.547672672762971
0.5626834211948426
0.5444691103287272
0.5440481025570562
0.53349035347787
0.5548544439225211
0.5561872982362887
0.5674925967754125
0.5694837446408222
0.5565810490328361
0.5700990561981839
0.5631537283051891
0.5529280242221181
0.5425083515244095
0.5600534847611505
0.5469967032086548
0.5337282327172873
0.5441492861028656
0.5534867284153452
0.5561555284444938
0.5613386757907892
0.5608786052823204
0.5553947687733914
0.5428090788069815
0.5618520568447889
0.5530201132274414
0.5603463651847733
0.5415727960678843
0.5572690326349578
0.5588380527761084
0.5367863040065953
0.5466657600908336
0.5449028321641443
0.559291878099154
0.5558204592898804
0.5365591373936391
0.5436758881781819
0.5393935891860525
0.5697429998354118
0.5617269467282417
0.5537093633379561
0.5412090103168741
0.5571934359822054
0.5745864812205281
0.5600515401754023
0.5478226425305062
0.5527572405684803
0.5426047836192119
0.5566863322852772
0.5411298627874833
0.5358267721522304
0.5469451040286638
0.5174766698659654
0.5378254908570361
0.5422677988742992
0.5493839966225367
0.5447246938557418
0.5383639244881175
0.5409875037298266
0.5459621635313742
0.5622612580248243
0.5512697765751666
0.5566138540735892
0.5650331806704486
0.5723276951165026
0.5609946868007114
0.5593745047404396
0.5568151750322294
0.563879328625919
0.5490901617471412
0.532884544544521
0.5470404939796499
0.5498246010021672
0.5483460367966653
0.5535648621793247
0.5286166881374821
0.534265522803898
0.5449346122746439
0.5374059419775925
0.5389996836886247
0.5410571888911971
0.5448931639037068
0.5668462379108888
0.5633556019048312
0.5564126569743457
0.5508138523754292
0.546564179448017
0.5479588060701374
0.5219715051660719
0.5381417190885964
0.5704576298390162
0.5596845855840948
0.5454834779928336
0.5394038769768656
0.5323369247614349
0.5642959610749918
0.5410207642393337
0.545571436666622
0.5252344578032634
0.5235948059408012
0.543233831463401
0.5243217618846355
0.5320103169410354
0.5286987116187235
0.5406930848172564
0.561296102867246
0.547849755158834
0.5718236481789931
0.5710412271493681
0.5689906459018522
0.5684620537475658
0.5625007747416779
0.5607423522544821
0.5667302403794698
0.5592489384894904
0.5662618921409401
0.566180504721203
0.5568872161761402
0.5717341887937062
0.5608643214781331
0.5612670601953597
0.5572253569224356
0.5615476279176557
0.5599924452642919
0.5684665650989403
0.5540681864546456
0.5536980356923296
0.5466572602191594
0.5711476229620019
0.5600425146725524
0.5605180176291283
0.5476312960802387
0.5599327627765865
0.5526935419849214
0.5266443322675314
0.5466068258835857
0.5395085914424059
0.5372747491063596
0.5457290191542988
0.5530554362430126
0.5563694111109115
0.5705842400303436
0.5433515284485566
0.553528663446634
0.5716955077836002
0.5596705027154517
0.5395380270490165
0.5503391174620781
0.5614370742653761
0.5623991331857089
0.5544365932220101
0.5429567352826103
0.5395136778269838
0.566497153327025
0.5771304889923506
0.5685142397133575
0.5347613484166315
0.5414556238905843
0.5404598909125962
0.5533222391495651
0.5677442860833767
0.5573341417311586
0.5463082184151982
0.5594815738816805
0.5524181038738452
0.5499043316267161
0.5306994435035169
0.5320175612486652
0.5304051385408187
0.5411667045396867
0.5478493131702787
0.5463723901532986
0.5410862901764647
0.5593800636931959
0.5503207063714849
0.5519153521360682
0.569625616814574
0.5674740656076758
0.5520409485587287
0.5477136512074356
0.5541118573568791
0.5388074114251669
0.5761128792092044
0.5511002163615666
0.5562529992811059
0.5617591775278602
0.5596631985104418
0.556366341244614
0.5566058401363649
0.5791451661724499
0.5532233516469001
0.5559608448584439
0.5516523882452291
0.5538316566855681
0.5522544485506354
0.5582894731067947
0.5506390407636744
0.5328544432991105
0.5344878689935553
0.5493389946936408
0.5712166211535747
0.5404351512860603
0.5434698545584479
0.5561236913305554
0.5594467856666397
0.560551409444175
0.5575685336279791
0.5300752809538487
0.5333039848561143
0.5531728725589498
0.5648030135124721
0.5511939976474259
0.5494568525558677
0.5647404188232786
0.5669876732719263
0.5700551001787065
0.5548547045315388
0.555755321753259
0.5545325854177254
0.5686353417364519
0.565585431901087
0.5575430004898589
0.5476844937108467
0.5560180066488917
0.5566829907553233
0.574626107451518
0.5683406687644743
0.5633118646172853
0.555587430858918
0.5523467080745608
0.5616621008321073
0.5512619529770941
0.5478866040758297
0.5570721061510625
0.5608920374866355
0.5669592986431883
0.5591469791469631
0.554723887673822
0.5685108495997823
0.5653902424570709
0.5733856232205637
0.5524694956091649
0.5364333001518323
0.5685283101623493
0.5494910627799596
0.5437764359297264
0.53797988931617
0.5565886134216155
0.544366394792803
0.5333095779487933
0.5276296474254292
0.5224515684272255
0.5303286094384843
0.5298759667431427
0.5502433870993935
0.5568856234325655
0.5516505364710119
0.5348444714727532
0.5559225642057751
0.5459545715035701
0.5316788024068885
0.5445168994022804
0.5328333289899408
0.5542402198035647
0.5555657300463606
0.5466304053217762
0.5285215909396697
0.5487354169834414
0.5563606509089845
0.535097640776291
0.5521387883704238
0.5251178785312731
0.5350082145871218
0.5690388903061889
0.5636973115586466
0.5558370219337758
0.5343748033524284
0.5351704174506202
0.5456709257845688
0.5647186997846969
0.5362704021619412
0.5465204555116034
0.544336936635617
0.5484639887945577
0.5358851361857223
0.5438582876828851
0.5537413999775163
0.5580358041771539
0.5490801879508701
0.54056435023485
0.5534915763844257
0.5506870224635806
0.5355163719007313
0.5474030719465638
0.5438932298331114
0.5155039977224126
0.5478517752383547
0.5494555207044747
0.5451984880061527
0.5404645976846633
0.5281566091814439
0.5476180108532354
0.5439603674851066
0.5351240784306787
0.5473930799387048
0.5347964988921011
0.5335113211672804
0.5309845969756927
0.5314544242218948
0.5532661699833861
0.5540495569281629
0.5336377188950744
0.530320638648056
0.5259947092864246
0.5311208003654597
0.5413923721665534
0.5501078929618746
0.5449703665081471
0.5497894304633737
0.5360972175251154
0.5509643619124731
0.5408674555446927
0.534925219128818
0.5363787048168156
0.5461900621095871
0.5304023076285385
0.5447072598775082
0.5550158065980056
0.556953296976832
0.5606774147461728
0.5590494640278961
0.5675843702559258
0.544074118953685
0.5487097759188496
0.5531490031530591
0.5612894233740258
0.5677839550785274
0.5563368713124293
0.5626519824518721
0.5370591281078727
0.565377576016638
0.5399959356143531
0.5647715204790804
0.5598366686459291
0.5737680051936428
0.5538549274279992
0.5682320928265545
0.5506939401545056
0.561298023877429
0.5544380435058399
0.558383186050614
0.5591363817064536
0.5593687882919193
0.5667103325344681
0.5747459547942997
0.5581071669025992
0.5460372368464114
0.5417669818912851
0.5346167479086433
0.5428599422275177
0.5534137294500283
0.5319429991961953
0.5476507456153821
0.5512647863288406
0.5479667778232998
0.5534982054380706
0.5611695696736309
0.5381631836523344
0.540141190243235
0.5295500566182437
0.5391536706558147
0.5237681249090276
0.5092132275379141
0.5194594930666756
0.5432541551502313
0.5344336040688064
0.5389324269718754
0.5423041279503944
0.5486152698602101
0.5339108101438317
0.5344945922405544
0.5446980762998399
0.5681992584351913
0.571514335118896
0.5441461940057439
0.5519527550643772
0.5422550165224954
0.5446775783759346
0.5393554599363138
0.5274177815854965
0.5544147107306461
0.5552194606010364
0.5558985617104015
0.5439494045511184
0.5552804421969175
0.5480478760840497
0.5517758903997652
0.5487867164160407
0.5566288578958923
0.5366264260159753
0.5518741386011919
0.5418442393102807
0.5605409160273612
0.5403114542596722
0.5429928616878517
0.537167038785538
0.560347180861551
0.5513671831585111
0.5439125330297945
0.579255755068323
0.5400585177803453
0.5414384115745554
0.5494567885627744
0.5403638937358995
0.545188013391699
0.5364190266950574
0.5296685067886336
0.5450174337159587
0.531333181240407
0.5494764418975547
0.5519866895628692
0.5581379136004812
0.5357695542303408
0.5268917753220547
0.562016238324062
0.5497817946083282
0.5642304471844541
0.5598515494770385
0.5502517307673885
0.5503289714249954
0.5403764412592789
0.5676935713112841
0.5511902447742599
0.5679761167166419
0.5571187490385028
0.5528203144377145
0.5370492378113113
0.5465507332029708
0.5474684355231205
0.5480626581462953
0.5443176189043515
0.5427214803461863
0.5429928931971844
0.5517581233919352
0.5527025434513727
0.5397626860516251
0.5413400269944375
0.551487680448367
0.5334623267413713
0.5310347565208555
0.5282237306831745
0.5521759473982977
0.5469000612285748
0.5407436636732691
0.5388261965946958
0.5357074145012143
0.5399200943856959
0.5439160493978215
0.5493020388581928
0.5565107686077075
0.5458640326738373
0.5640820148525355
0.5604144832136307
0.5524896843502166
0.5588798941356972
0.5726859996716045
0.5556460715329513
0.5688900540935049
0.5506655904950418
0.5510767883154803
0.5601379057222805
0.5504947118142737
0.5486897628518379
0.54753058162025
0.553136627890617
0.5486963800611068
0.5406664826189391
0.541375953761915
0.5364489296973548
0.5488704051748822
0.5501712203133257
0.5391572891614713
0.5296652460226136
0.5511048371555832
0.5445160860297177
0.5399386677948609
0.5492425081819231
0.5362634520106258
0.5259277889023706
0.5217492137170096
0.5446860393035119
0.5446632147113387
0.5398958655591953
0.5572766564768863
0.5473591428677306
0.5479177815407428
0.5415789919661823
0.5654421823869573
0.5660690017652521
0.5701152839431842
0.5654471829735265
0.5475635075429627
0.5614854311623717
0.5579593030884985
0.5588596531615999
0.5560321750128197
0.5378029011644642
0.5305042837716236
0.5363528555544759
0.5496369753407888
0.542850211195987
0.5457496669188067
0.5391893389863093
0.5404876254477504
0.5206347259680322
0.5283067688337586
0.52120289678536
0.5323180326480702
0.5358350447862864
0.5251190051524072
0.5333403855013072
0.5546497821200475
0.5498273510329973
0.5534795133533821
0.5757792349402238
0.5503119446784676
0.5595645808778716
0.5780945851802191
0.558993838531676
0.5595296856242501
0.5359897399698699
0.564596247532101
0.5527485752992992
0.5659089749056637
0.5436277283545747
0.5449080813663125
0.5438291706398474
0.5478479371880485
0.5369486850502946
0.5346725186053325
0.5604197005920895
0.5410627770765127
0.5543540977496082
0.5501526376336983
0.5528754504408037
0.545106753288975
0.5450427243637722
0.5407619091598155
0.5590830145375055
0.5402472047129959
0.5543522845040958
0.540942153350275
0.5548497026835555
0.5401184202513752
0.5604110630123357
0.556803587682995
0.5434612476042805
0.5592932309607679
0.5717648410320396
0.565555584930338
0.5355387517743547
0.5367971346567468
0.5313900739730166
0.5345936925269099
0.5378959446325967
0.5352095808712705
0.538613820848779
0.5365644061300209
0.5475571346529776
0.5362120016587085
0.5436577904925777
0.542895302340092
0.5648180741596719
0.5598410532172992
0.5585219424362413
0.5495749375967324
0.5856601361370227
0.5793658967570934
0.5610857532624477
0.5396496791348719
0.5548967977895629
0.5576942728292577
0.5592874459192295
0.5449863149749365
0.5483731451206726
0.5309331826916945
0.5228807913938338
0.5267556607873178
0.5211031436155291
0.5326994712930065
0.543787309845775
0.5524665462967844
0.5459176604238736
0.54463977439594
0.5484903992959586
0.5609639014648465
0.5619954028431581
0.5755960626818565
0.5630046381753445
0.5790515786376444
0.5641772992924751
0.5614030033692878
0.5644280392105843
0.5401378470824393
0.5489351889357059
0.5692022185044674
0.5703664824621956
0.5697063226287874
0.5786383637266126
0.5723428493426729
0.5648037728824569
0.5664325457535399
0.5585835127192268
0.5495422049773097
0.55492078335841
0.5691653110691538
0.5525417786211703
0.5548643997855925
0.5546475619445296
0.5517878984573544
0.5674831147135002
0.543934176135609
0.5498366892465218
0.5422611486827922
0.5494160006357601
0.5533896290058344
0.5510014514533811
0.5219137758718458
0.5291217999309368
0.5397414567022764
0.5314337628185137
0.5642254025120893
0.5594866851603538
0.5503017364500564
0.5509737684158258
0.5602262509480975
0.5652543351262107
0.5691178432111197
0.5665885274926222
0.5518780214951141
0.570152408865805
0.578284649453292
0.5562294650205675
0.5600650526934324
0.5484676677110233
0.5569526711882337
0.5599133666294465
0.5708628160671542
0.5437733088308397
0.543355459056406
0.550126338148001
0.5432934923469345
0.5314132228951605
0.5350221868946025
0.5437277461707838
0.5482764734266803
0.5347422748182763
0.5443058728827741
0.5403545423438432
0.5410341873184635
0.5427234721501081
0.5627057994734853
0.5730345415398835
0.54913893630909
0.5405153352304993
0.5517714073587612
0.5430268546639705
0.5536324325803841
0.5438561013503698
0.5405940111732006
0.5484791428353041
0.5643625819709047
0.5701003015205545
0.5574252847938755
0.5548869623210517
0.5330423830531786
0.5529906016987742
0.537884760649858
0.5647354597995042
0.530591799259808
0.5354654347320954
0.5537298357988917
0.5573365794711854
0.528409934420478
0.5297843556134273
0.5478374228876044
0.5490843756021578
0.5464646547727099
0.5477562371353786
0.5450676356503413
0.541621510886534
0.55385532801086
0.5534845905563018
0.5547693749366212
0.5514562900818998
0.5523022527385241
0.5624879089163968
0.5524387310983014
0.5397820581307632
0.5485948881054808
0.562358306621553
0.5488001063165984
0.5478499353922553
0.5560925028006851
0.5787895620710861
0.5515935142090229
0.5623037032925582
0.5508471817456458
0.5616420027553747
0.5349673023472314
