0.4333078021279468
0.4267008038856637
0.4276855690839836
0.4379197616238813
0.44147673860135733
0.4162440514562789
0.4306583735908329
0.4541835230992594
0.4729012694336401
0.4725045181067549
0.4661336470071198
0.4501656270002151
0.46957055420111743
0.4421378372250828
0.4448935377202086
0.4432942244853247
0.4399457367022912
0.4327452831533703
0.42257647078426774
0.45179300620105173
0.42514837905681785
0.4372462495497866
0.45607109178903166
0.45605788764472976
0.4232366642598483
0.43084761257202603
0.4435803146255163
0.4415753085820581
0.4282792080494408
0.403842436255361
0.44947889718203476
0.45215584073087617
0.46090040347673994
0.41671799969294104
0.4565482900394374
0.44652564406187556
0.43862582058842703
0.44301955344710425
0.4256979745616988
0.4382277523866465
0.454708321681205
0.43098028087621787
0.4511333874359344
0.4538285186089483
0.46535766341049967
0.47126174169353124
0.4761279711481976
0.48787820240239044
0.45406436001064393
0.4469737781695229
0.4485185390919342
0.44169678254751105
0.45810682330780766
0.45625152590920065
0.47327692478226097
0.4431978659580921
0.43076392055441803
0.4349408433385086
0.4349745444455553
0.43359899706352717
0.460462510634572
0.4568389231246058
0.43563833104546706
0.4204486339609761
0.4389879794544412
0.4353234142109784
0.44466403931497295
0.4484753288844183
0.4597494118703517
0.4527640865224202
0.4509157749747565
0.4356247574820544
0.4658119518765805
0.4519234697486145
0.467014148852554
0.4558261973694827
0.48365740586235023
0.45981415992833136
0.4715191783490356
0.4741895465052852
0.44821824359701334
0.47402053660265236
0.4564361733981384
0.49989798468672847
0.4556921386696145
0.46942260209411063
0.45920306413563633
0.4690483083149145
0.4339969246480852
0.40634252718140823
0.430944739426621
0.4247658410816975
0.446165281593937
0.44891798045953535
0.4357881170602146
0.4477815455804064
0.49080799922374435
0.4408446844259755
0.4489230785868568
0.45138298824941325
0.42537894710000246
0.42294632662634496
0.4511271243403483
0.4399490915103077
0.4185729356173703
0.4516871224954871
0.4473861529198044
0.42580795765333157
0.4464820893775764
0.4356741514915675
0.4547598681309285
0.4443468814345262
0.42529273738728796
0.44541818079364526
0.45154459618910675
0.4391641631189861
0.41448277495157027
0.4429467805693173
0.47193655138432694
0.4605789097576369
0.48066422409469894
0.46851322006812735
0.46013016267281703
0.4526065847996678
0.4400863290453269
0.47317278755038333
0.45108832128241
0.45951518076837
0.45566053781472743
0.4365662733481929
0.4273807983216795
0.4074105820119705
0.43688647583729895
0.44523015335352706
0.43864663785028163
0.4420636534462801
0.441681547058743
0.42293961570414484
0.4307927686421347
0.43370919619192927
0.43311970400975336
0.4459408108661267
0.45930096798193637
0.47492981924105393
0.4633923657174625
0.48409436775632697
0.46454009872033125
0.4704712960908926
0.45829375640115094
0.43164758251288254
0.45192522974862975
0.46747096724165055
0.4592933867396369
0.45165920825014827
0.4524113736221387
0.4614755884082027
0.44982841676615437
0.4336616065779462
0.4451166869063521
0.4518338419021892
0.4579448158040364
0.42297182478593065
0.4262552125234172
0.4467443384538242
0.4450141599956024
0.4505398886284047
0.46124059830344083
0.4677176902452718
0.46889378706505597
0.4593617860178955
0.46302432717864384
0.45408209633504665
0.44241085749214654
0.4416677195151205
0.4666613720765555
0.41377484989065616
0.41431666560216884
0.43135228833925887
0.41743222850556333
0.44534745241448975
0.45129210223050553
0.43352454810869856
0.43320217556778146
0.4333069468868093
0.4655423340275461
0.45619529576200624
0.4594009792853494
0.4426851157240299
0.42674978873046054
0.43859258875168394
0.45095071531976927
0.4358282780207006
0.4569607062897554
0.45206627762834123
0.4377494447656245
0.44505020965086
0.4812195245794352
0.4552575684688975
0.43207554543169985
0.45657341138258234
0.4703793229898631
0.4654532849483406
0.4559722201816422
0.4741796452098281
0.4736268729432228
0.466008798988548
0.4387097643493971
0.45384913432687485
0.4540231112109162
0.4531616223475881
0.4600602405945309
0.4645932542806244
0.4693687035807468
0.4524529880925469
0.436123368060119
0.4584872507044492
0.4520689684767158
0.4644333270154569
0.4678197513915742
0.4489321161494861
0.4648707029896578
0.46197519458957315
0.44339922636500106
0.4616903424380696
0.4322967727623966
0.45620317858028137
0.48018353485795046
0.4583901203068614
0.45426011405467925
0.4446958442092493
0.4578042065475625
0.45745394207709905
0.4753750731733538
0.45609869713387474
0.46643372872727
0.4721271622852505
0.45028064447850047
0.4372486670308889
0.43112485718126403
0.4209665377028498
0.46373450847452463
0.45102037181428073
0.4326510349683466
0.45674131128539275
0.47078608477122147
0.4237087097573785
0.4288346612636482
0.4538739908474075
0.48006615699700184
0.4479956548633034
0.4872943721384709
0.4444148616314521
0.4408319984955584
0.43050482621367964
0.4409307330237322
0.45518302039870323
0.4546321384841451
0.4515075076821228
0.4494054407958778
0.45309284078436446
0.4461101443642571
0.47338866768898974
0.4766345605034282
0.46350438970533986
0.4447723542731927
0.44401805935699296
0.4583291639208467
0.4504492705493656
0.43483114766851283
0.47573077364169436
0.45075953212489517
0.4329154143628008
0.47437344359764405
0.4409904874645389
0.4836717963542644
0.4492189647581507
0.4547247874273823
0.4909135017751356
0.47077241432056416
0.4848042743141013
0.4545672123317971
0.4474820631453836
0.45366624283713947
0.429031810005828
0.45850297566754317
0.4608882322616249
0.44921351616049804
0.4545847264105161
0.45121798937997554
0.458863609725284
0.4610454343550945
0.4500626090249498
0.46831478987099556
0.4767940108060244
0.4655854095782772
0.4600900243249643
0.4477680764042045
0.458857206994119
0.48866761176324347
0.46325519047155617
0.46437996015003247
0.4547460709059764
0.4271819215133132
0.4674840825902213
0.46793364152417266
0.45276470302873406
0.4401547386708603
0.44125688078290454
0.443383928960491
0.45777230815236536
0.4547108604017816
0.4531167513465419
0.4501724210889374
0.4643957395990829
0.44893776370019245
0.43401547781127864
0.44773461618432603
0.42913107189592065
0.42739400234458147
0.4482109058207045
0.4323599592097166
0.4544056168848155
0.4599042096803172
0.43969188473814996
0.43761383962205563
0.42613045595532567
0.4613730469028524
0.4547109493067742
0.4588719523857479
0.45579166508475183
0.45270485413697364
0.4575155115976533
0.45243866449246406
0.44610865641881103
0.44973535140566984
0.4326889431646725
0.473882535406269
0.46463900738235225
0.4508740424861884
0.4471892717550185
0.47528739240469736
0.4582259359901008
0.468321349678513
0.45395490491145646
0.46854176369058886
0.46378645664766593
0.449757128359561
0.45947605763957844
0.48233000926463243
0.43491909313453525
0.4792612719428059
0.4761522624025494
0.48065241994120383
0.4691079804601672
0.46626308600525224
0.4356586234379934
0.4562042713443103
0.43925406793721966
0.44755294761040204
0.4522383229795621
0.4281864652628947
0.42985594249743414
0.42919953556534834
0.43287071389624127
0.4449515596814187
0.444255109903983
0.4545225648071306
0.4514896019623474
0.43583853605025324
0.44466880994042374
0.4395242366769065
0.43850071256421613
0.46059199360457004
0.4509238441552291
0.41293632529592916
0.41736266825322893
0.45449460644045553
0.43911723875166625
0.4286293424628383
0.4319573809606584
0.4651627103902688
0.4714820558813158
0.46204090587725943
0.47971759241118145
0.4489523158325816
0.44013898028159215
0.44389760312763654
0.4796587621193663
0.44595576358033623
0.42697899291603136
0.4277482291273289
0.4354508274705873
0.43767841394837753
0.45241841119202386
0.4545245933819272
0.4347471846413573
0.43567031803657136
0.43404547978739594
0.45877357951753706
0.46591263458788684
0.46869726400690936
0.45607121001000644
0.4495904698261257
0.47712224063133835
0.42519451492835525
0.4334631214755778
0.4245725535931088
0.4496848745794753
0.44767210898928195
0.430579595740991
0.4180225711451946
0.4751043180397867
0.4478007636968527
0.4481816898294381
0.48470380845181804
0.46112318067051355
0.44262024960092045
0.48255964516470734
0.4615791571591886
0.45825463017244566
0.464677639417149
0.42965524573326236
0.4323272757556998
0.45490353683922613
0.4471083499518976
0.44055385846715284
0.44442773430223104
0.4341905927052328
0.4319099214315444
0.4288170726374909
0.42645352035123657
0.4474481510528189
0.45232425189040854
0.42777627960625136
0.4558139381714422
0.4485632385411664
0.4650072517165599
0.47110673316014795
0.4561330755715428
0.45349934568297867
0.4615639720327086
0.4735577491444114
0.466481227117445
0.43203231320831237
0.4658690897967199
0.44265041633168023
0.4342409893739569
0.4494680163192731
0.46104283893246933
0.44348406968970894
0.4597688810498855
0.43239511951434384
0.4417394205231066
0.4288507842174109
0.4448940139855497
0.43592961951975756
0.45031448903758103
0.4686121870068958
0.48786976353519346
0.45034565125365783
0.4246547070110527
0.43315841720495746
0.4331112637176055
0.4466440682744773
0.4643556631673637
0.44605973642989544
0.44707040479887095
0.4659514360794915
0.43500670853453505
0.45719014085506654
0.4310793597911547
0.4437995110791394
0.44468879861277927
0.4292178656019841
0.4548947524429301
0.44724226704989395
0.4467700191056067
0.4471250894497577
0.428715890982555
0.46544598154697636
0.4665444050822387
0.44818186419229705
0.4479022958166077
0.44590411464734153
0.442567955815125
0.4421612548701978
0.4436572266585409
0.44382516606696376
0.45103917460242343
0.4547349132239492
0.4452608640001726
0.45706952092073355
0.46327302480509075
0.45573569201073477
0.4622735606006176
0.45400628696141715
0.4481561827910607
0.4697224921066519
0.4729259672606633
0.44796956045883307
0.42094869507266947
0.45096144166500546
0.433135014290823
0.4533263303135295
0.436887865477852
0.4248570745857217
0.4423436260135315
0.47112575202746776
0.45882956210833414
0.46536098132181736
0.46268025783331357
0.4617437229361671
0.4568889682549515
0.45740694263945264
0.4614430053274436
0.47299891585505066
0.44957748206872394
0.454391052287754
0.4703259984633955
0.45175465581554297
0.4334793238909838
0.4572761976636295
0.4741438528338936
0.4450894406822851
0.46112841674521504
0.4615024166806868
0.46632958267870256
0.49110372141110786
0.4525740853984725
0.43243990948385885
0.45217051655774737
0.4535515273921579
0.430471364602329
0.4275028947744111
0.45243399046689214
0.4202349025422875
0.45121372233527923
0.4457428337727439
0.45156893094757683
0.4333673791238277
0.4516119533267682
0.4708928975774095
0.4519430669320864
0.442881313412735
0.47561117214634346
0.46781013421977397
0.4490222452566642
0.4287026100427254
0.4308427586699054
0.4301489875353902
0.44151076296135194
0.42731891945425415
0.46566327630449184
0.43661107043199715
0.41970728376065736
0.4080488392561449
0.45021474644408815
0.4263941041324905
0.43666632049249376
0.45499897657101596
0.46157906090516954
0.4581340693160294
0.4669283673933502
0.46750357055042685
0.46672512959634516
0.4496931024846875
0.46351108215465375
0.4549856832336053
0.45608642462498755
0.4663313754013778
0.4518153280668355
0.4845411815199298
0.45225168014368217
0.4544611599780038
0.4715618948549772
0.4578776294888759
0.45397042746996186
0.42565039924136944
0.45402829917907195
0.42399338373954004
0.4465505921941568
0.4332056838961633
0.44492551685489706
0.4721458898593842
0.4540077208067134
0.45039262037791666
0.4518589516179851
0.46200997162288565
0.4385030430194419
0.44144280964849586
0.436329955669553
0.4423259567783082
0.43010890950693986
0.4604295620572026
0.4861347881243468
0.44976608659023276
0.46903886693965224
0.4338022035476192
0.4234923251349369
0.4528469874195724
0.43835240534522085
0.47886781973210907
0.4494764033305828
0.4491323013837444
0.43178870803627045
0.4465802864144653
0.42846072535054525
0.46069872988509797
0.46605711546347656
0.4523517781160457
0.46557054951362475
0.4732596545392367
0.4640836119498218
0.48872429974223996
0.4413613708968207
0.4855705102167675
0.4533196998463205
0.4819565943466222
0.45939640018598177
0.4299498736660024
0.44262013249467264
0.43091794751764984
0.4424423356720334
0.4435934131748662
0.44067687980229053
0.4437462566222505
0.4604435671245797
0.46974739862030496
0.4609248338580416
0.452328966447659
0.4346885145243774
0.4523407770335864
0.44352921627017083
0.46947145940171237
0.48884434269348315
0.48452497223513147
0.4539891881518001
0.4465829956453519
0.4576778288354557
0.48191013405115
0.456308708882152
0.4667310329965238
0.4564740527562215
0.46953318508127295
0.46981976905211015
0.4514247044092448
0.4265616791112784
0.4325029159297475
0.44693263195688104
0.4588469846127733
0.44049920498491424
0.4637489953581557
0.45347758969804497
0.4237040215684976
0.4757836569224054
0.42827147579374936
0.45817819249940916
0.46713874947570677
0.4586750577262934
0.45554451470982166
0.4598026598783429
0.47047384269647935
0.45777598646333834
0.44502604616768177
0.44999725678240415
0.42949008406281924
0.4505424790789989
0.4318510440015181
0.4288654033560187
0.4365218460679698
0.4259387733951225
0.431155143567638
0.4508432680265893
0.4356062509624404
0.4579010151905095
0.4426586688281733
0.45898025144501997
0.456652440595202
0.4577067430866083
0.4307169317177863
0.4712052524547334
0.47717961715335266
0.45265616832396094
0.4370295589163608
0.45671247442176
0.45239603729957745
0.4531801617160623
0.4327259064653459
0.4367169382616668
0.45185159767945715
0.4407285737248918
0.4397325047598384
0.4536472777651828
0.46129419630567764
0.45626595936219166
0.44963809234891683
0.4678306612116495
0.4772138722750613
0.4252672773337837
0.45629758721606767
0.4549707170757477
0.4935254352203766
0.44872958648544853
0.449947906680137
0.4417012505159822
0.467853360757454
0.46826749710450916
0.4599841894125174
0.4718161464196667
0.44988892974257755
0.46652248736713087
0.48020586234439167
0.4372108034313799
0.44407310958206214
0.45956875239023004
0.44279830767543826
0.44176440799857414
0.43860924594553574
0.4201962917006121
0.4614392396622735
0.4616996537271181
0.4488393399559715
0.4636845982548886
0.455918037005021
0.4453202095919923
0.4610785425005641
0.43159955095998354
0.4246317598104473
0.4422830936223176
0.4577970364761214
0.4498935171480715
0.43314347355965943
0.4457551236994348
0.45078216202294086
0.4574692962680069
0.44883299598289106
0.4252021101684562
0.45260750932194443
0.44377749156978674
0.43901712344166216
0.43293285819785143
0.46708767751088437
0.4841623367417778
0.4447565814383372
0.43605304221175417
0.44788556547118763
0.3927855327231417
0.4487742380409956
0.4321338667764732
0.43239561463518944
0.44641775529103106
0.4245683725653087
0.43366320626879995
0.4593764415680364
0.4425053017583033
0.4444272823890363
0.4530794304082731
0.4581102828626628
0.4415082732456827
0.4588132320883245
0.45425806370638705
0.4709704099645805
0.4498049013636481
0.4749489411642817
0.47159395106745716
0.48252691889404903
0.47980635483557854
0.45847404221721
0.45446384465075623
0.44384854475394947
0.43165005595806016
0.45838728321623556
0.47172050793765236
0.4560127950387632
0.4548374159192419
0.4425257761918655
0.43739130620622635
0.4374858690811228
0.427599158248305
0.4434503273208834
0.45101058930041454
0.4370669102391497
0.45082364744484477
0.46130022734431514
0.44923545490943945
0.45252277836059174
0.4309277347408383
0.4523790308701395
0.44208930314999195
0.4308403006625771
0.4295741591947438
0.44624351862750894
0.4649852036833715
0.4565711584410076
0.4482949536320567
0.43908825730927153
0.43196028262579766
0.47094549108498557
0.442614140766126
0.45218814338621144
0.407248698718064
0.458183422704632
0.45132380869188293
0.43772204239339907
0.44949303686570174
0.44721248500528
0.45138392537937255
0.4619070119847423
0.4537358985369433
0.464253283380594
0.4650805008201069
0.46586499685382304
0.45794255398591743
0.46790627937643214
0.4627790421670018
0.4407756836605515
0.44229993622188096
0.42898991263802094
0.44844461549767145
0.4453484065563711
0.4412975048202635
0.4415363614176113
0.4774153392092095
0.45254447531313
0.4688498727246041
0.4158642856818054
0.4514098588450881
0.45458533678480806
0.43711050063813794
0.43447797508864017
0.46964871111341094
0.46614504333633505
0.44091962921866357
0.44609262131449295
0.4531485185984773
0.4478742009679459
0.4466666839952116
0.44076428944930796
0.4380363516564176
0.43641046010546103
0.4622239517656046
0.44486410842929014
0.4589200165684216
0.4643992353282282
0.4460233493581298
0.46004844050130345
0.4781872501794387
0.4467708598431407
0.4297499138599921
0.4658530171410772
0.4787776684614621
0.47829370181021524
0.4565874404160546
0.4599758517895485
0.43562550408014816
0.4482123374603236
0.45654212159486113
0.4316778013310146
0.45246425885788255
0.45084514949952875
0.45363093992908676
0.4591452969076248
0.44816410697129505
0.45973602475214886
0.4604272668190362
0.4657871151775339
0.4682171072761327
0.44572809120655704
0.45932614981422637
0.46738457730018046
0.44496883439666024
0.44088921795600783
0.4749701820442766
0.43826104382363334
0.46071743845576607
0.47514777048095247
0.45243000075049133
0.44703136315169395
0.4734247909750927
0.45075760847848134
0.4443803099677617
0.4276005186408613
0.42819960918616135
0.45711235182740234
0.4604641147953173
0.4610713608317762
0.4528256894261647
0.4340319457303451
0.4535465310070117
0.44222323310266953
0.4328388508868506
0.43736350827897563
0.4447642568620882
0.4156497712340978
0.44739909282598006
0.4620513649272882
0.45408804867145086
0.4431066755247734
0.4477878414705603
0.4485028310341815
0.4599811672549015
0.4513249877119919
0.4334604461070634
0.43716856778471314
0.4433802047113725
0.45314450703992704
0.44486879129393053
0.43851373238595176
0.4267405528631446
0.452570946655439
0.4462963696493548
0.46045091841011515
0.45513251740041877
0.4337361724316156
0.42931800839678186
0.45782295971296433
0.47680604476370375
0.43614420575441276
0.449708819409879
0.45076389346806767
0.4392995601229148
0.44052783839488224
0.4471376346390933
0.4620748126465028
0.4467913215439363
0.44264299279900116
0.43517667903417434
0.4366673441673272
0.4190619534107239
0.4079739711046059
0.453042513067123
0.42581063675591574
0.4235324536797746
0.466117945264649
0.4349649989985531
0.42832139699897226
0.4335430629776567
0.4632743750428315
0.42544964227982723
0.434807839201766
0.4645348719608999
0.43306162531430903
0.4517143216568488
0.44867722229345697
0.44329294696852056
0.48652066822813966
0.4542132974749109
0.43321126391721726
0.4510548059977716
0.4748328368745301
0.4715651693527117
0.4635635965373873
0.4426643461006831
0.4406506256628316
0.41906301304824045
0.43125683318526237
0.4327948249168321
0.45691134907469777
0.4673211437647986
0.4358113916500693
0.4522386873446768
0.4659607778825739
0.4614322839599735
0.44926221904589736
0.4417135223309647
0.45635475248749163
0.4558518127118541
0.48884185200012725
0.46025197097263026
0.47386572209084854
0.47056054667307634
0.4788890682715142
0.45490097150474257
0.44369594104551824
0.45095235507281123
0.45629667335496293
0.4593666794252315
0.4593353703110237
0.4470448885836464
0.43181903079827727
0.4315087623579954
0.46255136597206836
0.40660446901786923
0.4194799365253864
0.41794488971633814
0.42845808932558804
0.4731628138990205
0.4984407264170098
0.4844874600140522
0.4782348479315799
0.45499212712439724
0.4513023656378942
0.43391755696187223
0.4527147881181266
0.439607352705572
0.43909837627328463
0.4368309387265744
0.43743160432799133
0.43012623217958784
0.46702204722177326
0.45132433468034716
0.46155650923756936
0.4591852083495999
0.46174367859002524
0.4551377741037231
0.4430012046974003
0.42646900107024843
0.47114333554562304
0.4262253309277871
0.4544453439137716
0.44000555270328
0.4745790377429033
0.42993129346162234
0.4520194716833647
0.43977323738189
0.454114693781948
0.46413041420268614
0.4339826407916033
0.42369349751896285
0.4633967136292899
0.42199897199873715
0.45377432232753856
0.4433581355860403
0.45299320595386067
0.4198616201403184
0.44965888467475723
0.44188298383286595
0.4601845809022595
0.44749532691635413
0.45048046808621206
0.4527408389516964
0.4581382494478895
0.43298293357488077
0.42334272735876344
0.4363930937862499
0.45405788811837355
0.438589387240757
0.47419322781360396
0.4413078667329217
0.48901204463523684
0.4201876288976762
0.43660405526173834
0.46731265349138007
0.44392408810298994
0.4423594161603914
0.4263272035229169
0.4435746345298628
0.44827696061779104
0.4468451427370787
0.4541054914194537
0.442136441636996
0.4378246273174224
0.4482208261495502
0.4454175409732623
0.42461220191645555
0.45079935383972286
0.41504959366957567
0.4141963674728633
0.45018170972951727
0.4274528171070074
0.4234887991254886
0.42502781238600584
0.4590807152310017
0.45550688059480765
0.4698827159100549
0.4769971162923187
0.47143151997730004
0.45225602201207654
0.47402271846943245
0.44532948734396166
0.4177296678557826
0.45683344079507704
0.44384328214530394
0.4190635906374613
0.4268249166640687
0.43129721463288895
0.45794972449124877
0.4231031076954736
0.43201773642402014
0.44132121788634476
0.4389698764974043
0.4508828163332747
0.44629404109203535
0.45756677910430216
0.46506763823867425
0.4230331799508145
0.44977802414995816
0.45028529012205337
0.43455693173986104
0.4265124863812669
0.45934998673849625
0.4707093248657914
0.4661006913619713
0.42932855764199024
0.4452992967695027
0.4448207854447537
0.45628695954782306
0.46150699705881043
0.47799633049854484
0.4329291790298567
0.47057946423436187
0.4419474897903646
0.4440612882440586
0.43521010340785593
0.45025877909324163
0.45996402418748
0.4761765781600467
0.469484731262346
0.48480428240884865
0.4646422533197853
0.46810946586529323
0.42782633579091955
0.4290105738654012
0.43042437411606005
0.45312690074573786
0.4462039129107431
0.4641551586263567
0.45167035763626734
0.44874457115924665
0.43852648743619543
0.44325211340728166
0.47175301721063295
0.4624965660363065
0.4378929313320852
0.45672214514666676
0.46951774573422583
0.4328640988547814
0.44062743114098646
0.45627982752755375
0.47061821121371555
0.4687161388995083
0.47069590541875994
0.4413508670428922
0.44118387447676016
0.429804865976997
0.44167926303140226
0.45246592196693824
0.4434763066352417
0.4494262102476174
0.4339845868182652
0.42793162299672766
0.4324433361390037
0.4515326077002356
0.460259092760333
0.4362262747018619
0.4659767385232295
0.42963279385963193
0.43732547672905187
0.43727623707077584
0.45740483510407093
0.4191455170516623
0.439255721627753
0.4511259746876804
0.44954678240672485
0.444774292504838
0.4259102849145516
0.4441628548495663
0.43525213252573736
0.4500803304116748
0.4484291740995107
0.425199989860573
0.4269465228813841
0.42607548843388815
0.45414490241951544
0.45285585130868894
0.46771739881036156
0.47441587826402
0.4631938238785407
0.46310776232668405
0.4463291159270032
0.44473538997546436
0.43021721888651365
0.4696228261299737
0.43591188899094974
0.4493918864192456
0.4467914072802607
0.4604326886585425
0.48124900095849865
0.4703167027698302
0.4461914713796994
0.44381198683620965
0.4619613918318421
0.44318019964159266
0.4238208832197679
0.45522028527564184
0.43182649226980563
0.43693584423064147
0.4321511058055503
0.4351882970390795
0.45015051279480395
0.446311700058651
0.45421186409814984
0.4628968349477171
0.46860016861752773
0.44302767998097436
0.44657895204273595
0.43819039448874136
0.45007238007177813
0.426847991142437
0.4636869932090818
0.4539570190670041
0.49134648586808305
0.46200872901018175
0.46202696137705446
0.4418382876162944
0.4766807391494997
0.4647287990397305
0.4515440878292917
0.46657944060079964
0.4410260780997096
0.4557932153114494
0.438107152326881
0.4538051317616526
0.4451834376284288
0.43812881567546
0.4670295666274811
0.4280082206525978
0.4352603462185353
0.44333457991278213
0.45913959369598917
0.4664704930917716
0.4599821567271423
0.45327103800950147
0.42581198327763986
0.4511863832664822
0.44634556021832755
0.4768570964562963
0.4472032919348184
0.43827503853854505
0.4398670945351832
0.4682066074121557
0.4551882304288621
0.4544502142558674
0.4573442846615935
0.4325439313760826
0.46066158028078774
0.4496491458626611
0.4686688646042802
0.4373139226386902
0.46195404256583156
0.4366210985345049
0.4421091815080079
0.42207691055143626
0.42690703851918577
0.4436154410093264
0.4482931368947228
0.4166309704074661
0.426029681978551
0.4327548448521464
0.4297609273328521
0.4362916329785362
0.4279784708307372
0.4424896034327897
0.453369265587422
0.4424639741441627
0.46651802340819243
0.4891299948936746
0.4529346583609702
0.4264082205020639
0.4352659830423657
0.4309978837335778
0.4275347084216581
0.4492463432504405
0.416786586705018
0.43345073917667054
0.4486251443634829
0.4604165918618327
0.4522031528105068
0.42120128225833425
0.4176540503686944
0.427797682750221
0.43514798821956285
0.4411972802479125
0.4770450533244476
0.467777608553628
0.4579047314526527
0.45231815758608424
0.44277419458210865
0.4349578784436474
0.4552148138378328
0.45001859618154866
0.435495308166166
0.4131784115393095
0.4579350881578784
0.4332303364789345
0.46369074338364075
0.45970242125019495
0.4428127770964142
0.42939404059621666
0.4458009060130724
0.438916704952988
0.4736373670408892
0.44003023904943606
0.4583024059544251
0.4707991255410671
0.4717640420268631
0.4676863147006092
0.45710610628201065
0.42380836030894536
0.4570979603872973
0.4496161442611816
0.45452325162092566
0.44851829860053793
0.4291285917597411
0.45276755765977306
0.4668722868209435
0.45602574771032167
0.4782043610650071
0.47070191034782455
0.4428071769612104
0.4546023378201623
0.46232030652966444
0.4673726976365003
0.47139983576099287
0.45669497966778233
0.4606006024307157
0.4291812718462946
0.46902768781081366
0.4740696681957153
0.45773680941731093
0.4579025690807823
0.4407995681771237
0.44301462558038834
0.46790460032100917
0.4512877113069605
0.45689191279614666
0.4347057978899275
0.48301847292999905
0.4558915741490545
0.46632872838152173
0.46487059607130354
0.4471893722203122
0.456720018454746
0.4681626520079144
0.47086912172057954
0.4476844413189932
0.47003930879528927
0.45718170550588577
0.43518552932003113
0.4581508666755447
0.4546921607807299
0.44421865030506746
0.46141443888621864
0.4529085437172131
0.42981798311612407
0.46360858228602025
0.4575661499074041
0.44862360424881703
0.43605031487242174
0.4627918383299635
0.438068907014893
0.44921265646972147
0.46039338341369745
0.4484047028390079
0.46758193979462587
0.43579512262522035
0.4187245689547746
0.4574085732167905
0.432507822413567
0.4669679672082038
0.4541501287526039
0.4607701249645614
0.4604278438459099
0.41279836085493415
0.45846329802878744
0.47084382768005345
0.46942807003079684
0.45584867228639897
0.4588789874911747
0.4445064645247658
0.444415753864321
0.46407112620496027
0.45353568701967023
0.46806981852397156
0.4480975686830348
0.46503091345013764
0.4474203945471631
0.46182457812725525
0.44751740445541477
0.4630556220580863
0.4265634965165098
0.44981602417276806
0.45274239525271476
0.46072921621699947
0.4538185153636232
0.43964641489632195
0.4534686462957325
0.43961965247710455
0.4359799308549451
0.43006800544578316
0.43772772451975805
0.4861691683053916
0.46035478397094537
0.4506261309455764
0.47300550992541346
0.4539938185305198
0.45811294003432224
0.47693378648277546
0.46760149339376933
0.459201630273256
0.428769316855986
0.45711462951953497
0.45380802000477344
0.4740250264178037
0.46801165146989177
0.43933749412953577
0.4260932065992672
0.46013275271115794
0.446686782451102
0.43961161686353206
0.4490439065643969
0.45525402327904746
0.46154580257577854
0.45275612219746353
0.4249944992500129
0.46443772772909425
0.42890630506772337
0.43812374541019616
0.4197958429165888
0.4509903875438077
0.45317659097185686
0.4312793541890573
0.43251061307855604
0.45902412978136686
0.4423998749237679
0.44548836585014795
0.45136878356749277
0.4875932260832475
0.4469389619885892
0.4726108706455234
0.4483028496828709
0.44969567427208174
0.41766907849513163
0.46571482129637337
0.4612331955058685
0.4780723599731831
0.45935973380783
0.4496227902293055
0.43439652966278536
0.44909483712084936
0.4512857747407271
0.4349923572545627
0.41513743870981745
0.4584741760828001
0.41373698884138055
0.44005277055909003
0.4146935605475715
0.43108254697346754
0.4399008025731842
0.454921702615912
0.4288596918344474
0.44858342248487887
0.47371394672223477
0.46393819008528825
0.44648559830423673
0.41461073954236344
0.4618791536571715
0.4489530774976592
0.44516287657443226
0.43774603950516167
0.44774310164625647
0.4653449329485404
0.4324611124114498
0.4638917115475841
0.42106815140601905
0.43221978182226245
0.4615299912947396
0.44500910625499257
0.470082028687457
0.44257773923097077
0.4423831438857556
0.44674962551671826
0.43392394065867235
0.44586708330936903
0.451534866002196
0.4430960492378217
0.44075740403822417
0.4466822770093722
0.4181612235593736
0.4389544979703647
0.43924087811293544
0.43245254069819283
0.44552593032690696
0.46379403706431227
0.4374730470161482
0.45099653734828204
0.4721626229996936
0.46326395972731244
0.4696124444431214
0.4672053118269213
0.4467784494793486
0.469932948602913
0.433179980544945
0.46118333606251904
0.4449525364747544
0.4330270296293077
0.4567828595115189
0.4504739041975784
0.476094480029958
0.42978492556133946
0.44037795736338703
0.4608189013842019
0.42646414002829097
0.44215473553347867
0.4265210133703295
0.4374873132294826
0.4643585971941513
0.46658542906870887
0.47253746043276856
0.4626013648462716
0.44226800941513944
0.43842582515956396
0.4312029038161371
0.464015665166296
0.4338420703907544
0.4755350603990916
0.4667796498063022
0.43186669203884587
0.4595368786453981
0.4405482483822346
0.46555129075899054
0.462158549168867
0.4788722609130412
0.4756004405158914
0.48224889763062534
0.4786853943126852
0.45273494573637013
0.4500632632651203
0.4621294965585066
0.4459921129031354
0.425527282684148
0.44239078754898525
0.43535745806781956
0.4463240727406101
0.43691202389201156
0.44531934126294803
0.438399797836731
0.4379675766492571
0.4221402473984643
0.44299741506972873
0.4218513333139632
0.47231029340875097
0.44716183618425404
0.44901202980016514
0.4426574634920039
0.4608698358458382
0.46298915386124145
0.45282944920058915
0.4326832540003951
0.4303470718183073
0.4825456183604395
0.45872548542357044
0.45648117929584947
0.45098972504073276
0.46267409060925924
0.43710185940374385
0.46066710051871834
0.47128295507407836
0.4428372610338312
0.4681834422801222
0.4555525487601426
0.47071432999146673
0.46327848376924147
0.4709709086458388
0.4282311343587357
0.4491561247807166
0.4392155768751341
0.4547703404598631
0.4806199146486839
0.44623291711045826
0.47896609514229394
0.4646367844618214
0.4408569276720515
0.4244708988751229
0.4428448471802871
0.44148738995986886
0.4590413555263275
0.4603293812065793
0.42103817723594716
0.43414890820179014
0.44257048255883336
0.46275576161679977
0.46436764530418045
0.421124334043596
0.4317394575043191
0.4712451730894227
0.47372019547235816
0.4521598681135786
0.4476298971675709
0.48307138731355914
0.4477362003229671
0.45659272363254166
0.4719275988664737
0.44544712861831515
0.4627461864075349
0.4367486679232854
0.42806653817229284
0.45153106568518553
0.44117077997489657
0.47261860069056855
0.44202400339656317
0.44999318844264913
0.4541506544110152
0.44548475175493607
0.4432756434794196
0.4601816893188342
0.4620620469927727
0.466226610761737
0.44661192496599866
0.45591447344878433
0.4387813025450428
0.4408928917016321
0.47476268411523986
0.4493476424288498
0.430599128393445
0.438709391788242
0.45886925827420083
0.4437436448297534
0.4553960650088073
0.42083557946748595
0.44464029923793486
0.45243689410295274
0.45747875450560216
0.46795861802610167
0.44669415582874034
0.4548412034780061
0.45764609179320703
0.41912167005263073
0.4556981367461783
0.4507687644119715
0.44722723927408065
0.4515186705013546
0.4620523334639151
0.44445896431442944
0.46009267032961465
0.46472898603150475
0.43804225308316574
0.45319567844220415
0.4604770801654489
0.4246100807092169
0.4464201399036882
0.43004247000469453
0.4610445528521661
0.4628526713321085
0.44095845676986956
0.4583929065319282
0.41574550554312417
0.41239432697156697
0.42781059579563374
0.44500236452716335
0.4438193456939307
0.4463170201471284
0.45447651539194245
0.46868815822718946
0.489028782658029
0.44984426655338045
0.4447063120711076
0.464041212418548
0.44396599123556196
0.4439041437877386
0.46923490304257887
0.46142730171369833
0.457473879736303
0.46815557584022116
0.4538409795807045
0.4644767522640607
0.4611473751397954
0.4524276764192296
0.4261012375243419
0.4430115190472202
0.4375301691000376
0.45707853615998795
0.43907999655091534
0.43802579033746747
0.4435122485857446
0.45610003425111895
0.4685897041629586
0.46248779786405025
0.4400419107469343
0.45237403327114567
0.43655887925031867
0.432015070510438
0.43496610332599817
0.42247905663610674
0.449045168797923
0.47368929082445893
0.4541100712916394
0.4784655023763152
0.4695673101608156
0.44857036960292745
0.44128129619941553
0.44728222481945124
0.4547489465727981
0.4701372619327721
0.43791003731021777
0.4550468400866734
0.44415432104872965
0.44803200772821355
0.4645200752235741
0.45115918682296224
0.4708999904426116
0.47900810413509703
0.43470625048261413
0.46462285031819855
0.4411381343499738
0.4287325110658116
0.42646753471122056
0.4100744886516068
0.4101004093273049
0.4352965590659648
0.4210977871318368
0.4577192974072158
0.43589059277913395
0.44336511317511546
0.449758210985782
0.45542652172730747
0.4743182615085772
0.46443919880318263
0.49071537337811655
0.47679264831064516
0.4431442117740806
0.4444213539200837
0.41771818901625796
0.46601977403104233
0.46427851620304506
0.4841729423701114
0.4377981324847003
0.43594951183507896
0.4550323819515145
0.43293477930163
0.4562569096752063
0.44925258311020316
0.45477435741487776
0.4434818004391213
0.46028075846639566
0.4739979435693745
0.48824231099804216
0.44284759178381805
0.4570255679936274
0.4574694831546444
0.443123469364011
0.4421483697906427
0.43807979845536027
0.4583159900933078
0.46722799798369813
0.49742693726534015
0.4757788254997613
0.4537311736889145
0.45008821641907304
0.4363169465893959
0.46324553937019336
0.4436216927812671
0.46432067516723097
0.4783583632379796
0.4605025099658738
0.4594691776807226
0.4612752726589807
0.448980947750463
0.4478375271883836
0.46112535975699065
0.44345643198172385
0.4595351026436609
0.45175629204977635
0.45355052215979474
0.4330895346652121
0.45651431614090676
0.45215986079268583
0.41561843481920663
0.4452001739975802
0.460519175870903
0.4595944256926809
0.4678307031171669
0.4453532543982141
0.4073329438583362
0.4439892439787587
0.4283282536539566
0.44117247492713324
0.46077943704690594
0.44250946708354516
0.4310812935093047
0.4728395654360057
0.456076695898679
0.45474515713202374
0.4578160616033929
0.47286909039377634
0.4521944344381418
0.41893863910031187
0.4402115601350404
0.439968117811635
0.4577112765922693
0.4562282499406189
0.4614068653071918
0.4414668831097076
0.4619626611599823
0.46492497706074865
0.47306009218597467
0.4740695961408107
0.46263923981049826
0.4413157144903472
0.45074491304870556
0.4336442072281466
0.45210026934473074
0.4541889853366567
0.42382109886887603
0.44528461188185164
0.45425813166825657
0.4395859184003321
0.48505452373897406
0.4698835445611255
0.4578019122906759
0.44926579832907065
0.44599883209795743
0.43423414474585054
0.4209126113749074
0.41969890636367146
0.4300159772930933
0.40411209353316674
0.4312280553057366
0.43617468285353733
0.44898310448205503
0.4539943460384187
0.4548488815732771
0.4677931427672236
0.4359475370499004
0.47096562239781165
0.43944555464820445
0.4746607045045384
0.45553188880709106
0.44662141665914423
0.5007534946207064
0.4614163862165973
0.4564120328376397
0.4685700954365752
0.4376232688534188
0.44357887893001713
0.4778390034534553
0.4199854723894793
0.43351710060047566
0.439039361715684
0.42270791115537093
0.45562786818680145
0.40969291124240637
0.43873226249834896
0.4839839181041739
0.4455930239332183
0.4477423564882662
0.4585617675469269
0.45594656920184296
0.4560976112577286
0.47255551654744166
0.47785068596513874
0.4704957313091904
0.4598169149015683
0.4485493378401509
0.4526434581287254
0.43144643463101895
0.4399135634216585
0.45899548497112946
0.442210912087548
0.44754375066722957
0.4631114611926705
0.454008621980726
0.4292068983873266
0.4649281406669706
0.4739598314541406
0.46418935448796644
0.4504852128071679
0.4564758997463065
0.4261107889895553
0.4355955246693797
0.4193753543748935
0.45944684701356575
0.4561059397745194
0.44813485888519583
0.4674752945421883
0.46895153890503505
0.4803010474812394
0.47909581869491485
0.45917375228465845
0.46314465847802366
0.4414405635454577
0.43704291142864676
0.47002781093703094
0.4446670444586034
0.45460448459414515
0.4676337052197371
0.4630121422429353
0.4609861885369386
0.464903919488018
0.4483776129089266
0.4406363328892829
0.43522810057292033
0.43718086118602684
0.44078699423097556
0.45490626585518357
0.4368163070829447
0.44944876176103105
0.44277506705751013
0.4419206211753905
0.4683977701282815
0.4479150964346476
0.454592088177294
0.4498877640596098
0.4859809885706983
0.46732228910144924
0.4778262306162537
0.45803640919747457
0.45569264451261793
0.4437525142498805
0.4682976023610935
0.4550717944569357
0.4382459721299731
0.4403178411381546
0.44840356283134414
0.43615511135557755
0.46401444310828555
0.463792555508797
0.4618186433444632
0.4509932341632912
0.44301893711100127
0.4718316440913251
0.45319846754013193
0.44372846002313665
0.46457303591020066
0.4827622549710905
0.46145256953652025
0.45847877708613743
0.43469840798691567
0.43323436338422516
0.4580806628171629
0.46464716549831836
0.4501086826749603
0.4347332535705507
0.43063867646175163
0.42417714993346306
0.45884088488729957
0.45999327359319414
0.46431236068341963
0.45967122669266935
0.4629981761362278
0.4518030957038324
0.46446424925027835
0.45249901096567274
0.4582561262973514
0.46468946523941174
0.4528804111219299
0.4486773825290761
0.4516613950536507
0.4361822944837495
0.4463771627995991
0.4599078419046431
0.4483974823866834
0.45184946787653835
0.46687524843324524
0.42043436868974804
0.4350456384901118
0.44883017581878953
0.4505352985226819
0.4308900017234303
0.43724111243175995
0.42911624837961077
0.42116223237967493
0.4393284619065276
0.4447833523180507
0.44725730232769184
0.4768205088987253
0.4649409871286651
0.48148813086601383
0.4502100108784142
0.4480498777359978
0.4394413853169159
0.45667176493622685
0.45024022349549403
0.45889357966059857
0.45247580924663483
0.43590034123496574
0.43967329261107085
0.45103639971255916
0.44135012607838264
0.46053291195645646
0.4672410303308365
0.44370444358470995
0.46488539497264947
0.4103054466718188
0.4369697270965217
0.4212410161217301
0.4248614529632471
0.4088608715079526
0.4354948249213892
0.43366501347851877
0.44203163380555105
0.4463993143248686
0.45627246754329664
0.48379991260452565
0.4411065191166541
0.43719699069127865
0.4713609690993693
0.44678058496802503
0.4365253695309089
0.45490357156893635
0.4552199155493511
0.4316286215957091
0.41876651131752596
0.45871859802828313
0.4437140396248467
0.47601500550578013
0.46939848343246954
0.46630422865847887
0.475351604272933
0.48333702261261724
0.45662502370273933
0.46591726297287206
0.45018557225342165
0.43944402747611544
0.45483555420714916
0.4232042263369703
0.45278417268801235
0.4321936275493938
0.45120975290758486
0.45048965683409414
0.4561256480890212
0.4531319733390886
0.45991644612987004
0.4535279093121118
0.4741840608115801
0.4640337229158397
0.45690496806739656
0.4340111970424624
0.45647261695930963
0.45401999333868415
0.4743678781588957
0.46109609073034435
0.45131375396750045
0.45335023026200544
0.4465580598644475
0.45190230573940027
0.44139752567332574
0.47460508529503237
0.4854708336377821
0.45596616527306494
0.44264994687882364
0.4592804860230472
0.44569850432829516
0.4472231111724826
0.42716320292658655
0.4563816852651928
0.4651750373850211
0.44304710567797856
0.45066755441187634
0.43952815258867395
0.43804823007444205
0.44976679386696994
0.4396017549220344
0.4801912867568471
0.4811142380388687
0.45234330990984756
0.4572679891060606
0.42517347529338206
0.4564687142248703
0.4695947869426024
0.43691993821077724
0.4372701079881891
0.4384079805163096
0.46229986520351163
0.4319270746797126
0.44947413672081477
0.453184556068954
0.4549796244751316
0.443250641911601
0.4270669359488933
0.44159830581591314
0.4308017745651304
0.4598841658273856
0.44732131292056826
0.4801087772407214
0.4475112461966341
0.4550919496352871
0.4361841567793268
0.4489702209587791
0.44792397138292006
0.4517210212854954
0.43023078487459393
0.47318868263400643
0.47785667719896996
0.4347831593133265
0.44552825649487016
0.4373451389333349
0.45077442173816606
0.44631383908184663
0.45084041415162407
0.4443272843906962
0.4495872274970443
0.43272632866881744
0.44654934820651315
0.44120239473259215
0.44490125268974123
0.43439584060230435
0.44433356830996645
0.4739007351647528
0.46594205542030553
0.45938485993823813
0.41980777439480327
0.4532283492142173
0.4504304653978059
0.4375762356991148
0.4804823384112304
0.46645534283389584
0.451507034276522
0.4680276276479236
0.46023488403838464
0.4454106690337244
0.4406150923684445
0.46748275886762686
0.47879315261218364
0.47176109287196355
0.45873115976919987
0.46380254708133417
0.470273403213702
0.48022096474467435
0.43476405072083285
0.44068629488433925
0.4502768489693862
0.4646979949152847
0.43702693138481824
0.44731268859211387
0.4549937389582891
0.4669244211752374
0.4787659964590291
0.46714498346246325
0.4651268099341155
0.4545723709905656
0.45464366518141347
0.43015080273516565
0.4434818333826186
0.4422290887305898
0.4614776372721049
0.45079191511964306
0.47688514800544707
0.44406934902390205
0.4598629448973399
0.4790993966505423
0.47493580464589263
0.4773968689903145
0.46643113309614564
0.47713119518774433
0.44263911427771
0.43724928019798454
0.4646767392779751
0.4785857104420332
0.4403822019061753
0.4658066606461656
0.46269095159639817
0.4552094113064469
0.43290214753262535
0.4259310194805462
0.44761069751972554
0.44266895779747034
0.4387232188678013
0.46447711654935936
0.44091859805961525
0.46623637430092985
0.460703069042935
0.4607014327666753
0.43878088209473354
0.442857550244079
0.4631429832051268
0.46046416189606043
0.4601246297109532
0.4792467535789788
0.44774833485917936
0.4664528690894535
0.43974743868232274
0.4446347544516276
0.41786479595859277
0.48083579842469587
0.47566030705331436
0.43492152368691456
0.45623215102840076
0.4305483096026622
0.45243849976360173
0.4745265839683297
0.4670012024666423
0.4769739694661512
0.4792533236766364
0.4776401269677129
0.4548269152233024
0.45809391505777486
0.4369290308362584
0.4494014213960755
0.4354072166058503
0.45507505983046176
0.4534455513098412
0.4152657522627299
0.44915404688419114
0.4457761517309239
0.4325604823444808
0.4315706329166888
0.4242035436315656
0.4785411926956883
0.43367379516309357
0.4434317734276199
0.46923802864926234
0.4738989460522294
0.4658343991516346
0.46036405632749255
0.4222130828343008
0.46001928909771705
0.467754669761482
0.4784430314859966
0.462417892441325
0.4293104304232645
0.45956686040240274
0.44650623346127394
0.46746033626737965
0.46273775761232805
0.4715804866606795
0.4348182555720627
0.4516849965723113
0.44678502344961923
0.4780780322573124
0.4540770010582664
0.4655206419582837
0.4768472254907237
0.4457472886860632
0.4462112972255293
0.4595821126963827
0.4802339687621025
0.4628332173686704
0.4508917991248865
0.4621384489655339
0.4500558465478471
0.44726360590127545
0.4605854206069646
0.4481640850472301
0.43818711493852563
0.46506552757791475
0.4390778954618482
0.45555544897368005
0.4504574030688287
0.4453382942493639
0.46057038410714085
0.46749174814545824
0.446502353076664
0.44005096643525515
0.4393930946752872
0.4445711119681825
0.44360959013576884
0.4349975607147173
0.43976220395800547
0.42545894029726566
0.4590887080277452
0.455609908507982
0.45302274160746375
0.43854772930393127
0.4466473941367353
0.4199090671463991
0.4616282114157102
0.4670094425637077
0.42834865242457115
0.4562084370798416
0.429686382090484
0.4444186171150988
0.4593163597244979
0.44839593026360974
0.45978823260613627
0.4600418731032559
0.4348426566579011
0.4396155776502136
0.43486284974281797
0.4531013676657414
0.4557806104411481
0.44194877821684275
0.42838922661861123
0.44047462246216984
0.4542795826637005
0.4572427497259423
0.4600010912558222
0.45178825537436224
0.43816531880307324
0.45693044029368524
0.4628367335065315
0.4750967377014818
0.45995540564368786
0.460395491271167
0.4522611314571026
0.449768688194488
0.44482766061844503
0.42938516905949975
0.440299489236486
0.46533627613324086
0.43510591371511914
0.41346711909052614
0.45139976577214264
0.47190512012720404
0.46175521001520364
0.441907182180064
0.43530107079347985
0.45920613392009046
0.47441667138467014
0.4399078868561087
0.46307959185797803
0.45186636772753763
0.46432020374035954
0.45528954799461746
0.4413697084832106
0.4729524115775969
0.48703444615647645
0.4637045924116955
0.4699159235927766
0.4440742984583659
0.4483896234264982
0.4414238445522227
0.4611511669095327
0.46070689919337654
0.46294190593136064
0.45271619309160627
0.48507479917776974
0.46493015337129484
0.46013379476644173
0.47459683192926694
0.43472824829839923
0.43761558188212213
0.4236598972736071
0.42009182199195994
0.4694124089097324
0.4435286322340455
0.440973237016012
0.45850001852920674
0.44835350384086187
0.4617788459667622
0.44845673747321424
0.4562620798271796
0.46015481285103066
0.44473812619963793
0.43171074675807053
0.4487748270493405
0.4517705093640078
0.4500263521273962
0.441933289065234
0.46744751833615034
0.4403181991281839
0.4606878191930781
0.44276532637842686
0.4697428050466327
0.44763424907838967
0.4171098970352125
0.45301225715190463
0.4516256229759528
0.443145120040041
0.45077220574732224
0.4923702533854317
0.474229666685352
0.45801750226695404
0.46076555501222294
0.446427197389525
0.42489613798996667
0.45105072396328266
0.47347249432303956
0.4485197101777091
0.47233738014136795
0.44207384013519646
0.45104984381942675
0.46171875433600745
0.48336001213336355
0.46899643180478956
0.4718581661375154
0.43681481035816605
0.4483740796536234
0.4397488534692973
0.4702237515069703
0.45743852703446486
0.46146350752898374
0.4617525086923834
0.4630648204408557
0.4638877313037919
0.48122955808148943
0.4725786531249455
0.46378590553656973
0.4722471394369403
0.4514481307243723
0.4433544052694773
0.46911070297750274
0.4529173044176402
0.4462707968547159
0.42496404034200674
0.462317590172474
0.4569432889609041
0.4432023835552731
0.4522885418210847
0.463070972679155
0.4445853203325852
0.43211257224413296
0.4454191706746325
0.46155364699750945
0.45662830790560466
0.4377402939105454
0.45785510327033313
0.42852122505489926
0.45174470808629974
0.48358271710126477
0.4724728521622054
0.4628504952872927
0.46109988111718725
0.4329528537929427
0.4534253064155224
0.44422506707836973
0.4569424891542893
0.45279726628370065
0.4467616141897312
0.44997636089344717
0.4677130100165381
0.4566216808599673
0.4346286404215376
0.46069839901891624
0.4484962663058936
0.41216983496208304
0.4582014643122595
0.44375007868848054
0.4675219111140613
0.45871179062096534
0.4285473057921097
0.4468760535082239
0.43547202232047766
0.45194213324296156
0.43691186453930925
0.45655903805862835
0.4500602134220808
0.455765804328606
0.4481996119260324
0.4564024843811858
0.44946091574734276
0.48561877240962825
0.44405362997178305
0.4493435895880216
0.46113062450663167
0.4236929948452897
0.4436416653082067
0.44194321154122396
0.47209390909267557
0.4763460129279863
0.4435081231063409
0.4568412071782422
0.44658233075376697
0.4522558475420401
0.4508430684225869
0.4436141918237133
0.4237537350703269
0.44763273856906555
0.44602862122487436
0.43900853383454036
0.4198035384401447
0.46206937495188655
0.48687211394481095
0.46970072672147645
0.44302125295378
0.43407077077510475
0.433798241190945
0.44095367397486496
0.4820592356017349
0.44768965716629006
0.42809079770660424
0.45105726781621874
0.4503419185584861
0.4473294788809076
0.46598872855509943
0.4531307118256645
0.4522731093351142
0.4635278176296193
0.42959852078284394
0.4641412570305513
0.4209635838703175
0.46938577235151496
0.4567588457747649
0.45259213225245487
0.44468560320751793
0.44806838018619705
0.45876780455078303
0.47042655025995994
0.47146404841827966
0.46504149525657773
0.4708635248944965
0.45951609217565037
0.4437047024862448
0.4499366142441889
0.45288670706349776
0.461857653933319
0.4802816555661851
0.4681208405865299
0.4604739632228982
0.44839975305932345
0.45144239119457874
0.4711200077125212
0.4453934649357025
0.43855904191909356
0.4361679776583255
0.4518645064697683
0.4672087312355577
0.4664818782302884
0.46657484155471224
0.4441807879418313
0.4769656328863537
0.46734968652232206
0.47307459774557536
0.44265665939170634
0.46960152538781663
0.45710986788147345
0.4278382066328882
0.45925756773704013
0.4611926090102186
0.4610217910955903
0.48500486763179473
0.45498480849100553
0.45897188750553086
0.4367183440012373
0.4617477688899885
0.45185227157516383
0.4546088215267901
0.4482603195719818
0.45579042332929104
0.46815321000596954
0.4242810782063811
0.4558768772402275
0.43549156923645566
0.4541506826958217
0.47085259041121363
0.4230625320514175
0.4342289979317297
0.4369104376904835
0.4710441281506461
0.4532282749148595
0.4589983909292732
0.4458976708698174
0.46001180062192537
0.4760215586129259
0.45630400109498764
0.4434255807148814
0.45049864728228334
0.4478286512732185
0.4584967881589252
0.43946577048588886
0.42395315931249394
0.4517338846439945
0.39782679534603843
0.4258660783646563
0.44601049919285785
0.4514260069738883
0.43670535626957624
0.43724432272747643
0.4390054390225332
0.43315934595000083
0.4612587182172378
0.4455290739798225
0.4550407989677775
0.4634981531893039
0.48014472505863387
0.4703930043626246
0.47059940726140054
0.45541938883599703
0.4562048627827652
0.4389885692564305
0.42783066359306476
0.45427785540078663
0.4496558643158447
0.44865167410451123
0.4681195824803307
0.4266454856182835
0.4321445268596556
0.4496723435442949
0.42861403150209865
0.4334688525109027
0.45138223481181805
0.44612418196480774
0.46495846340106245
0.46114226253682067
0.46477830304247897
0.44343321781002165
0.44642248632074943
0.44794316221712716
0.4281189647569837
0.4461553075841282
0.46687549978183973
0.4632194097380246
0.45467464261881324
0.43447178783003454
0.4322795477676559
0.46038545057069713
0.4425972588952701
0.4478181250370454
0.42425681951936295
0.419362293422008
0.4438033601444303
0.4236718703368771
0.4298478460569374
0.422711590850481
0.43715500026392223
0.45553801522649906
0.4361664780801415
0.47971932453354116
0.4830253440737587
0.4763844936564096
0.4697922252005693
0.46190675709807744
0.4677661946577583
0.46286922584378837
0.446600820156327
0.46537295373939935
0.4750400057528274
0.4610878996571037
0.4628841284996027
0.4687091388896984
0.47121386875350013
0.4615848485686906
0.4647495906428805
0.45849215163868307
0.47283089951424284
0.4631195615180121
0.4549642936269042
0.4435472192787366
0.4724960207376933
0.4676340141761587
0.46868735587054927
0.4477921848017083
0.4501104137547139
0.4514449587315415
0.413008545900079
0.44110769852526027
0.4428172447535814
0.424463228318443
0.45138116692847274
0.4681342883243932
0.47672804116697154
0.47847184602497456
0.4351503670959998
0.45664892487165365
0.47671164395951904
0.46174329752166254
0.4329906384485512
0.4533011825921069
0.46225092291356873
0.4566528701893264
0.45290347700390143
0.4394751336209698
0.44132740232023876
0.49002747752633014
0.4695917903318262
0.46414835559742185
0.4219322744049173
0.45557669414878205
0.448984053978978
0.4614687912385949
0.48173184913418976
0.4571937007391946
0.4389281235137534
0.4730130720178605
0.45068101943116384
0.4504763074912421
0.4274862058611663
0.4231189626701798
0.4250639442340704
0.44512949473548424
0.4591407948183417
0.44687598931054345
0.4571909569182171
0.4619200656664233
0.4515906074036466
0.4471362893912434
0.48474521712987867
0.4753076266076873
0.44538623674952355
0.442738539788912
0.4508866073806453
0.4499876552554633
0.4801833605434224
0.45648779697992015
0.45178653208023445
0.4627584261424502
0.45455709830506785
0.4517660998510315
0.4584204637436714
0.48660404617667113
0.4465860576591502
0.4325449388337038
0.45593032783997617
0.46021053393190126
0.4508136301605212
0.4689061478432041
0.4582942694161176
0.434738729005604
0.4422468703916051
0.4462445278061047
0.4787105287863333
0.44038338126702264
0.43901658805513155
0.4653614688905357
0.46434128779341477
0.45549888397635574
0.4505935887087741
0.4238243247573039
0.4350117579531259
0.4703871608415849
0.46511442669617026
0.45954241386985967
0.4443940473123514
0.46109028169496136
0.45223945160321644
0.4633916479085801
0.4429780874232378
0.4621971690126841
0.4547569584024466
0.4778566462468894
0.48611407860181854
0.45582737112319993
0.4412829703230007
0.4537764865803612
0.4546208412186497
0.4797630106134001
0.4730695504791412
0.4476937460425456
0.44023808488763183
0.4466025886848297
0.4705052845094208
0.4681468747641264
0.448395602590479
0.4641224446548179
0.4595680623522897
0.47132520699456176
0.46453054508807096
0.45504098062103665
0.4701257936415959
0.47130210466503974
0.4670341494448702
0.45518280034014613
0.4395068117508294
0.4795573976585401
0.447793753130162
0.4386922472471832
0.4345943935471882
0.459385413448099
0.4322744328241747
0.4356873314493233
0.4235806757696281
0.42369977434382666
0.42375992231657245
0.4291417933097621
0.45083864412412256
0.4601461387507928
0.45311218991666463
0.4272057688421295
0.4566852763048972
0.4566534861634925
0.41935223014895934
0.4413034101362306
0.422560955547356
0.4598603077835119
0.474667146006562
0.44880777691368384
0.4314785189719961
0.4487547753137939
0.46339066637796134
0.4415354370124208
0.45318384102634746
0.41846999122752576
0.4190615493323688
0.4697840683877065
0.46962672065872235
0.45148533355701076
0.4286295123621127
0.43689383610685
0.4461551436542588
0.4736134452256862
0.4345200227956758
0.440578937652507
0.4463478819518204
0.45727927494918713
0.43814252517226876
0.4518997290826667
0.468699288951905
0.4572612303567827
0.44281887435359535
0.44154988880528645
0.46067063885626286
0.45175091222392955
0.43054453609331805
0.457254121643547
0.44710596803103875
0.4122442893607264
0.4495250544035572
0.4536768840195324
0.44706821141963493
0.4472013834376459
0.426492394293223
0.43881471471127437
0.4536838217245354
0.435648753912125
0.44676647674572567
0.440340270462022
0.433630364642796
0.4324736419514786
0.43678243067541356
0.4553347606889879
0.45094195794753156
0.42184176031722437
0.43360742401422875
0.42665974425458764
0.43168225632027
0.437701824689927
0.45300415381548537
0.4473106066927854
0.44816635061001436
0.43907612493471215
0.45909266113949365
0.44052272128252595
0.43840156906668043
0.4492051157289472
0.4397880790618254
0.4281463149948344
0.4580309645460796
0.46011003830037106
0.4617823129582376
0.4688880990014651
0.45644610817679093
0.47456111312890187
0.44472373032839807
0.46430605661081187
0.45550094119736523
0.47189950587681356
0.46046092596576316
0.4465544021344781
0.47410857648259785
0.4336582741360627
0.4879959861507772
0.4451030497554441
0.46235965930473577
0.4518625066289257
0.4715909125435188
0.45219556388548776
0.46413378961248847
0.44453994491111204
0.46724837130623526
0.4656306109938437
0.4727375879294516
0.45736267122391405
0.4569434527812894
0.45917917066165714
0.4787974140456914
0.46819918859245807
0.45444536207041836
0.43906176284274473
0.4389113916316211
0.43654987651543437
0.4600330395208281
0.4245296336248929
0.44119523887125817
0.45403800254150867
0.44799385529418834
0.4435211158737941
0.46877617665384974
0.42954109353388287
0.4377952365861507
0.40911987862516114
0.43921601052695286
0.41308048084948046
0.40938573037831283
0.42273573332925046
0.45002462838257007
0.439654041559687
0.4448454260217623
0.45752400482891825
0.4503668323810103
0.4317056612261227
0.4419887783566431
0.4437317475239372
0.4784043825912946
0.4693646833984722
0.4448231536796242
0.46136370955408024
0.44181877366913896
0.43238442264466476
0.43613386491650014
0.40423937808760874
0.44795579637016514
0.45411863878722714
0.465939367482776
0.44361518534234623
0.4599017752708348
0.44931847165965155
0.45041702065216943
0.45391427613718566
0.46693957640245026
0.4409373473171105
0.4517765370112924
0.4411076996521718
0.47565982701143916
0.42830468367671853
0.43977975077899273
0.43206591690533924
0.46800434415110914
0.4424293386114369
0.44297203554722697
0.5035403054209847
0.43169992409357666
0.44377063979416864
0.45888902063208115
0.440131271477309
0.43562650274542264
0.4285970879500242
0.43130158554104203
0.4447801060792092
0.42353159102005977
0.44992473722096105
0.4452624277854472
0.47159653606327884
0.43333204364216626
0.4153706192831115
0.4537054359569261
0.4621513168818662
0.46939182607362534
0.4672276442560468
0.4562841396010389
0.4415401182808872
0.4349985243270322
0.474483472294306
0.4555762683618751
0.4652084007853938
0.4618958878977561
0.46143817486924377
0.42260783637950927
0.4370835031907103
0.43921412860677184
0.45381795568603145
0.43727523399625956
0.4523983563810871
0.45069763391152223
0.4594588487371032
0.4544464414257993
0.4403212800813219
0.4448599195925507
0.46289653200017133
0.43246451481077475
0.4289442393433074
0.4317568294147077
0.4529371010980892
0.4383697155936666
0.4341245234893019
0.43302055000498396
0.4340475298212414
0.4490806397574753
0.4471145945375248
0.43948316438808394
0.4639376916836847
0.447102882376726
0.4659857541550275
0.4594428844471543
0.45986378299850883
0.4610169419320908
0.4807853586757373
0.44923365070612603
0.4717351252259472
0.4497988701617777
0.46686468774044343
0.4658087975461144
0.451638812553926
0.4430095201147935
0.45436658079820663
0.45996934048519433
0.45440787759730156
0.4331781757292082
0.4330984462498667
0.445767636465633
0.4542388861736928
0.44470675786748676
0.4392843266096377
0.4201876674698914
0.4510445861909034
0.4486322445756584
0.4357425642979242
0.4481275542721338
0.42989951064687704
0.4137320885442897
0.40890689964819166
0.44983923877058607
0.43551417997749997
0.44831311595876244
0.4529498902791666
0.44491500181628213
0.45145388395608793
0.42953830719347535
0.46681891409951454
0.47108771825446705
0.4827224636535226
0.4698470709383251
0.4365263353073528
0.4754788057527172
0.45363383883829456
0.46286069785535094
0.46371275774681403
0.43012616621906213
0.43030543222702355
0.432238609796185
0.44281831429524415
0.43565001107968404
0.44705311467092407
0.45244474034543014
0.4330045759271589
0.4186619229846418
0.42082454753723886
0.4146690154478585
0.43087621036692525
0.42807290692770794
0.4329990172419686
0.42927084209835503
0.44138165312297767
0.45620339672788196
0.4383481070949557
0.47928895652831505
0.44655311162864386
0.4614700227407493
0.48757707909217807
0.46286031232884595
0.4683064975518293
0.4292679089919377
0.4658566789281076
0.45993709157319995
0.46169745707100346
0.4343160309317196
0.461080966125177
0.44286402810747394
0.4365204041424282
0.4323386365678144
0.42349599111035996
0.472757984998098
0.4378048802594362
0.4571589421337056
0.4663592535988929
0.45641604870212804
0.44456505377444483
0.4378315192878468
0.443720612624159
0.4683145830884502
0.445648667578519
0.4487069057220823
0.4315633503159726
0.4565993477958877
0.44003447987426686
0.46637884626052584
0.46559741762029555
0.44517128843392206
0.4654166215482304
0.4730356968386687
0.46911914415046413
0.4330343973048141
0.43001805053900927
0.43925151247708644
0.43763721822043605
0.432579047227648
0.44236696524385716
0.43832124662069694
0.4360360015936104
0.4504153449767909
0.4365238187922772
0.4416869391671504
0.44463975134902606
0.47602176042140004
0.45800827433682634
0.46789937291555417
0.44903994108069867
0.4937268822358931
0.48149418200435656
0.4604776282905169
0.4369995263028238
0.4572512214660102
0.45555081671841546
0.4619335190566802
0.43402630891807026
0.44702078112272897
0.4212048076849495
0.42105261786598586
0.41552761565149154
0.41795064077549166
0.4353051230551783
0.44657655913963246
0.451167558151188
0.43328286717724357
0.4358529997109451
0.4472112116982915
0.479141753272283
0.4615731029523484
0.47252258534316666
0.45708349189293124
0.4882955404321987
0.46921667189300514
0.4658612819517786
0.46520736972997556
0.4323578010497853
0.446171391010417
0.4657725937964011
0.47046836286932603
0.4595662083347373
0.48491711385678127
0.4745071809492628
0.4722027554816327
0.47683376541791694
0.4638516334040364
0.45317869290101254
0.4486579759776127
0.4724431185091312
0.44761284658230227
0.44321317521969683
0.45143355909443167
0.45548335308741
0.4598190147986584
0.4532881881007274
0.44677456034779034
0.4475912939063301
0.45804600123596373
0.4595703194863468
0.4503758029507271
0.4176474595259518
0.42190506620107404
0.4454620291568815
0.4404141378199046
0.4774802213268742
0.46457957781267056
0.4626049981140479
0.45869915765855485
0.46697910426489636
0.4804713186565971
0.4764699620755433
0.4713893360173483
0.44445904036299905
0.4768938296180237
0.4834789390467504
0.4567676756970377
0.4752902182099873
0.45169648033999155
0.4626275238421618
0.4546495408075445
0.47560193310105225
0.4481561934676296
0.43882278430245003
0.4600077651568726
0.44712314990344215
0.44205244053875153
0.4366711368660219
0.4353042482981246
0.4482791770923597
0.43221393481211184
0.43484473868995754
0.4395047258327989
0.4454451353185984
0.44742470031406295
0.4635298797773563
0.4680408590063702
0.44047243658985274
0.4388281719662373
0.446960392899814
0.4432227178511823
0.45446674035466433
0.4332072444432385
0.4502402294236242
0.4507935592775847
0.4765423294786225
0.4665340521685548
0.4455897466595264
0.4646357551186038
0.43234952524419806
0.46148981089738067
0.43349199894136
0.46592779594411343
0.4259573466487
0.44683268394679443
0.4658635861971999
0.4640066752420923
0.4157273177773195
0.43197042876616665
0.4467958642571972
0.45537764203308173
0.43811496567341657
0.45206655331696277
0.4447184879922839
0.4386498981612413
0.47194070659951687
0.46336705954448054
0.4630943576465081
0.4560511359729206
0.44359906786939207
0.45729177381181974
0.4495171120931252
0.4316724241985738
0.45137055784935454
0.46432866902166775
0.44382582784804725
0.4441559631226187
0.45407075294604204
0.49310990202083466
0.4523292240543107
0.46398765328171326
0.45749483144329783
0.45511885364631144
0.4209243100821853
