10056
20113
30182
40326
50461
60696
70856
81255
91528
101901
112180
122541
132882
143283
153629
164056
174398
184761
195114
205559
215963
226357
236711
247119
257524
267934
278352
288794
299223
309617
320037
330433
340892
351268
361673
372051
382457
392928
403365
413827
424295
434742
445193
455620
466064
476520
486893
497323
507715
518152
528661
539073
549477
559946
570396
580795
591301
601731
612224
622678
633218
643624
654093
664526
675066
685477
695854
706311
716768
727238
737625
748029
758445
768944
779436
789901
800362
810775
821261
831716
842160
852628
863070
873537
883962
894460
904947
915383
925833
936245
946729
957195
967715
978148
988570
998948
1009464
1019940
1030450
1040881
1051330
1061770
1072200
1082668
1093086
1103598
1114029
1124446
1134839
1145264
1155807
1166288
1176845
1187233
1197742
1208278
1218790
1229230
1239720
1250145
1260592
1271102
1281510
1292036
1302445
1312895
1323373
1333846
1344229
1354703
1365144
1375626
1386129
1396584
1407070
1417500
1427979
1438446
1448924
1459387
1469875
1480310
1490748
1501301
1511803
1522309
1532763
1543211
1553641
1564185
1574709
1585142
1595562
1605997
1616497
1626882
1637344
1647787
1658179
1668637
1679099
1689532
1699983
1710444
1720825
1731229
1741690
1752172
1762649
1773075
1783536
1793955
1804487
1814933
1825412
1835913
1846281
1856737
1867233
1877661
1888180
1898624
1909120
1919563
1930011
1940490
1951012
1961459
1971865
1982304
1992715
2003184
2013665
2024161
2034659
2045082
2055482
2066013
2076503
2086954
2097428
2107944
2118398
2128752
2139228
2149725
2160137
2170597
2181052
2191460
2201812
2212285
2222782
2233212
2243629
2254064
2264495
2274955
2285505
2295976
2306393
2316845
2327288
2337747
2348207
2358720
2369155
2379583
2390035
2400513
2410999
2421386
2431815
2442264
2452701
2463235
2473665
2484078
2494539
2504997
2515439
2525896
2536374
2546885
2557364
2567800
2578232
2588672
2599122
2609555
2620087
2630548
2640959
2651252
2661734
2672151
2682612
2693075
2703486
2713937
2724399
2734914
2745314
2755690
2766175
2776681
2787179
2797664
2808181
2818643
2829067
2839512
2850030
2860462
2870914
2881421
2891902
2902428
2912882
2923317
2933851
2944298
2954712
2965144
2975624
2986095
2996605
3007071
3017565
3028061
3038464
3048932
3059360
3069894
3080362
3090836
3101289
3111765
3122222
3132720
3143131
3153626
3164095
3174554
3185025
3195457
3205913
3216371
3226756
3237265
3247689
3258094
3268541
3278965
3289419
3299859
3310294
3320738
3331227
3341682
3352144
3362585
3373005
3383446
3393949
3404439
3414919
3425332
3435828
3446263
3456754
3467235
3477670
3488085
3498528
3509030
3519442
3529933
3540473
3550899
3561362
3571819
3582259
3592703
3603250
3613757
3624293
3634748
3645245
3655666
3666139
3676586
3687074
3697523
3707892
3718383
3728844
3739322
3749768
3760213
3770666
3781116
3791610
3802071
3812487
3822901
3833333
3843812
3854296
3864723
3875213
3885643
3896122
3906568
3917067
3927553
3938023
3948525
3958964
3969429
3979896
3990406
4000906
4011331
4021718
4032082
4042569
4053091
4063526
4073955
4084452
4094935
4105425
4115894
4126365
4136814
4147293
4157764
4168192
4178668
4189125
4199627
4210023
4220509
4231064
4241520
4251961
4262416
4272923
4283377
4293897
4304401
4314923
4325361
4335842
4346294
4356769
4367280
4377749
4388260
4398695
4409163
4419575
4430034
4440392
4450840
4461288
4471763
4482199
4492693
4503073
4513418
4523906
4534324
4544727
4555198
4565631
4576095
4586563
4597063
4607496
4618022
4628526
4638970
4649414
4659912
4670402
4680880
4691321
4701792
4712258
4722714
4733196
4743644
4754141
4764694
4775057
4785468
4795943
4806414
4816895
4827333
4837790
4848300
4858754
4869238
4879719
4890234
4900641
4911123
4921597
4932151
4942608
4953090
4963468
4973909
4984387
4994821
5005299
5015757
5026190
5036638
5047067
5057488
5067912
5078391
5088863
5099253
5109726
5120116
5130552
5141042
5151519
5162001
5172495
5182995
5193511
5203977
5214426
5224839
5235242
5245703
5256198
5266620
5277055
5287466
5297961
5308398
5318844
5329301
5339802
5350292
5360765
5371213
5381716
5392154
5402598
5413054
5423494
5434021
5444470
5454959
5465436
5475905
5486406
5496898
5507332
5517786
5528207
5538684
5549147
5559654
5570074
5580527
5591041
5601524
5611889
5622238
5632668
5643116
5653589
5664072
5674506
5684992
5695454
5705861
5716257
5726695
5737087
5747535
5757941
5768408
5778783
5789233
5799710
5810151
5820570
5830972
5841461
5851946
5862358
5872885
5883352
5893858
5904311
5914734
5925203
5935725
5946181
5956657
5967127
5977623
5988010
5998512
6009005
6019410
6029828
6040277
6050767
6061254
6071719
6082132
6092619
6103131
6113563
6123951
6134379
6144842
6155351
6165816
6176254
6186653
6197082
6207591
6218068
6228522
6238927
6249426
6259919
6270364
6280898
6291360
6301852
6312297
6322780
6333244
6343657
6354041
6364470
6374935
6385415
6395860
6406330
6416764
6427227
6437644
6448105
6458507
6468969
6479394
6489785
6500324
6510783
6521242
6531765
6542161
6552575
6563046
6573499
6583967
6594449
6604893
6615359
6625819
6636272
6646728
6657196
6667652
6678099
6688548
6699042
6709553
6720015
6730433
6740927
6751413
6761894
6772325
6782783
6793213
6803592
6814066
6824487
6834928
6845362
6855845
6866310
6876807
6887264
6897669
6908114
6918497
6928894
6939294
6949732
6960167
6970646
6981093
6991571
7002089
7012538
7022979
7033533
7043983
7054446
7064901
7075336
7085713
7096174
7106619
7117045
7127469
7137932
7148336
7158856
7169242
7179705
7190193
7200701
7211174
7221632
7232203
7242579
7253040
7263492
7273969
7284430
7294860
7305325
7315810
7326249
7336756
7347268
7357689
7368118
7378540
7389043
7399525
7409992
7420426
7430900
7441361
7451794
7462195
7472701
7483169
7493607
7504056
7514522
7524933
7535384
7545927
7556425
7566902
7577319
7587749
7598181
7608645
7619108
7629581
7640040
7650503
7660947
7671358
7681770
7692269
7702655
7713124
7723596
7734088
7744604
7755064
7765496
7775951
7786375
7796888
7807392
7817829
7828267
7838730
7849237
7859646
7870123
7880554
7890991
7901380
7911858
7922331
7932801
7943232
7953727
7964132
7974623
7985096
7995524
8005964
8016452
8026851
8037302
8047672
8058114
8068531
8078931
8089337
8099700
8110099
8120565
8131017
8141456
8151877
8162284
8172719
8183189
8193659
8204136
8214555
8224983
8235486
8245869
8256324
8266800
8277267
8287756
8298225
8308656
8319162
8329555
8340008
8350524
8360962
8371354
8381801
8392237
8402626
8413104
8423579
8434080
8444460
8454907
8465339
8475801
8486273
8496700
8507154
8517577
8527993
8538423
8548858
8559228
8569598
8580051
8590497
8600979
8611430
8621945
8632394
8642838
8653301
8663819
8674311
8684814
8695315
8705691
8716146
8726570
8737024
8747411
8757865
8768337
8778850
8789296
8799811
8810260
8820803
8831229
8841658
8852093
8862518
8873000
8883528
8894013
8904419
8914894
8925346
8935808
8946330
8956759
8967200
8977686
8988130
8998590
9009051
9019543
9029995
9040448
9050933
9061403
9071836
9082280
9092719
9103179
9113586
9124030
9134520
9145000
9155432
9165878
9176290
9186764
9197209
9207599
9218025
9228419
9238822
9249243
9259743
9270200
9280690
9291126
9301628
9312089
9322528
9332920
9343346
9353756
9364244
9374634
9385062
9395508
9405996
9416411
9426847
9437283
9447723
9458220
9468613
9479104
9489532
9499979
9510417
9520910
9531427
9541936
9552404
9562897
9573359
9583784
9594266
9604768
9615246
9625660
9636114
9646541
9656947
9667404
9677867
9688374
9698869
9709379
9719867
9730348
9740762
9751251
9761656
9772111
9782587
9793043
9803482
9813922
9824324
9834772
9845207
9855785
9866311
9876779
9887287
9897771
9908228
9918738
9929201
9939647
9950131
9960614
9971134
9981599
9992084
10002546
10012994
10023544
10034067
10044476
10054923
10065430
10075893
10086394
10096873
10107237
10117651
10128137
10138596
10148984
10159434
10169862
10180347
10190790
10201258
10211658
10222113
10232647
10243151
10253559
10263944
10274477
10285004
10295379
10305859
10316321
10326774
10337221
10347667
10358082
10368553
10379029
10389546
10399983
10410430
10420874
10431323
10441693
10452209
10462694
10473150
10483624
10494086
10504537
10514980
10525444
10535914
10546420
10556913
10567300
10577777
10588262
10598720
10609167
10619617
10630023
10640539
10650989
10661458
10671855
10682339
10692778
10703257
10713698
10724173
10734613
10745059
10755546
10766030
10776439
10786830
10797271
10807677
10818131
10828618
10839085
10849524
10859930
10870323
10880763
10891270
10901669
10912052
10922509
10932912
10943346
10953806
10964236
10974726
10985206
10995666
11006181
11016666
11027222
11037713
11048143
11058589
11069058
11079535
11090010
11100397
11110907
11121361
11131834
11142258
11152739
11163185
11173610
11184025
11194489
11204955
11215370
11225828
11236312
11246753
11257253
11267628
11278030
11288495
11298919
11309333
11319803
11330257
11340699
11351133
11361605
11372153
11382557
11392960
11403417
11413966
11424412
11434844
11445339
11455825
11466277
11476711
11487211
11497759
11508239
11518755
11529137
11539558
11549982
11560463
11570924
11581339
11591760
11602305
11612760
11623245
11633781
11644173
11654611
11665098
11675571
11686023
11696498
11707018
11717501
11727944
11738381
11748801
11759223
11769701
11780111
11790525
11801021
11811465
11821953
11832322
11842754
11853214
11863622
11874055
11884504
11895026
11905533
11916002
11926411
11936897
11947386
11957814
11968256
11978686
11989058
11999487
12009962
12020333
12030788
12041286
12051662
12062093
12072541
12082987
12093496
12103962
12114446
12124867
12135355
12145870
12156340
12166772
12177245
12187689
12198150
12208642
12219090
12229525
12239975
12250416
12260848
12271249
12281684
12292066
12302528
12313037
12323515
12333998
12344526
12354933
12365418
12375837
12386307
12396792
12407260
12417654
12428106
12438588
12449076
12459535
12470031
12480499
12490930
12501432
12511993
12522461
12532876
12543315
12553774
12564154
12574645
12585100
12595581
12606117
12616616
12627036
12637498
12647987
12658444
12668857
12679324
12689765
12700261
12710763
12721233
12731646
12742061
12752549
12763051
12773564
12783938
12794411
12804865
12815339
12825776
12836195
12846616
12857062
12867539
12878044
12888409
12898797
12909228
12919665
12930057
12940529
12950994
12961477
12971918
12982333
12992781
13003269
13013669
13024157
13034612
13045091
13055541
13066032
13076513
13086939
13097439
13107837
13118372
13128785
13139163
13149569
13160015
13170468
13180924
13191365
13201878
13212342
13222803
13233312
13243758
13254197
13264657
13275004
13285445
13295902
13306327
13316767
13327191
13337716
13348210
13358727
13369152
13379609
13390023
13400478
13410918
13421372
13431833
13442300
13452789
13463302
13473750
13484160
13494614
13505093
13515550
13525942
13536386
13546823
13557245
13567705
13578178
13588593
13599060
13609471
13619891
13630381
13640903
13651357
13661798
13672222
13682646
13693113
13703568
13714018
13724449
13734936
13745396
13755853
13766323
13776762
13787286
13797783
13808227
13818677
13829205
13839690
13850047
13860486
13870938
13881405
13891861
13902297
13912757
13923286
13933752
13944191
13954615
13965065
13975527
13985988
13996429
14006852
14017356
14027814
14038277
14048763
14059296
14069760
14080191
14090681
14101138
14111534
14121971
14132464
14142968
14153440
14163962
14174425
14184899
14195337
14205876
14216352
14226806
14237258
14247752
14258231
14268668
14279126
14289532
14300006
14310444
14320915
14331374
14341823
14352274
14362814
14373315
14383731
14394166
14404660
14415152
14425623
14436069
14446495
14456925
14467355
14477784
14488171
14498688
14509146
14519627
14530053
14540516
14550980
14561374
14571804
14582301
14592813
14603277
14613669
14624134
14634601
14645074
14655489
14665995
14676458
14686880
14697365
14707835
14718349
14728804
14739262
14749714
14760202
14770620
14781051
14791530
14801971
14812433
14822860
14833297
14843758
14854195
14864630
14875021
14885417
14895841
14906275
14916661
14927066
14937560
14948004
14958468
14968890
14979386
14989830
15000263
15010772
15021292
15031730
15042216
15052694
15063193
15073609
15084036
15094448
15104887
15115377
15125777
15136269
15146742
15157163
15167585
15178116
15188599
15199088
15209504
15219976
15230438
15240903
15251345
15261759
15272251
15282690
15293092
15303522
15314045
15324485
15334916
15345392
15355861
15366242
15376783
15387246
15397680
15408164
15418572
15429064
15439512
15449926
15460335
15470842
15481278
15491765
15502318
15512788
15523275
15533640
15544103
15554577
15565108
15575592
15586054
15596477
15606898
15617382
15627805
15638277
15648686
15659125
15669608
15680057
15690482
15700869
15711327
15721763
15732227
15742695
15753154
15763560
15774094
15784613
15795140
15805555
15816004
15826450
15836878
15847431
15857862
15868359
15878840
15889390
15899891
15910378
15920890
15931392
15941789
15952203
15962646
15973127
15983587
15994078
16004579
16015066
16025525
16035926
16046414
16056973
16067450
16077909
16088371
16098822
16109290
16119763
16130242
16140682
16151098
16161503
16171939
16182431
16192844
16203299
16213795
16224275
16234692
16245119
16255590
16266019
16276508
16286961
16297442
16307898
16318354
16328835
16339352
16349800
16360209
16370630
16381058
16391464
16401925
16412397
16422831
16433303
16443762
16454221
16464723
16475232
16485699
16496187
16506610
16517035
16527444
16537879
16548269
16558727
16569244
16579682
16590175
16600660
16611071
16621511
16632005
16642509
16652892
16663381
16673820
16684274
16694701
16705171
16715639
16726064
16736539
16747034
16757488
16767913
16778332
16788724
16799155
16809601
16820087
16830516
16840990
16851441
16861892
16872407
16882797
16893207
16903626
16914108
16924561
16934947
16945424
16955897
16966322
16976850
16987338
16997807
17008270
17018745
17029209
17039645
17050116
17060590
17071052
17081482
17091967
17102444
17112863
17123298
17133802
17144277
17154764
17165196
17175638
17186067
17196571
17206958
17217398
17227910
17238446
17248896
17259358
17269830
17280273
17290789
17301224
17311693
17322081
17332504
17342996
17353473
17363966
17374476
17384876
17395337
17405801
17416231
17426685
17437087
17447525
17458033
17468516
17478994
17489439
17499836
17510284
17520744
17531128
17541495
17551999
17562492
17572943
17583347
17593819
17604298
17614785
17625254
17635775
17646291
17656749
17667244
17677665
17688111
17698638
17709124
17719549
17729959
17740452
17750897
17761375
17771849
17782290
17792789
17803187
17813655
17824157
17834560
17845024
17855544
17865965
17876400
17886823
17897331
17907801
17918217
17928736
17939200
17949702
17960162
17970582
17981034
17991515
18001959
18012455
18022864
18033283
18043803
18054253
18064722
18075160
18085574
18095949
18106340
18116757
18127194
18137613
18148113
18158605
18169114
18179510
18189952
18200470
18211005
18221431
18231885
18242334
18252843
18263202
18273674
18284165
18294639
18305087
18315509
18325961
18336421
18346903
18357417
18367927
18378359
18388774
18399222
18409735
18420161
18430642
18441104
18451566
18461985
18472456
18482878
18493362
18503698
18514200
18524598
18535063
18545510
18556000
18566432
18576887
18587330
18597761
18608254
18618724
18629217
18639690
18650193
18660569
18670985
18681425
18691837
18702339
18712809
18723241
18733705
18744171
18754591
18765033
18775418
18785878
18796333
18806745
18817225
18827683
18838104
18848607
18859035
18869446
18879913
18890385
18900838
18911319
18921804
18932250
18942622
18953035
18963488
18973919
18984328
18994758
19005228
19015655
19026099
19036582
19046991
19057454
19067935
19078366
19088803
19099277
19109724
19120253
19130723
19141118
19151579
19162026
19172503
19182957
19193389
19203860
19214336
19224822
19235181
19245575
19256032
19266452
19276971
19287365
19297864
19308328
19318788
19329204
19339691
19350103
19360587
19371136
19381637
19392084
19402529
19412926
19423369
19433822
19444287
19454844
19465299
19475736
19486180
19496576
19507056
19517558
19528000
19538402
19548856
19559376
19569839
19580314
19590782
19601254
19611709
19622196
19632695
19643092
19653550
19663990
19674491
19684949
19695431
19705860
19716315
19726778
19737215
19747667
19758154
19768564
19779063
19789466
19799902
19810348
19820771
19831280
19841769
19852224
19862641
19873050
19883582
19894088
19904579
19915112
19925549
19936026
19946473
19956944
19967487
19977956
19988362
19998769
20009225
20019650
20030153
20040607
20051030
20061450
20071950
20082353
20092800
20103230
20113683
20124177
20134612
20145119
20155543
20165981
20176512
20186948
20197369
20207862
20218319
20228739
20239189
20249650
20260090
20270501
20280959
20291372
20301799
20312223
20322648
20333116
20343558
20354026
20364521
20374955
20385372
20395904
20406304
20416760
20427313
20437779
20448195
20458634
20469058
20479548
20490078
20500489
20510950
20521451
20531816
20542287
20552758
20563219
20573716
20584178
20594635
20605092
20615524
20625884
20636381
20646839
20657254
20667722
20678171
20688638
20699089
20709558
20720066
20730482
20740978
20751447
20761905
20772398
20782818
20793236
20803734
20814174
20824579
20835061
20845551
20856002
20866429
20876890
20887365
20897832
20908231
20918743
20929224
20939645
20950181
20960673
20971166
20981650
20992141
21002604
21013072
21023521
21033990
21044470
21054900
21065324
21075759
21086202
21096613
21107053
21117509
21127953
21138390
21148785
21159307
21169810
21180230
21190674
21201118
21211583
21222108
21232554
21243011
21253445
21263905
21274349
21284841
21295294
21305779
21316287
21326767
21337212
21347673
21358107
21368570
21379082
21389528
21400033
21410447
21420909
21431428
21441864
21452318
21462761
21473213
21483603
21494088
21504546
21514915
21525331
21535742
21546178
21556669
21567097
21577582
21588042
21598512
21608995
21619448
21629849
21640288
21650763
21661187
21671619
21682035
21692496
21702941
21713394
21723858
21734348
21744792
21755268
21765753
21776141
21786634
21797133
21807595
21818081
21828571
21839056
21849472
21859920
21870440
21880847
21891343
21901777
21912214
21922650
21933157
21943609
21954125
21964560
21974984
21985490
21995916
22006368
22016861
22027311
22037740
22048214
22058746
22069175
22079655
22090078
22100538
22111028
22121474
22131962
22142462
22152918
22163389
22173863
22184247
22194705
22205202
22215695
22226106
22236657
22247148
22257629
22268062
22278577
22289037
22299538
22310029
22320473
22330942
22341418
22351929
22362342
22372790
22383255
22393678
22404109
22414595
22425147
22435605
22446073
22456523
22466967
22477364
22487800
22498290
22508752
22519221
22529619
22540110
22550560
22561075
22571425
22581912
22592384
22602776
22613257
22623712
22634148
22644576
22655039
22665443
22675919
22686332
22696807
22707219
22717709
22728166
22738648
22749125
22759585
22770055
22780535
22790996
22801524
22812035
22822519
22832868
22843335
22853857
22864345
22874746
22885209
22895667
22906159
22916603
22926986
22937460
22947896
22958377
22968785
22979184
22989631
23000037
23010528
23021011
23031425
23041856
23052308
23062731
23073143
23083669
23094099
23104575
23114958
23125428
23135839
23146278
23156723
23167215
23177565
23188074
23198540
23209018
23219505
23229882
23240313
23250854
23261323
23271812
23282226
23292711
23303154
23313606
23324020
23334460
23344853
23355258
23365816
23376214
23386656
23397053
23407484
23417920
23428374
23438846
23449275
23459767
23470298
23480738
23491244
23501757
23512189
23522682
23533043
23543526
23553984
23564426
23574867
23585356
23595819
23606287
23616755
23627258
23637694
23648152
23658609
23669023
23679431
23689858
23700339
23710805
23721273
23731741
23742266
23752701
23763161
23773611
23784064
23794588
23805018
23815484
23825933
23836356
23846801
23857274
23867730
23878189
23888695
23899114
23909635
23920096
23930494
23940974
23951426
23961849
23972335
23982771
23993217
24003671
24014177
24024629
24035105
24045552
24056007
24066415
24076874
24087275
24097736
24108203
24118694
24129089
24139561
24150037
24160474
24170853
24181273
24191703
24202144
24212551
24223100
24233605
24244068
24254470
24264918
24275326
24285822
24296265
24306736
24317233
24327621
24338083
24348535
24359099
24369633
24380098
24390554
24401014
24411408
24421882
24432340
24442803
24453212
24463686
24474174
24484569
24495021
24505447
24515885
24526331
24536805
24547343
24557823
24568226
24578767
24589182
24599573
24609951
24620451
24630954
24641451
24651966
24662427
24672871
24683375
24693859
24704350
24714766
24725215
24735662
24746126
24756606
24767074
24777513
24788058
24798472
24808906
24819309
24829755
24840120
24850550
24860998
24871452
24881975
24892395
24902841
24913351
24923833
24934336
24944833
24955294
24965786
24976311
24986800
24997279
25007747
25018200
25028598
25039093
25049529
25060003
25070477
25080947
25091334
25101703
25112114
25122610
25133064
25143518
25153996
25164409
25174889
25185349
25195838
25206321
25216803
25227273
25237744
25248234
25258612
25268992
25279476
25289957
25300362
25310845
25321295
25331744
25342170
25352605
25363003
25373457
25383873
25394301
25404808
25415248
25425703
25436194
25446738
25457127
25467645
25478043
25488489
25499012
25509491
25519938
25530418
25540859
25551251
25561710
25572180
25582606
25593023
25603414
25613906
25624383
25634854
25645314
25655785
25666248
25676667
25687145
25697613
25708035
25718498
25728929
25739410
25749836
25760331
25770787
25781255
25791707
25802132
25812582
25823082
25833515
25843942
25854442
25864873
25875250
25885735
25896168
25906622
25917075
25927546
25938038
25948529
25958946
25969416
25979877
25990352
26000831
26011280
26021805
26032256
26042765
26053238
26063642
26074112
26084565
26095006
26105495
26115914
26126395
26136801
26147327
26157789
26168214
26178715
26189186
26199679
26210085
26220536
26231061
26241489
26251926
26262418
26272799
26283328
26293758
26304198
26314679
26325177
26335679
26346111
26356579
26367038
26377545
26387963
26398419
26408866
26419341
26429745
26440194
26450691
26461258
26471703
26482186
26492688
26503145
26513668
26524144
26534593
26545037
26555503
26565923
26576393
26586841
26597362
26607812
26618277
26628755
26639233
26649710
26660142
26670586
26681049
26691463
26701888
26712351
26722783
26733292
26743730
26754223
26764717
26775213
26785696
26796162
26806683
26817166
26827624
26838019
26848454
26858934
26869300
26879746
26890142
26900572
26911006
26921502
26931968
26942401
26952817
26963251
26973754
26984203
26994638
27005111
27015582
27026082
27036551
27046920
27057366
27067813
27078309
27088778
27099288
27109782
27120219
27130613
27141080
27151479
27161879
27172312
27182723
27193168
27203627
27214103
27224601
27235081
27245567
27256008
27266496
27276964
27287392
27297804
27308228
27318663
27329129
27339593
27350012
27360438
27370869
27381341
27391758
27402259
27412749
27423181
27433644
27444123
27454539
27465014
27475387
27485845
27496337
27506803
27517306
27527796
27538253
27548658
27559177
27569605
27580093
27590588
27601061
27611586
27622039
27632462
27642888
27653398
27663796
27674271
27684686
27695202
27705653
27716096
27726503
27736935
27747388
27757822
27768272
27778743
27789189
27799710
27810153
27820588
27831060
27841461
27851920
27862377
27872860
27883284
27893725
27904213
27914663
27925121
27935574
27945964
27956415
27966886
27977321
27987855
27998222
28008730
28019269
28029775
28040265
28050688
28061128
28071595
28082065
28092546
28103047
28113488
28123899
28134368
28144828
28155275
28165762
28176230
28186730
28197228
28207648
28218119
28228605
28239014
28249450
28259880
28270366
28280852
28291342
28301842
28312330
28322727
28333214
28343584
28354021
28364493
28374891
28385422
28395880
28406363
28416855
28427327
28437837
28448286
28458768
28469146
28479560
28490000
28500477
28510936
28521384
28531832
28542327
28552801
28563160
28573620
28584047
28594538
28605008
28615460
28625904
28636338
28646790
28657257
28667670
28678157
28688564
28699043
28709557
28720025
28730532
28740997
28751420
28761857
28772281
28782770
28793233
28803711
28814202
28824654
28835084
28845532
28855926
28866371
28876874
28887325
28897825
28908298
28918721
28929236
28939707
28950211
28960704
28971141
28981549
28992041
29002501
29012929
29023332
29033694
29044174
29054589
29064939
29075374
29085833
29096228
29106722
29117127
29127517
29138044
29148443
29158847
29169282
29179690
29190212
29200629
29211076
29221523
29232008
29242487
29252926
29263371
29273778
29284239
29294681
29305154
29315641
29326031
29336473
29346947
29357442
29367874
29378326
29388758
29399228
29409664
29420179
29430643
29441150
29451568
29462045
29472522
29483054
29493513
29503941
29514450
29524865
29535301
29545725
29556244
29566743
29577250
29587603
29598045
29608530
29618979
29629342
29639819
29650314
29660746
29671161
29681541
29692051
29702514
29712952
29723424
29733977
29744414
29754841
29765325
29775778
29786226
29796728
29807188
29817654
29828160
29838687
29849146
29859658
29870114
29880564
29890990
29901487
29911951
29922491
29932921
29943369
29953819
29964306
29974764
29985236
29995684
30006097
30016610
30027024
30037490
30047943
30058397
30068816
30079346
30089788
30100207
30110656
30121155
30131636
30142099
30152581
30162988
30173458
30183900
30194359
30204773
30215293
30225726
30236194
30246675
30257126
30267587
30278064
30288550
30299005
30309477
30319901
30330286
30340666
30351083
30361511
30371935
30382429
30392799
30403214
30413667
30424059
30434501
30444972
30455330
30465884
30476342
30486851
30497260
30507731
30518235
30528722
30539151
30549617
30560020
30570432
30580904
30591355
30601748
30612213
30622588
30632974
30643419
30653888
30664315
30674817
30685261
30695728
30706235
30716688
30727175
30737581
30747969
30758398
30768846
30779336
30789729
30800198
30810613
30821068
30831593
30842003
30852402
30862837
30873273
30883782
30894208
30904694
30915142
30925703
30936149
30946603
30957028
30967499
30977921
30988370
30998862
31009309
31019741
31030183
31040612
31051080
31061516
31071957
31082387
31092769
31103202
31113619
31124100
31134594
31145064
31155510
31166006
31176433
31186871
31197338
31207781
31218262
31228755
31239233
31249709
31260202
31270661
31281105
31291543
31302043
31312518
31322934
31333456
31343928
31354401
31364829
31375285
31385726
31396208
31406677
31417208
31427675
31438097
31448602
31459104
31469530
31480037
31490465
31500921
31511372
31521767
31532238
31542661
31553091
31563550
31573992
31584479
31594907
31605368
31615818
31626226
31636676
31647149
31657595
31667995
31678461
31688934
31699430
31709946
31720385
31730797
31741156
31751585
31762046
31772494
31782910
31793334
31803788
31814229
31824681
31835194
31845654
31856083
31866519
31876949
31887457
31897948
31908395
31918857
31929312
31939757
31950132
31960616
31971057
31981454
31991939
32002413
32012836
32023278
32033784
32044235
32054669
32065081
32075625
32086086
32096513
32106985
32117449
32127958
32138385
32148877
32159291
32169762
32180192
32190630
32201081
32211513
32221970
32232454
32242821
32253374
32263762
32274307
32284749
32295216
32305686
32316130
32326579
32337027
32347431
32357872
32368309
32378746
32389176
32399603
32410056
32420482
32430944
32441472
32451925
32462382
32472759
32483241
32493692
32504156
32514608
32525117
32535601
32546049
32556527
32566905
32577375
32587823
32598294
32608701
32619179
32629639
32640069
32650463
32660915
32671355
32681786
32692232
32702691
32713172
32723624
32733999
32744481
32754967
32765453
32775952
32786397
32796848
32807323
32817773
32828240
32838736
32849094
32859549
32870029
32880458
32890937
32901360
32911778
32922196
32932625
32943051
32953590
32964011
32974442
32984881
32995343
33005864
33016340
33026831
33037195
33047642
33058106
33068601
33079123
33089595
33100006
33110480
33120928
33131405
33141874
33152398
33162840
33173286
33183754
33194227
33204662
33215167
33225611
33236007
33246471
33256941
33267404
33277887
33288394
33298847
33309324
33319818
33330246
33340691
33351114
33361612
33372090
33382495
33392894
33403391
33413800
33424240
33434692
33445101
33455617
33466047
33476576
33487055
33497534
33507998
33518421
33528886
33539352
33549778
33560260
33570686
33581186
33591644
33602129
33612649
33623137
33633598
33644020
33654495
33664975
33675378
33685800
33696290
33706740
33717299
33727722
33738203
33748684
33759087
33769534
33779933
33790381
33800809
33811253
33821713
33832226
33842641
33853088
33863599
33874069
33884565
33895061
33905525
33916043
33926529
33936996
33947357
33957789
33968252
33978739
