0.3279803623867156
0.3355547871769872
0.324531775923985
0.31259649182594357
0.32772885790069883
0.34100234107149474
0.354570029859105
0.37360594151795745
0.32922335772504635
0.3562037669653921
0.33051852987721475
0.31871278355512067
0.3400517243261516
0.34202724840243703
0.3636725540423159
0.35112489321141527
0.33306607484536127
0.32821736700369986
0.33226019180543137
0.334559217768183
0.3538869921728383
0.3296713787485449
0.34824517883117123
0.34996935237317456
0.35456183733597035
0.34272438218587625
0.3443498476468177
0.36647643407678143
0.3519149088007912
0.36176444875841907
0.3391374915020195
0.35924187172268
0.32992283055030336
0.34084900525009304
0.3435745731054118
0.3512666927689043
0.3625472746758702
0.3455230894244836
0.3643987773696986
0.33066165315765994
0.34981187556817217
0.3653850948704792
0.3159216169377742
0.33649141488206835
0.3403709058135006
0.3520780082886241
0.3367244005696252
0.35193735098408885
0.3431544014391434
0.33182420271196233
0.33801499129715734
0.3351184566091283
0.3721583536545796
0.3256626229063158
0.33765291315400947
0.32306200177034944
0.3298031413375349
0.3289514104870623
0.31076706933306897
0.32579121521021326
0.31986078841005494
0.32781771232598345
0.3595993824168956
0.3301723121389849
0.29961586836570575
0.32823845218086894
0.3332149505371605
0.3408283297399097
0.32379142200295474
0.3487212319933204
0.34768906490369705
0.3556996661861494
0.3718813314223408
0.332120331002622
0.34443911458250265
0.3639827935092505
0.344664947333273
0.3323648432950375
0.3346324251290648
0.3353184643722598
0.33160073600029705
0.2860028899063905
0.30697007138048327
0.34293245371219766
0.35852389257359085
0.3325404519625143
0.36379322860162666
0.3377897971261727
0.34988511086430885
0.36860832717277603
0.35032843400739444
0.3417713635545484
0.33289475204999863
0.33342115889084356
0.2961115357445168
0.3172678576332159
0.33250780576851774
0.3215273886229485
0.3466300902144536
0.3539969619218365
0.33355003433281255
0.3608319940804346
0.35172612866953407
0.3520472357778866
0.32247161900542076
0.3279396653425213
0.3167224178291942
0.36735831779397615
0.3623064589999104
0.3346742424763369
0.3498603364210903
0.3455155261441353
0.3361896388639432
0.3630666903983998
0.3586308322741569
0.3492171603591067
0.356740089375782
0.32451075108162686
0.3476997795435913
0.3713157949344914
0.3411186311293682
0.362673930338153
0.3444745536448579
0.36465329875839136
0.3527972312042329
0.3566714471118449
0.34015921645076425
0.3518465108086615
0.3460192216960694
0.3522670097670527
0.34727534919322856
0.3227438560462486
0.34895768535426247
0.3542119308085382
0.34364438807540215
0.35085331384019847
0.35993216396107397
0.34349080903932194
0.3586269223817675
0.3177967723624519
0.3450384171100207
0.35414776589270197
0.3672740099000446
0.3580805384383766
0.3455136487461849
0.34418134577752546
0.3637736766752478
0.336015182131709
0.326140358173412
0.35679781644195613
0.31981754802527235
0.35786644008628443
0.3393466195454297
0.3548358897537815
0.3428818701967486
0.33518150321843726
0.35430615440487356
0.34471354554580075
0.34800061887907346
0.32741889304439875
0.32655195526108743
0.3482684984644875
0.3187787994470133
0.3403490330971982
0.3371297992285503
0.345860812235563
0.3669077759471195
0.3434989253737524
0.35141698918608155
0.3354353698303216
0.3274586333308159
0.32611079795314374
0.3602999072702451
0.3261164112947093
0.33115482234798627
0.30895852436993065
0.33059028086191755
0.3119306637383738
0.35062762114598056
0.3184137735704161
0.3497602992301323
0.33385769633679796
0.34435206591969775
0.3382665294803861
0.3407567679058091
0.34320959196420164
0.31920876973395274
0.34035882349456337
0.32200080000657477
0.3354172044580284
0.32216606594757546
0.3394475028282442
0.30585644116563004
0.29858015452414605
0.3288244653800469
0.34918034685034965
0.33250238475747007
0.34701195396321516
0.3423390807663458
0.3475651793686944
0.3632718233986555
0.3354628090223874
0.31503387261240423
0.3407786688973978
0.32626728697789215
0.3162021794508225
0.3236010704549591
0.3349804023509326
0.341936586814352
0.3482222926801739
0.3649353967952981
0.31287977288018215
0.35211219655435855
0.34396337351850753
0.3385817181151498
0.3511240664850268
0.3399322509529332
0.3062665172062604
0.3420601073262375
0.34736712063103153
0.3030426009405634
0.3526001559642655
0.35369739181606175
0.32553395616766156
0.3529282070389519
0.3245393068253432
0.31944692068784514
0.3553154141762209
0.33036218934532335
0.33717357706784384
0.357763046355931
0.3105530850453191
0.30915681072732915
0.3265494683537071
0.34083513515864006
0.3303192395738899
0.3270795259955136
0.34006151104823285
0.35514705953330766
0.35264199828208137
0.3304447585747023
0.31819604959537673
0.3448703943628158
0.3509451301254952
0.32850640348307364
0.34403844802679867
0.3597722490105513
0.3506235256504316
0.35091689095795686
0.3503800614138704
0.3522294384179102
0.3413566676759456
0.3377303883764346
0.3233181271459588
0.3050674424956282
0.31236008828891976
0.30662614860036386
0.29419991464196266
0.35262228390890105
0.3321793780053767
0.32288541732472986
0.32827236418819533
0.3490177644896829
0.314513091808776
0.3624252985922902
0.33660824032354597
0.3627705239793731
0.33485942242751665
0.31231709115339423
0.3330096554179639
0.3509777707997727
0.33647990471142447
0.3333644688808974
0.3619745503701599
0.34153433903516667
0.34387548018873004
0.3417700675188055
0.32999869287148825
0.3493248730609234
0.3460024129635059
0.35204772342430163
0.33186893856775956
0.3480920737239693
0.33112752367292003
0.3317690188654971
0.31149449055797795
0.31173436183542697
0.33952512385458566
0.30483138627592393
0.3108846015184396
0.30966494738750305
0.3314580337564545
0.315614464915877
0.35943934610018574
0.3263249744173967
0.3373754481969225
0.32812766314692365
0.3354516379465291
0.33378569416518156
0.34564622436799164
0.32027266752822375
0.3699093252373623
0.34630986069205755
0.32952678707064526
0.36061869903022903
0.3423440665443285
0.32447273446273706
0.346936727275038
0.3505197176184954
0.34006520820302444
0.35538973382489536
0.336703390616063
0.36222935806313805
0.32004634102043394
0.3355630928253852
0.31737392344652016
0.33798818910753464
0.3255614348183492
0.3474291243716883
0.3095900687415468
0.3283503971903718
0.32450143023820277
0.3296516601895094
0.33048652859030225
0.3093595669630659
0.3474803139778992
0.3611781140903877
0.3448321010832049
0.34514818101150874
0.34798932926609666
0.34764323838750044
0.36920190114408896
0.33090833425314725
0.3276863160500978
0.3157179522909416
0.31250580515860893
0.3150899172273713
0.34033183628034624
0.31714135477102423
0.30891814358471464
0.3346695925959925
0.33878162357252106
0.35727950047046114
0.3404196201669747
0.33020319642749363
0.3277504629679004
0.3324644169087409
0.36304356460658377
0.3482683048831244
0.37969394601516865
0.3534098610151787
0.3499267072855918
0.37137770773668205
0.35361924571086956
0.34650928669595715
0.3682900100885832
0.3243798687565249
0.3084491667423417
0.33576188004580404
0.3593938741018565
0.3544049094431323
0.35147321571360207
0.3519580419737225
0.3307376474081211
0.3444553624718266
0.32431275134012016
0.3171029155178326
0.3607972061930571
0.35740564384212264
0.36252121507783
0.353853748404283
0.3565821624105058
0.3123232515625138
0.328761497979571
0.30095883320441075
0.35488307562974725
0.3624065628443939
0.33734954391074023
0.3614900661983063
0.35697314598499574
0.32422560567056175
0.33412703563981133
0.31845544716919993
0.30952080563478346
0.339767035795298
0.35298113339183956
0.35459463755302917
0.3205788649931547
0.29528588481893786
0.31321789019151175
0.33244237083689154
0.32438235665056697
0.32808607515453153
0.3447872682490542
0.3491583198831068
0.3588044638874151
0.34655931819719105
0.3400418577856526
0.3240274779090419
0.31196426246581105
0.3185951058721077
0.3320903759341616
0.336511541321477
0.3503197199721526
0.34726409306978157
0.3430506950751357
0.34535525249373605
0.32352849901861036
0.3369403608402464
0.33236842622081525
0.33678373913287457
0.3194730800761304
0.30834215944762633
0.30271202353485205
0.3344134488565254
0.3462631572956591
0.3305732147556465
0.3376841635411277
0.33868695529598425
0.3560579531479118
0.3587284044298279
0.3323820903788421
0.31660314217184593
0.3276092147999869
0.33596093998474613
0.35433404574776006
0.31583377993527145
0.29613025404977095
0.33810588099936506
0.30455093423042506
0.33350575923442777
0.3360415444359516
0.33636262421961755
0.394929401647746
0.3197377721522284
0.3287186095184773
0.33695083468064413
0.33269143148604385
0.3428479829600905
0.3532527343093671
0.32699768155715353
0.32959977748892727
0.3728449315019049
0.35500305548781275
0.3572287264481368
0.3436455857012051
0.323467334022712
0.3520231595998186
0.3323116844271786
0.3308287220688199
0.35236939990889693
0.33089501357077206
0.32108220643138874
0.34384111835390824
0.36012166011288405
0.3415817637251524
0.34321921317689313
0.3348225066449838
0.3283652922505524
0.36260793551124976
0.3494324636291351
0.35761791600333664
0.34666501212595463
0.3580405680022554
0.3534106878466665
0.3417398923922374
0.34207100589591705
0.37524424974911763
0.3560970618381546
0.33526556268532026
0.34375918774533165
0.3532686310205047
0.35899956610642186
0.327026093923787
0.32508918641209283
0.33439482153994615
0.3279106423246604
0.31359844092995204
0.3474057998337517
0.3240453350843458
0.3397490802271196
0.32978984383440174
0.302590381514377
0.3345560820275213
0.31110369773550056
0.3347869293548039
0.332062258826043
0.3430584306267063
0.348622483000161
0.32816364073482396
0.3163130673554172
0.32680391003066017
0.32866302711112877
0.3499207673358087
0.3248962849084783
0.3696526468146235
0.32518110599164796
0.3402912199142967
0.3351721870580965
0.38418956865926807
0.3652537432578794
0.3440267474714654
0.35486183536944743
0.33416242941420304
0.3453459029160416
0.34422734450774184
0.3448011788321041
0.3572566089238233
0.3180759811104879
0.3325520361857051
0.3244078831587834
0.3694392648120691
0.36028682535611894
0.3132783125625017
0.3226267054418593
0.301122532256115
0.3115236362825189
0.3180722956819646
0.33187050079259517
0.3335127149603877
0.3395600604010827
0.3438522284230862
0.32117908940462264
0.34583540209939384
0.3459241053983807
0.3706134109866561
0.3359072669988832
0.34036476396231935
0.33831488937731424
0.3636707348302455
0.34747162137457627
0.3394517178014924
0.33805232329262147
0.3565585220349695
0.3222582203856741
0.3405982811422366
0.31252713293882795
0.2995421691231423
0.31847885445342844
0.3329166120429092
0.34807152416586085
0.35260642881069154
0.33116558151131903
0.3378919901214222
0.31792517218710986
0.3347959108898818
0.34494810583171936
0.3542544975030122
0.31915178982826325
0.3449440201001224
0.3761128576300574
0.3401669198696042
0.35232383305295123
0.33611801920415046
0.32867990359051336
0.32645668117046667
0.32421786093079
0.3272375943152716
0.31926662379279147
0.29490536000315304
0.3346453373088627
0.35628172680287434
0.33510332387321135
0.32828862697262706
0.3232518256113602
0.3493422587809671
0.3488921126536202
0.3388667847540562
0.3342100365314536
0.3195435340708417
0.36504797918708526
0.3262106524171154
0.33939451993451825
0.3367810274063871
0.328010198656617
0.3214801125128668
0.3222255290514037
0.3104773780503497
0.34707047470977964
0.34522941127066803
0.31284614706815966
0.31847612234844885
0.332546170465619
0.324180351995223
0.3466538743303413
0.3512059437638092
0.3239981354940049
0.3171919817116061
0.315339418907998
0.30308846222919383
0.33295615158812425
0.32193979662421424
0.32399548146343327
0.3334528596436378
0.34023237863116534
0.34806689496145304
0.3457132882861644
0.32457505955235566
0.32914587400835205
0.3778437934515603
0.33550965046855497
0.3370838025170542
0.3410477158063523
0.3388172591595154
0.3247170104305688
0.3221799417843305
0.3421446324970002
0.3234408230844024
0.3509594589938555
0.3243848252229684
0.3738827776206268
0.33587667126809007
0.3350826836467072
0.3123941633848049
0.32264335503098174
0.34846404282490434
0.3318380702312334
0.33584866477130276
0.333524447576093
0.330154776304702
0.34332724498849543
0.3461382079879538
0.3265329469604077
0.33684442095508804
0.3287650097284553
0.3314112816035891
0.3226703349248537
0.32950213671081313
0.35122609774543834
0.3409479781585502
0.363638008011917
0.3704437319385184
0.3112780042974924
0.33115570373139586
0.302137456801269
0.34430478901730305
0.34232236322431026
0.3476881137124908
0.33976069207075404
0.31406359690908303
0.3419464085789824
0.31106191341061384
0.3259784530383783
0.34271792625839304
0.360800604065835
0.3334340454784702
0.3571767974965094
0.32328230889808734
0.3212117568581453
0.33689520470802903
0.3068895321771856
0.3112261655966825
0.3551537551064875
0.31177365195068707
0.3369698348978373
0.33684884155622163
0.32473349209244073
0.2950349524196077
0.3144372858669159
0.31819265036555194
0.3463179251855892
0.30093902922254523
0.3130632829977786
0.3300193597438628
0.32714388365446506
0.32203918472113696
0.3336510965129462
0.32896083563995643
0.32476270727487416
0.3373977044843031
0.3472901717394153
0.36963478471236166
0.3465409517941793
0.3640312653120341
0.34883226629636993
0.3432804974049972
0.3315901522249347
0.3324865062170925
0.31022151336022236
0.3279767615325949
0.31725331957432823
0.3146975534221817
0.3218500634370101
0.3201024301352178
0.3037252004270626
0.342488671590095
0.32848423060663406
0.3493710406883857
0.35637971039602495
0.33423692264591226
0.36190564050946517
0.35686527240108273
0.3438194843930236
0.35133551161668236
0.3203913176900664
0.3389993400113676
0.31590470712449376
0.32725996985131556
0.3326106555634048
0.3367807764854717
0.3277341681984728
0.3570082305900942
0.3689401557545215
0.3542093760215308
0.34886397064988833
0.34846122761514503
0.3703478962888112
0.35271000497203014
0.3552871956244271
0.342298597529117
0.33521429081286047
0.3364439902145287
0.34614166775914473
0.35157777443011246
0.3495801370422997
0.3501002768467181
0.33258268952587183
0.33656020386136876
0.31688232955664725
0.32289938180190153
0.33061815301154346
0.3191577298112484
0.331161329958622
0.36306904723379924
0.32449974904236845
0.37028790435528947
0.36721660405456175
0.3475858680385532
0.33302723045032345
0.342583265642586
0.36387120955596347
0.30355429508530013
0.33736110145092485
0.36202142193717723
0.3599433160858248
0.3387748156938057
0.3174719252451989
0.30570045247336747
0.3267316816751189
0.31389968343902036
0.36138550842157496
0.36903773475193374
0.36376650037294955
0.3500984110936394
0.34463564453986434
0.33327270705109063
0.315964617452757
0.30902882979286944
0.3693919723307213
0.3400689002936626
0.32235465579943773
0.3468526629391912
0.31922515622628267
0.3149926068702345
0.3132119340518819
0.339372586187983
0.30116097823206456
0.3382022448300227
0.30858706476408826
0.325491444931633
0.36102694680481745
0.37780506277012516
0.33599059365969963
0.3495800441572257
0.32636580800031506
0.3261515708111645
0.3338039362225724
0.33545094036127165
0.3000249464158353
0.31832658869902414
0.32157273051543256
0.32683998976849954
0.3778492431555869
0.3668555867916671
0.3317538596364272
0.3744204873533821
0.3644143213423428
0.35264438353550215
0.31687542143313846
0.3246738003969089
0.31871561862668746
0.3242086255765447
0.327564067691949
0.3432015578542818
0.31599110936098873
0.3235859036218416
0.3373333805023799
0.3579487082144532
0.34561069704879804
0.34689963445885275
0.3276852302001143
0.3185668749271823
0.37630222754908343
0.3449616338814383
0.33014975501597493
0.328347374369478
0.35222729513714085
0.34299637187944076
0.348720975608916
0.32336813091648303
0.3513788836775638
0.3374672213700859
0.34560387426438843
0.31905317102432235
0.3602414648614442
0.32687459683666037
0.31779341072719375
0.34314617457502355
0.3330432030727434
0.3642740387683643
0.3612202256088842
0.33370207100715077
0.3167981328920092
0.3353505460408507
0.33115430078785385
0.34956546841279545
0.3541416983918423
0.3341702012433145
0.33454562758579054
0.3340320968684963
0.32001104200549907
0.33685927241551156
0.3554026912046046
0.3393345416334616
0.3526395897487643
0.3121523302219529
0.3585672227654972
0.31802214580026417
0.34039444924468654
0.34641097879602156
0.31968010552300186
0.3466847143450983
0.3401668427011776
0.3262414069546997
0.325457869603643
0.33274979387446557
0.33895304313723756
0.3464578656700134
0.3557531778806794
0.3562080521752577
0.3433749244745961
0.3214998870101656
0.3160033004747522
0.3368988279389059
0.3209995564692283
0.34509520967791457
0.35048400180991224
0.3415225391172256
0.33450474650793616
0.3279661750358345
0.3409099408980647
0.31584197969380473
0.3484602566656416
0.35234131685874864
0.33729682139911604
0.338439789034259
0.3161941622538139
0.29422237425908326
0.33344108943533957
0.323153557374625
0.3242946267972061
0.35443852545207494
0.36325365631960194
0.3305392254841779
0.3657762706668721
0.361333340139389
0.30682473136242766
0.3084798068336268
0.3249480798133316
0.3335009244346777
0.3316687206745422
0.3492667553024611
0.3347217424484045
0.33237972124850046
0.31475967353525863
0.3383252922110374
0.32487343809799113
0.34473825708083516
0.3370614376810523
0.35840525378345356
0.35864571096968073
0.3428627225154729
0.338058756915091
0.33556445933283124
0.3586808348056226
0.3580043393085717
0.339216370378786
0.33953029740750923
0.35318893403992707
0.38340767973602885
0.3598049844833475
0.3288201530487987
0.339537849884606
0.35404622511384337
0.31358519821254904
0.33176502376423084
0.32485547761448935
0.3292771789168219
0.32420257868418095
0.3455341150359216
0.36367826759444777
0.3373631617118523
0.34586397584437
0.3358353303742465
0.35579984456601926
0.3617847444992393
0.3727318027852709
0.35010161873585616
0.33654157042012023
0.3305480364606795
0.3368409301926824
0.3505524157466324
0.3247470590721129
0.360702062687768
0.34806292302913305
0.29097208241155315
0.31722071658387513
0.33085157753327776
0.3416071055513796
0.34223668257353174
0.35335533215539416
0.32695764204109085
0.32891606354225295
0.3531848391061764
0.35367735015689555
0.3547523857629248
0.3512918977664767
0.3236894473587022
0.31752461184918157
0.3574406510405976
0.3588754554442036
0.3227355280984684
0.3072750840761061
0.32442697931870995
0.33987389152109676
0.34955389912083296
0.31701265794506234
0.30367494432988057
0.3357830601225707
0.347964395665671
0.3128687752455519
0.35353220574525024
0.32357999417377653
0.35464741799936317
0.3427380297598934
0.3485946047083059
0.3405267383765184
0.35124562918181174
0.32777659402836473
0.2916844657140335
0.3232580564339971
0.31063128981321175
0.3349786057529114
0.3810922896252834
0.3554813185356146
0.35634006999981693
0.326462930769693
0.3517018930537318
0.3429730623877272
0.31881717250987995
0.327328055624829
0.34030141354443716
0.32318738456363943
0.3113867372726792
0.3196574734021855
0.32953365464656464
0.33853254768113483
0.31520484871886395
0.33210884459824225
0.32322672893056736
0.3124859464660303
0.32789382418062896
0.3512204391992768
0.3835315556321432
0.354746906135574
0.34232655189182265
0.349118874459897
0.33714158849409565
0.3519518074681457
0.3392824456768085
0.32068592754572517
0.3367346812568932
0.3489529629738027
0.3459558018801049
0.34570272305890243
0.3586638413913438
0.31602151959368957
0.33225616466648633
0.3078250105081713
0.32869077721795464
0.3198974703755999
0.32281208771613473
0.3508870202278117
0.316701827023381
0.331653733088426
0.35471383340616613
0.3331421547063152
0.33873657026636766
0.3584237315831317
0.35028742618034936
0.3485529960906099
0.33394764600877724
0.34576815802968425
0.3462902013536861
0.3410234149473315
0.3270500359379613
0.33644767702817113
0.34984403764459077
0.33642059954234893
0.34054511053849995
0.3146633885933894
0.35814913099978435
0.32197225885473013
0.375100125230456
0.34176064735156886
0.35228827300586907
0.3228964701464386
0.33323978694391454
0.3366338895175758
0.3517792903912781
0.3402146459372261
0.32488115283173363
0.3163110429003811
0.33572840132336923
0.3503220135260587
0.3337865163483578
0.3307929545270027
0.36657463276967284
0.34712345761449664
0.3725715296510579
0.36585618674235176
0.3702359313604455
0.3247460797142643
0.3287980034061198
0.32967460313134456
0.33093369529202765
0.3475232790592509
0.35662604458321995
0.31889184054017644
0.3464502254066248
0.33243291607393366
0.3180980721144968
0.342241406631975
0.35806284000231203
0.34382707237083987
0.3291793716655521
0.35947439927579455
0.3436124910541297
0.3347933057315789
0.3178319694098751
0.3304087106111963
0.34187255529388766
0.35701922880063597
0.35259452403809244
0.32388397884630243
0.2919536075931279
0.330849648394739
0.3607244453609376
0.34169302646693256
0.3361125123667734
0.32790147595710223
0.3179048109892258
0.35492553333604643
0.3322688549705814
0.3382495179304343
0.3265200529092833
0.35637793537180024
0.3387098784333305
0.3764131024154531
0.36037892486435386
0.32139247113477415
0.34328176510282393
0.3346636839590966
0.3373890052632441
0.3225959333195826
0.32368912090872937
0.3442375923670586
0.3538370745235221
0.34180369855144993
0.3384093638007115
0.3323530301754267
0.31800851129177843
0.31676463777454933
0.31103379017443145
0.30143684147389643
0.3634270454903281
0.332864899487102
0.3205184798238703
0.31238158950412404
0.31769829786175996
0.31548878841839006
0.3241971381635264
0.3174371058509422
0.3222899920044899
0.3306181543658586
0.3261462392413878
0.3473516082619441
0.3048435133084987
0.3257040191317047
0.33479142188108285
0.34168796675154584
0.3347987219723577
0.3123157625011016
0.31169151937844064
0.3456495661061136
0.30979115966815063
0.3365722505551802
0.3404608245267182
0.3145022001167068
0.3167909538256024
0.3078483726626137
0.33873461980722125
0.31160939839026675
0.3004600272295805
0.3076108465349633
0.3244468866290711
0.33726859323508185
0.3444463866906534
0.3412852788509566
0.3282059240254593
0.34560448815198946
0.2990920381691335
0.3264588599806091
0.3136238800020758
0.3495146970317469
0.3286054232224518
0.3403136138423828
0.3688738247846809
0.354212973157571
0.3431654477129812
0.31570569588106895
0.32674457536417273
0.3543310319318024
0.3565665442826792
0.3501219883958336
0.3224970251471488
0.35193425992505667
0.36741607994104686
0.35246482103685933
0.33490894765094276
0.33377890744743766
0.3351216096739121
0.3234495097976757
0.35117976909345583
0.3247970185699438
0.31598033317097374
0.3360138353617894
0.31770698220470117
0.32867906967554344
0.3103140480124598
0.31807411589102985
0.3287397857354999
0.310293284927079
0.33904163270248194
0.3159899812032103
0.3236379437951403
0.3255815867171699
0.3186154858050034
0.3233396304932609
0.31203657883381086
0.32263344639421476
0.36497775293807383
0.33810492750138293
0.3251322951066971
0.3452814565266088
0.35650876930400477
0.3279977907866822
0.33050568178703604
0.3505692528257532
0.35069927562859665
0.35033353344373197
0.33266689396642574
0.36321661760776625
0.3555372535082748
0.3390133239487342
0.3252651422963223
0.3609129788548738
0.3535902026061616
0.3602215488508365
0.32397918995201
0.3493342100434893
0.3258583590132928
0.33227378353402154
0.31756700162102935
0.3355661494554507
0.33377698385830773
0.33662674980737295
0.3655445924248785
0.3624437555517553
0.3349629028246341
0.3200363206497719
0.3114525681521451
0.36556776114930706
0.3287387153175695
0.3254349646234419
0.3311674242661969
0.3529765253926938
0.32679805185415234
0.33745233231194355
0.2987850293095825
0.34625958511561783
0.3380356022319046
0.33887752636719254
0.35130752979703106
0.3331277371961763
0.3555509923825768
0.3565978864680217
0.33119668184646023
0.3505428296950769
0.3370337470596754
0.35969514941035985
0.37975192315790735
0.358320381290204
0.35331563543206274
0.3250708290544035
0.34849666421540315
0.35262240343287515
0.3507033008252939
0.34307739052684655
0.3383580486827643
0.3241094768307219
0.35450462142635303
0.343104472754216
0.3706528633345532
0.363299430211587
0.32846602110385265
0.315383210325982
0.3461445533025874
0.34117126896612
0.35180218563062493
0.35356220898554236
0.3420780043662416
0.33922715702787765
0.3330825468565008
0.3502238636943555
0.33874903349676216
0.3453218935893046
0.36560832085005285
0.3504853052763187
0.32792909984928964
0.34554314242661227
0.339549010245181
0.3604715960791153
0.3450569824075631
0.344805057611448
0.33959344392479635
0.32633827189476045
0.3427066663920318
0.36019684503383553
0.30965783696310467
0.34344027105381386
0.3331539129742417
0.35926947267058235
0.30887841551143574
0.3302545135445212
0.31717403837884944
0.3140162569804819
0.3378174889101784
0.3259036685314534
0.3336699526914783
0.3845075129650253
0.34278183054546263
0.3492174626220571
0.33130157612909333
0.3395735837809843
0.321122342220786
0.33934230044071956
0.33236151188882146
0.3350595339947251
0.32674243313822854
0.33868049603256667
0.3211623095296156
0.34781673833396654
0.32838867066443955
0.34488961058132056
0.3081711945229695
0.30534592857957393
0.3360710121707459
0.31921791227666485
0.33322523460848025
0.36970574648809135
0.35187139052033145
0.3754327023489488
0.354379522809866
0.3040350942725658
0.3418801333929351
0.34622175866940696
0.35139818494651975
0.345560960470129
0.3321213191955642
0.3254282107424314
0.3395306174978214
0.3563229103659518
0.34275132871516756
0.3416435705040949
0.335362860015696
0.3629743348325246
0.3697192506460441
0.3360854929321483
0.33058318497194983
0.35813534449937284
0.32262212884312924
0.3593039667510146
0.3303842455009276
0.3518318075313326
0.3436596002690158
0.3342230262931629
0.33333901571476326
0.33054838869448216
0.3048120758759487
0.3443802310492855
0.29582898054474793
0.3381840139669207
0.3439248613633989
0.33350552099999686
0.3460493380214214
0.36032941370722793
0.34664957187768347
0.33548897923273846
0.3303191991521589
0.3507239424567586
0.3426076661125148
0.33252788350979307
0.3492705067581087
0.3580754475862702
0.3444002750835979
0.37696634327990935
0.3763917598299717
0.36193361592655304
0.34717539824733346
0.3515007967959021
0.37716227947208925
0.35613155118794837
0.3423992755756889
0.3527126383303642
0.34960802303207095
0.3283080649115322
0.3204184066660773
0.34492153280754556
0.35297243107732346
0.3369749732956073
0.3461600421503658
0.34169134271923074
0.33666097730146677
0.34871827863112326
0.3408574888591704
0.33916665829178944
0.3310381035206708
0.33005883066802494
0.35396593556578415
0.3309616596100864
0.335434069183026
0.32415140484107663
0.3569130015964603
0.3547849189151262
0.3430210598786829
0.3741815102718987
0.33960706596079693
0.34718172086001803
0.3581047112853019
0.3416890929509944
0.32236744892843583
0.3471236910531574
0.3364376726855822
0.3510663403896116
0.3868137140572356
0.37383003957967953
0.3714832678653728
0.3379776726643428
0.351499212844652
0.3426103724974173
0.3287648016287425
0.37025652835996714
0.3351987735903539
0.3125496549068228
0.3396703817573897
0.32488375297014854
0.34302095046785985
0.33004866724034265
0.351660071332089
0.34824377738949225
0.35321415140383494
0.34588079641120184
0.3708622168685238
0.32161061229034005
0.33181844710250086
0.3560574613368886
0.3249617846218264
0.34241006935088253
0.3323344419672914
0.336834198704135
0.3230338666639181
0.3275354179883275
0.34768480202636526
0.3621789222630627
0.3561654173501831
0.31731904625481083
0.3363252755508062
0.34950142718319877
0.3566346360125391
0.3411984668773942
0.31079189444162275
0.33902842489790547
0.3527786812149296
0.33073317035349054
0.3577340094241457
0.36509254423945253
0.3526134481732608
0.33464665886296374
0.35708794120307585
0.3700619729972646
0.35781582603583506
0.3613941414912527
0.3347948360496416
0.34849190454198176
0.320374196114294
0.33133058262843645
0.3374499424127017
0.3352908955211248
0.3411357260875038
0.3280031680328229
0.3376511799703926
0.3480205419324245
0.3596265799213289
0.31433019255359246
0.327334199493737
0.3309999160551653
0.32628305667006763
0.33830238501562876
0.3243979033535436
0.34357251954685625
0.34758197096036897
0.32813409029979257
0.2998150276224252
0.3171130924155886
0.30874193413171325
0.29189942198572333
0.32695142240799785
0.35470570925500433
0.3320355845345263
0.3230527246673116
0.3579629006159277
0.3307898842108068
0.3635118130348786
0.32442405901457755
0.30831155096099344
0.3145449631145007
0.3446826197617456
0.3271236927180018
0.34454912857587205
0.3361045486982758
0.3274495206030271
0.31133412912370106
0.3418272812293448
0.3351584458999123
0.3556569867110102
0.32274786303882713
0.3116278499479673
0.34453666034089403
0.34061226219280505
0.37323094866873824
0.37092664049158836
0.34245531053923933
0.35699389497543904
0.3450263862936765
0.3394523766844671
0.34937048066748644
0.3241894360918623
0.35111246417585124
0.3459245393103868
0.33762169505328854
0.36003927707572697
0.3206703070678327
0.35190789091072294
0.33760977413356835
0.34316129267633744
0.32678773210536305
0.34475639175364853
0.34437180036031667
0.3354607500596632
0.3562501205864925
0.35481814637882536
0.3830404490159297
0.3711260819830569
0.3439748904632848
0.35558033972327796
0.3803572881916647
0.35676413257710543
0.35167137720182395
0.35583931444945327
0.3486626491059777
0.3121417107574312
0.31941453916596185
0.3390987136613784
0.368271341684181
0.3393901856668589
0.36041560542529727
0.33915627071613846
0.3530270996847093
0.34047658180396145
0.30935271189345137
0.3157433165885128
0.32233039340567216
0.31656135067947794
0.3503095837926979
0.3217704632231291
0.3316091084059842
0.3385277758608475
0.30529081098664856
0.3150707865941648
0.2888184573546032
0.3126173692795771
0.34035984778391215
0.347939001866843
0.36847010867707725
0.3459267580497074
0.3366077241781468
0.33668781996609193
0.3321517669012629
0.31602430970889395
0.3366010612357057
0.3467414656465484
0.3058548614260695
0.3079690711854123
0.31478096676694295
0.33175854463578447
0.34947698817080486
0.33018799172696356
0.3125633159881243
0.3181429014801583
0.3109030663285761
0.33084206849947967
0.33485419959645707
0.3444036172452422
0.33317065659886463
0.33799934783454605
0.3458879258799782
0.35274636062496406
0.31930294184447655
0.31775567592236703
0.3371219216590443
0.34003213780692926
0.3776009445130968
0.3338989109387328
0.3167270265096216
0.3289848104195382
0.3413876844118762
0.33515514145071607
0.3316455326589336
0.3573727560363065
0.36562517211783646
0.3638455523257821
0.339280788435799
0.3501459739582309
0.3519074282140088
0.32532119391876085
0.3590095391382739
0.349078952564011
0.33147541374462214
0.3166921921805565
0.3066851113813711
0.34615011586123673
0.32840609083376143
0.34566107351440273
0.34339439829760277
0.35687788772860324
0.32644653691076325
0.3251638958351423
0.3512587135051954
0.33565862054205325
0.3342523270212331
0.35694544621783403
0.3330692218438638
0.32186375731744343
0.34121484334283064
0.33390505733475845
0.327187919264571
0.3495741088405999
0.3439409682175208
0.36469555455903047
0.3626089722409238
0.3240749668872736
0.33356708336133684
0.3141004612762089
0.34915523357159944
0.3046885407597002
0.3256124647194638
0.3626119723286408
0.34574075489825906
0.36370376738664006
0.325790552456472
0.3408470206773379
0.3601311566710216
0.33921678264304816
0.3118626900224583
0.34217783386773226
0.3214632898162844
0.31634233155315883
0.32581952485611826
0.3450502562268823
0.36259285690409293
0.3471463894677067
0.33331752281323407
0.35653226172581537
0.3384840907138201
0.3561600045979175
0.3406193341642417
0.379151832753883
0.35768819838994886
0.3360319400341407
0.34030020531771255
0.3624299654654859
0.3452086403328072
0.3431372573293611
0.36020059393011983
0.321847721836277
0.3261138103861111
0.3454246966219029
0.34219252420442864
0.35083066765316323
0.3505003573666315
0.34075012626597545
0.3412138553594405
0.31667802484244956
0.3382655474338611
0.3572766996049065
0.3472338503309682
0.3456426235248014
0.35990089669289027
0.37605042265107547
0.366448169270178
0.35907138236606245
0.3516693992518283
0.3582416021139
0.34756422069103365
0.3396547417562049
0.33690684247018493
0.38652383977438465
0.37047566953976885
0.33700364810628564
0.3508398508421144
0.3426929181436016
0.36854882538589184
0.35017265716184004
0.37437087711526973
0.3437349780949345
0.3263270938059247
0.3286859481154379
0.34862573963102067
0.34214386121011325
0.34636365735845526
0.3550681020685605
0.36132218835672775
0.3770410911097767
0.3077651601435282
0.332395480063183
0.3550314407704815
0.35960366802334476
0.3510406772865443
0.33962714490833457
0.33733208202851306
0.33985869194908847
0.3257781886590589
0.3300521982326353
0.3282098492194491
0.34860661282421207
0.33349228342509873
0.349726894039137
0.33520061147929975
0.30557362316769987
0.3318653353598427
0.3462280765980454
0.3340318048792274
0.3338898423798757
0.31806132280987875
0.33092997021527115
0.3426306540748724
0.33731189553224733
0.3323740319710719
0.33048642887359553
0.35139201497091693
0.34860392453655475
0.3469812085657142
0.3846609130521363
0.3580668112123876
0.3519984502073542
0.32462648411373624
0.36555782672012704
0.4059574283509282
0.34114632013607216
0.3629329859603384
0.33662522100206865
0.3476902882623482
0.35841324933713076
0.35286750016088014
0.31953651097717634
0.3373742395351268
0.35119450294842564
0.3436235476889634
0.3410784006101733
0.32569988793416615
0.3132468367161853
0.3166945285468086
0.34978809076281614
0.34989372654045237
0.35243882381849007
0.32381714375365056
0.3613446922514784
0.36431085870472757
0.35158955176710244
0.3302375032188049
0.36208215082807127
0.3253342495662334
0.3172902400592788
0.3179941434767944
0.3616144690683369
0.3820605476816284
0.3359136785894046
0.32271028203134455
0.34125391140146766
0.3547637931281729
0.346861539971506
0.31679538924552875
0.337149971911047
0.32840515863078246
0.33918061829377993
0.3589830952743576
0.3610841555451415
0.3520716893179802
0.3300066161203634
0.34419518830110424
0.3623070129034372
0.35225786934256803
0.33149861718539103
0.3170715515445162
0.3363992766978902
0.33763476702745104
0.3298123195273688
0.3383990998977397
0.34156893758284357
0.3289769129462757
0.32197976549952056
0.3136035231010698
0.3275474176093447
0.33413141236709404
0.32625042221995065
0.35291928199922123
0.3613036835694187
0.35602355437370564
0.3329611355874883
0.3608307656870075
0.36729574398907333
0.33832137833202225
0.3317215949899101
0.31722482974920596
0.3252278041099108
0.3155210014623983
0.37117916203942936
0.3136177860925774
0.3305689593423436
0.3512810138132376
0.33950030411996734
0.3508184686369534
0.33152060929034405
0.3267911732992512
0.3307766360021625
0.3294199011776379
0.3450315405398744
0.34468219197579225
0.32415151948405624
0.3579637059288328
0.3327639783816203
0.37212540968792746
0.35667688252544427
0.3783801704002194
0.3279415361281024
0.35927704571745595
0.35327480090408686
0.363207055306597
0.36844695855283943
0.36802631778989225
0.35190755544424035
0.35286593891877
0.331950943284538
0.3572341142937508
0.3420039492402573
0.32931733149230674
0.35429241559223157
0.3385301623561358
0.33939125941248266
0.33468689426601467
0.31683160258425236
0.32397184346235425
0.3441953528602396
0.3547953430172314
0.3488002865799401
0.30753005638668124
0.3376694249081857
0.3304209118635504
0.3263683361425017
0.3471195390204531
0.2967265743632845
0.33192913762382886
0.31825468489041975
0.3323473744345727
0.3626196951607902
0.3417424860475269
0.33256074391841134
0.32129246486093715
0.34636393470140403
0.33319335189608507
0.3445999122424508
0.3342780251424486
0.3693932622588939
0.3419921680254752
0.3500753386361363
0.34844653883991494
0.3323015345535692
0.3460200812576831
0.3526476950389261
0.3488219155753025
0.3671817832305649
0.3575379592652606
0.32127534355844617
0.3272285549656848
0.31378408433853017
0.35223844504645196
0.3445229853337638
0.3448659674633498
0.33078300332093735
0.3256627576859305
0.3500845091314451
0.3460685334251141
0.33157071187308607
0.3277100208401294
0.34658500573858153
0.34762198277901407
0.32086085628053224
0.29841034207564554
0.29529989338762525
0.3255970599396052
0.35065225178418963
0.3483013155467783
0.3613480519350118
0.3245621905815753
0.31866753885894206
0.32703474066012855
0.3077191298224511
0.32589433708773957
0.35969169613320434
0.34135481857882133
0.34368140266479397
0.32014219135814076
0.33505807802623244
0.35828688443217843
0.35131942005164013
0.3571503149298297
0.3470701366177373
0.3556697984010533
0.38181434583583207
0.32825266974813155
0.33118913530982974
0.3256658688801143
0.33368528784242135
0.35002134872296553
0.3481388072208781
0.3828314620354818
0.3809647759816707
0.3660928892198824
0.37011350216512495
0.3786764405277964
0.3664709302553459
0.3302732500294816
0.3420139327936434
0.3165643401920806
0.31323226711941726
0.32182308466998283
0.3336455736390828
0.3426180830289501
0.32789877662503447
0.3826941032471853
0.3399215957244509
0.34880835416109346
0.32456357307678874
0.33064093484871554
0.3273075769580755
0.33597375194023565
0.33008099763709486
0.3129506680543638
0.31467082456624507
0.3379926725918939
0.3214423518223518
0.32238723833698085
0.3018479658211458
0.3424377157735952
0.3601679598560113
0.3287901429619931
0.34117296758717064
0.3387246620646828
0.34553133557876825
0.31355486576305897
0.35634730527497893
0.33032393864859283
0.3237107447216099
0.3182036390282275
0.34006721737368795
0.3310070765128774
0.31303911380442523
0.30288975025473625
0.36278989862165917
0.32898886624039675
0.38418817254269266
0.366999857892767
0.34635234258915903
0.3176571574129908
0.3213384772907538
0.34484493170483704
0.3212021449667332
0.34980591731981897
0.32465842489655067
0.32515794011169846
0.31712277612605777
0.3188305939378475
0.326935150558137
0.32376912257776735
0.3543687531004336
0.35554053003555053
0.32899118296436786
0.3014364807219996
0.3279889442759482
0.3207843648989634
0.333005006420565
0.32984820054910424
0.3259321552975678
0.3418285683013359
0.3513874059654309
0.34559668946407524
0.3488020238429222
0.3253995656375262
0.33278528060242674
0.3273668780001208
0.31758918762490207
0.30181993596615275
0.3184261405151159
0.32676561585625247
0.31917470108749485
0.3115073105354783
0.3353313357695535
0.35548312706225865
0.34782294166536537
0.31725421905346457
0.3439248045993254
0.33014016552180964
0.3201368190498703
0.3344626885486179
0.3586765922617476
0.3475541225273048
0.3161514231573652
0.33699814101066067
0.345647851893958
0.36655485251336073
0.35339725241032216
0.34351730545191805
0.3564807267518293
0.34215009367847227
0.3469577940734053
0.338433347122758
0.35041928386420773
0.321863729741733
0.36589215460302504
0.3499957955413743
0.36773198498109855
0.3405299019288913
0.3418632809875654
0.356163863296786
0.3353706196057193
0.336755710331661
0.3596437976297313
0.35876054779008987
0.3455914944876501
0.36145951348726846
0.32747854850972224
0.325761819881433
0.3186696397142534
0.32776683450147026
0.3478558314105306
0.30872940133474996
0.3418514525973849
0.34753558392765904
0.32973418774183105
0.3119111923670443
0.33496365326272415
0.34179818660209116
0.37027296418168043
0.35447347190581996
0.3505110572880578
0.36610710518836137
0.3613973203671243
0.3252259322934725
0.3113045332693831
0.3217759461810037
0.336456689337015
0.3413018512699403
0.3220939202387918
0.3324392446225829
0.3420406918060229
0.35890118863229925
0.3272531109726607
0.3384732226965342
0.30477191385146785
0.33760621464818996
0.35172012816862164
0.34955102507471936
0.35090717181084274
0.3253583202105098
0.3657311616969409
0.3505750981165605
0.36323234294608914
0.3493193268041881
0.3288395315988425
0.3396348969079084
0.31478545462805546
0.33891338023608014
0.3230675942789718
0.35267413607060283
0.3608672873885404
0.35019233984888704
0.3082549868989471
0.3371469243546033
0.35164147171606613
0.316906894603005
0.3475116943171283
0.3545689643261409
0.3526417052235879
0.3417547751038395
0.33508212856983666
0.3186564007418792
0.35134022878902416
0.32228616378627445
0.3422611246579825
0.3479060419021493
0.3170086688175939
0.34228260325166543
0.36197644338365137
0.3480735830601904
0.3171780123532537
0.3209391610048548
0.323781612723622
0.32874952527083745
0.3488748020477022
0.35476028321450065
0.3416573110137692
0.35950387883853835
0.36019433141424045
0.3607715599714594
0.34340149985788926
0.3139688769096097
0.3491310002151891
0.3440014784305388
0.33276206163908534
0.32943509149563377
0.3564973622887801
0.33114617032373905
0.3621687583038707
0.33889120902664344
0.35990238323467566
0.344444499283278
0.3581113049625072
0.3146374475054553
0.3332128980367438
0.3554275713150857
0.35545111919956174
0.3294149687678994
0.34726829977193985
0.37367081120028384
0.3193492699687805
0.31065221844116214
0.30423222580295994
0.31311068303349976
0.30805636368295924
0.30794774518981083
0.32605968543933933
0.3417727419411356
0.31931143063596296
0.3507801751401279
0.32809625790844704
0.3531628042832505
0.36377809252310706
0.3281892076336451
0.30777225593855817
0.3049907464140404
0.29088367068624965
0.3365072623753089
0.3078363138372387
0.30951488354956963
0.309705523871186
0.3110404712649906
0.3011223222137122
0.3317949273074014
0.3329938023787625
0.34388398192015734
0.32057288153417673
0.313535860419447
0.3227824695007927
0.3249311599377131
0.33753548164022457
0.3447960351573167
0.3222110890414287
0.3331224690888278
0.31116821887434765
0.3273538905449492
0.33829645349251547
0.3366068919612092
0.32768921669238177
0.3636927235715772
0.33654377994206186
0.34346091714449317
0.34726576776292417
0.3328566110774059
0.3288235667602694
0.3518489902778928
0.3315060745423821
0.32836167222472185
0.32185774772215536
0.3025085230262456
0.3263573845299232
0.3197677475026572
0.32308834679234877
0.3288658440411046
0.3383862966874652
0.3518285854470758
0.35427649829011265
0.3160279813552108
0.34181294565315506
0.35465694182055035
0.3272763288912833
0.36243226040044835
0.35417826289578624
0.3640832512280161
0.3482030427494845
0.3388473005550569
0.3536778581013582
0.339171567079981
0.33458934494362513
0.29494759981234825
0.3277727019832501
0.35091320313751867
0.33618641882250716
0.3408404648505572
0.3425218410218047
0.35687203278051194
0.3429769749797933
0.33573544454309273
0.34246123891206887
0.3230501250115537
0.32733151582018855
0.34476517020038355
0.34072104561882904
0.32608443844654533
0.3409066992964632
0.3078540482409797
0.31984547694871807
0.3411007183695321
0.33970914912866695
0.3191991014735453
0.34961207301367603
0.34117180894275795
0.3343541977835329
0.3330860071271044
0.35350811257517806
0.33885535304740244
0.33870687183836173
0.35334847544423426
0.32624336141423854
0.33417562733786504
0.3653507139988391
0.3251907824263436
0.31099402253987346
0.34362175340807355
0.33029335928143905
0.33170515140578993
0.3451493074623193
0.3342873593884218
0.31891356797661097
0.3530149528996079
0.322022225811832
0.3501085852206733
0.3491467330406607
0.3396761489639534
0.3535207369968807
0.37273573384089165
0.3168047009277893
0.3212668046898931
0.3411653720507178
0.34576491127931475
0.3557930208838142
0.3182954155443224
0.33331104326025235
0.3350605412139352
0.358282710771696
0.3337883689221675
0.34421021921951706
0.33992625521123887
0.3261696736236594
0.36492641212004945
0.3446152901425807
0.32788672878879527
0.3504855569562906
0.3350491397658062
0.3452639222607843
0.33935210133729415
0.3263694609951068
0.32813014637531224
0.3363914060447151
0.33809143751663095
0.32079284887105447
0.3188579888237951
0.3411259730818768
0.3333198715912054
0.32983066549320933
0.3325861760225651
0.3268482338505568
0.3390536489785023
0.35146999064155
0.355844487074214
0.3440698340833748
0.33726651198767876
0.3565024230855824
0.33392901794523683
0.35359067081039325
0.3613026573119452
0.3427766779063636
0.37644001802055505
0.3628644651263308
0.3436903992820095
0.34616661177553687
0.34287244204798734
0.31342685362136063
0.3367588819333485
0.3419928094770236
0.35802492329212526
0.3391928999271499
0.3263133752779112
0.32410379958346874
0.34208641951435165
0.33856975553657426
0.3385161330971071
0.3232157374011934
0.28752606797328223
0.3061716983330553
0.29439243074507193
0.3391330769352328
0.34599375494786827
0.32614142496220905
0.32372749385199745
0.33776577372911093
0.347115837157562
0.34974100451248735
0.35027856943054847
0.33842750117315723
0.33464169000474603
0.3384965737238853
0.3565401870301713
0.32257989831810907
0.3306488960420583
0.3199311511651884
0.30486765257160386
0.3396813809343385
0.308590065309979
0.33173566218028877
0.33032228607386077
0.37618879799964056
0.36716268066348806
0.35017535787172976
0.34323802731708175
0.35936443353902425
0.35054022700570897
0.3161243939166965
0.35384500976902156
0.32923523786393355
0.32460226226088534
0.3785824576675588
0.3462247259493304
0.3307248441410398
0.34514536939382995
0.3315413545841768
0.3195990433982501
0.3324672635237744
0.3367249150438571
0.32923608711342334
0.31968998204701843
0.33657906573491797
0.3289041638014205
0.32305650635434824
0.3396492181886887
0.3307176242868667
0.33302950284873545
0.3113649235975755
0.3201835116502949
0.30026894051032527
0.29490490858731583
0.326381294178882
0.3417243450155203
0.3250850271167019
0.3581470590418885
0.3389248929443902
0.32986328035109647
0.3660140860900041
0.3535600631075801
0.3765584028006702
0.3292629667484325
0.32146625134341655
0.32545423111971905
0.3376161383960263
0.3569930944311775
0.34379074703138607
0.3589193062237282
0.3385083072456948
0.3301028579316052
0.3235468966675775
0.3425156046979977
0.3031282261147197
0.338269725911486
0.3563722381285349
0.32898130905757733
0.3374858211428194
0.36287812811243414
0.3553094323392204
0.34771657956075464
0.33106355098110274
0.32238368063218725
0.34109713591312096
0.33889682941505556
0.3286332120068179
0.342661677693091
0.3291080277172018
0.33122824938107537
0.3425730121407532
0.3329956885023292
0.35067027594425815
0.3065574182496478
0.3424875767562153
0.34614638577109497
0.34929906820640794
0.3409936642921633
0.3501571036452577
0.33543782919345727
0.332882031074526
0.34029789716893133
0.34535520286720506
0.31464021552622196
0.3297199995575266
0.34585094482007767
0.3440181913150493
0.3524849355948481
0.33988637447444786
0.33350358274325437
0.33269116535093235
0.30734094154538244
0.32906965595182763
0.3323774256129951
0.32324252172341983
0.33200849471760324
0.3206478397379222
0.3045146711560924
0.3222376984229326
0.33302276319185325
0.33774420990047166
0.34473575089114755
0.3537472610286637
0.33311601350168296
0.3455927777984794
0.35346660805206104
0.34202144228219333
0.3254371418459241
0.3386315504568374
0.32416668886285616
0.339710210764482
0.3575674031957753
0.3232426587656348
0.35784771064950005
0.35722843292031536
0.328244006761672
0.37389008749861596
0.3507201310231972
0.32807507138592573
0.33504783522140547
0.354318951931226
0.3745541670624722
0.3746605194489436
0.32291018651268866
0.35937464885232795
0.3729566817322808
0.35709862698325295
0.3406259461704448
0.3460395830175926
0.34619506589189447
0.32142480946584495
0.33437781715741366
0.3375848157904282
0.337604298060417
0.35467137432128387
0.36011231764945273
0.3509726926954015
0.353370719509988
0.339994883628339
0.33856625796472145
0.31941976033670383
0.3467918520305748
0.36072494025488255
0.29997622348116054
0.3306359020914235
0.3293771133950377
0.3365306981956438
0.35664977701784756
0.3166776480678885
0.36146617253182034
0.34323201272387105
0.3325770984856847
0.33592380347044776
0.3425965269900588
0.35132951400216983
0.3139751351621521
0.3426304372932915
0.3281275403152358
0.3374285268102587
0.3718443406620058
0.36292524157440725
0.33420556784337246
0.33053769026127067
0.31655538371223474
0.35911111648932276
0.35084921278972586
0.36824645235909564
0.3470031536381813
0.3559419657201944
0.32480755846989795
0.335541772079877
0.33100489718801324
0.3639740671776717
0.33557744940450795
0.3420687801432725
0.3644014636568049
0.3478790381851998
0.34840711551807785
0.3300708253669156
0.335986427691962
0.3593355887973501
0.3527087647206871
0.3554223976525425
0.3439300514762752
0.33821780516053834
0.3372531937778688
0.3274981000015504
0.3155053963382131
0.33620547634303893
0.32103159235129836
0.3365501476411562
0.3256712134161362
0.347937592448033
0.3509026890451595
0.3769161560137844
0.35880900004590494
0.3579654157815861
0.32266917772814335
0.36838799056175453
0.3751949370718491
0.387593203316677
0.360677133716402
0.3761483828902429
0.3644829299257319
0.34412359791526487
0.3439811236177905
0.347275126167292
0.37883083850678073
0.3768928531670286
0.35292669668024074
0.3490623990436804
0.37083440066619244
0.3574641637190554
0.3399877630789893
0.3409562470678401
0.33701027071313105
0.3266209033228081
0.3612551446582145
0.34358210174149384
0.345949811687906
0.3633790289300482
0.3629791289692251
0.3552625340549543
0.32620025174437733
0.34738360517991185
0.34900286717873436
0.32454530945259835
0.34095443707743267
0.3632140839566606
0.36796836891714063
0.3512847425883668
0.3496847915619068
0.3410393035563302
0.36383637844329425
0.35391272217558806
0.33218237389968275
0.3564197449900093
0.3489733839750865
0.34664669922161057
0.36318030550622404
0.3555426012385698
0.338068813320222
0.3374810358503285
0.3112054651827085
0.3121763915423786
0.3494858343228384
0.3450790855504442
0.3408448781680651
0.3568580353743795
0.3621611778703554
0.3405579958999508
0.3254890105731875
0.3383479657932618
0.3131477435328273
0.32427980252567257
0.28513900382011903
0.3087372781812987
0.3061243812877013
0.3282574318082773
0.27837772390875437
0.33393644334544503
0.34164683932706247
0.30928400720812665
0.33795992207148173
0.35617285711591035
0.35130648984933055
0.33316698497355934
0.34362967240162196
0.34747638915632156
0.33644108156299085
0.333074385723928
0.38378461615976456
0.33927648932154
0.356750326263279
0.36110392615842835
0.3407149651130223
0.3222257337992772
0.36539155019323794
0.33216787203250675
0.3570847006953957
0.34373250597630634
0.3276622541556871
0.3173370020743752
0.3243441721594654
0.3683513348173563
0.3448189553308644
0.3411797033476822
0.3249602657771963
0.32310092686547337
0.32370603919630037
0.3269891759322903
0.33112629741445804
0.3468272804338642
0.32207897687626197
0.35036717039415466
0.3306026404808725
0.3393800623337501
0.3261284362661993
0.352803945818796
0.3424349318444452
0.3459938228528884
0.338439966094393
0.3286748404825208
0.3213826284823162
0.34886235058995857
0.3372997643977054
0.3253884738314123
0.29736514546148185
0.30688377599474587
0.34806314983760256
0.3475252492213313
0.3310582987179132
0.3336584049635841
0.331838510357334
0.32204076993145303
0.3425846990709602
0.35018628694160014
0.34516198420046257
0.329138441449872
0.33545451592185715
0.34419936271464485
0.35944938249867403
0.3280675898391954
0.3155629605378032
0.3227846504011922
0.3043339153952697
0.3051130399136695
0.32184365087793376
0.3522011048319508
0.37766873362668263
0.3578245792037604
0.36211313567092485
0.36431887342307107
0.31795320808356314
0.3070194754450696
0.3289290621238168
0.3494539263985072
0.35662031277145073
0.31972006628652516
0.33712461283755635
0.3572422472691127
0.3673441774512549
0.349333505534461
0.34953411520575195
0.3427979855517338
0.3231998935131186
0.33029273078223803
0.3106619634224669
0.3267719341405197
0.32637145254859007
0.3438555224547189
0.34424625289054905
0.3498585025992807
0.3612651362409605
0.35081735431245026
0.3518548898911307
0.36479189404529416
0.3289265186934092
0.31891942421098995
0.29888704660519055
0.31433271795086953
0.3098186624751923
0.30063376023638183
0.29939912921156986
0.3432224008100134
0.3260934247909435
0.3452969723534196
0.32623695237271366
0.35830941414254563
0.31945756218221893
0.3484764071337633
0.3224286758669749
0.33751714257993676
0.35700325875642785
0.3331544273833281
0.33386374042478245
0.34936474578446947
0.33038409889064785
0.33314556556264086
0.33638421862786744
0.3348827714185804
0.33272918266738194
0.33983266174318133
0.327708493514416
0.35242857345521844
0.3423295903984187
0.3121940110052457
0.340354249169001
0.31343273576170416
0.3070863458598818
0.3309564142606417
0.3278370596048593
0.37325590155467836
0.35062405032050054
0.32529272614420224
0.32718861943212746
0.3465467703018744
0.3576240855084239
0.3226295535437381
0.35758066032147634
0.35364168506078975
0.3380006951354564
0.3568003134694897
0.3232830442232697
0.3046354331015598
0.32011590227351033
0.3362184562789936
0.3237455017648809
0.3393163802241725
0.3534919505146526
0.3255614512446678
0.34261206665360683
0.355880867615199
0.349521240322346
0.3310418489086523
0.33469358234261654
0.326060166844383
0.3566487328933177
0.33380479186838274
0.31612799238429734
0.3275084462681064
0.34474118002418136
0.3562883660098067
0.3388928171598948
0.3082701816072379
0.30123659358028404
0.30797500769768144
0.3452302944479753
0.3166585067855251
0.3147627826902449
0.3480673822679276
0.33740890544685587
0.3365322878346319
0.32623634438263843
0.3199525246689799
0.33234125724276176
0.31840113409383586
0.3254021601964141
0.31960408315860006
0.32862774747180595
0.33272628804050997
0.3529240049060538
0.3680195906795283
0.3217956602798501
0.3389894161394032
0.3494336158622395
0.3416090394846031
0.35547992477799567
0.3467151082256991
0.3207178750410409
0.3454001908678407
0.3603591168037879
0.3684817362452447
0.34991134586514505
0.3413939383834487
0.32348929461223747
0.3422029950784787
0.34538386979207963
0.3251990820325358
0.3281661278152181
0.3149214071526895
0.3187894392898781
0.31713207182738706
0.3319722302207643
0.34922166502426283
0.3472056103292697
0.3252719433202187
0.33223054345032405
0.33425907668899135
0.33759707765816427
0.3422724885226211
0.35780118767219293
0.35169380787895504
0.3435284610044683
0.33137841722779304
0.3441960070890225
0.3337512467505626
0.33010744499208877
0.35275910284182616
0.3417679297794281
0.3398105268759914
0.3699992475677971
0.3612454549356796
0.31704458580491685
0.3478879846296307
0.3301311326857953
0.3348534931327084
0.3627783046613212
0.3472850324829297
0.32702588406658606
0.3446001503023188
0.29282834043036415
0.36768843224892106
0.3336796445418622
0.3551834415031287
0.34569222474730604
0.3314962582537822
0.3527834454863061
0.3236210118499411
0.3395509389046444
0.3352925405659082
0.3320779587356563
0.3947851590429732
0.354690747958365
0.34903616622162853
0.3539217804850027
0.3248175517428242
0.33877222106341986
0.33578087362176623
0.3255695694670629
0.3470220856362601
0.345534097461368
0.33903175819733394
0.3349269602817997
0.34577940913210076
0.35417043348176214
0.33602603885053045
0.3316926937610945
0.325327335101211
0.3076382174746623
0.3150609915465236
0.31777012444904834
0.32848586136619257
0.31341726391638003
0.31198116745405796
0.3294568871021829
0.3694398302184936
0.3493614519850314
0.33807431591619597
0.33348675657019045
0.3497582905549209
0.3508127547524924
0.34170843630384007
0.3135306586120117
0.32038601733018
0.3380113080187025
0.31534922801221416
0.30426512672084355
0.32896938687048466
0.33561403549330615
0.332161742996398
0.3330229370556414
0.33835864745464334
0.34460501633429375
0.32081330311032835
0.3427858753071554
0.33677216820982603
0.3459541062822076
0.3571794133428561
0.3680566348536439
0.32612604114090676
0.3169372112890005
0.35106644319563285
0.3530229923289961
0.3460633310121312
0.3475878344776691
0.377759997116431
0.35288406783578025
0.37290685324093426
0.3479051557288167
0.32939899173777554
0.34973342900852267
0.357001870645756
0.3196651989565747
0.3422711026094319
0.3410251408711551
0.337725379116433
0.3462330660162839
0.3635983531817004
0.3163672660273476
0.3275591136841641
0.3281373275845487
0.34141013243151586
0.3195135873642231
0.3577610891299921
0.3677719845128442
0.3078946559932598
0.30988321518063466
0.31147565851751086
0.32082129070689136
0.3194314736615012
0.3817926679111117
0.346846555327421
0.3243773478768072
0.35109227975214724
0.35575830564186645
0.3482195692522702
0.3459636558908143
0.3401010986345093
0.36079040067237284
0.3368706776996448
0.3520957581351356
0.303603023992511
0.33248693770738147
0.32897471948236073
0.3276770040915988
0.3329100798440444
0.3694712790399716
0.3392766272894618
0.36038442407992377
0.3306777038707931
0.33552436553195725
0.34948727576558786
0.33245630500289053
0.3386875553814218
0.35397557017594633
0.3531890099946762
0.3338620962136288
0.3389458023568295
0.32956748347773895
0.34154309011082945
0.3568714068581523
0.3342910904275622
0.3449588029886839
0.3251011571619165
0.36337333476906136
0.307871178516491
0.314947793661287
0.32904459390343854
0.3356579587276683
0.31886449166924746
0.32524332614636753
0.3344192111707512
0.3246154177620696
0.3356725224022925
0.34420750408469813
0.3526359952109733
0.3515636510435627
0.3580038487806131
0.3410203783803518
0.3483088456250457
0.34866851211184524
0.3320696975056131
0.35632441838823026
0.3523309363458028
0.35955076766164945
0.3525230944094496
0.366125368237132
0.35110474772150024
0.3482397774127236
0.3807436591060846
0.3518406362948024
0.35467464529154674
0.3398752886231565
0.31760154336538393
0.3306731980762765
0.31720230885640605
0.32501842432351474
0.34437313983665785
0.3358272246599814
0.3228017178538333
0.33915649000845915
0.32093555358525283
0.33428208584616587
0.3503975494117105
0.36400359117565695
0.35161201975144896
0.345147234916859
0.3414798236029327
0.3450157972927398
0.3194716527915693
0.31319635903485726
0.3288773454005719
0.30774473220328996
0.3463621685384865
0.3052165764076844
0.34006074425662847
0.29768486260529897
0.32834942738834827
0.3421261848038255
0.3194851905765117
0.3347567099637437
0.336940955575802
0.31959484571722735
0.3497150626632469
0.3336682847636802
0.33193196926551394
0.3447976684677917
0.33154044766663876
0.331138360239191
0.33003411151246803
0.3407663102634819
0.27337487146215916
0.299203083947627
0.3074100837118344
0.3266299932506476
0.30653055403305607
0.32937104407772927
0.3230381767985771
0.328636118433397
0.3031458972879806
0.3384849360099545
0.3504704355430705
0.34931751211543005
0.349431186383933
0.3457978114219449
0.34566867294788767
0.37686124753966366
0.3391773997117441
0.34146622661358894
0.32115956291162606
0.3381987100130769
0.34294251801927694
0.3354684954147403
0.35054484618439613
0.33760591324503175
0.3632286702844882
0.37076201071921877
0.34526623236007475
0.3331812556548798
0.3299042829475754
0.3378000094777451
0.3514403444987941
0.35244731342002944
0.35721120242154447
0.33805447919185116
0.317905697794929
0.3467149917842037
0.3644475166172014
0.36267709966035394
0.3536571270070784
0.3431673706331056
0.3492537363584618
0.33903271264088564
0.31461566341124847
0.33434690245674337
0.33475461068710244
0.30524009734094315
0.3431961320513038
0.35749091723988835
0.3476870742754
0.35062124716416204
0.3347042498858064
0.32804065269805244
0.3380941565894123
0.35432896519583584
0.3274485214382478
0.3584282974283242
0.3266015354605616
0.30700090649653466
0.3510682936615176
0.32657480489119284
0.31255265555284323
0.31286547295567224
0.3398187486360754
0.3430925860056547
0.31349710633078504
0.31931490487354874
0.29575017374767076
0.3528333117865526
0.33827432335231833
0.3314817951156459
0.33507241416899336
0.35461171311632483
0.3264861601663114
0.31913523392660526
0.343049009050498
0.309851770440318
0.3208549674916887
0.32447850393087785
0.3586226423833393
0.3369309934970966
0.37749501862737006
0.3366218336520085
0.3432272493283171
0.3586998138161401
0.33577185322357267
0.35358035668005694
0.3160123628875443
0.31905340415797256
0.34267017589862414
0.3344436923267539
0.33232746854152784
0.3310061200247035
0.3355990843276429
0.31353513213880674
0.3266952358730719
0.357079001021235
0.33345786136646755
0.362526833848692
0.3776041625703468
0.35468239148321434
0.32952084685520033
0.33669508476936105
0.3500451286072791
0.34071944925806913
0.316792803163768
0.33041026284370323
0.3360644708767177
0.3306714212909487
0.32519827650598665
0.3519176074112313
0.3674958819606705
0.31798147169022667
0.341730679600121
0.3618175523690793
0.33131154144765385
0.34510255878390445
0.3516971208172999
0.35773098748633836
0.32880837984942163
0.3667815594467124
0.32309988678028617
0.33009494392391986
0.3265785453821364
0.3157918522966847
0.32498857901510336
0.3369003732058557
0.3427527126805878
0.32082161945361803
0.35680384321851444
0.32720437262172936
0.35369364970119116
0.31258617783110376
0.2920307156818862
0.30965306673172094
0.3143026198599109
0.32713684926457703
0.30264169050860124
0.3456594341202012
0.31189074715374093
0.30328036813269604
0.3517634017475067
0.3384012249207535
0.3335003650129659
0.3245317383950334
0.36071653954300215
0.3713111209234811
0.36417669448916706
0.33417453479699866
0.35985702500391215
0.33421145964885957
0.34477600304364264
0.3226759333703161
0.3329319921010918
0.3347852047051779
0.3588153631060915
0.30401400667509554
0.3151478242665942
0.32158580575107704
0.349432107203657
0.3237078713477934
0.3390865595924825
0.3493966649392473
0.3355032514577023
0.3202016719077307
0.3406772691467407
0.3510363517817803
0.35613139884336453
0.33718011522201224
0.327345568471948
0.34060234143222035
0.3324094225268023
0.31093809898640884
0.3534031753520499
0.3606593998768061
0.37246786943194937
0.32966893098061123
0.3208033406174394
0.34449277006179196
0.35793489626312863
0.34374165183313055
0.34012077886326664
0.3322886324834903
0.3453490027589957
0.3536796480108082
0.3232339240046819
0.3482054296247027
0.35088205185654636
0.32044611116886745
0.33417288337406076
0.32136406877199103
0.32118482525698516
0.34700937081377564
0.3570103314910456
0.337658174997885
0.3460727198118539
0.32671709491731465
0.3354999115011936
0.35497105983968
0.3411160708933178
0.35416327061260405
0.33832830057590624
0.35334605168586763
0.3529533615355896
0.32233939111831905
0.32595831606107567
0.33396259033234893
0.34648535613764975
0.3206298108015777
0.37004570768726786
0.33616936874488007
0.32498823666467486
0.3200296905753154
0.32734727990596274
0.31261540107770275
0.3174331293467629
0.35127992252428075
0.3302832961528059
0.32677467471625643
0.33578675463470364
0.3349800858167405
0.3430744096902023
0.34880647415806176
0.3558699671846957
0.33702908056282843
0.36268525611156066
0.3364359498583645
0.36405388659788046
0.3085244647005413
0.3501677228133998
0.3228966979271707
0.30938406623665027
0.31915502693734826
0.3279365397624642
0.32132492908976934
0.3302948284225479
0.3267550560914991
0.33404165224286037
0.34333125984277807
0.34544757840998813
0.3215115754166657
0.34398501787259056
0.34752638811574044
0.2997423712818107
0.337466595179713
0.3452446915171162
0.3530301804992524
0.34066348768112686
0.3573270654344514
0.35017955954362256
0.3152659275062972
0.3460304041044674
