0.4427355679894257
0.4373855512203354
0.4445310380337589
0.4295697264106108
0.4375926536650204
0.46030414101201694
0.4488459919820657
0.4612936841711046
0.4427550320990213
0.44717355231245043
0.4242296467629822
0.43526412733671194
0.46043087419761014
0.45945604428201936
0.46410762838922515
0.45122910348479045
0.44004149826564914
0.43196743789780107
0.44787516576554953
0.4307583050399733
0.44780968800523346
0.4596283283310975
0.4535402544312529
0.4489295262959421
0.44756843797869333
0.4471992916944194
0.4236495879886231
0.4510054455044142
0.45529313135106864
0.4496813186917827
0.43557123633552663
0.4489091368789875
0.4358386348309346
0.4390253110697491
0.44168030304794603
0.46676459199218917
0.460934224212821
0.4708436118803638
0.46497007139997876
0.4400484743557965
0.4599056047859642
0.4548354621567653
0.4292752566982555
0.43889297753901674
0.4503170157728975
0.443182113084631
0.4309386369142444
0.46089519908092197
0.450457289135669
0.4158865689731366
0.4411616905607528
0.44314469850348215
0.4674745044177997
0.4489954826573727
0.43947885401980524
0.43500825886228267
0.4244849869539225
0.45144493226846616
0.4399420506945763
0.4461115767019275
0.42255631911102753
0.4275075541395905
0.43509046887461034
0.4381291066161768
0.4146538831455072
0.43879830427692484
0.43417609246616323
0.4451443784252778
0.4313205047625896
0.4526478220388147
0.4690390285975475
0.4701502501249246
0.4634886321191334
0.44003315663231135
0.46400619773735186
0.4674591327348203
0.4547887037999028
0.4460522230980561
0.4406907728025682
0.42213843840678944
0.42495787258208867
0.41089440206643507
0.42233828977381804
0.43449499882731013
0.4465312851658307
0.44789310064991056
0.43966949347349243
0.44486045746905006
0.4447965911103518
0.4706794958571627
0.43506234572517616
0.44422629621418225
0.444659678340072
0.4374467052563107
0.42018775528278507
0.4253102181273652
0.44387149203341847
0.44863804446715433
0.4557522927828853
0.45244790487973463
0.4454581652547039
0.45734573720116206
0.4601789058768617
0.4487331484807527
0.43093457497094717
0.4468457607792944
0.4281099326742491
0.4725604225086371
0.45816108620617807
0.43895266534872884
0.46541077143465237
0.44272571392779764
0.46781595360667316
0.46935422725040193
0.4429607033910463
0.4476170324700673
0.45564083118198034
0.4497592851890486
0.45286882058801026
0.46403531973736933
0.4395398618751156
0.4634110127947709
0.44764917744822375
0.4444476808756982
0.4620790693797125
0.4573496452434658
0.450940506870422
0.4345168147879037
0.43943771828828393
0.44820150768493255
0.4616501575408741
0.451946015358819
0.43946717676488284
0.446240003564777
0.4704973671177582
0.45953810474746926
0.4538368395779677
0.44520271236680753
0.4549466480171323
0.4330146065545664
0.43652601324128365
0.44844458550572125
0.4600440892256347
0.458701726615743
0.45277933923030333
0.45992034542623866
0.46176616326702
0.4365075119600421
0.4414124606617668
0.4621728755155811
0.4380766699634674
0.45924591147538063
0.4400816517064393
0.45761109443807835
0.4513126049566081
0.4338636037676138
0.4545130503863954
0.45899778873984687
0.44135491843961816
0.4315569054834914
0.4426186695780333
0.4544865169435579
0.4342067932839871
0.4590268253710344
0.4241492273805302
0.45792536792171434
0.4608519068581459
0.4540511442611647
0.46055814372635545
0.4473861013956608
0.4311122968233669
0.4505552381477117
0.4603306847495443
0.44192934102401427
0.4235276844122723
0.41479985486968646
0.42695907381726705
0.4230699698741
0.4546584311450557
0.40984527335540555
0.42954401049044477
0.43264164780990283
0.45782644204182515
0.44549945775253624
0.4423763213447115
0.436192275289297
0.4331083983129699
0.4451298806412832
0.41747619040895745
0.4190057521860564
0.41567183566352917
0.4391427349658613
0.42085383400004817
0.4085305749902884
0.4402361444451244
0.45273502907218444
0.4218235991657951
0.4523125950451853
0.4565946643931853
0.45756546913678625
0.46725597756473863
0.45097796783902805
0.43058654932477824
0.44896841832742795
0.42869285231575177
0.4260311651677074
0.4278151274258625
0.42277998402838207
0.4637729072835553
0.44751098884879326
0.4769899140911631
0.42976804450535533
0.4427123496464606
0.44596228837209745
0.4424589276960773
0.44804725550977437
0.4268874124310989
0.43380391080678604
0.44768035455202215
0.432477208296811
0.4149469864975146
0.456359148267245
0.46151693874014826
0.4541410115410184
0.44284127384564603
0.43473870969377587
0.42744491602224916
0.4288969624079339
0.4258500829487582
0.45377756315729023
0.4476104361484832
0.42097558333100255
0.427919038685122
0.4317094394708977
0.4469690154905352
0.4371387361999704
0.4475001525822743
0.45107867957770975
0.45772536930883356
0.4584183158395382
0.4238430492179844
0.4333075310895662
0.4504387203642916
0.4536182414932651
0.43112780525144273
0.4262782386491738
0.4568262456202795
0.4634537126309215
0.44749055732574194
0.4615899913105035
0.4451445208724953
0.44670718568856954
0.4577665646210323
0.419962358266004
0.41095681162747016
0.4388722184900228
0.41832277850444627
0.41717768405662553
0.44741606982746635
0.44109683046569914
0.4295446842276215
0.4247542644758399
0.451354161317095
0.4326785915167959
0.4568004765967742
0.4550223608258681
0.439517035078132
0.4289804118326839
0.415156016628058
0.42753959266053293
0.4404005977246342
0.4636824057592442
0.4571858796825762
0.46583909168483245
0.4343644927552807
0.4501056279450425
0.44409131085299414
0.435486176036494
0.45736286681283544
0.4396492342202934
0.4507222394299383
0.4592800837587786
0.4513713825016292
0.43829477320682236
0.42653961011446095
0.4123275311739779
0.4355278782967008
0.4463445379006336
0.41713198393191553
0.3973630247960826
0.39972208035569073
0.44344617222536714
0.4139700130943587
0.45774702436038944
0.4426897369593136
0.4336787974511532
0.45235966252616366
0.4514996059296741
0.45735320299395676
0.44926797645326366
0.43547371588008627
0.45075949261678705
0.44163527438866035
0.4457740770759548
0.45896528550319626
0.42868102083241544
0.452412278552311
0.46051814367945504
0.46195379444276424
0.45090898643013677
0.45393047435613015
0.4500479725689612
0.4695558877959023
0.44130290217477636
0.45665455297760854
0.4301071884160983
0.44002594347450064
0.4436033211588067
0.4498019980034792
0.4323217107203453
0.44832394865166453
0.4293654457848769
0.4454912519947211
0.43189464637080344
0.4209365681467904
0.45363774266591633
0.45483500944722516
0.4434750075832799
0.42980342323153464
0.435247511020002
0.46071897463549133
0.4644563061044421
0.42962144435496274
0.43142717431767136
0.4405720265986393
0.42449984193394147
0.4304151133418675
0.4352683951447344
0.4301050164911658
0.43500670028351696
0.44434862996073055
0.440671319722922
0.45674959277404087
0.4426514481860802
0.42122494079741407
0.4331026774352185
0.4507213447692384
0.4564452619739774
0.46822858994045213
0.46891970364693863
0.4616450420804467
0.4567475081819798
0.46591980507266656
0.46124394788075024
0.4486899221769294
0.4603204373013343
0.431962533233428
0.4308347613855836
0.42930812774866434
0.4537363651202035
0.44474795219136704
0.44143797162353265
0.45006526533254576
0.4625325671016277
0.461343220449815
0.43016106298062046
0.4317239229410637
0.459860660575424
0.4696680362543676
0.46742918875185524
0.4551788737255162
0.44339627694809686
0.43285185368772827
0.41085343496342136
0.42362346450899196
0.4551963528131772
0.4537085564633978
0.4505968632005343
0.44768584250761934
0.43704276529693115
0.4348442171091518
0.4276901276442514
0.43566633804059174
0.4357579493770372
0.4528980857227009
0.44687984064928143
0.4409983434425907
0.4249697568720495
0.3926402246163657
0.4245454458780051
0.4342934076746215
0.4118423864551411
0.4418089180574987
0.4480449205875571
0.45422406995771725
0.4535528404485586
0.44385868661379163
0.4711652139690362
0.43219418384880326
0.4305368043855689
0.44284853841605676
0.4375624946436256
0.45858970663212933
0.47983111897760344
0.4857368619306563
0.4698595454487941
0.4616736011160407
0.45744815542486056
0.43239631166786074
0.4175164235692614
0.44570172553259857
0.42803886294671023
0.40422685333512554
0.41768243936479077
0.42942568268207604
0.44854956458062867
0.4548248702576828
0.4336697833671654
0.44065521445655004
0.4553680204808484
0.46860519368520365
0.4370547754774388
0.4372033641712604
0.4454398323595671
0.458930003611132
0.4708159594637678
0.43638866860421427
0.42148643089130955
0.44006928247246174
0.41459560769526715
0.4504774156957943
0.4435492203378188
0.44372481807718717
0.46583460137008276
0.4425377970715097
0.44516741006771626
0.44297801301204864
0.43548794921828554
0.4253264896320096
0.43716689913813794
0.4342988936367572
0.43404940886263804
0.4566930895933085
0.44702942248874306
0.45441344692992663
0.44677434379557307
0.44390519616806984
0.4561698263708287
0.4451846628063124
0.43287424208583425
0.4557726462091497
0.43067348704369024
0.41808214063794574
0.45083688681452205
0.4568874126333916
0.45038883672414715
0.44402317719076007
0.4460645107547702
0.42474084122618677
0.4574353766755335
0.43518547416646497
0.458990523368392
0.43885247855397697
0.4631624968673192
0.4487643822289108
0.4638969307902061
0.42634627591953334
0.4880261088861102
0.4660035475752233
0.45752854466646103
0.45385763233361187
0.43755710313487445
0.4589682497282234
0.4416921393673774
0.4305652779523322
0.42770644835589106
0.42815952099838517
0.439769620942891
0.4436198347891899
0.4277567251043512
0.44253673970675417
0.4496220199580466
0.4147974698217807
0.41119622638351233
0.4067547202051863
0.449008826084658
0.4346149912443511
0.4426158425887564
0.4381991288811602
0.42434312863642015
0.42876016779206816
0.4311300271489567
0.4568600919683654
0.4490481773464274
0.4460263628111054
0.4338625342089337
0.4337930580627518
0.4534153644984113
0.44274442350973764
0.4650798474940003
0.474337341125331
0.45540487475306235
0.4488876177131974
0.43540039789356494
0.4557311237901844
0.4484204091598499
0.4549329819609084
0.4623842199167685
0.44424031811624537
0.4369619336440028
0.43008544296683987
0.475730232528479
0.4470236945267767
0.4492634282571533
0.4446048104843081
0.42603061088951544
0.4318532276447719
0.43171111380489835
0.41888252900959766
0.44240242168835825
0.4329830655656712
0.4648552085872669
0.4282801526925487
0.45226290390628715
0.4473779867365211
0.4594620607230876
0.4419619667967055
0.43800094999386174
0.44805815232469304
0.44860776616421627
0.4523509683847959
0.4458440777485095
0.4331751777569259
0.4350171363533203
0.4518529672817211
0.4531754975217528
0.4355339481636178
0.42982412478524645
0.4365170166480186
0.45290496165096716
0.4575355561820371
0.44107750424734415
0.4503735089755916
0.4478718512004183
0.4393991443501751
0.46076954092162536
0.43529280735027553
0.44813478134150886
0.42720208171403296
0.4517874363728629
0.4666177480990549
0.44518552409592627
0.45186116811465016
0.45651386725419113
0.4364703863616949
0.44278417825719335
0.42809360026404303
0.43361492648827527
0.42854559450566304
0.41674168312839127
0.433345466416343
0.4412627276661379
0.45710445272808636
0.4382707754752225
0.4526596224540796
0.45097167078075023
0.4440181543496892
0.441132486087838
0.43442091608062383
0.41609530075143464
0.44964506841795426
0.45330192609330716
0.4207132867663056
0.45918401577797996
0.4414401604092065
0.43693588401493483
0.43622449002952307
0.42614899933959377
0.45503784871651193
0.43946006105123614
0.41884998643024457
0.4392164853752883
0.4516742023863319
0.4343885905391743
0.45521570576723097
0.45128123609618825
0.42121181950645364
0.42666117129776243
0.42269668208015754
0.4382611288205356
0.4505182857826258
0.4376200684390896
0.4312620484001554
0.44502695481953114
0.43075407142678734
0.4538904915230012
0.45032133404650526
0.43979892048945046
0.4170002433082612
0.4658181364342032
0.44297412363909794
0.44801277702831677
0.42523662345030677
0.43487245727996987
0.4298330149610375
0.4212929723526371
0.4278646230952376
0.4440755474316716
0.44925523575310466
0.4385315268269993
0.46224736342060285
0.4472355305631213
0.44424168347422216
0.4125580503581452
0.4328358743206287
0.43804195722626804
0.4332770304018938
0.4641127550985602
0.44650253168062476
0.4417449052880814
0.45770409114049226
0.4487964881590722
0.43643746532439537
0.44201745258673925
0.426833626212531
0.43989996661166253
0.43811664978613457
0.4352295195292191
0.4441482923054136
0.44963715000550103
0.465533159857226
0.4795613796029789
0.4362795336706993
0.4382234504377748
0.43257638906101387
0.4531353240011719
0.4486055060740701
0.4569564149368086
0.42850775560099874
0.4336413493040534
0.4261998809059941
0.4272922044867667
0.4374642114237343
0.45425803444522994
0.45366359043631393
0.434126827056047
0.42635154371481376
0.4328452222306756
0.4296563304355759
0.4375041708622785
0.41140543081412145
0.43492044030938515
0.4523723835756759
0.441928794733931
0.43807517283132447
0.41458778000878954
0.42647387259781927
0.40563445609076465
0.438035389574588
0.427923134658718
0.43502264796650914
0.4031545479708201
0.4484933693480578
0.43074826225465324
0.4289026115266389
0.4386029856448729
0.43397040867077064
0.44258264961593863
0.4389817975921237
0.4431498344226082
0.44778355029216554
0.47127106280395736
0.46240430518359465
0.45100023072473894
0.4466560350635078
0.43767468563451684
0.435184927912105
0.44491545292346735
0.44242629710905895
0.43952423658046313
0.41834153148789727
0.41459158601215645
0.4167534916305459
0.41943485809260167
0.42917283183630595
0.4361478102506865
0.43974080221396894
0.4516932630748869
0.4560736607740034
0.44820725346400164
0.4665798362340385
0.4458657627930338
0.44625084142381544
0.45274227367279163
0.4247582072771127
0.44123206356078665
0.42855130872375313
0.4417245099670571
0.4225841928984843
0.4357395797051719
0.43717733082164667
0.46725062024396563
0.4636045265307009
0.45743856278314704
0.45159507889340444
0.45870743523675617
0.47182742456741217
0.45568172588968464
0.46401753543173424
0.4148023262270873
0.4280552553480727
0.43097314561570715
0.4583864057406803
0.4640179716211121
0.45658690763947607
0.4635870187708721
0.4436849079858714
0.45574936754901135
0.4194544955507189
0.4291401907624171
0.4320231229651371
0.41304377666359166
0.45515673909721377
0.45732105407010964
0.45451515647648544
0.4769815328527443
0.4753856206610175
0.44095569937786694
0.43321453953700473
0.45113802650499785
0.4488394205308159
0.43003521029213826
0.4475780850158674
0.4616793313070374
0.46573772847761336
0.4349006629428703
0.4234838734915829
0.41918639002358
0.4279187744237792
0.4271458845365785
0.45384625388681127
0.471096275648446
0.4689199549678938
0.4573770571605318
0.45302223159765187
0.45176425980718754
0.45471709772170765
0.44299228641774596
0.46468286080249316
0.4373337054548664
0.4370117147064747
0.43537069634650144
0.43191522539141686
0.4340966023415735
0.43018690922937264
0.4370676153302689
0.41490083475237144
0.44836770750961236
0.4384131998355157
0.44283688005586136
0.46771606920040804
0.47804498159637393
0.4535245827919962
0.4585237728359541
0.4469613612175869
0.443444988526767
0.4444056946398444
0.4321110300534044
0.42163307063179856
0.4303157400629642
0.4318224313294818
0.46223323726488813
0.4740511072257663
0.4677050191621895
0.43396140491964086
0.4571200732971525
0.46649958885683607
0.46007932632377985
0.4359634624687438
0.43013848878454414
0.42337961332957186
0.4177286924960236
0.4296740325160954
0.44064580696392336
0.43845406608183435
0.44516980186805155
0.43200652136595896
0.4543576661794352
0.45413134309803754
0.4511113128473838
0.441286808470728
0.4202759137493407
0.4622910886779992
0.46628179148611243
0.43073383925395914
0.44721000808304734
0.45706263356411403
0.4515263196721466
0.45293907187225296
0.4445968268246471
0.45718795847616706
0.440752011475941
0.4327952918887395
0.4269234625425022
0.43233842880413687
0.450473773459615
0.4275966291119887
0.42910539078374654
0.44039272077390096
0.4540026082997348
0.46845209246013525
0.4485195579834744
0.4260234469018102
0.43851512018165023
0.4326323604032384
0.43337444082711657
0.4411317968497027
0.4193453946179607
0.44053376270073025
0.43103448610987843
0.4287856779364529
0.4466883355343982
0.44919872014224627
0.44114344491450397
0.4420688057561769
0.430574741090966
0.46789361276349173
0.4404850956347122
0.442522661913827
0.43789079111399737
0.43095821596436046
0.4445837561194998
0.42855941271566983
0.43886143551172796
0.4431996995584327
0.4432645710098885
0.4485912236708687
0.4617708861945019
0.45332841278012165
0.46625905616247704
0.43329964447945873
0.44588939632515084
0.45027348993986277
0.4505722038261225
0.44759343397943663
0.4638494032082408
0.4544494582111743
0.44895866856666994
0.4345131768949963
0.45568721697919157
0.4527988558298598
0.4273623671163797
0.44823893234028783
0.44196246905163716
0.46265854381047994
0.44822251031855864
0.43587343123412603
0.4265282420734662
0.43720178227024137
0.43475344561158724
0.43106916279448626
0.44588549399922184
0.46680855888972705
0.44678107721663796
0.46896637973565464
0.45959879094070427
0.443082813203324
0.4243374388367837
0.44160725805483025
0.4404340452514966
0.4459924705278478
0.43821292815533375
0.4526961089776776
0.4374021304056693
0.42011515973905206
0.44263686646904626
0.4312391460113188
0.44682951653534964
0.43688340419379956
0.44506826113205905
0.4340351398427061
0.4342849154841849
0.44886066418009163
0.4407563776305832
0.4457014827515084
0.4456924761268536
0.4362956459743646
0.460193429554654
0.44717383249811626
0.47851748623806745
0.4614245906452343
0.43239105467562644
0.4220927356346213
0.45822702542886296
0.44291374808805734
0.436684019139564
0.4510747302198772
0.4473076799951256
0.4409577073282151
0.4303850561706198
0.4501499557895194
0.43964387471905825
0.43893644562899187
0.43400389490855534
0.45149823805499695
0.44934604222539815
0.47135182863802455
0.45047070527041355
0.453567839031295
0.4567120596568232
0.4478503915139577
0.44400125806016166
0.4228269802324924
0.4600898341387982
0.4326706369090666
0.40859258088193745
0.4248123557178726
0.4414776707783141
0.4413274894161894
0.4299467869340424
0.4494102123123134
0.4362767056494214
0.4416698872707715
0.4552648411932002
0.45426441868971745
0.47352182762417167
0.4469014525766188
0.4241542083417892
0.42852645030938824
0.4487019675750441
0.44232501202602853
0.43379241432983534
0.4254215081578077
0.4168107166280922
0.449483170267815
0.4425837577060488
0.414235725936587
0.41581982901743
0.4330992743706113
0.4269671506254197
0.4243763606159529
0.4527687595473701
0.4397303132331711
0.45906167994506997
0.4378655787766726
0.45404425233698825
0.440786778736815
0.45802003796216184
0.44631618975646786
0.4182521575197322
0.44103805490484566
0.43666611830530916
0.4503712011017798
0.4736366244398807
0.472637235333028
0.47885733874590897
0.44972355288418436
0.45957925609845085
0.45587234115409636
0.44254993390020625
0.4489146625508703
0.44883633414146185
0.4466056623314407
0.4289521851038458
0.4248231737548595
0.4560107089879209
0.44514978426358487
0.4222831893359679
0.4351258220532685
0.4397658913588598
0.4221861175616417
0.42663375442623513
0.45214398581857584
0.48130069938305226
0.453122872534091
0.449527050283942
0.44621181402099885
0.4471907258002506
0.462656181283277
0.45288833834023967
0.43193652425270573
0.42685226177267255
0.4521841114234711
0.4619704434443379
0.45438246162580465
0.459760884820673
0.4256888050751954
0.4055872289766546
0.4323653197658972
0.4376547128229462
0.430327291624056
0.4291144509608171
0.4427646959139927
0.43257334874651676
0.43484502540281883
0.45407725474648447
0.43861381318776077
0.4451867858862644
0.44906840377625173
0.44342076474106124
0.43830870831590246
0.43306402164372726
0.4305415351582019
0.44390702144390987
0.45796922958304875
0.45305325727131834
0.4370811365579747
0.44402035866903833
0.44819657724068473
0.4512241732962167
0.44513110723068505
0.45236702731402745
0.4376662716855617
0.4613895863480115
0.4504363970747853
0.4446775187918773
0.4359895795765724
0.4394836687195635
0.4453427985696203
0.42886706388229234
0.45569923711398397
0.4382620850376839
0.4115165263592346
0.43256628759631854
0.4458490619942082
0.44972898276335094
0.44228632007093216
0.45713035705893157
0.4370431381242397
0.46542939548960904
0.4539703278977619
0.4678051947688585
0.4431516344244489
0.43970999353878387
0.4305948211310625
0.4386413931511253
0.4595181425215975
0.4632652873192318
0.44577121734940783
0.45613760056037905
0.43259701368255166
0.4489660925138618
0.43184175151938153
0.44577963144079547
0.4476247349712314
0.4491199093761188
0.4634688783414523
0.4475537407704553
0.43331976146819684
0.4334366465310838
0.4295539560816057
0.4395425089587198
0.44254521364233207
0.4509586691560007
0.4405233873935872
0.4049971367428478
0.43231552259048384
0.4709858007701
0.45610693528602075
0.42439614039839235
0.4254662185139716
0.4412837046217502
0.45111153629803985
0.4370533007553582
0.4295102569055179
0.4541915859744784
0.46251844939957526
0.44860253345237283
0.47887080186554964
0.44656334093385813
0.438282458799852
0.4592625265479222
0.43406377768307763
0.4471466729281253
0.43356735402834456
0.43850814990530357
0.4460869125259517
0.4688687126387702
0.443810136322021
0.43352847048650894
0.43358103263470543
0.4190809318500053
0.4393707095819071
0.42485196125317115
0.42343273996248315
0.45647461798204875
0.4400502771966939
0.43463042037366667
0.42679511147283844
0.43056068684254395
0.43302094103320043
0.4236254048190888
0.4272496232974146
0.4238998125295209
0.4424839538843036
0.44420209818391226
0.4368082155490294
0.4128307935484815
0.4393316865682326
0.45106210911242145
0.4217296631793353
0.4326017404390819
0.42713513772284617
0.42441404531743354
0.4433672853463509
0.42300917031966234
0.43474166698929373
0.44397909381866707
0.43587158225140527
0.4161268864705298
0.4185612838991265
0.4304932200311585
0.4285842353768436
0.4199254348181946
0.42416639549541524
0.4236948913416033
0.4328810138324278
0.43098951845513905
0.43249595733843743
0.4457870588765241
0.4384692635885312
0.4131945379750124
0.42447335557289306
0.40955803150716813
0.4232994827171402
0.42603750332642804
0.4400538272892396
0.4594719703706518
0.46356883191676435
0.4590539488006565
0.4165674618345853
0.42419201656572686
0.43741780322847695
0.47079408523097055
0.46267854416219867
0.4482939191485758
0.4662321035577419
0.47618041446282755
0.44610660615965453
0.4310473881692231
0.42602713036010353
0.4456056583718373
0.4420421919889323
0.45757422275346316
0.41989915632581726
0.4266512732805137
0.4243285893891482
0.4243572044530386
0.4273962315754312
0.4311108243654093
0.44065900430760363
0.43565198410713896
0.4303593693061699
0.43664607394796745
0.42483259679448976
0.4149044790284409
0.44162331329620264
0.43141974608034883
0.4209262644348787
0.41485544684607245
0.4264495780290174
0.45454266372404895
0.4492971534737321
0.4503520768989094
0.4547610647566949
0.47005886669282765
0.4470863999521882
0.4307508901293481
0.4472551911022118
0.4609223006504323
0.47096607768685633
0.45118081194769577
0.47989168889799794
0.4551168679920199
0.46141128117122904
0.4291262704222865
0.4640225875793869
0.45678904869657055
0.44127454462775173
0.4218668761425349
0.44634507120657035
0.44483333221169363
0.438775674133295
0.42948593906128313
0.4514467159646766
0.44848381947713983
0.4402253903043823
0.4685589898506551
0.4792091259571357
0.4415143068722619
0.43385811669420027
0.43964678616298797
0.4610329213345232
0.43572179591514537
0.4519869022261912
0.45503226568366617
0.44956239656680314
0.4332026883919079
0.45071487340361643
0.4294323907741896
0.4491336224673822
0.4281511504563855
0.4264067038644714
0.4363332354900853
0.44343521267431607
0.4520735963254128
0.44059209624117585
0.4427421203160115
0.4545214951577112
0.4474710823453096
0.46830864920463366
0.49186635371754506
0.4671773584230156
0.47734429590491223
0.42959387421461226
0.42845809978841326
0.4312829022967613
0.44145951551402857
0.4590180485666512
0.4407961416585517
0.44548043290624834
0.4607256840649759
0.4547730284030378
0.48320021506849725
0.4768331320514043
0.43234381122771787
0.4233929814531249
0.4583567972036563
0.45849788409515363
0.4533124247772705
0.4419102901586944
0.43727180741966837
0.42969107811526874
0.4334040085040801
0.43732431432317387
0.4574439416759572
0.45023216078184003
0.4426035355040833
0.4571586076197315
0.44570568464144195
0.451935652073313
0.44885964604144285
0.4461964711130431
0.46364119551740374
0.44671087047878777
0.4571410206454889
0.4282557510908611
0.4370546654951115
0.4647545209533152
0.4305970060793878
0.442635786852569
0.4373500471964296
0.4294919493566317
0.4334942190750979
0.44182971234174884
0.4284557859644729
0.42865694987262876
0.43968720665626354
0.43955660727354906
0.43771360219329103
0.4757633512012244
0.43896284412080494
0.44016364344599523
0.4573460510960399
0.4364478597612519
0.43207906476782953
0.43758564545732975
0.43479788329413177
0.44287392240792595
0.43355317893321643
0.42791451711900785
0.4155726613433167
0.45254989903176196
0.44229480111569053
0.4407937838721947
0.4186958720665471
0.4178627448836103
0.43114742138827294
0.4249329917739132
0.43316427703915694
0.4636842607045533
0.4650044681886696
0.463607052166139
0.45730316199857823
0.42608288189170707
0.4423844273391099
0.449385794170625
0.4539443989150355
0.44382720522276353
0.4480264832105137
0.4521842941138021
0.44942135219245344
0.4723106396270503
0.4586760940789211
0.4665987414061055
0.44616530479618494
0.47096678361372424
0.47544362017098313
0.4653157596333631
0.4352204528152795
0.4527768412607066
0.43177143617669816
0.46317100292602276
0.4409527142456693
0.4567803267529105
0.43257113015279763
0.44421475609347894
0.44912549798247436
0.44872852362828847
0.4393431410397769
0.45138518342939304
0.43391512719683006
0.45061181193406913
0.4463495513553306
0.4418356819241451
0.43742672117634895
0.45494292367927697
0.4644680357627133
0.4370747529927244
0.4446960485308386
0.4607010870261505
0.4444003705602845
0.4476263969743239
0.4520325711379122
0.44312191052412225
0.4615454622752936
0.4619715870410368
0.4561114431363888
0.47782769825043325
0.4555108415293231
0.46122141500199904
0.4710811034587975
0.4605012864373283
0.455283139161772
0.4488698304629168
0.4589301331030045
0.43624310644171393
0.45441116293066725
0.44421406903732846
0.45045224368993503
0.4385049975165852
0.4419969683340685
0.45575288809401215
0.42529809147724246
0.4360581238932566
0.45129340146977215
0.4427193210811023
0.441569960671314
0.44073912351059547
0.46790105362548445
0.44944821544272967
0.4445766194090322
0.44007141997575616
0.4572937138990303
0.44141431919620866
0.46428328771784877
0.4778263543977648
0.4462428969898645
0.4359993747315754
0.44475674143960653
0.4512219677653528
0.4272004971427922
0.431139502317071
0.44308417182854487
0.43924821340715153
0.48189781732235876
0.4680865333940313
0.4732229888978366
0.43827863365796504
0.4401458927493414
0.44411033617073353
0.4653766962699187
0.4785743503749283
0.4564783183816796
0.44188968317845734
0.4556977377006395
0.43502770455701845
0.42324276095247265
0.44593696136447986
0.45437400723076965
0.4558695276706821
0.4600076038764007
0.4573075217833821
0.45617580539835695
0.433190894267664
0.41836573646674036
0.44911348385881716
0.43890026357931045
0.45578298976698783
0.4411268386242775
0.43702198711313384
0.4163994283251102
0.4372562496424457
0.4599108197865892
0.4555688539208459
0.45525925443303084
0.42195255843911866
0.4349155220744972
0.4385706569816987
0.4657085961116869
0.44189476059016897
0.4192530053884081
0.43357436232380386
0.44772605813059374
0.4360503566255584
0.4624164632998371
0.45987732833293454
0.46373141037800586
0.4393038407451625
0.4604100856280458
0.4634772569691465
0.46344049660200254
0.4482884332698695
0.4448497336339202
0.4491338671233022
0.4297559119787169
0.4347781205087772
0.437465866282346
0.4435979620581049
0.45641570446125834
0.41650828806724316
0.4437843694108291
0.43732762870421704
0.44553995719917344
0.4198743891316513
0.4369130869775224
0.44048659623935743
0.4372706245147873
0.45296751307012545
0.4463908107963334
0.4545404386882398
0.43871299401106845
0.4301894266260412
0.41389050677181577
0.41328163744846275
0.42045228395018774
0.40403160871156557
0.43071452345944544
0.45037181158058864
0.4366889832788663
0.4452169413176968
0.45779852920838027
0.43415473850008773
0.46546717767107404
0.4267440557609408
0.4288002725313598
0.42483644336501303
0.4531793065898376
0.4422161095220856
0.44377068483693066
0.440753502871547
0.43131003701043913
0.42308917646145056
0.43703824262355767
0.4323684943416198
0.4469635055722521
0.430275508988195
0.43173242518573923
0.450004639657051
0.45509205816635007
0.46435075849537494
0.46632025983009495
0.4536716258825646
0.4380187202824414
0.4451837921577935
0.4407532992555486
0.4464187400742922
0.4464723580031834
0.4510590236343482
0.45928955340375077
0.4532661338300775
0.4666859402397423
0.4309998479505189
0.4569066907892553
0.4112923768740589
0.436884108892468
0.42238389406500154
0.46717156909469654
0.46404079854372526
0.44726261652452337
0.47453670589333363
0.46169996209169434
0.474605173994251
0.47765066570361187
0.45324809441743447
0.464369777244028
0.472565637414883
0.470050489832935
0.4716023785788474
0.46019559130146076
0.46252109063705565
0.420831419372594
0.42857412817937074
0.44505673152614744
0.4667721288263079
0.4556856322264428
0.47097888442598007
0.44189040054787415
0.45025458762077
0.44664810762447194
0.4332336615660567
0.43948746044452985
0.4354026054868645
0.4454268074338667
0.4544009389366611
0.43359308913061867
0.43389993418133765
0.4375505759245164
0.4334865219014618
0.4161520361252452
0.4316594572446321
0.43916688889307587
0.46570519821610895
0.4630373198190362
0.45065760262201027
0.44966154189313884
0.45042896521010645
0.43551575589854646
0.4328555926360767
0.42886685283707227
0.4477121404479872
0.4417591635016846
0.42347758329208757
0.4288517264068114
0.4176929704493784
0.43341484276398856
0.437622138216884
0.4242966922142517
0.40981009467339213
0.42239524545041557
0.4218293180066099
0.43418417282805843
0.4536933985967214
0.4714706359155945
0.4399460009308664
0.4457806558044517
0.44697851821696005
0.4599800346215917
0.428418871414653
0.4419122889587292
0.4292693083556547
0.45623884203325904
0.4697741993178202
0.446829791610182
0.42461476225352435
0.4220730574749554
0.441664963909512
0.44516999604625107
0.44267991549000413
0.45742361984991825
0.4630528785134572
0.460195230569333
0.45818064312892054
0.4396016076850896
0.45366565057853414
0.4229526034940146
0.4628652541981894
0.4786623929557703
0.4344608723344151
0.44267253223922653
0.41952018602373026
0.41608054020612895
0.4269516023432107
0.4444853266076822
0.44338485787768306
0.4376918055860861
0.43582545552904745
0.42677487614875687
0.45793459254573715
0.4389596023568018
0.44236886773032463
0.46071490812777777
0.42433990900864305
0.42931785999608824
0.4348426797850125
0.4292862169482132
0.44156380524728944
0.43409955820068213
0.4431840810167613
0.4681141116526925
0.45183921844505137
0.4419468501633266
0.4348673723614414
0.43576094494776335
0.4369063755023724
0.4172049961377694
0.4277181352194033
0.4540134190487949
0.4513157764982296
0.46438904288659427
0.43432400577508656
0.46599427976240604
0.44687501171279415
0.4479838178559333
0.43103580177183004
0.45744593951529905
0.4303300264836786
0.4336559304805317
0.43659608333032063
0.4398559119549925
0.45592629392159356
0.46078034698539155
0.46276410909840926
0.4358448338240147
0.44950878778211617
0.44077427331894076
0.43475625636828186
0.4657517711781766
0.4622618843865962
0.4429190096032924
0.45695806440249814
0.4499811115655473
0.44976591763668367
0.45984274554766263
0.4375378762368298
0.42701252414309343
0.42899851909150105
0.44686035697758436
0.4495027672252248
0.45135909915370614
0.4374832516362269
0.42122957967868924
0.45884945257026183
0.4335399592116358
0.4352111852102399
0.455784310688771
0.4541890488653674
0.4544500409199727
0.469534789825825
0.4604890995012522
0.4508449473933331
0.46037700276760496
0.4541425648080535
0.45036365162654585
0.453572536045734
0.45380250877615247
0.4487012024222858
0.48042228891252065
0.45683715386829077
0.4606747428971904
0.45928696438278677
0.44640826256732014
0.4553860276089316
0.4478781890778203
0.47351231295836693
0.44649579369553327
0.45776544152429754
0.4510432425586438
0.4446387557231129
0.4462844931799212
0.4538192820991927
0.45972618990410746
0.4643424087712674
0.47371829487094025
0.42835782294270713
0.4437613467095272
0.460597793575343
0.470794199136158
0.47693947692536726
0.4574332851861216
0.45079653927469177
0.4474869383492031
0.43450695076134577
0.4302255008505017
0.4352686802416247
0.457956389663441
0.45819931525299834
0.4624108528918553
0.4528550042573822
0.41998463319650836
0.4399519313194817
0.450602124525237
0.4377022470193492
0.45278568201937597
0.43226858838417054
0.43907162616169415
0.43835864968400673
0.43993877924791336
0.4394742842298869
0.4605045654507583
0.4605295635488697
0.44129669049346293
0.4509090828586338
0.4676485801374471
0.4491391073619111
0.46328764969145014
0.43245287548163835
0.4537373284408137
0.47822045972292476
0.44724434833062354
0.45912985091367947
0.4506775434241602
0.4533163008757845
0.44529499756767355
0.45712852760248635
0.43982999146861923
0.43185987136570925
0.4431280073457819
0.44629032626953974
0.4323767027435283
0.4231830345338679
0.4290964534536882
0.4462254039501839
0.43449170458607156
0.4439366621923579
0.4593905626538052
0.43484055250307385
0.453159938073925
0.44973187984801805
0.4487856225389588
0.4257097252582488
0.45742633616356093
0.4352149154030934
0.4524111454865287
0.4506828395249021
0.4641414503645546
0.46132278805907795
0.4426139332559164
0.4487609356480964
0.4454313191574513
0.4570992311087471
0.4583396891217808
0.44773042251519474
0.4228687012636025
0.4351340230949904
0.4516112311834392
0.4752125310005119
0.4743264243898215
0.4367658542035123
0.4312265502677197
0.44319746027805024
0.45790918213445714
0.45599660617650606
0.42408382691339425
0.4281857854245856
0.4226731971960484
0.42805667547996207
0.4343706943486774
0.4508421666603079
0.46412863821502603
0.426710143904228
0.425327301737151
0.44634361936669326
0.43385152275718014
0.4549977200990657
0.42972831770393355
0.45051002352746344
0.45338973839143165
0.4480892715917953
0.4506821842193173
0.47246994388413965
0.4528078022111906
0.43945152669065
0.428559745431768
0.42307451343211
0.42773451049704425
0.42757332171493456
0.4617104316841675
0.43859750156644794
0.44857339399454776
0.44684270210894234
0.4518755016088463
0.4589283654836582
0.4325028297863505
0.4471426211526329
0.4381495959607056
0.43628728348811024
0.4456182279465308
0.45127506767143505
0.43259731350191977
0.4579124025489951
0.44847944371342907
0.4732631913897174
0.4374367084003416
0.44195124173181266
0.4535750479500935
0.4787088142479319
0.468265448794282
0.4631648513598682
0.473785119353357
0.4614354588735907
0.437183203161154
0.449493081280154
0.42690137663025884
0.4424014134644963
0.4520798194283313
0.4359304342317464
0.4430506926297489
0.4507225644577021
0.4350978704895783
0.41974352543843385
0.43462546113852685
0.4337399511276151
0.4419482210136787
0.45660867945847233
0.4420395707038457
0.441650553955026
0.43804862154808194
0.43198795098684223
0.44380620283924443
0.4612661992447576
0.4321541622085097
0.4405625345927564
0.42901659377521195
0.434600423207741
0.45808448674844804
0.4456641175147673
0.43313968447220447
0.434892201862294
0.4435575967591309
0.4483372564698305
0.44836279766782744
0.44867693690275817
0.465887308140235
0.4409211818098041
0.44600586002873005
0.45111959088870135
0.4433541013097747
0.4362161732476427
0.4437692509225509
0.45375022574085416
0.46805310763282515
0.46884828836542103
0.44255226540352266
0.4234031624072148
0.43239622873434486
0.466009691801191
0.4444574568937336
0.44279109589930704
0.43536255445443817
0.4562404167009076
0.4540736003267201
0.44887297896084644
0.4494728437718751
0.41749136215796306
0.44744177444488353
0.4450669396832239
0.4405584576715462
0.4156997321161582
0.40599886621266706
0.4279337029088215
0.44516354413148046
0.45473560497211524
0.4572314943349753
0.43866767144896496
0.4336448357587881
0.4334389382663058
0.42656248543725855
0.43294893892990427
0.4572563504475314
0.451872966450692
0.4547795523460845
0.4311842185690619
0.44873018169378615
0.44704487335045767
0.4663126045033433
0.4544620543453929
0.44166977025583143
0.45452417246678073
0.47680908139537065
0.43789980430185843
0.41777517559542393
0.43464487126092266
0.4433763269960347
0.44746192422381775
0.4546935623201238
0.48391217694370225
0.4889746955745461
0.4671585121451961
0.4839238492661225
0.487688134981851
0.45935675095893574
0.4244662407967552
0.4491056136348338
0.43604752413825787
0.4295483649630114
0.4312124733144981
0.4370687828559474
0.4551073715205474
0.4445048456145533
0.45919941442013507
0.4539764237827352
0.4471140494373507
0.4358713399944265
0.46851035905133004
0.45674680153536673
0.4480981392142604
0.42481915867379527
0.43116811693148954
0.42587242723772667
0.4471861462146767
0.4326117644355534
0.42869281194929887
0.407919911427801
0.44404323884290825
0.43167078811567383
0.449344837765833
0.4534480200011122
0.43227954686835685
0.4494417358008564
0.44463841794574444
0.4516896706030244
0.4339817846043542
0.43016515436529595
0.4368879343185316
0.42872839841511684
0.4199976375428716
0.4241123075044871
0.4411728946207097
0.459185806791364
0.4285135762343907
0.4623524243337202
0.44720167711165293
0.4357992560544262
0.4310771121601411
0.4185247784097946
0.44216501306678296
0.43407291628347255
0.45745276240426924
0.41722163484969865
0.4229741984167954
0.4388726326609726
0.4291284893572255
0.4300505464690657
0.4327804868735264
0.4622899474399282
0.45994206616589556
0.4526958540527309
0.41640685431902535
0.4263871080267796
0.4318431653678124
0.44175710174160243
0.4412322363773272
0.44660940707150487
0.44491856012272685
0.4458157187085726
0.4451512491307408
0.44878363854761855
0.4300306897942946
0.4435998196675465
0.43709071631820423
0.40748321598516857
0.4076957481028149
0.4255728914842344
0.42541528585612337
0.4278928606545479
0.42221604614841657
0.44279323815943
0.46118265744820225
0.4526937241627863
0.46299486407855717
0.4477058097600949
0.43491858477614814
0.45669186933548633
0.43985852306419315
0.46105254724787104
0.44450018645829326
0.45596289315470057
0.44605775441266454
0.4429431297344501
0.46044263600964386
0.4445694207811057
0.44708871311822035
0.46159051059123535
0.4509690816948188
0.4390752347717389
0.4384266679336357
0.43742888791181705
0.44578044755372603
0.46605796557173296
0.4713788598966234
0.47031497018640633
0.46004873151179454
0.46610890944093725
0.43986105234558953
0.4649811759014556
0.44800448471287063
0.45053861457108124
0.4477551500516674
0.4488805541788459
0.46035958367496493
0.4252205334012283
0.4346890468264817
0.41850521838918386
0.43333495866348193
0.44686958300022855
0.4244068501367194
0.44336578187685755
0.44284313685283583
0.4278464963476073
0.43814566323422455
0.4427773861095256
0.44240714214572496
0.46701240261492016
0.4579052666986148
0.45326504503914233
0.4699818478567095
0.44964013648789286
0.42854938021843064
0.40599411833314286
0.438496814965159
0.43597860922708165
0.44389270321434343
0.42638460056972155
0.4350538409263481
0.4351184527912609
0.4542888549994655
0.4185089630109025
0.43829425393583804
0.4384560845553822
0.43821414265817416
0.4696415311941995
0.4490395728333834
0.45563980633223666
0.45070165112651295
0.4503897835358537
0.4652136710160278
0.4546565991337217
0.47403935650472717
0.4349193275634107
0.45209934233483096
0.4344063908574121
0.44160652764803976
0.4502504361850902
0.47049487954584496
0.44885083013180793
0.4407528050720939
0.4419224986959701
0.4297181947182563
0.44182120616125337
0.43143655146604204
0.44387408171761894
0.44592007384974663
0.43745486806286477
0.42966594266257657
0.4438430024048732
0.43553662726899817
0.4346524605581321
0.4401239727366444
0.46012983267637936
0.45808035038389666
0.42534427405890723
0.4570196467472735
0.4524742573080679
0.44583092336894475
0.4304929486880332
0.4296596248864281
0.4389882335229357
0.4153061214874643
0.449525498264247
0.45967861053106857
0.43677702607778945
0.46689834157566273
0.45753174928611073
0.46085823619801103
0.4442280837750888
0.42738190220495753
0.4413609182616062
0.4404805404629358
0.448592999495949
0.44127010210107065
0.44906378555585835
0.4538501078053333
0.46441620937486244
0.4427726175710628
0.44457303759451666
0.45465670964106264
0.4599233572182914
0.41792297687731766
0.44483931299119434
0.4604328183883562
0.4481079285738896
0.42740187980517397
0.44527155550142966
0.47007609151852453
0.43764716221572914
0.4073089471560567
0.4172390460972221
0.4154407165245607
0.4134820746839259
0.41814004205853145
0.4344012891774752
0.4437645609532464
0.45568142279531665
0.4426159769297789
0.44467714902530786
0.4467900801030822
0.46560842003089187
0.41584855348997607
0.4007972447260372
0.3926079671636858
0.40897094607219536
0.4240769264305081
0.4150361880300438
0.41184109469326147
0.42402444767886716
0.4290038788018933
0.41376025315926696
0.4355850089298362
0.4310557810882128
0.4488298536271691
0.4266996693676987
0.42152803846930703
0.430507768435323
0.43857080473451193
0.44806081290018684
0.44260762595316333
0.4265679381602764
0.41670640708712176
0.40083411556837756
0.42248766358225065
0.43301664897907116
0.431344220618016
0.44727301503185407
0.4607322146893776
0.44250661604523145
0.43583234430697115
0.4525809646397941
0.42818429324816726
0.4213103841326675
0.4463388069087852
0.45590625612112107
0.43551233052393157
0.43065738308471424
0.40900445938069097
0.4369068937953101
0.42551782739135013
0.4453998277660396
0.4323279125192687
0.4560002425634417
0.4391642828814621
0.45387962721749464
0.4567263268855212
0.45081673406683276
0.4431257097810716
0.445043764564174
0.4638534917073752
0.44271028680453056
0.4502588655157106
0.42792832625196375
0.4473745973999009
0.44015421616040434
0.4549358859673645
0.433562126609158
0.41725179801756274
0.45203500160278676
0.43838963065376346
0.4456097616554522
0.4564620366498926
0.46577080637488355
0.4658592639500738
0.4504895300428791
0.43406377149521497
0.4550711944189463
0.4467328410479531
0.44309907866188863
0.4496061172227448
0.4416856619196578
0.4364284128230437
0.4545261036357475
0.4100721402690686
0.4317903773597801
0.4311861955693367
0.44520411971866625
0.44193375260415463
0.4504994215103446
0.43781728121454777
0.4533387064920755
0.4423790200514252
0.4652511142090893
0.43291824617829217
0.44416994803307885
0.44705660547994996
0.4410727496606854
0.4342391385312871
0.4545632811374561
0.4288082558453515
0.4372924542430702
0.44954404470263054
0.434519490582611
0.4337888579603008
0.4416835247733896
0.4265962012700484
0.42713336278561226
0.4610720741422703
0.4543526793636429
0.44658361252499595
0.44969522794920785
0.4424111389007454
0.4518854182413715
0.47584649190861467
0.44727408552153797
0.4353125859292832
0.45711059461272135
0.45204026467842917
0.4360294382499354
0.42875679785773596
0.44198131513295114
0.45050410772710037
0.46084178991683705
0.4260255665529274
0.4507057298232686
0.4312913473061285
0.43506722531623415
0.46870763267263527
0.4597328146406527
0.43811012378469616
0.4611576259542034
0.43148728108761053
0.45005708643746456
0.4467241568686398
0.41144957861722453
0.41983680617850744
0.43745962545786815
0.43987114695491575
0.40905108999621065
0.4267085119543583
0.446346598396412
0.4280002024364259
0.42075340350939355
0.41679265295328843
0.44656347057944085
0.43248879042154564
0.44435341329849104
0.4603115320574574
0.45218143676009226
0.45890604802495616
0.4618803987023005
0.4711466879513735
0.4702543119796021
0.44998950437628127
0.46746008165985525
0.47335609168324116
0.4598312590344823
0.4511357509759999
0.4495030701603504
0.4491648450200396
0.4224823221402923
0.44052855089229376
0.442306532307547
0.4511466431263942
0.43750239351131665
0.4266710889710098
0.44052797292072643
0.4491893595405302
0.4318732006079505
0.42441614729490534
0.42334033615133787
0.4141863131271794
0.421517398609644
0.4196921023514235
0.46765545323436325
0.45708073921508
0.4367103623105223
0.43111838768824656
0.4315664374246936
0.43246271833737526
0.44571528065986754
0.46621231894321447
0.4402473773015465
0.4559930398457134
0.4690734058734482
0.44341893661925735
0.44018980225353566
0.430817146309981
0.4284907348542565
0.430994472555847
0.43642031274668874
0.42799952142043546
0.4333104378082815
0.4348891265339231
0.44179755557462475
0.46965349349250723
0.44593012056217435
0.448297173430602
0.47024346361623703
0.452454051088686
0.42412170091819124
0.44895768091460464
0.43726178382917386
0.4238616584232457
0.4646791055840719
0.44674159369838473
0.4411088482861879
0.43449569561665946
0.44013593114780897
0.4277897793050079
0.4383278505375637
0.4371820484491346
0.43748508860522234
0.4407886708775922
0.4516182679802432
0.42949306690703704
0.42663236380469144
0.4394796196581952
0.4444305882312878
0.4314236671227284
0.4196059843324639
0.4220972072551024
0.42532864268918735
0.4009685942042296
0.40771412838655696
0.4391377829212429
0.43626802048355456
0.46118765059683536
0.43274390842088406
0.46018714502102204
0.4659706802865567
0.45574496151609345
0.45630628926543626
0.43879048747893157
0.4368429087484018
0.4352934967618721
0.4470923583445898
0.4705033264404988
0.45654341478554245
0.43347176729495385
0.4272678586429875
0.42791548297928494
0.4279166111590967
0.4351003774769192
0.4279418634649172
0.43472286665140886
0.4573651727999949
0.45061617195138653
0.43375581191713886
0.4592248263642474
0.4607220856280652
0.45848583501603796
0.4323053697227929
0.43491308852830457
0.44341131176190296
0.43474092788519175
0.4409818376184125
0.4495511280588839
0.43763514296918526
0.44211573956284883
0.44184736681738507
0.45021189502765063
0.47048406520804853
0.4407169424305806
0.430292550204135
0.4606602206229106
0.45852358629963125
0.4218280021909773
0.44839135355611887
0.45034090500047685
0.43360625872263914
0.46346240455081983
0.4511803567839383
0.4323205044322163
0.4542836148253854
0.4469811009738882
0.4376192572064313
0.44137070991839106
0.4539925570765698
0.44481388308780684
0.42613429367172895
0.4217631813845747
0.43881353287667896
0.43086476684667
0.4349200338702072
0.45167938639552696
0.43334988616713255
0.4237246259010866
0.4353961699199026
0.43590028969152034
0.44387824384699726
0.4439048778717017
0.4489652993305861
0.4362778357196161
0.42067320149705234
0.44390963500470554
0.43940522034657753
0.42489463143333234
0.44402062472030895
0.43389545834333343
0.4585284175879689
0.44677485557679186
0.44183625095636975
0.4517879817676864
0.4460247432584983
0.4367675034532169
0.4763782029021216
0.46166185529762266
0.46745222093522704
0.44960676524249993
0.45893027328606695
0.4624968740217503
0.4574396841655563
0.45086384897124543
0.459272980900665
0.47552677986795494
0.46407906969144697
0.45852500532573737
0.4502552751015748
0.4536024685540795
0.4347191582886806
0.459916889575396
0.4535104509475182
0.4494015644906133
0.46806849468974
0.4552725605628842
0.4561195021104078
0.4637935254909908
0.44861450614157683
0.45414867121128555
0.4350042312550386
0.4433800842845678
0.43764869559015174
0.42906527022441887
0.4254427923364727
0.43451376365309985
0.43301215153498385
0.4416317725069117
0.4467665449461732
0.4572626903075457
0.44489741581898984
0.44408705695750783
0.4525750888712236
0.4395276357063301
0.46220253210426776
0.44524666195549173
0.430502817634461
0.45130799445227504
0.44430444966028365
0.4711211818430302
0.46302878894796273
0.4466781042599801
0.44759998887131963
0.4303144065076962
0.457056438793657
0.45367457151076995
0.4575011022908997
0.45522579442191047
0.4705207154346731
0.4329559872990658
0.4455397158852519
0.4466350271550687
0.4658424133039048
0.4508953916540679
0.43232683625251334
0.45298744368874483
0.4478092475602675
0.46521484896178444
0.4337522367112484
0.4633171947130318
0.4594732090626612
0.4505377441773158
0.45119162831599047
0.4215274836034249
0.4448478004264552
0.4579877825408053
0.45813331509296873
0.43720505237850993
0.4432003569712053
0.45319281398241057
0.42259490745379014
0.4463589808514412
0.45057448649067333
0.44892360585368435
0.47329152401000335
0.44613275903576977
0.457179371320672
0.4482399797033019
0.46659357478984326
0.4876413207982332
0.4856580903862838
0.49626959880741905
0.45877224701028113
0.4723231674078988
0.45441724011440787
0.4567520183259931
0.44856987224204775
0.4868765881316223
0.46108550005524723
0.44625135336766353
0.45232824411300726
0.47891464413576357
0.44942631706561414
0.43506586409074843
0.45500128427667713
0.43315463877974114
0.42364218029269995
0.4596657687206564
0.4595037449676654
0.4561890539286317
0.4544542895525033
0.4626748278388146
0.44974022735438146
0.4572387836698217
0.4583705848155134
0.4509641269866098
0.4357508238443622
0.45120561952628085
0.46788795872104694
0.4637428941827451
0.4647254921199424
0.45540925836965446
0.4430111718624544
0.4613018485243133
0.445678750512653
0.4377034484139592
0.4646336412098561
0.4565733623855897
0.4700771796240088
0.47026927524637435
0.46290050222740314
0.4379223811258853
0.44520865277831295
0.4345876749706112
0.4417106355133631
0.441135269588397
0.4565379443660701
0.44466456373914337
0.4610119039304177
0.4739056911497354
0.4553782665047841
0.4419066540653937
0.4475225697686627
0.41897925087284626
0.40471397840593704
0.4121183454235929
0.40536694295739484
0.41378774232598065
0.4212901261264406
0.4099618339163219
0.4364489917221986
0.44496778451677466
0.41752142875439174
0.43775608959492174
0.4550619317965066
0.45603009731306604
0.4496184787074787
0.45261153613066024
0.46774415963025334
0.4482803249000646
0.453674896817618
0.46766809487903005
0.4583944588997838
0.4523966514281625
0.4328304399608413
0.45213760322157054
0.44861606405889476
0.46830095135871375
0.4398437560248587
0.4343013611876386
0.43201212776168013
0.43761184203111825
0.44037617361101544
0.4531171023748899
0.44440827580870174
0.4504839292905451
0.445188280837744
0.4325260868656279
0.428242992160134
0.44543244838012575
0.43362242249130195
0.44687583031909267
0.4287881936592324
0.43419673357077243
0.4425263286306048
0.44405382192543735
0.44825366779994413
0.4249583633575969
0.44501496779267813
0.44905452916812344
0.44404002814750687
0.444381246761297
0.4280949778353456
0.4446421263358721
0.4618622244974762
0.4428020985212085
0.43741938759169074
0.40789011436118583
0.4137342940365088
0.4452407540371379
0.4400438992542741
0.4331581985057002
0.4396901474592205
0.43726881298188813
0.43443932085094294
0.4433149075294779
0.44307015429562874
0.446560336685114
0.46097429297966486
0.4411311586293325
0.452540887018812
0.4503972822660236
0.4419642865874029
0.42559991486927606
0.42754532114993987
0.4275179855376169
0.43304897608743986
0.429572170261212
0.4527075516497955
0.4544765264913779
0.4649716595183019
0.45475269630213006
0.45623524339711596
0.44569077190580864
0.409137452791573
0.4295872977330921
0.43948860119456074
0.4495345807405606
0.42294828391067907
0.44283801485436225
0.47329038964030373
0.4589571195480813
0.4542388687821734
0.4642304225775095
0.46110910467741756
0.44125713187079607
0.430403035914692
0.42580162899129986
0.4214204244214055
0.4435402107321773
0.44001767088150767
0.46560749570730653
0.46568719958187554
0.46881632816049984
0.4484525802272542
0.4541977026832566
0.47305486693522364
0.4392737523001236
0.4345024312126119
0.4055806765267037
0.422189792371865
0.4144457145329215
0.43057960643896936
0.42010784500046877
0.4386666197226787
0.4223545362962396
0.44009755063783135
0.4337687087948499
0.43995146497582566
0.4396244999232082
0.45790973980048794
0.43151104535970664
0.45258399450518966
0.44991055555716153
0.43702771810943325
0.4231660769417405
0.4467297851683458
0.43197464766468674
0.44892760019145744
0.4418552521975624
0.44984867854837857
0.4497134451718947
0.44836327910756396
0.4207240213981948
0.47060477835560777
0.445465737009332
0.4288501257795415
0.4272413084527986
0.4212834050669425
0.4127215842266376
0.446019258300124
0.4480023558510767
0.4498859283426955
0.4518829524147285
0.419481747309578
0.45750344880906013
0.4375939615574799
0.45726247969960093
0.4376904526253254
0.4550901559004387
0.45263663605148746
0.4474871240696564
0.4691423853353729
0.4465938753870885
0.41412172203073655
0.43906789497164533
0.4391282506319274
0.4252913603315702
0.44888041108120635
0.44781381675635296
0.4456148129355972
0.41750263539655286
0.4657942839662901
0.4605887545762848
0.45086725206562905
0.4436229941461028
0.4370691152480416
0.4585301569387536
0.4482293862589031
0.43606825392404286
0.4457366631831043
0.4386345508298607
0.46027470262245934
0.45541801284649497
0.41738048079991574
0.42163337337368256
0.43001874183402167
0.4471826309983642
0.42618329611432443
0.42842071982278784
0.440294858820988
0.4387168851058729
0.4474545140114509
0.42428705242511017
0.4400229742891525
0.4321354095381377
0.4333822522463967
0.43207343877753146
0.41428280976947657
0.4338605145889849
0.4421523366110044
0.4558698314285957
0.45819986905183385
0.448839394998189
0.4493141022901355
0.44770619673036444
0.45773676441369976
0.46629493024230334
0.4379773127987587
0.43111760152726875
0.4353814767702539
0.4523211051219722
0.45662850116457143
0.4489201411543014
0.4383608281431964
0.4427585035821455
0.4369457593256183
0.422180437019127
0.44821408856056943
0.43698237041426946
0.4184820101711749
0.42523655422576856
0.4409849195684137
0.45296832530442677
0.44613503641950786
0.4613935639126865
0.43922901886913923
0.44294178771619885
0.44115299889791226
0.4492184280893065
0.46395484918386826
0.4556052027851623
0.44947374559569037
0.42356830025423836
0.427690711114688
0.44342107095667765
0.43757290147448064
0.441283548821627
0.461634999297703
0.45146764191469535
0.4546365153870962
0.4734641114020125
0.46488714458623964
0.4357647215115016
0.431630524344633
0.4628906717086134
0.4449519636617555
0.44156011237176607
0.43404910519233153
0.42730977800668446
0.45667743440075764
0.42924673824450915
0.4387845046539419
0.44925881306747845
0.47032363096270735
0.45288010182222876
0.44297721088278763
0.45375032998726356
0.44795157892553117
0.4345158307585561
0.44591790308989926
0.4538779953151888
0.4789720672516589
0.44114611072645343
0.45832232075363194
0.45618224136706675
0.4360177028253356
0.4285377806124329
0.4126406595701461
0.4380560648862746
0.4543461433591367
0.44308281272291106
0.46532124724673557
0.45905146622293225
0.4381487040377663
0.45253500535532004
0.4483366008621298
0.44671753674188264
0.43134942864775583
0.4123207028019509
0.4220637343252387
0.432427106801334
0.4371641917572685
0.4152116546563714
0.4327548301606571
0.43879840416301025
0.45073775056585397
0.44649026132400893
0.44987693538984064
0.43498426868235096
0.4660079238097301
0.4376148317742743
0.44839896840891996
0.40997467600186654
0.44052202530348566
0.4414258798933894
0.40941066506494933
0.41496421581472315
0.4369466473387661
0.4330070642283181
0.44062172262586397
0.4490113097240817
0.44056651793009893
0.45053183175595535
0.44756988163077005
0.4731809458566981
0.4616001942391158
0.4672648178068502
0.44998871008958413
0.4580133385146175
0.44065047603090335
0.42698427605358685
0.4487693978996837
0.4718712141115039
0.4517737593045057
0.4651355615672431
0.4669203651851653
0.46846722617407693
0.4749429002804498
0.4589201228654075
0.4535015646133575
0.4579357005502707
0.4412937977641744
0.436729417581427
0.4541798857179599
0.4597893795800938
0.45233360265449096
0.4525196540932609
0.4726618534987304
0.4274142849662283
0.4407830231202525
0.4260431733590867
0.45877697706339404
0.43522530863821457
0.47193643243184047
0.44517856267238476
0.40349841395370006
0.4107764921786946
0.4151614751254083
0.434955956883886
0.4366085323372784
0.4461041741993179
0.4487019452890047
0.43562978903034044
0.45917687897217563
0.4383385199168484
0.44957470773461694
0.43980095993295265
0.4550232914886874
0.46729104417240636
0.4433127641106686
0.4629459079653212
0.4399708868168927
0.4232873535009138
0.4368897909214886
0.431328401776972
0.45454445282497313
0.44494837567887635
0.4417404226587081
0.45826872551805536
0.4338633074142764
0.4448750112164025
0.4354907644329801
0.44337015858036727
0.45104594713783863
0.4627989952348589
0.4512175292570166
0.4468344796770551
0.45246570312042145
0.43547682100774837
0.44708936289803203
0.45969284764896673
0.47397265826977697
0.4522173568284505
0.44401858372211084
0.47219059664990337
0.4208097569751593
0.434559557460374
0.4398109092240766
0.46001816095094317
0.4350217158901191
0.44522205630956624
0.4496114105613672
0.4333253637294914
0.4541339440970662
0.4590244893476147
0.4559371198470708
0.46300298061021833
0.4552261113456076
0.46830989325855743
0.4498544965467382
0.4468501929519005
0.4398532760403685
0.44660664674130374
0.45816891609328536
0.44396295762165366
0.43567850041063855
0.4559210583392629
0.4561267256549925
0.4504014512538439
0.4657580881280073
0.45558894156111496
0.44017762573815694
0.44563401494526733
0.4432232181183604
0.4417592564591313
0.41897748955182246
0.4325080488059852
0.4551793994359169
0.41887810195756203
0.4252633318165412
0.43348910623621606
0.4472301533992232
0.4504797781089061
0.46046227599153944
0.4608778471563029
0.4542031780010538
0.4588824256183752
0.4407932709496345
0.4478670302579015
0.4422627093062792
0.42515454442112094
0.45183332686443517
0.4178243025636873
0.43210095269448145
0.4101927299972233
0.4434606502209741
0.42667456358782846
0.44222221672381984
0.4328237713831496
0.42855997233563853
0.43995311861570835
0.43330036776434144
0.4651352740963857
0.4347461678344436
0.4371200501098529
0.45722374028042106
0.4383791707195965
0.44564829695693714
0.45580162817638736
0.42978094042720427
0.430500690971961
0.39881738902601893
0.41290794457164554
0.40834877726600205
0.4392308310728536
0.42379532361263
0.43771419131769196
0.4440502093148763
0.4318280032426731
0.4397044762368528
0.44032669882615155
0.45496834877713105
0.4719398884849886
0.4408014172119376
0.45260913587468526
0.46717906904002426
0.4600253833847531
0.4500959872644112
0.4340277329128603
0.4280433515714078
0.4279564248881318
0.4462743548918241
0.4495755555810195
0.43895003406948596
0.4442947484378702
0.4558724874352694
0.450272173284053
0.4437070075524729
0.45227063491985087
0.4496985941691307
0.4520731909031237
0.4648302807691919
0.4585980182382008
0.4638132159729979
0.42839996630048877
0.440133098459297
0.43886750068431024
0.4660441061987751
0.46865361100893205
0.45689216005854544
0.4353890356305228
0.4538746770755891
0.44041935782201436
0.44394873504267096
0.44444091247143264
0.4403907875286337
0.4181086876818096
0.44456547095337806
0.4728782820469929
0.4556127381717828
0.4439544379508898
0.45024076354954895
0.4342214953862892
0.42823004120714725
0.4395476748822714
0.42448182363977016
0.45124852335693977
0.44172118622994877
0.4207391365511463
0.45674822296291784
0.43430485927886975
0.4258311447515484
0.43915204612572906
0.42646150946881656
0.4527195063518647
0.4268106837970403
0.42235068679127674
0.40879003851351037
0.4582855290957808
0.4606999130492367
0.4591623814384486
0.445162379568743
0.4507962185312206
0.44867900871938343
0.44351162671501393
0.4541269078066754
0.4167549784951835
0.428562188240354
0.41822942345460645
0.4485554793248229
0.44113406129745686
0.463101961211685
0.4555050548211744
0.4594035908087232
0.4550405071015709
0.4327383842376571
0.45756155000667925
0.4425342192576658
0.4304455252259
0.45558947967522406
0.44592572107332246
0.45416152686716826
0.44184012362310054
0.42836851950230664
0.43727044634972395
0.4307983803787511
0.4513183759690625
0.4440748766257886
0.4721515909892519
0.4599937506639571
0.4457323662631923
0.452244667648948
0.4353003426093779
0.4301418677774105
0.43463636566236674
0.4396843360347476
0.44080536103702556
0.4527685942214273
0.4326986243806593
0.4296124809651847
0.4541487988126287
0.4539920914430059
0.4366722545812898
0.43877754265598634
0.4481349130210489
0.4256408920048162
0.44589978778378275
0.4360755341619298
0.44569754448179555
0.44290041210747305
0.46321940872578127
0.4187397453769331
0.4418937049357305
0.4344822944106922
0.4324928586849093
0.4464781908542288
0.449540645508504
0.46884383440124694
0.4372821785618718
0.4579714911270947
0.44045285694655584
0.43916269201691155
0.44224787526668863
0.4077410589014175
0.4242062537426844
0.4310573924621234
0.4153153940819906
0.41281316471117385
0.43525807526123833
0.4336856248281707
0.40631568498910536
0.4552504545987186
0.4407229779977326
0.44184662698599597
0.4412092217252236
0.4618482655730273
0.4536544697947266
0.45671817032092543
0.4395645404573305
0.4490408837075549
0.4452627246309152
0.4607140216456593
0.4207002442306548
0.4297062876245861
0.45709057345733384
0.46921995127655747
0.43652848410031586
0.42628302763257137
0.4366387763304096
0.44101143461964304
0.44031586203300443
0.4433813914280009
0.4560034782350068
0.4551894593745476
0.43959355643911163
0.43577024029642875
0.45372470905414375
0.43951442375636757
0.44808752447640154
0.4351530101208134
0.42618339422273793
0.4335204182327498
0.41922314767032387
0.45002518180952544
0.4485544027593925
0.46227124074226
0.43531928607610015
0.43655723495436394
0.45531940595247666
0.44022136169011866
0.4407250862269709
0.44106384992685793
0.4281048937354361
0.4373161515751082
0.4352592388338042
0.4213112326484702
0.4475967550414065
0.4457824787690754
0.435359578705121
0.4400213095311115
0.4392051064352552
0.4390316698800735
0.4533968608115447
0.46409150575061864
0.42583505897014806
0.43407414465639227
0.4328216784451719
0.45199223168357683
0.45910546284951975
0.45538391028697955
0.44818076577736987
0.4618355316684975
0.46587217820303967
0.4404576206259542
0.43634239057223967
0.43887497444061857
0.45910225280584255
0.42783587777191806
0.44399211133334515
0.4570621246514571
0.4299921376335175
0.42691841896520744
0.42254242776213335
0.4366284836546771
0.4318309823044737
0.42341205877365456
0.4434812671547681
0.4285040267130048
0.43432084539736
0.433921032729214
0.4329864601044492
0.4407937104564044
0.4483826611376558
0.4676767334295593
0.43627791641387503
0.4536540657374529
0.4456535606098699
0.4652878418166067
0.4370050063141159
0.44962513430361195
0.41780196518258866
0.4143029058167895
0.4149890245739715
0.4359341473285239
0.4306218637814383
0.4217412667902648
0.42110628915988746
0.4330386182985993
0.44208336901411033
0.44934142659026255
0.41571286965480536
0.4527802943725871
0.456881839511843
0.40903534562599786
0.4146200678642436
0.44611103014596426
0.4495181992225049
0.436177437588919
0.4554471775962087
0.44724468640044956
0.4171693612987748
0.4308221942413819
