0.9030506907486004
0.8863708162357704
0.8902354019002133
0.8863507625710109
0.8968220841793989
0.8826561793517759
0.8867157984517505
0.8866658575767369
0.8867190303017233
0.8809751972332035
0.8743299691010468
0.8956171775394739
0.8720228970118286
0.8843539681558045
0.8999369337414073
0.8842050468028013
0.8990221135724278
0.8992925019627802
0.8883116712253799
0.8965067929783986
0.8922729970593318
0.8925442887992935
0.8918972856387337
0.8958726418330892
0.8979366594052873
0.8876523059675975
0.8809949170600744
0.9065048875601254
0.8911203286488293
0.9080415057197349
0.897899212062777
0.8919167961124802
0.8802367142357315
0.8884026340821035
0.8758795213200358
0.8991089838287022
0.8713072857280539
0.8899635678128782
0.8788753755030725
0.8803055558077705
0.8590623801671528
0.866918648082064
0.8792135439748715
0.8766894494627232
0.8774639668280463
0.8922635085562054
0.8836489809661369
0.8899503220447902
0.8803546514659887
0.8824103579151857
0.8934970953382665
0.882278893439555
0.892819997010048
0.8747608136975663
0.8803943694465132
0.9028277101925019
0.8878269431940695
0.8970531449433055
0.8842818390928066
0.9053460420528233
0.8940272747957484
0.891333652637689
0.8863209227416454
0.8839670078104311
0.8888206067462104
0.8617526445377108
0.8847779723943968
0.8750664733760801
0.8767208059222393
0.8917619233326831
0.8838986181489984
0.8866426861785598
0.8796011805842276
0.8777430361178548
0.8708176771405135
0.880058568787997
0.8810546538879683
0.9058680511324307
0.8958002455384011
0.8852259982611937
0.8849078163044654
0.9011817534658396
0.9074311260396825
0.9082887204212899
0.9044287811941921
0.890753986578141
0.8957220788509267
0.8966130654038156
0.9029519500605344
0.8940701298127389
0.891828911109022
0.9074671833449811
0.9044663449187801
0.9012473477134605
0.9035779424506581
0.8836518610854404
0.8908778632596938
0.8902861452579991
0.8909668008809871
0.9045057990290805
0.8935039854516944
0.8874880153658498
0.8846925041663036
0.8774986312927501
0.8732836942472266
0.8806040140937071
0.8791570892686219
0.8777792666788136
0.8714286272346546
0.8771266602228104
0.8856017734648393
0.8734427942695326
0.8786678436103936
0.8858876173155147
0.8792013651629794
0.8800023023422283
0.8987371212349132
0.8935343579425693
0.8833165914689131
0.8978564488506057
0.8872343222093151
0.8853834959526398
0.8965025060357511
0.9017585711932549
0.8919804923639677
0.9044531674491559
0.8820617906874847
0.8910626816176879
0.8918820159113873
0.9009249354578596
0.8899152358756335
0.8815973371009065
0.8922099335108139
0.889997213622557
0.8835382989247523
0.8894831480745012
0.8904153296120789
0.8953237150586518
0.9026928253830165
0.8984933414094035
0.9014054525983641
0.8952785308944212
0.8900254729780627
0.9013712115198492
0.896935581105266
0.8938907029549754
0.8878347093516124
0.9004271631747905
0.8907064510499825
0.8806309033758278
0.8770927664769969
0.8836992995820752
0.8829059886523102
0.882887242715035
0.8808133472409616
0.8823596327802883
0.8885714714516223
0.8894799798800226
0.8859788236480619
0.8921510533654325
0.8713550859988873
0.8861330660771869
0.8896291478169188
0.879563481902692
0.8908150867679923
0.8882400555328153
0.9032904236544664
0.9029930922082278
0.895611331864425
0.8956875687307005
0.8962664118695044
0.8914518492666446
0.8968881458493265
0.8759417101246153
0.8857832865863332
0.8863993134807004
0.8806730778048123
0.8920471867126872
0.890111848301616
0.8898430647772079
0.8976242722682343
0.8852269165155966
0.9041997751663864
0.8946690718716558
0.9018644711654237
0.8963746806749685
0.8919450854553136
0.8972829862060183
0.885757897288138
0.899333408875128
0.9017421412969813
0.9045942556021913
0.8953580965888821
0.8844011622334101
0.8874573486589227
0.891740197024001
0.8941810503854559
0.8893609814215583
0.8952042873043919
0.8861311572686051
0.881174791761283
0.8826027785678403
0.8827641181762266
0.8756987821742608
0.8834576919329642
0.8848158893739814
0.8812170860390659
0.8826121120431418
0.876716039490035
0.8770017135020319
0.8807813279198023
0.8763645414344965
0.8682395497482776
0.886868924890782
0.903537052001028
0.8952989552799884
0.8912184641468545
0.891842957950919
0.8906843644232896
0.8850692053806334
0.8823763648206855
0.9013885256587675
0.8826140713091637
0.8864019596149295
0.8794297096012339
0.8693065855404932
0.8956154934112956
0.8883655362311805
0.890476260053561
0.9111532467093978
0.9018446744273635
0.8924108126339078
0.9037392021170062
0.9001689127576479
0.8969761989352333
0.8951044187689341
0.8831985864584161
0.8855736713467898
0.8856397115416743
0.8748449610175103
0.8837031251989317
0.8849849165266005
0.895376498776497
0.9030695754266117
0.8970498263339337
0.8845436545235074
0.8998702546366092
0.9020627343059187
0.8912646871073152
0.8996201922157425
0.8966279117581893
0.8870047384226072
0.8803605514746978
0.8758259349315852
0.8813091663738359
0.8766636263999881
0.8782051082692363
0.8805903325767178
0.877702478470181
0.8938986282857452
0.886848429364393
0.8792336698819291
0.8820551187390744
0.8833617110238201
0.8807051330596426
0.8853625933921486
0.8826564997990866
0.8850052667799969
0.8937466887251874
0.8992877558008795
0.9084287545490176
0.8941900801376371
0.9011604481633474
0.9090820736543456
0.89732787224007
0.8933350314756766
0.8972893799394667
0.897010085907704
0.8871561869822183
0.8806549722569031
0.8830583956293743
0.8917288361528755
0.8789576336865536
0.8801920252194283
0.8776391857991458
0.8824114679938487
0.8694711791372142
0.8782356665620044
0.8927223846965896
0.8819870667735709
0.8889779510364849
0.8843285168317682
0.9058677771830604
0.8885456621169383
0.888166327604358
0.885009445181265
0.8734707124338112
0.8768993519986594
0.8840612659641768
0.8859175686926108
0.8779496451500184
0.8864166593717845
0.8773028699087452
0.899101090835249
0.9087214255908426
0.8872071726143034
0.9001653112412215
0.9074538734019156
0.9070843408004051
0.8925113281436308
0.8904200371650428
0.8963799615493833
0.8905173159014791
0.8864197102650131
0.8882491694770566
0.8827161696951333
0.8765312195404665
0.8834641054168766
0.8950785759688163
0.8929603552205433
0.881601738368495
0.8771619798216985
0.8654517834381986
0.8954936387120941
0.8774181566224576
0.8671368908013029
0.858775701368473
0.8710550730082752
0.8820436852907793
0.8743215299421826
0.8687863343220484
0.8868593940070583
0.8740374825261726
0.8848153893574465
0.8776350381116798
0.8754460932584655
0.8754375177094574
0.8776620678342598
0.9001111965723799
0.8879295813220959
0.8629560303001947
0.8930948268092798
0.8663545055332059
0.8788077329155785
0.872990976643499
0.8927522785365801
0.8877719730840626
0.8796036654681266
0.8743432214568231
0.887270339477685
0.8822427396553033
0.8757402701511144
0.8645012780602731
0.8646244165178877
0.8760959132295377
0.875909116162295
0.8879550889123665
0.8681447217493905
0.8789747589037709
0.8871936384618143
0.8628787489493561
0.8798729464271425
0.883131419552713
0.8840877346098185
0.8832524624350868
0.8909964197366969
0.8855039125255103
0.8992853471041037
0.8709679952826099
0.8702494337856939
0.8675894480829229
0.8752645021860291
0.8820832911779225
0.8813199110274365
0.8906257350351541
0.8836885651979939
0.9017133436286889
0.8905844042836786
0.8904195606755626
0.8919470782465363
0.8956293495408176
0.8925254058487612
0.8837284570805152
0.8901554833724163
0.8876382583744634
0.880255732759125
0.8858819010686823
0.886699198557621
0.8977097420866929
0.8861133904794293
0.8882350590034732
0.8939768786947818
0.8888604781324495
0.8940331250824012
0.8808783444329144
0.8856158539303757
0.8844590387554248
0.8860589875880139
0.8905220874444394
0.8956123647926305
0.8957837496414064
0.900502764963655
0.8886128311085205
0.8964060274959699
0.8912132378373031
0.885830018196862
0.8916800727340374
0.8833936222453858
0.8953308261096443
0.894763400532783
0.8938576377068826
0.8957227354529033
0.89563812703537
0.8902587844220607
0.9014417646310512
0.9005454458434502
0.8959403734192016
0.8918138284840625
0.8866730691471871
0.8982925734963326
0.8993932215414561
0.8958868140804116
0.8882020475978666
0.9070917455242896
0.8921552455736376
0.8958839616370221
0.8967801608659115
0.8850417902841978
0.8857844233846222
0.8810615488909909
0.8936091073640987
0.89571598989267
0.8898963631300411
0.8914766587739916
0.8820567180463499
0.8777738080130657
0.8849816128593518
0.8883085590227814
0.8769625867545865
0.8968982816700249
0.8906833889185867
0.88040625356389
0.8803594099561581
0.8833548491883091
0.8820348143074348
0.8887919346489027
0.8966774434592021
0.8949156689329434
0.8912597246175847
0.9025105824291493
0.8945080841043977
0.9014206683687654
0.9099844111224401
0.895412219290651
0.8956961237917889
0.8879145278309396
0.8869250948634607
0.8956120980031473
0.9022408079996646
0.8822553038168016
0.8862665507568234
0.8884472548623905
0.890495338857832
0.8825858269425154
0.9016133060309232
0.8969893463000046
0.8900417124599701
0.8776623132220558
0.8808832802877178
0.900370007249845
0.9077500317891464
0.8902434570327711
0.9033619376055172
0.8982599400368086
0.8995124987902988
0.8853837598822775
0.8846781762139889
0.9036929416374472
0.8860994890531878
0.8960964745865715
0.8916934202520234
0.8959841804483197
0.8935599087015037
0.8954791903677465
0.8931896353121073
0.8943954089399303
0.893151656578651
0.888822122941561
0.8861172496913761
0.887761198390259
0.8917140462479289
0.8806939373295362
0.883585356199471
0.8868927857778764
0.8963161844179387
0.8837680609594121
0.882716765027368
0.8841296460972985
0.8876011970862616
0.8813500324429887
0.8967619248543475
0.8873450579177594
0.8943323605632373
0.8941343501561936
0.8930101501043244
0.8879069264902788
0.8821344910103917
0.8685283294663148
0.859305410800972
0.8827632483731483
0.867221346385307
0.8733701217324511
0.8749418135868323
0.8704385167228121
0.8674997662412532
0.8773761940602859
0.8771176584489423
0.8822535598028215
0.8799834567730626
0.8754606919447822
0.8588231395105255
0.8815987344836995
0.8679617120771121
0.8686436937416034
0.8716256427438851
0.8668701775684493
0.8916507350827604
0.8872161871296874
0.8727957333087173
0.8727618338226694
0.8758430275406462
0.8853308498781978
0.8843360507803376
0.8809313905980689
0.8736493204162508
0.8801286276139967
0.8864183904507118
0.8865161052370075
0.8851629934030688
0.8940768385739303
0.8843912170291524
0.8891292624235767
0.8985350567836403
0.8968077299676688
0.8984276110300861
0.8967002954074915
0.8900139661947942
0.8816795550390685
0.8847688336344673
0.8822385982043657
0.884765480499198
0.8905636300153077
0.8934170536613474
0.8930313329717706
0.8892060715247592
0.8915882406957185
0.8937850588411281
0.8823855848307685
0.8963454417174442
0.8782001726337625
0.8993225939805605
0.8932657222743706
0.9009067125832074
0.8836387230119432
0.897158523388126
0.8921014210314482
0.8812008127769023
0.9002443757347671
0.8911749242039767
0.8962662635410008
0.8854148787833155
0.8787144665899981
0.8921083016018602
0.8894137664279825
0.877336776012901
0.8875828290458725
0.9026457627783077
0.8799254312014287
0.8803472120038115
0.8764037110485291
0.8881683702083825
0.8915176937972255
0.8924376063244956
0.8727139346143135
0.873742307541344
0.8847249907486123
0.8930192597816061
0.887053871582447
0.8884428417859153
0.8780979809237329
0.8752980903754112
0.8886692892108138
0.89596858550793
0.8864146858220807
0.8852643868050323
0.8840367338221239
0.8872045633461387
0.8899613531253894
0.8824993804501159
0.8923365344828764
0.9087303435565771
0.891745420462288
0.8873876888885825
0.898025546203648
0.9021831146785947
0.8940455651093546
0.8875181284892784
0.8915869846869842
0.8966070803026421
0.8877125653291059
0.8819316297450509
0.8883644830083516
0.8858868669951511
0.8762356583092092
0.8814451777449827
0.8959278299298875
0.8786092154718994
0.8759296344830273
0.891648563195646
0.8927428688410544
0.8843672173433806
0.8866509870057254
0.8925857627420952
0.8868661833617953
0.8966386312536309
0.8921062666902372
0.8900507064005384
0.8915656451287616
0.8974300555708766
0.8994461770834138
0.8660878187029065
0.8911905922062338
0.8910796119129453
0.8731238039970844
0.880859394863644
0.887968241018602
0.8824775801405642
0.8796453259099621
0.9001494841598748
0.8882878013067633
0.8754299397478936
0.884914012322426
0.8695805414044844
0.8745997500528593
0.8752712618288713
0.8824614061103987
0.8864908473587616
0.865263951368203
0.8769019525241183
0.8867542842898387
0.8876822550747184
0.8738935878554807
0.8769986127076854
0.8795327415099239
0.8975143449067361
0.8940962469559577
0.8852794107225302
0.8926953274774587
0.8788656298528039
0.8830367040117916
0.8781369632913995
0.8814593645904788
0.9006023104385091
0.8909369974954421
0.8850196732286375
0.8914982703738943
0.8826462165255773
0.8864537986258999
0.8832165160973958
0.8953674256000911
0.8869161784360476
0.8716114275087787
0.8775631072217608
0.8841599835639973
0.8919041309782076
0.8905461957430975
0.8919440703763146
0.8821963120032668
0.8828873588549301
0.8850782860398517
0.8847320394459421
0.8879835048559959
0.8878367375245477
0.8806158580939681
0.8759837372424397
0.8774677326202233
0.8703969710375833
0.884096320807826
0.8800757219618625
0.8737243996413193
0.8970120432270398
0.8825561664398996
0.884868567996815
0.8686239285262763
0.8643299340906777
0.88440341470927
0.8901707138918104
0.8925053547630127
0.8989066368810406
0.8880949697079209
0.8947116089133681
0.8758135935707796
0.8917149068024458
0.8787685392828485
0.8930580897115538
0.8808495318818981
0.8846983248296847
0.8790309182610959
0.8847482620027828
0.8795818316222337
0.8887224553883137
0.8802130222355781
0.8794358031475212
0.8694588708303885
0.8710801539666021
0.8698592987700011
0.871485872822169
0.8882819562245575
0.8883224914892095
0.8833372791660813
0.8747681810611296
0.8802116092981169
0.8897751589862571
0.8856137894631592
0.8740070931064294
0.8756546300288881
0.8731835054092478
0.879701865201583
0.8949172172045334
0.8951923667703124
0.8841724326346722
0.8807590060986357
0.8850562072938032
0.8859852759371054
0.8883335983862871
0.8936409798038292
0.8800995356468969
0.8938574790334655
0.8713465522012517
0.8803893494255602
0.8687354021621343
0.9000174407765766
0.8855348406637416
0.8824040063630618
0.8875955362739875
0.8925575302705138
0.8973536294436736
0.8975359318497153
0.8871540932077105
0.8862466277088473
0.8799800548926863
0.8876845187399955
0.8961546041219606
0.8839804523814899
0.8927677358330932
0.8999915752186326
0.875125259967721
0.880026765962055
0.9042016585826024
0.8740117130692836
0.8782490024825308
0.8832963112445108
0.8736864631178339
0.8870142867874917
0.8890787971428425
0.8905960532912304
0.8899298474831571
0.8892533485247913
0.8928537211776827
0.8947752249097878
0.8634955607279488
0.8927177258765191
0.8840383933681255
0.8869747287607826
0.8879554535529001
0.8923549893516577
0.8823962495238517
0.8960009318807393
0.879654303563291
0.8871331634746039
0.8834208840802217
0.9038745202267431
0.8926363540174478
0.9026243452421583
0.894363506501584
0.9015938971792442
0.8906168171036067
0.8954510816726783
0.8887002028591948
0.8897969649430434
0.8893191514883196
0.8926364605110106
0.8929569395843883
0.9057433250656933
0.887822572754091
0.878338494177751
0.8933203161525417
0.8757075847441981
0.872883230893203
0.8714321814964646
0.8850900280677743
0.8741726893767487
0.8880666661871586
0.8829122454469817
0.8819001073582778
0.8796764937485887
0.8867779413005507
0.893009252447237
0.893496870084186
0.8827010039588022
0.8799620617859912
0.8922611507025687
0.882047243274954
0.8965283619421087
0.8884904981798559
0.8844424639431522
0.8835258792660946
0.8899800690000083
0.8805681975092757
0.8865403981331234
0.8839731168747446
0.889570920677781
0.8952015518045507
0.8900381101685931
0.8775388064005062
0.8788506833269217
0.8784070836009535
0.8690689566241959
0.8852507732691728
0.8670243861506107
0.8903718737125806
0.8791001345371293
0.8678471033490182
0.8816064462256651
0.8700601879040225
0.8759369643254219
0.8875034988813005
0.8821262974803082
0.8691450592999218
0.8789857680107698
0.8884595650420448
0.879404988988326
0.8944342155078849
0.9017315108548912
0.895858719516129
0.8852169817189589
0.8857102413700947
0.8972352425770862
0.8848898744960869
0.8868758633623379
0.8872300364730564
0.8733960083667881
0.8733321777797526
0.8856863546368504
0.8755759417876813
0.8859558606242944
0.8804754458236222
0.8781198103842002
0.8881501390767842
0.8879993307788044
0.9071991340027658
0.8895564912072156
0.890533338003941
0.8781763507747322
0.8827171757010669
0.8804134087634782
0.874925337842363
0.8841050914566068
0.8895891253475673
0.8944770438272452
0.8741075222044249
0.8814097778812351
0.8765591356197032
0.8863542054060747
0.8806152051355247
0.8859793048555327
0.8694226760309989
0.8811692908213012
0.866901042761982
0.8818594850796001
0.8801235263425645
0.8953171707110271
0.8706482307477234
0.8829040101312094
0.8730891893106215
0.8897127605723075
0.8837014064115238
0.8880073764132406
0.8808797644172678
0.8931267103244399
0.8894770561305335
0.8909909814984505
0.8923652752110244
0.8952832027821042
0.8948746275323013
0.8890284459878673
0.8776842057247194
0.8847854451329681
0.8873009342083793
0.8810226088996735
0.8853847483420293
0.8759139674700305
0.8765862558310461
0.8803223289500615
0.8873834668679818
0.8868934315334581
0.8832717308026582
0.8782693910467221
0.8960425558018414
0.8795554187844202
0.8750552121726184
0.8752301221176642
0.8843181469060822
0.8852082417808919
0.8652303221668999
0.8868280944109697
0.8839758142486414
0.8844168166888257
0.8960842509141868
0.9007966997121298
0.8913560960529168
0.8838953374655714
0.8992920036950353
0.8903835695229998
0.9013144628557849
0.9023960878343872
0.90756926055115
0.891174229564839
0.8990248555187595
0.8904726135998285
0.8853369369927782
0.875599371798539
0.8910217306349087
0.8759674679427939
0.8823063965793355
0.8881593891415244
0.8827328592558868
0.8857597070517826
0.8958444646414362
0.8960256152703189
0.8797188329980957
0.8852703072084179
0.8817937023245405
0.8759089747124617
0.8849644060694687
0.8786812389249546
0.8820829668937714
0.8872602863311232
0.8727694042745816
0.8856343726933402
0.8900025150764184
0.8870942712106853
0.8891017148288642
0.8815487779965779
0.8754287873929734
0.9006958462780972
0.8986943130351949
0.9032801471370031
0.9012224269723691
0.8962133554065767
0.9052818919723072
0.9018833554195163
0.8961692121823681
0.8843033750913917
0.8766584797653327
0.8878455631366206
0.8945303053060657
0.8756606988564815
0.896993747064324
0.8801861158866573
0.892008403406479
0.9055487663940732
0.896384514555495
0.8908385728209874
0.899683550785388
0.9052608382860833
0.8866815169294017
0.8886077581120632
0.9017876941577238
0.9032638220358543
0.8935003891144523
0.8910818291506324
0.8847388551356391
0.8705342881702749
0.8746281424152277
0.8852700597136498
0.8959879140963651
0.8976071361098025
0.9017241619671243
0.8898130385942599
0.8923891064472885
0.9016533469867348
0.8843147208818606
0.8863918245104343
0.8950118986623082
0.8820943409629489
0.8809405960184661
0.884907788132447
0.8926868456940782
0.8825225198267405
0.8814759869887433
0.8889554690020884
0.8710955096425645
0.8872363013155744
0.884572877596946
0.8847501357615454
0.8872269227629727
0.8874098021486767
0.8764111604176557
0.885386774572412
0.8793388929120024
0.8780408243811079
0.8808098654016508
0.8829902193989363
0.8744389313834354
0.871423538545947
0.8812940507047506
0.8817728650178203
0.8856152284458548
0.8805594175723389
0.8871007083457797
0.8862578572629877
0.8964780636347105
0.9061985155729276
0.9016653153820111
0.9011597419406042
0.9058410273363191
0.8999371688276057
0.8964727393732163
0.8869890034399113
0.8945551704039514
0.8929974805748583
0.8888785092059535
0.8857603638087879
0.888994711816201
0.9183539751580483
0.8966254716831247
0.9093858045913111
0.8943578195285777
0.900329310612284
0.8975154085410199
0.8976867919788947
0.8925593500482788
0.9094640515330134
0.9088562966480834
0.899679662664787
0.8843755686314888
0.8900153211005181
0.8914394972425063
0.8831308260785383
0.8876969954580672
0.9052072438146558
0.8998981945191962
0.881685803507685
0.9047485592075298
0.8869623626683344
0.9125895298020416
0.8989109703006236
0.8913981834347194
0.8998232506222391
0.8915376280662635
0.8937441261326473
0.8881834608918603
0.883506266595
0.8922061352811202
0.8859635537246912
0.8826496161086075
0.8998914956312549
0.9017138051448014
0.9075667598512199
0.8912639455456962
0.8930367825125233
0.8974643610188449
0.8934618724493192
0.9039703865509251
0.8864659700601755
0.895781377636519
0.902298115720141
0.9017151232174029
0.8941160683195117
0.9033016700628913
0.9035408049627726
0.9048361058537879
0.8895748414731557
0.90481197200996
0.8863804561435233
0.8895601117169795
0.8945143220117989
0.8789285086115547
0.8947953854353555
0.8828129386461382
0.8892030142112829
0.8897205958874039
0.8835949041840553
0.8891088886012675
0.8877841472252078
0.8897032100577079
0.8903143444508714
0.8858169987394556
0.8968000928426977
0.8720900023260317
0.8846538155406547
0.8806736085018568
0.8818288289126902
0.884959662400355
0.8875027837270141
0.8945928443219396
0.9113985855148875
0.8929230197410996
0.87571666456977
0.8824737558850276
0.8888665222856197
0.8827427693610224
0.8828884652792195
0.8789816537195815
0.9022919121376103
0.8809392013842091
0.8856287367723842
0.8967190848494001
0.8990243893847284
0.8878752613458625
0.8926189876291656
0.8853059436456845
0.8827353031823725
0.8809492569003489
0.8891498587502351
0.882622233360744
0.9024630054811861
0.8847044204936534
0.9006177315384897
0.9079692726657468
0.9112748316316762
0.8963493333994937
0.9009694565486668
0.9058738851581882
0.8941606834735875
0.8938960636284977
0.8963815244260659
0.8981627932982875
0.8854061927923204
0.8887306515082579
0.8945117184961355
0.8795240376209862
0.8914685586891876
0.8851687721788122
0.8793132150409279
0.8968204441732435
0.9068779973453972
0.8738289763631122
0.9042588708236873
0.8864176689854069
0.8925989779872879
0.9071006526557803
0.9022019566317913
0.9022148967275664
0.8908323965700311
0.8823775567660092
0.8821448189723249
0.8719514176076496
0.8806275104659663
0.8936938455134578
0.8835945954837304
0.8923039963064258
0.8919811636713123
0.8976668322857049
0.8827547451181298
0.8702714728187768
0.9016775170574728
0.8811120762311518
0.8779816930449248
0.8916830515710781
0.8956984967224474
0.8927696583136387
0.8850741809789303
0.8868130203862177
0.8689879830834116
0.8956692795998115
0.9019131426633145
0.8917288268320193
0.8843000041610855
0.8887801036645665
0.885620538645186
0.8836543382895076
0.8960475159710835
0.8816830287027231
0.8888082493503981
0.8980229254039718
0.8901806530986961
0.8984163353473195
0.8958733899993722
0.8946734666507972
0.9014114230277647
0.9001646800918262
0.9082546502705694
0.8994061594944912
0.8878477419683825
0.8949508890959984
0.8856497191320152
0.8950333081250162
0.8823486943793665
0.8799418518309995
0.8743345835761028
0.8934962175658963
0.8957818303374391
0.90063552191453
0.8920794147117014
0.8907644557422132
0.8975966908692926
0.8959476012549487
0.8895167973001142
0.8967706311930866
0.8654079529462116
0.871701069291941
0.8856424030864117
0.8944481102120823
0.8826191717356137
0.8950937491641446
0.8739098690415417
0.8849623664668318
0.8830806978966147
0.8736466351692173
0.866358894695748
0.8766204607539573
0.8762139145158266
0.8788974780380355
0.8941328702452517
0.8866745822149683
0.8870838505543145
0.8821160900161961
0.8800847895514708
0.8943460855213677
0.8934795641422055
0.8799607366982052
0.8836041124381961
0.869534742157139
0.8794802999872755
0.8804242634258149
0.8784899233686438
0.8844921191829491
0.9021160723176985
0.8913482042789581
0.8737279253365736
0.885934060088634
0.8900551977425525
0.8926684378569694
0.8776165212379312
0.8845767908259998
0.8902651910491358
0.8966935939928055
0.8979646780314224
0.889870702004373
0.8947283208984026
0.8798823656444322
0.8817328770093802
0.8853229594335965
0.8831242136906242
0.8760607014775553
0.8746949547364921
0.885769956981577
0.8907414759793255
0.9001014117025418
0.8810740569143953
0.8785463698644933
0.8891820823276032
0.8810249542466057
0.8840135100227258
0.874211657274667
0.8707082985086038
0.8698025652059443
0.8672332524223818
0.8731718426881955
0.8789054414476628
0.8782167195745575
0.8910194340246721
0.896036101571606
0.8906430542230134
0.8885498149347769
0.8897651255726995
0.8949752023740314
0.8944784761187893
0.8942280756450592
0.8886877017528901
0.8889175807157114
0.899370505307568
0.8855367361777708
0.8932456687021282
0.8762011000913806
0.8828679272174057
0.8969700896478154
0.8943409180866405
0.8884223993663342
0.892988370016774
0.8754473386538413
0.895697968074196
0.8999833671283829
0.8871479288484205
0.8979171897408699
0.8785902233946468
0.8980045458608861
0.8840476245085536
0.8795231350779987
0.8845901448868356
0.8680277422138007
0.8777176070734881
0.8901503897191275
0.8931176111935589
0.8752365847604131
0.8896076375796405
0.8816442408092239
0.8758654352072939
0.8761832063933087
0.8655783931253348
0.8878884810668587
0.8579554086072597
0.8718359295722112
0.8729753901244961
0.8816669829537566
0.8840344604720788
0.8727294566830076
0.8975154271554445
0.8940157470196676
0.8702032875512078
0.8837930412591528
0.8787874095686337
0.8929398316136639
0.8932868099141653
0.8844725703452081
0.8922627439987889
0.889665901983821
0.8878217453995125
0.8988309618208045
0.8851374998399043
0.8990119943417644
0.9096702949908936
0.9059351299203482
0.8971120454335444
0.9025433779758537
0.8995176847153216
0.9155460274766997
0.9175408157291028
0.9044895831869465
0.9033303207163743
0.8946281788545872
0.8993781207499233
0.892309306439031
0.8797809131510466
0.880213656681302
0.876671137880562
0.8786137633577145
0.8818914298214756
0.8950206134574711
0.8785312407040875
0.8782763378115109
0.8686832068951879
0.8763487179449689
0.8789024005307601
0.8820816278377093
0.8757541335034241
0.8737184266408596
0.8752535215084563
0.8781210987967708
0.8716422403710867
0.8784371005482646
0.904850300580483
0.8862678974399767
0.8970291759562059
0.8825920190004158
0.9009191638880586
0.8932539806592769
0.8906938860993355
0.8965130372446618
0.8992289299112914
0.8970168732841124
0.8859239632679826
0.8943107840689611
0.8912170254762183
0.8758781725187027
0.8801082455698864
0.8780350409774781
0.8808195551682395
0.8833576327047611
0.8604141495158498
0.8854531219096778
0.8780149018256104
0.8683185706367819
0.8820736084260895
0.862444150949417
0.868837309746382
0.8880364174237073
0.8847380902478746
0.9055399261435504
0.8868996618448569
0.8929454362649566
0.8843697737206679
0.8919198538519745
0.8893043327931386
0.8851643484319932
0.8845159949550917
0.881343772318009
0.8911569265174849
