1.760693575821515
1.7602910135136751
1.7584431616008835
1.7554629492732512
1.7555119375723063
1.7583376974638187
1.7583528221521416
1.7587880069038133
1.7605180332291568
1.7582315852769383
1.7560622181132108
1.7564505489825157
1.754957401470378
1.7552204643867064
1.7541391571253944
1.7556662872696904
1.7566642659887926
1.7554697690139323
1.7552434746320351
1.7562490389699148
1.7602870271301048
1.7576555509911582
1.7573138634371395
1.7581213385687704
1.7601787436728225
1.7580145010466253
1.7575476488481194
1.7545135428520635
1.7568474149131081
1.758306213171272
1.7558067209203083
1.7590625745794664
1.7588572927033583
1.7593356773960636
1.7588492647551237
1.7561600935249615
1.7553198735187787
1.7559207378832722
1.7557089389350669
1.7584316344375917
1.7571925653925748
1.7581439245921548
1.7576951958201708
1.757521635754541
1.7594155821305961
1.7578833910408527
1.7589794697669603
1.7584361792885521
1.7559359452451628
1.7562266649447693
1.7547519826811095
1.7548558983273002
1.7557195163777863
1.7559514582597906
1.7550908927527047
1.7550499360289367
1.7561109639592476
1.7563131880414624
1.7574665996722523
1.7564471578201322
1.756458442811828
1.757104247049734
1.758773284699806
1.7581080956715174
1.7567599259671791
1.7563411489880951
1.758757564218147
1.758198602667166
1.7541954983454846
1.7559076653889232
1.7555708912585046
1.75672845014543
1.7551411154658068
1.7568905405294215
1.756008100179601
1.7568381690402983
1.7553265355998855
1.7565986099127664
1.7538523669234896
1.757621129533193
1.7564748696740944
1.7556654866273296
1.7573110265997027
1.755598371922031
1.7599490629376722
1.7595316703724309
1.7597952178493692
1.7568962562119934
1.756995294544823
1.7576272059906597
1.757919512359174
1.7573581085815952
1.757453254859223
1.7592963040939908
1.7567605632145777
1.7541119294287206
1.7546900368102027
1.7547962481707957
1.7593538350443523
1.7596620958500335
1.7558724788058795
1.756403312557743
1.758242827417841
1.7564025837737058
1.756323670969256
1.7559163229164025
1.7553311922787493
1.7547165973399532
1.7538660206069259
1.755919894215118
1.7576648487678168
1.7546068660763543
1.7576120127240786
1.7559801190054922
1.7565580659127793
1.755840566553004
1.7576726888705945
1.757787036537953
1.7573524050632445
1.7592125198408368
1.7618726292258278
1.756108602762683
1.7585928653185408
1.7572280737867896
1.7604375937542973
1.7595678132262647
1.761177111864248
1.7579572394741008
1.758219568100186
1.7575087715895195
1.757514483918634
1.7564570782970077
1.7574879423931704
1.7540684093136636
1.7578753295346174
1.7586985932189223
1.7559712957233433
1.7566824095396112
1.7569315643750252
1.756148655834368
1.7568040127110784
1.7557564918036261
1.7578978738474484
1.75521009473714
1.7573576834685003
1.7585606781247118
1.7579973077836677
1.7593086174943857
1.7578426039746586
1.7583002484572545
1.7585830982598067
1.7586467870872544
1.7588023944886364
1.7582979783291437
1.7587819133885603
1.7595566620187046
1.7582730592526352
1.7595703496767543
1.7584165994015937
1.7582738206286868
1.758111147663719
1.7563268174487683
1.7573360039700092
1.7580055766830827
1.7577448291809654
1.7557713589877482
1.755822864547717
1.7561551159560849
1.7551888512708809
1.7559198025968443
1.7528171542841107
1.753975531018407
1.7551378024324031
1.754400620398484
1.7587347108010194
1.759897167445306
1.7581443402312011
1.7560214122229514
1.756093700379773
1.760023693329659
1.7583666056908251
1.7593965104388147
1.7614467393648925
1.7599009190015473
1.7572210214165485
1.7590714564425036
1.7574668949126413
1.757509876546365
1.7569704554410162
1.7594378099160355
1.7593157926627345
1.757758984741586
1.7581033044764627
1.7549196705161
1.7571868936144552
1.757532690853944
1.7582086983806187
1.759670039307537
1.7584735613022846
1.756693927291117
1.7573759492208538
1.7600890617198413
1.7573810430814005
1.7593550762982935
1.7575730949872372
1.7570390761981296
1.7580501077112054
1.7581302175383977
1.7561005186055372
1.7579769303227704
1.7578660270767246
1.7571414435504429
1.7563130306793853
1.7554678613024801
1.7540766843319409
1.7543791840023037
1.7550264136773726
1.7544690432603725
1.752771674177123
1.7549628015366592
1.7539610091970765
1.7539017245135144
1.7545591865215266
1.7541598814712984
1.7542620539037643
1.7561742269485505
1.7542825480675288
1.7562832465914768
1.7553418346787333
1.754952403974118
1.7533565313947004
1.754744694932076
1.7553730744365161
1.7576203465234017
1.7557428230502388
1.75639133100917
1.7546269376393502
1.7560341471569727
1.7574589293326643
1.7575391933031446
1.7578365280465613
1.7591395387000088
1.7584322506212133
1.7584337086650925
1.7597962544956616
1.758654985647996
1.758729562461146
1.7581213198295516
1.75906335757647
1.758869015892059
1.7579710208610202
1.7597073345133543
1.7585815358773647
1.7590008404036817
1.7574128450941533
1.7604447305489779
1.7592092350679547
1.7571157134194413
1.757411787364767
1.7590753055434418
1.755194178711098
1.756208996894399
1.7550657678576158
1.7559999384372098
1.757372663897173
1.7558933025620198
1.7577479557617393
1.7571714703455212
1.7591064188635617
1.7576905905863083
1.757720469823393
1.7573851461165142
1.7566962757158027
1.7550685837150786
1.7562138587522274
1.7586876388804087
1.7570457977025875
1.7583950934705719
1.7564067144341307
1.756198799281525
1.7578145558498308
1.758043751849219
1.757983161516311
1.761826071768605
1.7577345595091263
1.756634181089865
1.7612377938980641
1.7596038867152735
1.7599490245120468
1.757366709573815
1.757615103163573
1.7571041921514063
1.7562132425311912
1.7543129078132462
1.7541295354055029
1.7553571371935424
1.7544711119642329
1.7557809878085657
1.7546718396072714
1.756130818213797
1.7556918475593584
1.7563605127181894
1.7553126537639345
1.7587986646304965
1.7572746630292642
1.7560374675399157
1.7569444541845576
1.7577369387153374
1.7557940047859177
1.7537545342859477
1.7545988149711742
1.7547972095035966
1.757652929098926
1.7576394136645037
1.7574873070117398
1.757552827533702
1.7549476512804998
1.7583498652902692
1.7587882622790976
1.7562967322420473
1.7573427372220378
1.75911839660102
1.7583988679173812
1.7585603712289193
1.7558184001452628
1.7568812119207635
1.7581738863526017
1.7599600007029141
1.7576416106237431
1.756444846428198
1.7595024619243755
1.7581397469653701
1.7595489509870816
1.7549131816402033
1.756197887128352
1.756240857861881
1.7566410625595905
1.7547807973647078
1.7545097943480445
1.7547020790084151
1.7564846066349225
1.7550324564831563
1.7567238410155228
1.7564417847220515
1.7558368572154994
1.754190804456285
1.7552725288149997
1.7559756826336497
1.7563394589223307
1.7544476762747627
1.7583780946957792
1.7600889686229744
1.7587885727529096
1.7564323723259478
1.7580556955968296
1.7584601050960234
1.7574978552370801
1.7576301934956993
1.7546666760815866
1.7565771710544102
1.7563565431021992
1.7542132853197623
1.7544400918966234
1.7563681521947632
1.7569944983719403
1.7585766724842415
1.7578623941532685
1.7578839052278517
1.7607208047541159
1.7597016579694933
1.7578104318256604
1.7562412607932743
1.7575243583164175
1.7575653343083277
1.7557905104317695
1.7569838324559401
1.7557936817462187
1.7524164372316178
1.757217595408298
1.7551937504335995
1.7533158341967725
1.755016855565327
1.7569092528758576
1.7585468425286448
1.7588717868505532
1.757713276853536
1.756732325687289
1.7554419960086394
1.7546577153470535
1.755923266171067
1.7559524199936598
1.7569107400025519
1.7574617946949536
1.7535379649266944
1.7555723038341835
1.7579231046708903
1.7569985686955238
1.756124382000623
1.756257655821392
1.7550552214992001
1.7548769401918909
1.756382537807256
1.7568323681921996
1.757484568445257
1.7583615429736565
1.7570519229619663
1.7565962792258147
1.7567169090582628
1.758107450799487
1.755223219457752
1.759380621783672
1.7591056005779966
1.7590068515808874
1.7568121237006578
1.7576298521451243
1.759401730566207
1.7568902037260972
1.758318384302514
1.7591084346802717
1.7597812603002807
1.7564287385982063
1.7591972494003718
1.7595073824987568
1.7584269870913432
1.7593324001842807
1.7571307308109763
1.758339557178608
1.7574283576054013
1.7571040411338295
1.7582305732820924
1.75736193933188
1.756432402037479
1.755431440175548
1.7564430174285768
1.758678541850582
1.757316467569173
1.7584206817962207
1.7540168467544524
1.755907955061939
1.7578418127486737
1.7572596366096858
1.7592513703610875
1.7584411868963536
1.7581905419563284
1.7563187305733405
1.7552229638676593
1.7551216886991328
1.7548900466623933
1.7585013687565039
1.7567414614294752
1.7539073871478679
1.7562099388841375
1.7532620999699067
1.753923721844356
1.7553071693160667
1.7548953585504252
1.7554384768038442
1.7586820224954398
1.7578138495715936
1.7587120710295743
1.7598250406996845
1.7572252719139234
1.7539161167732384
1.7564638796892151
1.755131914777087
1.757179781342377
1.7580882411496035
1.7563962830939948
1.7553044310904575
1.7566198029988405
1.755557062100868
1.7575942429764035
1.7577045202078834
1.7559843746419004
1.755844083540231
1.7558227646819495
1.7549604793305216
1.7553759155993154
1.7538324569024077
1.7548991248382977
1.755686415424329
1.754905667177453
1.757513271197689
1.7581165576595235
1.7580857615336734
1.7563505187873165
1.7543389025824248
1.7556496663097132
1.7583498902723873
1.7590014754362886
1.7573927310264752
1.7542853619205188
1.7561920543846055
1.7540018413028242
1.7559200909507917
1.7550303458693763
1.7545296137852744
1.7543256523012316
1.755535999374404
1.7583086074839018
1.7591633749643973
1.7586988993552297
1.756761042418384
1.7556010914747358
1.7578444174346375
1.7557699921869732
1.756281446893556
1.7594687821524695
1.7594918918068008
1.7596124137067035
1.7578987771700973
1.7580217169520211
1.7588255258047305
1.75673694753018
1.7555805362407233
1.7577830962614727
1.758429595156438
1.758575527385502
1.7593620186293917
1.7590289140957267
1.7560763937595902
1.757269184103043
1.7569082479208895
1.7554173587514519
1.7560137420654813
1.7564313468288295
1.7577584589432018
1.7603076161888902
1.756555642785636
1.7553892136636473
1.755441546520322
1.7572961834450354
1.753932431900294
1.7551672015427395
1.7539672511874622
1.7563480545871024
1.7562617704738441
1.7553897110950394
1.7527468096683114
1.7572669056341388
1.756474844808756
1.75710001071252
1.7582446937371181
1.7573342391502762
1.7561295511098618
1.7565228549976302
1.7536301522762896
1.7588463884197143
1.7570924283924207
1.7590672220143815
1.757533583620429
1.7570322528436746
1.7548393623646927
1.7556958295339826
1.755571083703785
1.7539812122340712
1.7518601640868783
1.754123717888096
1.7537107264587446
1.7554991372792879
1.7529528098387206
1.7560354029944611
1.7564540185215392
1.7561796508277152
1.7558836038323853
1.755315047621237
1.7538152099570348
1.7535657721316538
1.756021984511837
1.7539715507628941
1.7562572039975828
1.7575232810128556
1.755128609382727
1.7572658668025594
1.7538744352143998
1.7583306246701187
1.7596164387056328
1.7563283297422219
1.754138631152756
1.7569062856877349
1.7587000742251744
1.7590208452630294
1.75789537442771
1.7558159205617458
1.7570050418263543
1.7554629212313464
1.7584529489721135
1.7567641264965073
1.7577049771725821
1.755750653265445
1.7568303801628695
1.7565998196034966
1.7555868993870707
1.7541089595025972
1.754583646666305
1.7541724623579409
1.757080966480995
1.7576871496414777
1.7575452452559457
1.75683155429592
1.758865655430209
1.7581822911019316
1.7595081509399562
1.7592011050579017
1.760314270604448
1.7594125192972383
1.75939093224674
1.757292506464203
1.7568764692217775
1.7544361698319701
1.7574679051795894
1.7559198040098551
1.7569341390715916
1.7552363510980076
1.7569071234889189
1.757194786918352
1.7543899762862174
1.7550663370282775
1.756074437808004
1.7576848227572226
1.7564194442836725
1.7544385059829546
1.7569770551295916
1.7541582364651769
1.7555415279633793
1.7544840645202977
1.7549621854016604
1.756906397137553
1.7553594700270048
1.7526031772159265
1.7561605131481335
1.7524276556937965
1.7544924681844671
1.755700467602155
1.7562783108152662
1.7580002776652743
1.758889727527593
1.7617430111326886
1.7592507349573145
1.759108863134761
1.7576933621671929
1.7582359760112687
1.7590606625416416
1.7589273420648375
1.7587249824218856
1.7554113291443545
1.7564215755369497
1.756221830167015
1.7567119542729515
1.7564485955280265
1.7583979158905159
1.7597774976950804
1.7576314215772273
1.758073084938673
1.7572747525146861
1.7586209836843225
1.757877228779233
1.7573432125141317
1.7594786015512516
1.7583979299286359
1.7565237651232435
1.7569241085673717
1.7566822977723093
1.756235462517667
1.7555923368364594
1.7568760829992631
1.7622071094427305
1.7623466228315927
1.759540475182397
1.758610207770241
1.759789276491259
1.7597550236605497
1.7579444108192308
1.7564684205447798
1.754505810526806
1.7561004949151782
1.7552459416814588
1.754378623341333
1.7555605701478632
1.756984637776013
1.7590543860561811
1.754423559039851
1.756843704352296
1.7562388022791842
1.7530961783585055
1.7559768532039082
1.7566827949758057
1.7563130957090878
1.7544748865720088
1.756117481032791
1.7569593612826913
1.7521692949265986
1.7555731552558536
1.7578406266812645
1.7564605465715297
1.758474181228099
1.7581711446132349
1.7593458583369845
1.7529406531545648
1.7533297789219333
1.7547806791209601
1.7555056418540858
1.756904654183744
1.7582578164904372
1.7555034513671952
1.7563677617908457
1.7590753299277546
1.757183678259856
1.7560447399343286
1.7547986518563743
1.754539993385624
1.7549859118797215
1.758357656199923
1.759291193402642
1.7537280935624677
1.7534225110811956
1.7549026494963806
1.755370757329887
1.7568215894293842
1.7562492727033532
1.7543158980311397
1.7543207424657454
1.7536542582329444
1.7547799842018046
1.7536369387532214
1.756606327694631
1.7562165216939838
1.7578127760461006
1.7580702027098771
1.7591775901989335
1.7586890321674113
1.757860281961799
1.7558197540026979
1.7549488935681057
1.7562307935243102
1.755009446572435
1.7567803126960744
1.7576948869023679
1.7580325045089973
1.7547899607182498
1.753918462185383
1.7556804387905225
1.7552605822758864
1.7581913203087662
1.7564159542614661
1.7560737369481638
1.758399216224529
1.757362877469638
1.7579665906059414
1.7588672286703027
1.7587347546396705
1.7588418770782288
1.756632175313609
1.7571672029959409
1.7588104832546763
1.7575087020883153
1.7555850995830862
1.7588829908100259
1.7582503736182122
1.7571148320682453
1.759051473893798
1.7570027428564026
1.7599199832251742
1.7593657207458973
1.7592910329465776
1.7587357773001169
1.7575289480019618
1.7586656920025403
1.7588736711771609
1.7554782142668046
1.755867133884455
1.757246389419733
1.7564138096593658
1.7570773033714246
1.755705368835526
1.7575212781368688
1.7589437211690535
1.7557338935453277
1.7567060678173771
1.7558893453937932
1.7565492590465943
1.7542109451320842
1.7546200031651247
1.755483570699043
1.7555782200124943
1.7552036822208161
1.7537640983722222
1.7543886370865667
1.757614531643915
1.755234530747102
1.757350192660326
1.757512887590177
1.7569560120418382
1.757719087083544
1.7558770092026763
1.7568957725385679
1.7582451963491814
1.7574985089131587
1.758420253102574
1.7565514379273437
