0.2865977132035142
0.29781031343655945
0.29730393040759595
0.28714037367108713
0.2918764549912335
0.2895687490196489
0.2883673098557893
0.2871683327550475
0.28758833275147655
0.2878101226023764
0.28936449283364024
0.27795969465559606
0.29305455954344634
0.2913379085012169
0.28416833993017643
0.2909030063524703
0.28910477386869365
0.29085560559354884
0.28438059745287825
0.28329946889090046
0.29292182619103907
0.29216842480671024
0.28449497349114866
0.28649510634725295
0.2940257174440989
0.28740405896882815
0.2893990605763569
0.28535478250883445
0.28683786241138765
0.2849578554218072
0.2938091087544172
0.2954707802067018
0.2878955378908896
0.28473334792190585
0.2888666728865795
0.28421469840505653
0.27433141933284083
0.27953469528821523
0.2874140579703746
0.2951972324433322
0.29017835497408484
0.2880417319564778
0.29230047246632007
0.2894906485642209
0.2905771633155974
0.2878808644576062
0.29304214877590196
0.29369167116120776
0.29377851836241614
0.281811404616239
0.27511834630492443
0.2808980504418018
0.28336532793831937
0.281091781528669
0.2828330135910386
0.2872557941630031
0.2834856487305284
0.28020590866058903
0.2797060511163001
0.28132744469915155
0.2742448651093075
0.2830585114928358
0.29090078426258154
0.28628654608425097
0.2808492238432999
0.2899719972864234
0.286528572479691
0.2911481021410508
0.30395920916946634
0.300259219081598
0.2906192597247303
0.28463354402789154
0.2824967347174828
0.28780214218124744
0.29202126971687425
0.29003689192637416
0.2877163325438692
0.28739108497938015
0.2788741493847311
0.28574474114844484
0.2880698521786433
0.2869202225149522
0.2822556149246479
0.2831843448587843
0.2787859218567909
0.2812647992061087
0.28567401333920295
0.29015818788456166
0.282464641740272
0.2889588095256834
0.28871833875094777
0.28681769599034523
0.28419448672248765
0.2882298556579024
0.2933830264045867
0.28897393259521487
0.27325620528464456
0.2768411334112073
0.2888003276782979
0.27869164301301547
0.27744945059554094
0.2807974550712274
0.2940317592105015
0.28724008200221546
0.2877831318370773
0.2934492765906932
0.2898005558338411
0.2815267301459976
0.28663015835254035
0.2823085829848516
0.28439343273786666
0.28098201643268084
0.2872513218121667
0.2874137124582449
0.28431517736304956
0.28384465356998273
0.2888879347293589
0.2912656186009409
0.2900846568458943
0.2850766126613311
0.2766944971878147
0.2813390879228965
0.2840340279345828
0.2852424731988176
0.2915843351078945
0.27607434361575356
0.2872822303563888
0.28590713589512595
0.2842746101090966
0.283929690936811
0.2964291855859771
0.2909962539378152
0.2896085120927685
0.29122924779235027
0.282813372852849
0.28008731543206267
0.2893122568546872
0.28302166800846223
0.28519483073594687
0.2940615966628309
0.2816447738471606
0.28598267285434165
0.28769817313423285
0.28401034457062513
0.3039106442422014
0.29735776864123753
0.30129006280660287
0.2893724122158543
0.29463029468169893
0.2830955764871478
0.2877964156811294
0.2798676482310806
0.27974139834293865
0.27663619636979436
0.28808749552589435
0.28525913096177036
0.2907793933967653
0.2844686494137123
0.28648662316417167
0.2823518643124192
0.27829186823592633
0.27982866692645203
0.28243332204432897
0.2866298880614589
0.28827764133158024
0.286328007972637
0.28362219975687725
0.2914027333813769
0.2891550877775166
0.29361838839106846
0.29624303628349047
0.2958946463079036
0.2929617828308416
0.28668722538131985
0.2855123007365455
0.2916594184376412
0.2902997118320001
0.29071635402390816
0.2910272445364613
0.2921612997542272
0.27672087236634635
0.28469180302375596
0.29158102863324054
0.27939143155473933
0.2790076490470121
0.2792287562421915
0.2749338975229538
0.2802927959210022
0.28701623899400297
0.2842800730016743
0.2829311216476381
0.28374925285823804
0.2786332797423421
0.283475220798185
0.27964551045792113
0.2835561587216656
0.28711201108102485
0.2854362281465327
0.2768223679383349
0.29757696706475834
0.2823363388846737
0.28845982742975196
0.28374088961131366
0.2843686593940335
0.281663641963515
0.27921343596453885
0.2884783375222757
0.2944213580302114
0.2877484737466751
0.283856778125283
0.28242961207787287
0.28313114823444163
0.28754620100278794
0.2943072167952677
0.29305681919949633
0.28481428865845915
0.2870013418497953
0.2804179248872318
0.27901097397800784
0.2836766924675572
0.2734446977619511
0.29005192088512133
0.2836933256618469
0.2705801379764159
0.2768795469108446
0.28225490647529017
0.2844224725309495
0.2848503586871007
0.28527050606088966
0.2874078188118624
0.2890435621649089
0.28860507041869515
0.2922681097566055
0.29069372014697714
0.2875902018202443
0.2907113101580602
0.28914998749517895
0.28954881298280244
0.28833078376123145
0.28474135512160204
0.2943942853346885
0.29327657333756735
0.2894103333116636
0.2844436203766267
0.28389890935356943
0.2836240729424462
0.2764176679794332
0.2842140823780253
0.2868582362167965
0.2852857690150205
0.2846849461591384
0.28009154972590733
0.29058715247786115
0.2814500295852601
0.28208898283581063
0.2798707738873227
0.2795525617712804
0.28516531858445165
0.27973492292722424
0.2754415391331039
0.28911508459981555
0.2967957555728841
0.28799071317291325
0.2767245658430021
0.2856611628812702
0.28276808074439763
0.2838702286057563
0.2868583891548163
0.2720050392517044
0.2722429208639952
0.291639590389339
0.2882494010528206
0.27908340104658924
0.2825079606594734
0.2776948502786686
0.28272788324930065
0.29191771275969414
0.28165633769490056
0.2891160510498257
0.28319045983195545
0.2844016841844812
0.2883401269397369
0.28510242559291604
0.28967786051263267
0.28573740701514394
0.28383280555305285
0.2841261791185876
0.28871202795806605
0.28689789045797776
0.29328443916673425
0.2892170390314662
0.2798917626468148
0.2827814043823429
0.2893182974548666
0.29490818702905797
0.2963442473450824
0.2944397702762387
0.28926780259073065
0.2822552665575103
0.28669294796793293
0.2846147438839718
0.2807483596836794
0.2775523533465559
0.2857928652043936
0.2915433479200332
0.2947414895245144
0.2821310025612003
0.2792784256915074
0.27543095556085573
0.27834575273330897
0.28488426807083667
0.2813823383627698
0.2815222301806335
0.2770807212129071
0.2917647540527229
0.27986927380004634
0.26989564471990724
0.28812564266115576
0.28165390250937383
0.28432610320975427
0.2842427088685516
0.2822621043548893
0.2879590913094638
0.28254445621624846
0.2820262862481752
0.291944000438638
0.28481471836614225
0.2798829509244204
0.2895476104799968
0.2878929964069603
0.27607242794503595
0.2817723414624233
0.2782014564094042
0.27403539498590657
0.277999516243203
0.27735363777303274
0.28237336527664947
0.2832541693212117
0.28728700046520983
0.28976804762909075
0.2841964964272735
0.2874381426553134
0.29009740496483216
0.2887749953092993
0.2952290316475999
0.29044875598810377
0.279375282172678
0.2777091489700876
0.2800483636998101
0.27113881313624866
0.277415905259781
0.2835983810530509
0.2834378810706618
0.28741805124690323
0.28397110257805425
0.27800426965571146
0.2852613639109107
0.2847073720793344
0.28293925607819714
0.28323380333427733
0.2787419140147832
0.28235209761473495
0.28144675557306886
0.2814132658955709
0.29602920552812884
0.2967132390329148
0.2923402629532166
0.28709505944344194
0.29359196213634337
0.29098573936858
0.2885175221184607
0.27844164083135736
0.27884329498941585
0.28336116679008616
0.2833681182088833
0.28782405868486866
0.28598101348374405
0.2927944219053369
0.29032844504155964
0.2870855230122129
0.28915644134494506
0.2896076498775705
0.2924434875039853
0.29049991728820723
0.2904276105386055
0.29207291042894695
0.2875110690243456
0.29100317551184207
0.2923625339918331
0.28308484484473373
0.2878275978078673
0.2912128764822215
0.2789874155729738
0.2908939918985287
0.29855858782813804
0.2952652341119433
0.28834572912103595
0.29598232722237217
0.2946015047371531
0.29231275676179347
0.2910590865817162
0.2929222022946278
0.2891183832631145
0.2839377186967158
0.28704024045643095
0.28828955691481994
0.2936664010026412
0.29054134632495143
0.28465025266138516
0.2857000238853665
0.2870156296172629
0.29684851188068045
0.292988338459891
0.29348521018909707
0.28804286791366873
0.2767891248032918
0.2918614031399999
0.2817841694315979
0.28307967702481385
0.2839484671934762
0.2785667705089947
0.2858905402295896
0.27876610631074883
0.28871602882203934
0.2992959118635326
0.283493037765458
0.2902502793053906
0.27692247450339114
0.2850250656269665
0.28154894795569035
0.27289098465593986
0.2839307207781127
0.2861046191673238
0.28800338080314647
0.29384736141714274
0.2883746654328567
0.29030146599050155
0.29081529034889053
0.2850376754989135
0.2725944897838273
0.2724596723824668
0.2799832978229452
0.28778645562633814
0.28584751618053794
0.28193792866358924
0.2889939949258479
0.2848576701797967
0.28345187197463045
0.282759264209441
0.2867805884798019
0.2827055465545642
0.2796400461800515
0.2863223834044999
0.2823060562580145
0.2782959858189315
0.292373302518585
0.2899754284883519
0.2897501431097624
0.28318875891093864
0.28223119095592486
0.284519245094751
0.2918648861769447
0.2856990558506778
0.29424616926290476
0.28412461162735053
0.27707444255177616
0.2871089569551922
0.2817348535872836
0.27792439778657685
0.28300224571264065
0.28684803639598444
0.28447244452048637
0.280310098165613
0.2826959460609787
0.28750568539942967
0.2882175079798059
0.3020598768822659
0.2895268543950097
0.2948058151298238
0.2893001299154092
0.2833077383617545
0.2754428455321191
0.27723972973747224
0.2837330706963431
0.2904173544441152
0.28473699268281105
0.2890892687742964
0.2851346404504533
0.2880997902625587
0.2813839358781376
0.2851246536947459
0.29211482113654685
0.2922276075973892
0.2858141421705151
0.2949348699217007
0.28938202706322497
0.2866008134388113
0.2806392135808125
0.28725638744806803
0.2903911517457459
0.2870652327315272
0.28171162042489717
0.27832393968927893
0.28284141939330176
0.2786842921209457
0.2816773449405413
0.2785035395443615
0.2846901285681894
0.2781812732181464
0.2874236469974213
0.27640794811541536
0.2804321252604621
0.280389270401739
0.280372621737047
0.283407817398205
0.2864507503726094
0.28752926146579033
0.2861877121180806
0.2930227136167255
0.28151999877311873
0.2945330053344437
0.2785466402604121
0.25987953449000556
0.2749604789846092
0.2834348109293935
0.2783399856551957
0.2761877422572412
0.28909518134378615
0.29461969320365267
0.28280185365835087
0.287427919660343
0.27642086710926067
0.2791351028583309
0.293688773383882
0.28577903830863427
0.2855562838669422
0.2673866602028606
0.27830921579617396
0.27730813402689525
0.2773686438765584
0.2670478097324562
0.2773748215096904
0.27922894370211554
0.28638260803639176
0.2730537998592424
0.2856652654799825
0.2831846836229207
0.2787363977626439
0.28488554036276187
0.2889915658439229
0.2932364787491275
0.2803080601999315
0.29325452033146177
0.27959454568251757
0.2808965123825205
0.2969613843392803
0.2977611729553068
0.28264170902870167
0.2888873998075522
0.2827299521264641
0.28712971984391616
0.2879520894532064
0.28488721600056854
0.289433762438239
0.2881889487721767
0.2843963766916373
0.2772343987084475
0.28205553023274665
0.2734516759175295
0.291976078449218
0.2917616029861424
0.29483983690802507
0.3002874428538149
0.2883507958463606
0.28109618482485804
0.2895057853222925
0.28676195094475554
0.2779587937653409
0.28023355911506675
0.27865482120094565
0.2788329458832176
0.2744842763756872
0.27306663049038665
0.2879639257730645
0.28192423760347585
0.28756990207390987
0.29872885215225237
0.29553768688762594
0.2936080632114193
0.2867302714345139
0.2805112657345783
0.28990186454423483
0.2851752714985998
0.28315151520360393
0.28925799865714896
0.29615883040527513
0.2944118949831189
0.28739189156614664
0.2869389739288166
0.2908714558376729
0.29250290777459753
0.28302591799023263
0.2892494014846053
0.28002119987232454
0.2815770676734494
0.28405302154124257
0.2933187250064485
0.28738322531371013
0.28094667372529103
0.2697663297193161
0.2824389738762543
0.2854672281076084
0.2799566360894015
0.27939623444885453
0.28316697439857663
0.2828920432567066
0.28742723028968986
0.2925351093082364
0.28513904424613407
0.27728238118096304
0.28272067797671974
0.2815340843196644
0.28460333724440534
0.2824088908392692
0.27835670830912507
0.2778865978689269
0.2776098725250401
0.29137735666051034
0.28152578430558095
0.2831111516059044
0.27799958429786314
0.2885718264178362
0.29317040517377646
0.28544162222256075
0.28034269591669303
0.2855841692075301
0.28354140593408067
0.2892250008446742
0.27394358594097734
0.28346839456089457
0.28286211757918095
0.29310928462882413
0.28821525586920127
0.2798740796369541
0.29016160627842735
0.2869433131925877
0.2898595362330571
0.2807670943659665
0.2789878013457621
0.2784761563187218
0.284115480077364
0.2800832374645522
0.2844579765627968
0.2812944284249586
0.2848659098387457
0.2939632855195828
0.27846548597116627
0.2859038024608419
0.29100221110163327
0.28180772742364646
0.2835603838690617
0.28570627154847716
0.2966945551251771
0.2862695104554145
0.28219955838429367
0.28066476122550954
0.287921080714513
0.2879978204186576
0.2748624110635301
0.27693534233473915
0.2777313107410331
0.28987060107288076
0.2941428198201487
0.2842944639710461
0.28011125681023563
0.2770777405452405
0.2828740032684777
0.27850434578634653
0.285300756811783
0.29370289317727305
0.28608429105991856
0.29134277608066506
0.29292731060812033
0.29307158440659187
0.2992692021741412
0.29605152402447293
0.2897203381193809
0.289686425045515
0.2833142049715698
0.2819834386473369
0.2894938249987093
0.2825871801825486
0.27886539181375103
0.2862172232385971
0.2894562097722143
0.28750556266622335
0.2904227747172879
0.2799366761056615
0.28532304857580604
0.2779532171919784
0.27794518770123133
0.28299339006925794
0.27829644481905164
0.2827781603744034
0.2852789288315608
0.28529522905986127
0.28026459459770314
0.2674905368049978
0.27517148186395685
0.28249546849265483
0.2859042672015878
0.2755280004661923
0.2794929433587655
0.2845111764429153
0.2889550138824957
0.28311045807764884
0.28988200891106797
0.2838834852408117
0.2930072323566332
0.29336823773682863
0.2747228661931873
0.2765510051919933
0.277907636256318
0.2880330216335475
0.28827117056500906
0.2833965872510141
0.29416602291217364
0.27670773256965386
0.2839205041769424
0.2848852136174943
0.29430019270026
0.2915695848152101
0.2902321489477516
0.29145109275348535
0.28383236389583333
0.28229988851960186
0.2905477464541527
0.2905377377654502
0.2878800280600444
0.29343476821814235
0.29000900543914787
0.28304348254777134
0.28623038474819423
0.28580440866301304
0.2983556924694243
0.27458589985847426
0.28564286435929614
0.2746388848397748
0.28224347415635787
0.2829167676127311
0.2782262583007761
0.285114969901675
0.288048236735178
0.29754187158946366
0.2850666885120976
0.28385711147448167
0.284363782063343
0.2966906965217891
0.28876611404322616
0.2941730218070351
0.288482119744215
0.3016441151007083
0.28112597448447957
0.2915108188854502
0.2916799981762193
0.2799254370658874
0.28704332357837364
0.28871661858615716
0.2803561532637575
0.27709431714702937
0.28569029473496327
0.2815048064572966
0.2869171159821916
0.2836041730022709
0.28243625994547517
0.2851415027141
0.2846513260014447
0.2819653617914525
0.28700717835651013
0.29373980892313833
0.28036355569752647
0.27942311082539284
0.28459741254660187
0.2839550331022047
0.28210207823969113
0.2891420858794671
0.2908710919724139
0.28604252323521184
0.28604762547524254
0.2805888464075159
0.2859711696878071
0.2777272365223212
0.28358485833414043
0.2780934149769573
0.278214233430663
0.2903141861684825
0.2839115026468479
0.2848584471166067
0.2858368160096456
0.2827766868962037
