0.2887149178845771
0.29725635166639597
0.2952839307390553
0.28449732543017625
0.2949275267514021
0.2980731405166262
0.28157316217561057
0.2878924706291472
0.2829242494189921
0.2838207493368157
0.2850311208535188
0.28703759297312603
0.2818324775809024
0.2910630548034922
0.28058840940740126
0.28690075757537614
0.28646680670402425
0.28374496355905976
0.28648005522268427
0.28504797396010445
0.2850001134725967
0.2901303266287788
0.29012485867435167
0.28364894122232187
0.28815679585990667
0.28768458079929615
0.28872403896262017
0.28954815235151865
0.2899708874491384
0.28654548315167444
0.2898672736342668
0.2853171151763575
0.2822383640286924
0.2839954001360649
0.28122305603623565
0.2813477017277386
0.2760839199135268
0.2759041350249708
0.28321620690475197
0.29051177532569383
0.2851626541017608
0.2914591755583096
0.28858473322702316
0.2916040664523931
0.29515904777464325
0.2961517267149595
0.28866093557070716
0.28602193852414565
0.29365870792335635
0.27895351131439194
0.2839206066408919
0.28180525262570477
0.2856009653767384
0.2834575134275446
0.2864423825279184
0.2886437068953066
0.2849366134948882
0.27868670628167924
0.282028811673094
0.28491734780844863
0.2722698856550032
0.28767268501151555
0.2844685830526214
0.27817748683504273
0.28446047000625063
0.2914306408479105
0.284564022715178
0.29437218326010595
0.29566116480825966
0.29586305045563716
0.2993535302093667
0.2837737656937027
0.2870038529758211
0.29076121246648945
0.29332950649892686
0.29221137076690873
0.27899550367718995
0.277040178721171
0.27884377204444627
0.2828691727006668
0.2894651328462402
0.28306782431378474
0.28495928917856506
0.2733634125270583
0.27982792493790554
0.2739540624288579
0.2837036132060726
0.28777388727654474
0.2860902577722897
0.2870822960062715
0.29357081854936107
0.28062991514768587
0.2838578232596909
0.286707739567915
0.28955224564169113
0.28446116545849115
0.2754035161580993
0.26784679285067475
0.28177399550352844
0.2841838911618978
0.27910952965459823
0.27621625357085966
0.28556189429601925
0.28868996224345567
0.2842674892408008
0.28621791556327975
0.2862591378850131
0.2942941010264355
0.286283532390463
0.2798110550673525
0.28377959660794944
0.2838656033178004
0.2857383494128166
0.2906669294277974
0.2895412140539689
0.28166966393171
0.28906443891065364
0.2911679852869804
0.2839221760307279
0.29010416889810287
0.28102476534843557
0.28187691282797567
0.28383213073751407
0.2808561271078056
0.2902704898328321
0.27948511831713
0.2921263808356779
0.2832557596250582
0.28559350269953765
0.28824116353852086
0.2971486226159027
0.2927226719314342
0.29024996943247316
0.2896899313367116
0.2849289783624286
0.2807218506280162
0.2880817292171929
0.27136829066509327
0.2805750158176681
0.2807708908199186
0.28033615986739013
0.28231659919143426
0.28540791587601333
0.28361677864493834
0.29123475611728566
0.29960033902800276
0.2976309268879711
0.2881107369969838
0.28843153462853566
0.2765556391786492
0.29037870327392523
0.2759772085315446
0.2781788615291549
0.28180604938707854
0.2892081954722756
0.28354557726019514
0.28769982386689563
0.27888434492558983
0.2841778894971791
0.28601971258882225
0.2754720226935008
0.28486071649080413
0.288450097003107
0.2847522565294407
0.29437314816090077
0.28655644807689307
0.2855017443131817
0.29312159477528893
0.29457430975371957
0.29333148184884905
0.2966202848401031
0.29208750730876576
0.29013390172248804
0.29410838475798307
0.291682232442759
0.2960558293830944
0.2870126181940711
0.29306700959972243
0.2911692328865675
0.28460675840952265
0.28121101903377066
0.28990610649845605
0.2858123183278473
0.2791858720529672
0.28102826533750647
0.27269769893012935
0.2742254147559243
0.2793692138094101
0.28789713660210836
0.28293221737711427
0.2833991466379549
0.27836074390886373
0.2851191201901401
0.2750892064226806
0.278749154391924
0.2890522530364606
0.28792714831721655
0.2846421575858818
0.2836816885208668
0.29366559537601855
0.2788378896366477
0.2892654094355196
0.2835967612974093
0.2851346643107519
0.2772134282484515
0.27719180216709255
0.29304554736295046
0.29016865466099295
0.28446903844821303
0.2813909424728005
0.28431410456519407
0.27955046582276594
0.2874871331508626
0.2980698647241654
0.29405415376171795
0.28523137847993374
0.2840918045458668
0.2786915562409788
0.2857867100435939
0.2833045550358583
0.28262686956279776
0.2886828854934235
0.2817349509777631
0.27137634008401884
0.2752229855435183
0.28623794541666203
0.28575440012129416
0.29169041233725246
0.28890174197592455
0.29015724554038175
0.2885430661314947
0.28615582022467756
0.2842103347404575
0.29205143201505873
0.28862042557650125
0.2929598700955401
0.288779325477363
0.2896342325866623
0.29168983118892455
0.287626708969244
0.2890126979166284
0.28978233819917176
0.2915538315053232
0.286367348857475
0.2806963842101625
0.27950316186650875
0.27516643730702717
0.28577426058255695
0.28413490646691514
0.27826622084865626
0.29715303128495296
0.2852269851215515
0.2856693217419063
0.28331359258144795
0.2853088310650886
0.2750984860386914
0.2805799198340918
0.2808591868767361
0.27877686313628214
0.2758474649202851
0.2902521668070974
0.29434283918737053
0.28877022709001043
0.27762576739880396
0.2825038900929183
0.28019492634478727
0.27979981898131606
0.2814055717302151
0.2745571204096404
0.27298134258836537
0.2915181524792777
0.2885559838381437
0.2816118574098651
0.2764598993248735
0.27967159827168825
0.28559694309000794
0.29365210348665827
0.28212358757409167
0.2964622641242285
0.2891973602182468
0.28962276143964
0.28804790460918894
0.2862613148980441
0.2853488917702438
0.294489079593267
0.28897668184765857
0.28660272016785593
0.28343714513333795
0.2902168022029531
0.2871747455955153
0.29326703956556066
0.280072262022062
0.2803201760825697
0.29387563543198725
0.2977744385477927
0.29345098556560195
0.28808473343950153
0.2930115444782017
0.2782194057161278
0.2920129136538302
0.2771617535985006
0.27931750361473373
0.2791748413509059
0.2815587280722459
0.29505117826693184
0.2936869934470613
0.2843797524079095
0.276002055559164
0.2764076758404168
0.2797357337956815
0.2859999922890568
0.2824196991607298
0.2769232739652996
0.2881317493633254
0.2857636173522562
0.28827752992310895
0.27809475155101715
0.28391972084338735
0.27696777984460674
0.2873441655458533
0.2805972830392579
0.2765199564386477
0.28854860152036527
0.2825500974293347
0.28017338544953835
0.2892850724239722
0.28577592526781787
0.28278315475248
0.28575559765274683
0.2824146239880538
0.2758958064582084
0.2781387693512961
0.28289851892933215
0.27326026860598407
0.27430986240290434
0.28089163859201666
0.27948392960340146
0.28378472980441605
0.28395053678498766
0.28248872379259915
0.2889895000195692
0.2855436274016996
0.28742408285696164
0.2891924928792278
0.29312653736746186
0.2962860762529611
0.2882140525938021
0.2801717182681457
0.2785646713482197
0.2798321281691419
0.27263380404655957
0.2849638148051265
0.28928501043742316
0.28827823908729444
0.2821656580813591
0.27909549417230184
0.2873589224909029
0.2830720360707898
0.28788649355353846
0.2820036874859178
0.2828947577205436
0.2830649215560564
0.27670203730585763
0.28145188166918106
0.29370827315369236
0.29487706678084474
0.2843139487374846
0.2841138799093543
0.2906334226059619
0.2947954077922792
0.29306091599910744
0.2712722799172653
0.27673551262409585
0.27413634033344036
0.2839651722286154
0.28501383248772816
0.29378335781400566
0.2910073475596908
0.2897857498090333
0.29349604261368367
0.2888369359194919
0.2889757309823755
0.2910678279895758
0.2861452313080335
0.28695263646677077
0.2895828217962126
0.2888720634012813
0.2882189949206029
0.2920563129361009
0.2819143586611178
0.28543786309905317
0.2849285252345658
0.27872782203767626
0.29602302446068074
0.2873650237847439
0.28939119990000983
0.29494688407373804
0.2931669851872284
0.28912628431297815
0.29732309092269615
0.30195065057134757
0.29084966757148484
0.2956667560869712
0.2848783856763607
0.28294608360731366
0.3002235905468607
0.2902494675506886
0.2926848843926811
0.28845130096840604
0.28648528227336545
0.28688888087474096
0.29416572018098763
0.2908344260574764
0.2946542682656099
0.28162542066743756
0.2725781640088395
0.28944062674348814
0.28027242250141127
0.28747226536168613
0.28026377437487243
0.27869856355992717
0.28124543335928764
0.28051797511353155
0.28662020931533194
0.2922876900844578
0.27760017099746126
0.2939770910178254
0.2770919426745012
0.28162688304669037
0.279588298811942
0.27840513785576987
0.2801821278084936
0.28269047297783356
0.2859633942238876
0.2899449822999224
0.29038581420748866
0.28511349874622477
0.28631355426100313
0.283875882677062
0.2729387054348651
0.2708922663587794
0.2862175511654548
0.289798412561293
0.2883625227603568
0.28741856958527423
0.28903551521113063
0.2949764164079143
0.28740783410359183
0.2855918762791748
0.29090381791482356
0.2833244731542026
0.2870391917938553
0.2861450878378247
0.28386721000755744
0.28518927832591123
0.289967768025131
0.2843109426622783
0.28589213666945723
0.2832052736536779
0.278980812925683
0.29054839008669053
0.29395022636647017
0.2837712321701534
0.29942866065488416
0.28236578310048877
0.2753288603635289
0.28569237188350527
0.2862946040978184
0.2817807962521337
0.28550366731902793
0.2827125718803201
0.2890011721267344
0.2826562484895675
0.2825351014077832
0.285774783497595
0.28930531669938864
0.2948106891642661
0.2949249176940846
0.28984574192065404
0.2832787708621438
0.28421300758086776
0.274062978235822
0.277077912981599
0.28738925626432343
0.28830821742042234
0.2838302222089987
0.28938931902699444
0.2838142177294235
0.27737215456079917
0.2839162629910429
0.2848713065784096
0.2827171027318607
0.29297632023400105
0.28243818407154686
0.2959666251758446
0.29376538356239035
0.28776606794470294
0.280614211630119
0.28495773278535125
0.29548754085127943
0.2859461656657576
0.28168981056431297
0.28440286251888947
0.2775008726570187
0.27873485237962403
0.2870967653387072
0.2805939399516896
0.2804323140138677
0.27500272492820005
0.286370245605769
0.2806595939113272
0.2804309762116246
0.27495973988490274
0.28051509574648903
0.2812986556819207
0.2825200043278141
0.2855804011498783
0.28463308665509773
0.2903824838490602
0.29330459637732975
0.28780488991416975
0.27758698666795634
0.26914201597658405
0.2818268092017274
0.28125024897602613
0.27416552379882275
0.2724716379793905
0.29133472306006136
0.2887073789164748
0.2851528617310709
0.28316426835836217
0.28503984692104034
0.27436107851428615
0.2841025592823707
0.2908153109404631
0.2794986224286163
0.26010370497587465
0.2801286466263194
0.27077365206063453
0.2745593398098942
0.264758493032414
0.2829018264131943
0.27836311104547296
0.2796382822458515
0.26932205102129336
0.27733965621723944
0.2786865061327132
0.2835951090262533
0.28973751187570196
0.2877844127910114
0.29532965667371874
0.2845977222371272
0.28601933244696126
0.2736747878504029
0.2872129525426175
0.29039389183814085
0.29360151063114337
0.2788216262660934
0.2808492771778737
0.2923497267471086
0.2926321178974025
0.28549548416711357
0.2890211577747917
0.27941927079067974
0.2804233456325998
0.2822073565020121
0.27953409166481835
0.2712426965234536
0.27410154437780687
0.2883312340136508
0.29065439764031226
0.29213203944039823
0.29604867866602735
0.291812063407171
0.280142887438129
0.2931729569262155
0.28447654072727785
0.2809412933849743
0.2844511122490242
0.28019662358741776
0.27267136383144813
0.2777015502853023
0.26942604614316884
0.28173349863090097
0.28502724399166257
0.2907137700824386
0.2946260598231492
0.2910556075855765
0.3021747802287852
0.2844226115506981
0.2849633702910072
0.28600163429861813
0.28802971730615323
0.28644022825866516
0.280409601418749
0.2934833744328672
0.29225653341586183
0.28688925847287483
0.2902192210691864
0.28744857646325417
0.2899889634654099
0.28015572190454113
0.29262132154314136
0.2838222978593595
0.28391265368196317
0.2905498756891773
0.2912286909312759
0.2848254699639602
0.27956119789678624
0.28013546104594267
0.2764760290366879
0.2819010562946186
0.2781974563464832
0.28030013575443685
0.27993539193065103
0.28118481275075446
0.2776924247377631
0.2945996804367774
0.281944481310723
0.2817411497036321
0.28035901379198924
0.28112156267357646
0.28083703368896
0.2828070965731342
0.2796360165692534
0.276795139266232
0.27964896523091876
0.2884407826194333
0.280233317969687
0.2815866620719209
0.2758961498554884
0.2859964588886248
0.2922207088579968
0.28842115150840697
0.2846841299093599
0.2817653625254946
0.2828107513135324
0.2864921905517274
0.27436080658634626
0.2928869811271906
0.2815164682086597
0.2895754712646609
0.28390964104709104
0.2864526325036548
0.28508787605860647
0.2919917818506904
0.2873100981347126
0.29056472249198195
0.27725607558842563
0.2829170046127857
0.28307915530514194
0.28397891333601294
0.28547545292802595
0.27917665007031334
0.276529555732668
0.2820755311167217
0.2788164033657035
0.28666931785809613
0.29562100274942016
0.2806496055353631
0.2913861770871299
0.27976241631000864
0.29440454504416635
0.28288450786076674
0.2901558888895169
0.2881264338168074
0.28239730849166517
0.28427125080877974
0.2745656830282155
0.275401696024854
0.279483060682558
0.28433340407269303
0.2928006591121472
0.2844206119571969
0.28219087239176033
0.27682949719726674
0.2841884605134811
0.2808707658919247
0.2798884305553308
0.28924021462124055
0.2828711761469468
0.2879416640103122
0.2900878935248855
0.2830842421091534
0.29476098722313526
0.29236909954103374
0.285606093363866
0.28372982599260155
0.28195715924378995
0.27669254098248686
0.2869601005453113
0.2894704606862307
0.28155671707014407
0.28089618451514264
0.2828889351294045
0.2881551647959028
0.2916192075695324
0.28960294944430665
0.28727548653764695
0.2788772599350526
0.27767004173918836
0.2909930185311401
0.2790660952808525
0.2841384490039477
0.28259950433067904
0.2846329115422441
0.28469758669932754
0.26473231724314084
0.2689489229977604
0.2826759662508108
0.28124003401220554
0.27570948604390433
0.28459159924190336
0.2882697260250809
0.2928208598051236
0.28935237931221164
0.29223006106723703
0.28759272427188454
0.2926644323649896
0.28851332913299566
0.27153919703634927
0.28265553845955177
0.2845541253695189
0.2907152727159263
0.28614675909216836
0.28395685717382
0.2937409606867739
0.28540642676741346
0.28459935398852126
0.2851834922917298
0.2943556345237528
0.2911562567961995
0.28853892501995776
0.2850581979218607
0.28146864888400136
0.2850954512370855
0.28648575370671703
0.29139442176997754
0.2923975087658477
0.2895545082670195
0.2896389905835213
0.29101683247437715
0.293321847480295
0.2833322494024908
0.2989393092702489
0.2818751484183166
0.28350697545262415
0.2827636539790668
0.27885650414994734
0.2836510171319663
0.2780346734425495
0.2878379145942601
0.28806579091716034
0.3006057928852641
0.2836972229740409
0.28734484149523415
0.2856100055107858
0.30238265656827357
0.28962241878499967
0.28947460543917897
0.2922080004455841
0.2990940687557876
0.2830459599636791
0.2923225988502475
0.288752196867615
0.2809071649170459
0.2910147175196278
0.2900230376113711
0.2759135694645536
0.2806779177359868
0.2832307082269051
0.2812270376230933
0.28901602625931644
0.29321116372793066
0.2853507043924834
0.28502698813163474
0.2839340870045647
0.28758469317480984
0.2838053721391263
0.2890643723976901
0.28005685061300056
0.28133995383393895
0.2885862946085301
0.28488857548824154
0.28838086528454177
0.29257701707717804
0.2892113860493175
0.2849970186310629
0.291432162338694
0.2859114030381851
0.28498333046251545
0.28125146997316675
0.28310241578365414
0.27611596555108703
0.2799496863036296
0.28600479116190136
0.28545518843707995
0.28294736841039736
0.28488277324413314
0.2844942153560236
