0.282808503074635
0.28718247256073365
0.2760729814863559
0.30237397287179946
0.30016862912437964
0.29882142389333627
0.29695919769622087
0.28454486577304877
0.288871085904885
0.2761562804629087
0.2750439240664885
0.2901069652798813
0.29357831437607984
0.2891456525141808
0.28715270360597167
0.2905365489094467
0.2878309907651006
0.28735751111439817
0.28050946707285246
0.28898202297635184
0.29912873587564287
0.28430463304514475
0.2876407411344176
0.28995376906377407
0.2815938065041534
0.27749579153149034
0.29046428448927625
0.2861800837123967
0.27800422598739655
0.2895474463477812
0.29220872952522203
0.29402880588666075
0.2772385276807198
0.28824845911057256
0.2893241995394222
0.28519041849212806
0.2908734984931134
0.29380157327944734
0.2790288106648596
0.2807055424895481
0.2754671001355609
0.28491395955575144
0.28281836146108524
0.30707936103170635
0.2775270535869881
0.27405479746834677
0.26945404578946636
0.2767921692020215
0.27839046705298065
0.2833276365096657
0.2826299873803078
0.29132257585144933
0.29028409052078674
0.3014429244761126
0.28392398493022714
0.29729413056350357
0.2933026260673195
0.2731466975336988
0.28604214347165946
0.2768796852558385
0.2768710947026852
0.2765508467693015
0.26503035796877805
0.25583791254822924
0.25382085165567664
0.27119578496789076
0.28581635244724
0.27731557258491707
0.28451281693538105
0.28973554562891674
0.3065827711915682
0.28427249565402724
0.2863727298364164
0.2917651578376686
0.27979834608697235
0.26858476729062764
0.2834029201229166
0.2776997464444519
0.2899732837082392
0.2816569999601712
0.2845287082364017
0.2826190051851359
0.2847391859003758
0.27279334935342553
0.2722122967816868
0.2796935290475047
0.2973933005965465
0.2709519262650363
0.2830220481232419
0.28550334330499244
0.2893078137490132
0.28534403475010545
0.2983855098326325
0.28488075226560916
0.28902716709232823
0.2808010129687732
0.30077177910809694
0.2827988127252433
0.28449569192837226
0.29764728665218215
0.28542621223550185
0.2953373298781929
0.27883396806148486
0.2816225397182904
0.27986638667295544
0.2812744714006538
0.2736355099165996
0.28501893946277435
0.2819656167114923
0.28964543166027906
0.2824761904771343
0.2786340021578987
0.28218506088868434
0.2876711116221239
0.29484731289027993
0.28315410210127595
0.28346757107621096
0.27412125917868335
0.27690089534172246
0.2781364176114353
0.2741945846717292
0.2915358718573674
0.288464990602517
0.27262280134152717
0.29071935090400497
0.2897392644575301
0.29380582880408734
0.28161705359306505
0.2812565357956486
0.2836792662682363
0.2866342968583685
0.29455428085405166
0.2892310304306126
0.28449655598957957
0.2803555407735511
0.27575190614958833
0.28224755350687925
0.28885899714827507
0.28444909762675313
0.29944784787986717
0.29394931758942977
0.2868632975345406
0.292764169546333
0.289888950495855
0.2928819804405775
0.27786269197769753
0.28867818287392827
0.28369446686764643
0.2799984128541385
0.2924558695181448
0.29110342584768684
0.2952664673424688
0.2813537208149602
0.28451324216617874
0.2897002653401025
0.28992554229655887
0.2850357727188097
0.2800430539220303
0.27838262178218043
0.27291011396702397
0.2723693001881075
0.2822745812263265
0.27077690938711474
0.28171430541881026
0.2950779851403598
0.27254309335425475
0.2910907497400846
0.28642480931041703
0.299272196057526
0.27997755972776134
0.28530022807052735
0.28395721720022526
0.2912306536989889
0.2855972896812971
0.27637863602053175
0.2908936539124117
0.30252483865242
0.289523553048975
0.28771340275411733
0.2941751842599299
0.27918504409404105
0.28257607681714064
0.27365187408333963
0.2859838356729241
0.27801340093289345
0.2845476342934196
0.27638962827820973
0.29165045061977074
0.28672438867283095
0.2935342730606236
0.284752490781692
0.28448127129038564
0.2792640692630172
0.2898804324455469
0.27006614803016277
0.2743009955479659
0.2683568523157563
0.2702608121455115
0.26577165114052986
0.28265188922604384
0.27134697578457684
0.27176585136203474
0.2939069735829573
0.2745818166355362
0.2754840553705518
0.28147464433192404
0.2981414921757456
0.27194402624239433
0.2789112145965445
0.28312310451925354
0.29885569547835333
0.2838055457778574
0.28991619077817116
0.2890435341729049
0.29581605139740647
0.2842942263444825
0.27114856747271626
0.2886440033009791
0.2929888013572316
0.2794408730674511
0.2854716019007958
0.2932032845450043
0.2804882881241425
0.28773274354764533
0.28663530608489696
0.28096615891677856
0.28920038278781235
0.2966471300732275
0.2908792612010268
0.2819015005537567
0.2912536353248142
0.28732437626392526
0.29132119482037816
0.29446296684615403
0.28854601890875464
0.2774429116652049
0.3005279259235197
0.28031507967879826
0.2645651006265975
0.2682484380351221
0.28264028839818334
0.2938446855434392
0.28084594166507004
0.28017117310639444
0.2866265842115025
0.27352490725963136
0.28573247442998834
0.2774340199606316
0.28593051033176503
0.28492696133468104
0.28873841837743125
0.26999910895945217
0.2748963312323888
0.26619109115807155
0.2792965995562247
0.28380088193792524
0.2823792217997772
0.2782295528044759
0.28157720193561736
0.2877356211163538
0.26875488791616053
0.27370140844450824
0.27722425802425343
0.2896835801228745
0.2793082392283283
0.28031453597457656
0.28849590173330825
0.2893565251609055
0.28353436911214464
0.2828522579759967
0.26459326464054456
0.28930669080010735
0.28588189001677317
0.276180290869733
0.2832103182482606
0.28316862378683083
0.29380918370506137
0.26840988817003975
0.27485282036505393
0.2711603203841498
0.2797945728150952
0.2749684115128215
0.29256946409914697
0.2777128083631197
0.28766340546490643
0.29130415534020393
0.3016252700931897
0.29207948659911104
0.2846819320430058
0.28776132891459444
0.286545457460131
0.279976871385405
0.2929311575005622
0.2866678089202989
0.2742295169852495
0.28570605008338834
0.29184660267624035
0.28469466433045454
0.28347278659546343
0.2839125425643262
0.28066244394060647
0.28716617579046105
0.28908428724731017
0.28437376704756956
0.2894367226780573
0.2833657294785507
0.28183613920418177
0.2990743892705035
0.295407236021812
0.29250966236135906
0.2749158932544942
0.2821763187165606
0.2936580398802685
0.28929952734447223
0.2895685022569627
0.2826922012011477
0.28638152079022167
0.2791589109064218
0.2896293506828709
0.2807059466488012
0.28978119529311325
0.2889467564355817
0.26389950351124586
0.27870693574917904
0.29096868453787644
0.28171862696504796
0.285190601910372
0.2925964903931699
0.2800824980901601
0.28618513117645933
0.27847839717258244
0.27305827222704265
0.27498038518608264
0.2739181314752132
0.2874877854938947
0.29084015640020483
0.29040262361583735
0.278802039099472
0.28736520771847346
0.29711173489623927
0.29372842577710306
0.28073055736864766
0.28269580761608665
0.2929561523247161
0.2910420775343961
0.2759946317905052
0.2850276760089773
0.2865573497591812
0.2775090426653037
0.2940398004202553
0.26222748374743177
0.2814463965290421
0.2854456679950711
0.27922335363936657
0.2862785560356092
0.279506789121034
0.28074398448088017
0.2783977559820782
0.2915636599695527
0.29397796227145473
0.28366813224087
0.2883711201222116
0.2886458876685474
0.2959633627071014
0.2886768771451382
0.277426297469204
0.2870841051770251
0.28159701426633726
0.2861973388523224
0.2924369296398524
0.29809859884839457
0.28012480865738676
0.28056225602432905
0.28715848221701645
0.27419491685729364
0.2849850350479272
0.2923232172409259
0.275583926576113
0.283182837495165
0.28900058815012225
0.2766979731914524
0.28849222314594286
0.2876238025684774
0.29409992121453116
0.30056008060158357
0.2953171791158051
0.28430087291187595
0.29051863603449923
0.29472758058151294
0.29739226190077667
0.3036900067954146
0.29294611605627663
0.2962725475032687
0.2988675782564195
0.28648469773933843
0.2860500042136758
0.28655293000229226
0.2826542884668413
0.27922738691062665
0.2815883015211689
0.2797275818389771
0.2741892028324685
0.2862712709555442
0.2925557649276968
0.27969229712344523
0.2867642318314224
0.2982035773776143
0.3055769075179232
0.2947949000174465
0.29822297982431845
0.27675147974620024
0.2855132671572285
0.27863144741110757
0.28086124907815374
0.2612526467847404
0.27375553902063526
0.2827856085654991
0.28907284133066274
0.280105069913693
0.27875308389834813
0.27668636812945396
0.2846028879550719
0.268607158243872
0.2737553320546067
0.2730987008508728
0.2959861215034838
0.2782638910898413
0.28407122878457136
0.2830139383696576
0.2822978798105637
0.28732049464184517
0.2812516842718261
0.2944661663884572
0.28755043342962666
0.2839280281897057
0.2812207941815778
0.2659919851666787
0.28033568075892656
0.2834949343980319
0.28012426727592954
0.27927524936200615
0.27938796842440194
0.2833846838742529
0.2947452015006285
0.28894460755656154
0.285089881464146
0.2798575648935479
0.29158264422654506
0.2784644322964022
0.28422423737979713
0.29004887333116397
0.2756338222000229
0.27593906503187887
0.28328688552236586
0.27704458178461294
0.28012054617033616
0.28583173926703004
0.2936161758966604
0.2852655122634598
0.28371506674502295
0.28012280730607025
0.2887643225117407
0.2754064151716555
0.27643120494882684
0.28371892748559013
0.28801906835539165
0.2827707463607929
0.27831980979044246
0.2797612771962714
0.2885992779142123
0.28205365767253543
0.2956229845394271
0.30006638079325254
0.30016220118007036
0.2964615975644808
0.29711481356464553
0.2824230499224237
0.28925486420733576
0.29917189833656765
0.28074846099464007
0.28761006568109276
0.2772929498852644
0.29636411536160095
0.300379769877747
0.29010901214799273
0.2913797791164262
0.2898104250461674
0.29129722877000513
0.28305593677662905
0.27617171109999034
0.27824228570784265
0.2872689525545466
0.2800479437669518
0.2775060225433216
0.27938723617470745
0.29017554515913974
0.27459110023814076
0.2938059507215371
0.281204529398338
0.2892297796418248
0.28442177272859653
0.2803632178589493
0.2842212840796025
0.29135912126949776
0.28912350403303233
0.2872024460917856
0.27932920679297063
0.2751346629759456
0.27065109849000885
0.28099601739698105
0.28996106662379306
0.2922837030089685
0.28787219119691454
0.276156587764807
0.28961831506742425
0.2906981581849401
0.29275510935950705
0.29599295550175003
0.28775778133674124
0.2817616163460867
0.28041628075246805
0.2810406912926831
0.29485763498563006
0.2866720071474719
0.2704240827402145
0.28870058957201267
0.28406272958295137
0.28301735441242304
0.277636143060484
0.27901418663976535
0.2835151478161714
0.2823458848318462
0.2873715959791682
0.27977159413436964
0.2724533593460036
0.2798911233495753
0.2821911311585391
0.28772517210360926
0.28198630895212834
0.2923737859080984
0.3029317768406546
0.2963139789248193
0.2877432884277321
0.2968192344547644
0.28145885539061355
0.2776610907794866
0.29618233085124807
0.2816326855640416
0.2937221452286388
0.2798913930983404
0.28397307700650604
0.2917908914828404
0.30002343434174367
0.2973833453244029
0.28321860517701775
0.298831086217655
0.27709308013245565
0.29659167008391385
0.2692471647262605
0.2784456893338505
0.2957481288958036
0.2796118401773406
0.29046903453732115
0.29010798700233453
0.27735138273574994
0.2873222389062981
0.2809308094483103
0.2899103088973252
0.28539443237472745
0.2881671848482334
0.2971091241181741
0.28703448065069403
0.2863553456434131
0.28657399322304294
0.29449310925898464
0.29620655341772195
0.2955233031487318
0.30629057881829574
0.29720580505795197
0.3006771187187583
0.2891804927618283
0.26737294903559417
0.28308163066591707
0.281108638891978
0.28667056476438635
0.28002527050104004
0.28895499415282605
0.2801868043234597
0.28173493566493324
0.27275996370479483
0.28303430966265913
0.29752655015845714
0.2889399819569209
0.2827165426485288
0.2723769669682775
0.27820294662793793
0.2849798396760819
0.29263828524254815
0.2806326159685968
0.28087350409646916
0.27689570066655156
0.28571285038970057
0.3087742444157536
0.2764607740697405
0.27730095655354053
0.27013665591517666
0.28415251430256927
0.27533757246740515
0.28613129435078166
0.28549570432076016
0.29139310641168514
0.2971015697544161
0.28691165459264745
0.28271832022388527
0.2755837125284487
0.28961895210326954
0.28947188327135587
0.28629795825829885
0.2914908605006318
0.2723644071784227
0.27802342951263165
0.2940719227277964
0.2856041810923731
0.2774703491330907
0.2867388948580767
0.28562811593380283
0.2901958881949138
0.2911873183725488
0.29005187320754483
0.2895837972236766
0.2917285216830127
0.30045400856751536
0.28558529853735465
0.28344266620017117
0.292813056806928
0.2830859023082156
0.2952011917626119
0.2860720273623806
0.27638205385516706
0.2765679279217813
0.28889770193841696
0.2784112614720412
0.2875323629686904
0.28181401669194095
0.2735737413306976
0.2817783841728337
0.29347536010642894
0.2793250986423111
0.2966848990986039
0.2775370414582405
0.28330796984502876
0.2973441010191059
0.278397904225056
0.28081284421742436
0.2723259060392386
0.27963968842324477
0.25782248320215306
0.28891838649830387
0.2916159542831382
0.2805257293607855
0.2820677361924161
0.27566825881003154
0.2960605976473799
0.28362991140117516
0.2875933902216736
0.28691516169391257
0.2896801488920286
0.2785639170821098
0.28947951054999116
0.257704767744427
0.27770794779146274
0.2786825034899625
0.29191711488194283
0.29373046782687257
0.2906259845209071
0.29120400106714567
0.29162825140019083
0.2856538855149946
0.2810143334779143
0.27412250327339027
0.28117842647439545
0.27441109370815997
0.27961469446730075
0.2871981572066941
0.29009148954300096
0.28506131194073786
0.2858468174802034
0.28954739243529487
0.2877372708878297
0.2889343553951222
0.28734015945382535
0.2927600335552954
0.29404528143245134
0.277853454998462
0.2922942467799878
0.28109141559320355
0.2858119147703624
0.2843620044747331
0.28016021369509286
0.2914563459110607
0.2809108480858133
0.2865828331741893
0.2801980753132387
0.28249238049626896
0.29159213267607503
0.28519632642036824
0.28251431569906454
0.2802521644246086
0.29468446686702815
0.2894209819868556
0.2833371130214503
0.29076374158959856
0.2807382446214056
0.2870622646176659
0.28751575953317443
0.2848097798577746
0.28306789281043143
0.2941006191679046
0.2931295643473284
0.300475471931747
0.28640646822091
0.2787535878113428
0.2835622745443347
0.28038052335744296
0.283018819736077
0.27598950890201407
0.28612129186453356
0.27846418926748573
0.28228824953084514
0.2778887352653147
0.28162472428171553
0.28297885201770423
0.28480996679624165
0.2953247437163583
0.2912191440072105
0.2729936297116004
0.29758016637738105
0.2957794055248813
0.28759339020225577
0.2885600435273265
0.2925121682925048
0.29624450126069873
0.2763836316470118
0.2808077623182479
0.2923690627414973
0.2919444008185275
0.2821972784793143
0.27848624129828686
0.2913798629357461
0.28270989233520194
0.2879369392819293
0.2879013523843282
0.29054480892753254
0.28733941731784746
0.28715842879754483
0.30128906682708323
0.2835281201218657
0.2867339133343192
0.27472461151797695
0.2889969969740182
0.272242622675441
0.27593898786767757
0.29202753144331334
0.2880562087064615
0.2833643836931056
0.2873652347809267
0.27065690905845524
0.2884389261602872
0.2897700343546433
0.2777982335890364
0.28102078046066986
0.28663716047614457
0.2797332881161985
0.29437157508718986
0.29173633569232454
0.29313492115340506
0.29697508703409026
0.28579746254911714
0.28018529230095984
0.28627288211145757
0.2809029137233409
0.28051455124409636
0.2907158895849962
0.2994102141738107
0.2870493240566133
0.2716800533062294
0.27691087901681893
0.2850459745255283
0.29332820354253925
0.2859332794400712
0.2882733270830988
0.2796063202231728
0.2721327605834664
0.2881437596648137
0.29119429770087507
0.2950460434790811
0.29374883844011407
0.2863307326627164
0.2865579209742619
0.2856782814277185
0.2840917154832071
0.2797755513304441
0.27618646814520426
0.30289926329396216
0.29334347817548334
0.27183005148599243
0.28757341513931717
0.3015620497971682
0.28538163717772175
0.2929027528698555
0.2723410645231296
0.27697143403491253
0.2820196627954092
0.2915516814709805
0.2902328389602983
0.29691247715873154
0.2822856652914976
0.28387044608424983
0.2859187574109266
0.30470698854319356
0.2750165063845381
0.2829413538441668
0.27530929493828965
0.2840795260392131
0.2669935306491992
0.2748018464307603
0.29017972851706997
0.29266028464813004
0.2989041339469384
0.28631062018559145
0.2832698512562363
0.28932024354974845
0.2851628506747197
0.2782701369777842
0.2834026635073014
0.3019125918933753
0.286044995571957
0.2978151096731015
0.2866380639511402
0.28343501381925
0.29504046542865253
0.2828715664787123
0.28451932457216067
0.2827375479039413
0.29881080694197415
0.29175348603080425
0.2850898897670731
0.2656492737902737
0.277655903781063
0.2805434759088968
0.2843174855821046
0.28507954326261487
0.2804053115147392
0.2860274654493475
0.2837403533245098
0.28723902624343617
0.28745907131726184
0.288189967133909
0.28713094949102486
0.29278909791019564
0.2830768632740069
0.27706736870847887
0.2876806282099051
0.3001185419808164
0.28975148484675567
0.2855273066124725
0.27660925331846736
0.2840086323102584
0.284924309373851
0.28321201721235384
0.29809048416914685
0.2848883329433341
0.28001280930487454
0.2867873727489343
0.2888828355813586
0.29030635099529967
0.29444843590603803
0.2761101161072988
0.2790263304528781
0.2721326431116521
0.278362613134842
0.27376143757390264
0.30081994171952814
0.2808577822417821
0.2889755580304078
0.28414912451416935
0.2631226554766693
0.27855925974532514
0.28340835407867543
0.29523091579634153
0.27596920359014626
0.2859257752165939
0.27975436661223835
0.2708251473440531
0.2729994888831362
0.2730172904823143
0.27437204138521276
0.28389109480266345
0.2785913317959244
0.287008719182653
0.27055312020890304
0.2828667316035333
0.2732846708765055
0.283734778352541
0.27640641956266837
0.28637071448669843
0.27977306167775656
0.28421911008247225
0.27876762156374274
0.27586752450334895
0.272876155321408
0.28297191387017123
0.2749175387825749
0.27116777623934596
0.29150709534702884
0.2848103737206518
0.2735598607138532
0.27542816890841665
0.27902198900400765
0.2844471469225399
0.2827827759159648
0.2856540852449407
0.27420724821798553
0.2861679635230459
0.2834489708712149
0.2844436576551392
0.28617238892865166
0.2836133687879135
0.2788587756254577
0.2951560854928336
0.2744350319478164
0.27167926605814435
0.2762183237431274
0.27145521438316716
0.28749284278298515
0.27888760011278624
0.2892732438051843
0.2945541655964841
0.29840851674293595
0.2966147305458881
0.2930769845278191
0.28204350920136906
0.27546854724232633
0.2659416044915607
0.2826901826784999
0.28460472590367997
0.29199612097328437
0.28271911035518327
0.2803797743988021
0.27739221237604905
0.2584287449688652
0.27430800433443636
0.28784269751561203
0.2662492986136746
0.2742484130504561
0.28739677400847913
0.28393229943194626
0.2945353903098873
0.2905760324923266
0.28530843506506437
0.28136755364276395
0.27931565972386324
0.28336475329844485
0.28673034619841653
0.2816176910863964
0.28168283688625084
0.28388868728428956
0.28940948520235826
0.29379081116032807
0.29405595604311247
0.29532768037142726
0.27858162063425784
0.2887789773449497
0.2800921808608159
0.28363135092519104
0.29050542847128574
0.2895969918722048
0.29379231672145467
0.2974668246081939
0.2887648527074081
0.27724807769934046
0.280631262640376
0.2907058056907381
0.27736102335959983
0.28709250423319527
0.2875141665176053
0.29000168259380876
0.28205594905414466
0.26845149624136094
0.28349713269438453
0.27870377506698646
0.2799445873188656
0.2861247696627084
0.2847375887492111
0.2795766505777273
0.27100866165623483
0.2815982829229699
0.2953312523645125
0.2847169700045667
0.29226040731464104
0.28557787548913627
0.28162038239998494
0.2888752530248895
0.283433818636902
0.2950252183424205
0.2859007801789663
0.2949802967642247
0.28270751166821245
0.27937001305450465
0.2819522452143866
0.30319541274638745
0.26743661356831744
0.28770346257684093
0.2846564884068306
0.28123690628737547
0.2952808288371248
0.2779170540037598
0.2907200768561041
0.27431603280929767
0.2843375322882768
0.2829602831904077
0.2910917737424409
0.29933100814752084
0.2961417053613596
0.29039285817606747
0.2880249843364176
0.283523638988797
0.28329820506727466
0.28416899405822627
0.2849656271023921
0.29026161794575883
0.28123535313704773
0.2892586862049401
0.3053162115933474
0.2851863923570379
0.2791149337744828
0.26946006945922346
0.26424386991316867
0.2786292078867591
0.2734142407454474
0.28116010411429165
0.28339196578108033
0.2825346394980155
0.27904878160353414
0.28088521880219547
0.2772012056837105
0.2818223501876838
0.28968874077439216
0.27906741855479006
0.27584551188857115
0.2801182664322112
0.28719870490904337
0.28226879724417536
0.28080378711167436
0.2770877347400807
0.26844642880613556
0.2768329998551658
0.28890131365433624
0.2687573655718437
0.2724851608356433
0.2761706738161053
0.2792520190749434
0.2751886766189328
0.28036647821055755
0.2688625011408196
0.27343820537528146
0.2870269320967481
0.27473596289147545
0.27070717818298146
0.28860990236303
0.2814811419070417
0.2867601836303663
0.2966501283355078
0.2883950464594813
0.2889260124756127
0.29337394141971496
0.29162216258072865
0.2878609067967871
0.2979389037552889
0.29556862852122673
0.2921491189454806
0.28496547749037865
0.2712482851195947
0.2885128315785123
0.28557243420977824
0.273694816081789
0.2855034948366167
0.295575312843322
0.2921891317262769
0.27669833275418937
0.29589783800449443
0.27211068149573375
0.28403447785650177
0.2799393911147804
0.2874879707635675
0.2965666832446077
0.29285499087362493
0.29096792836983526
0.2721205731797735
0.3007450122965854
0.3010249813917917
0.28951342906976835
0.27996546159632957
0.27607833240032403
0.2954354542069792
0.2938006922941714
0.2936305373069964
0.28040936111823384
0.2845692853455863
0.30121638497964504
0.28818779689791285
0.2881231348872865
0.291709057372248
0.29028124724525234
0.3002322435918719
0.2877776727115345
0.2809529329356133
0.28602286203289146
0.2972645750132317
0.2838936534769974
0.2951901152212689
0.27864108099607376
0.28854961429309584
0.2880189263580627
0.28883439689501095
0.284056919029618
0.28010359329542006
0.2917923227471909
0.2909729640220757
0.2871847402098861
0.28528689974108096
0.28385160141293814
0.2895297100273218
0.29934794368097567
0.28139171827675064
0.2865144271488257
0.27855944338159916
0.29159895852715734
0.278275741162979
0.2893987248031559
0.2850264025918804
0.28460388690497906
0.28756306076301036
0.28878903245695575
0.28587946638348277
0.2925390244167407
0.29155536459971837
0.2898006878760267
0.27612408539496797
0.2803235355082861
0.27879071228481395
0.2745501175451593
0.27298453224821323
0.2644398012263694
0.28310502767088447
0.2935024223586141
0.29728969769617325
0.2928698702607602
0.30087006292816454
0.28676272421327803
0.2812517217328356
0.2761862888120145
0.2800773713152262
0.2850760454607389
0.2823370915113314
0.2833083260880755
0.27752538646384595
0.2745850924659738
0.2776449649203598
0.28904174252729825
0.28176557793036355
0.28924409146598634
0.2878108086504634
0.2950741899175858
0.2901251244625107
0.26962362727803224
0.28104868558956575
0.27659034451719855
0.29472599242153025
0.28322692186335524
0.2939639371233979
0.2951096169232447
0.27740008389272247
0.2851181545953981
0.27789071341339205
0.2782078907263014
0.29301190293237883
0.2822480667306082
0.3002976003808343
0.2807825805099079
0.28950081403687883
0.2781457955291923
0.28715779981979433
0.2866963931246426
0.29189656296144556
0.28090574207422836
0.28655407070948496
0.2867382166414886
0.2727606384045464
0.28181972767847985
0.2832269264465899
0.2873544842056407
0.28194243419899917
0.28433171359683307
0.2872974513715797
0.28086796934120245
0.2899951212913972
0.30629096382801063
0.28140943483850495
0.2880482228724803
0.282005507490612
0.28834670321331746
0.28020808143856385
0.2779681364201549
0.28950596996787886
0.29262961028236684
0.28122338541748376
0.26831139295242695
0.2737779918256762
0.2702961282096642
0.27852862832499886
0.2780449845715687
0.2831345448518069
0.2989116467855224
0.2846097592000615
0.286745519410935
0.28325119660739606
0.29203625998267385
0.2844645373886094
0.27503798454906986
0.27609034685547
0.27912450005003003
0.28812588836103387
0.29586952621576146
0.2924941437854455
0.2882711982029467
0.2911723656380299
0.28908858893527245
0.2930607936828985
0.28462030159910434
0.2863886722322903
0.2994789481506938
0.2990450100331075
0.2939206421056633
0.30083052909036684
0.29081908355458114
0.2671002100479319
0.2692795032976125
0.27492997554669313
0.2881280383778268
0.2844157136940579
0.2914480660965589
0.29079919619251143
0.29368977648313016
0.3064987165736566
0.2927138711186644
0.2900041112637926
0.2866478059880195
0.28134312015619983
0.27590135799250054
0.2812854626269819
0.2839940415224428
0.2883019380567962
0.2977007436959281
0.29909642330647007
0.2848607843531701
0.2774619818118538
0.28191484371380876
0.2789054253272805
0.28872031672318993
0.28336006275417347
0.29325967782552426
0.28859363200059984
0.2815049955745855
0.28652824613487266
0.28479719201887865
0.2881864271462739
0.29469883469327635
0.2917437417113621
0.29459345564353423
0.28125302542381236
0.2801936157769203
0.29463211157427743
0.29010042883251896
0.29125911311024744
0.2828163027804678
0.2910125927432065
0.2909781143963152
0.2847636353780619
0.2709603622861148
0.2877790267401722
0.28208659126685115
0.28463900174190687
0.2835680125502162
0.28006781965248956
0.2786242061744583
0.28209606204666454
0.2813198689716773
0.2897338052895289
0.274480234301392
0.29026526206387426
0.27110479382628705
0.2688323083532836
0.28136809177319144
0.2813935551181247
0.27780271885765656
0.28809694995522045
0.28391721022166366
0.27916075894146963
0.2814689243054155
0.28548479368289076
0.2924762414617062
0.28684659884138275
0.2881930518311998
0.2804201687161858
0.2813372814383423
0.29051696049660175
0.28632634561370035
0.2844669215865512
0.27898717937503664
0.27654617528857256
0.27959299542450455
0.28610068923160376
0.2795250263425649
0.2701855845581071
0.2625378624126967
0.28600174569845915
0.288990055888088
0.28114959721950855
0.2914681851454744
0.28952292814735675
0.28865713582321667
0.28698414104178405
0.2880206149404316
0.2861242126515308
0.2787634730961804
0.30296767281767617
0.29433635441434985
0.2964711486255794
0.29979750400320604
0.2886993054746614
0.28165502022057737
0.28891994849578867
0.2938093604397454
0.28836413953907264
0.2880480490479563
0.28343282898836597
0.26945106272465863
0.2793575430160134
0.2826828828943137
0.2878185082311336
0.2780965675350687
0.2835301652788938
0.2902265109124847
0.28150911231272696
0.2834465057963898
0.28838358237246037
0.28185989372666015
0.2786200914234498
0.2877705626390273
0.2771016379961394
0.29054910018656716
0.27513792662954245
0.2698116282241661
0.2816500807208887
0.28591844489962265
0.288551138331418
0.2900989484142098
0.27288940276457285
0.2826037359502159
0.2692170132356168
0.2815609963914768
0.2877298695941423
0.28918197196356693
0.2978738283770371
0.29012555441872434
0.3030413742272781
0.28447151562659273
0.2960429059313067
0.29952066119086673
0.29903927272593583
0.28908072152054826
0.2900419911586612
0.29010845119842515
0.2979545265010097
0.282806730709702
0.2927352988267457
0.2832322408506464
0.29449396372583164
0.29046696895075347
0.29490336960515073
0.29201631159336633
0.2890234218207758
0.2980068088948415
0.2926212541189492
0.2940322541679277
0.28708318104529773
0.2807832363747863
0.2693884496572398
0.2911029678708627
