1461132
1490580
1520051
1549509
1578861
1608316
1637678
1667115
1696428
1725838
1755211
1784586
1814013
1843416
1872845
1902172
1931547
1960945
1990273
2019734
2049144
2078564
2107895
2137336
2166774
2196149
2225490
2254895
2284353
2313720
2343191
2372614
2402037
2431408
2460762
2490082
2519520
2549018
2578460
2607888
2637329
2666752
2696086
2725538
2754915
2784270
2813684
2843059
2872467
2901830
2931322
2960743
2990116
3019409
3048874
3078342
3107694
3137092
3166472
3195857
3225166
3254566
3283948
3313207
3342629
3371978
3401416
3430744
3460106
3489409
3518838
3548198
3577522
3606906
3636299
3665696
3695124
3724460
3753744
3783179
3812565
3841983
3871272
3900524
3929865
3959217
3988553
4017885
4047292
4076756
4106150
4135547
4165023
4194450
4223856
4253216
4282591
4312007
4341462
4370844
4400261
4429694
4459111
4488461
4517878
4547284
4576804
4606291
4635702
4665114
4694484
4723790
4753262
4782789
4812085
4841457
4870848
4900175
4929519
4958937
4988320
5017679
5047173
5076603
5106054
5135505
5165002
5194390
5223717
5253064
5282409
5311758
5341138
5370520
5399890
5429278
5458717
5488125
5517581
5546935
5576338
5605778
5635233
5664671
5694051
5723482
5752946
5782342
5811673
5841132
5870587
5900006
5929419
5958823
5988206
6017549
6046879
6076163
6105689
6135011
6164404
6193773
6223241
6252637
6282004
6311379
6340780
6370151
6399589
6429054
6458468
6487748
6517275
6546664
6576017
6605421
6634709
6664117
6693563
6722935
6752334
6781695
6811186
6840667
6870079
6899447
6928854
6958257
6987771
7017252
7046653
7076117
7105586
7134887
7164282
7193639
7223030
7252313
7281794
7311253
7340806
7370264
7399801
7429281
7458704
7488096
7517564
7547064
7576470
7605860
7635280
7664657
7694131
7723568
7752939
7782286
7811628
7841154
7870535
7899985
7929449
7958794
7988336
8017736
8047205
8076638
8106074
8135510
8164936
8194368
8223796
8253256
8282620
8312009
8341434
8370901
8400256
8429593
8459065
8488535
8517960
8547329
8576666
8606055
8635487
8664826
8694331
8723774
8753162
8782576
8812040
8841502
8870970
8900434
8929804
8959276
8988719
9018120
9047477
9076839
9106294
9135784
9165140
9194536
9223985
9253324
9282769
9312276
9341653
9370954
9400284
9429621
9459011
9488445
9517878
9547287
9576697
9606224
9635590
9664982
9694330
9723763
9753321
9782669
9812067
9841434
9870703
9900143
9929527
9958923
9988335
10017697
10047053
10076420
10105935
10135388
10164778
10194146
10223574
10252999
10282332
10311813
10341293
10370813
10400322
10429713
10459159
10488704
10518127
10547518
10577005
10606434
10635763
10665205
10694581
10724005
10753453
10782789
10812285
10841641
10871150
10900588
10929995
10959402
10988846
11018189
11047581
11077014
11106396
11135774
11165219
11194620
11223989
11253307
11282783
11312158
11341500
11370909
11400411
11429887
11459401
11488753
11518239
11547518
11576893
11606264
11635692
11665100
11694452
11723878
11753219
11782555
11812011
11841448
11870952
11900414
11929746
11958995
11988342
12017772
12047235
12076711
12106081
12135392
12164803
12194200
12223619
12253040
12282450
12311788
12341168
12370541
12399863
12429286
12458661
12488033
12517408
12546863
12576273
12605712
12635036
12664387
12693741
12723066
12752295
12781700
12811124
12840531
12869978
12899433
12928766
12958140
12987658
13016992
13046337
13075790
13105242
13134662
13164046
13193390
13222822
13252138
13281509
13310913
13340443
13369906
13399289
13428643
13457991
13487460
13516937
13546384
13575766
13605102
13634543
13663845
13693210
13722537
13752044
13781405
13810828
13840199
13869663
13899116
13928523
13957919
13987337
14016610
14046004
14075321
14104624
14134084
14163460
14192913
14222353
14251762
14281217
14310611
14340031
14369458
14398884
14428364
14457752
14487121
14516514
14545892
14575278
14604661
14634064
14663446
14692894
14722260
14751703
14781144
14810535
14839921
14869281
14898799
14928201
14957575
14986913
15016369
15045807
15075107
15104473
15133880
15163285
15192633
15221967
15251395
15280892
15310348
15339754
15369163
15398512
15427941
15457341
15486810
15516254
15545619
15575110
15604567
15633793
15663113
15692627
15722034
15751488
15780813
15810240
15839634
15869036
15898453
15927884
15957358
15986693
16016081
16045455
16074885
16104328
16133822
16163098
16192528
16221896
16251315
16280712
16310115
16339544
16368950
16398297
16427734
16457124
16486452
16515895
16545302
16574702
16604109
16633557
16662939
16692337
16721733
16751255
16780643
16810069
16839409
16868802
16898239
16927725
16957036
16986468
17015839
17045275
17074669
17104178
17133605
17163025
17192330
17221682
17251082
17280356
17309768
17339263
17368723
17398092
17427510
17456924
17486321
17515755
17545186
17574653
17604051
17633486
17662980
17692482
17721855
17751254
17780682
17810143
17839645
17868966
17898436
17927866
17957284
17986675
18016138
18045527
18074932
18104383
18133827
18163229
18192642
18222019
18251432
18280901
18310324
18339732
18369116
18398488
18427924
18457333
18486732
18516104
18545514
18574900
18604348
18633813
18663306
18692685
18722138
18751657
18781066
18810433
18839741
18869194
18898606
18928138
18957557
18986896
19016291
19045686
19075060
19104415
19133790
19163161
19192574
19221966
19251397
19280806
19310131
19339552
19368856
19398192
19427601
19457050
19486451
19515875
19545209
19574570
19603981
19633415
19662879
19692297
19721661
19751184
19780523
19809929
19839258
19868646
19898123
19927610
19956953
19986351
20015761
20045154
20074550
20103926
20133300
20162792
20192191
20221704
20251061
20280536
20309920
20339354
20368764
20398086
20427488
20456877
20486284
20515710
20545089
20574401
20603774
20633111
20662440
20691804
20721168
20750515
20779941
20809349
20838749
20868107
20897376
20926823
20956227
20985597
21014966
21044328
21073692
21103100
21132572
21162031
21191451
21220924
21250331
21279681
21309129
21338449
21367790
21397195
21426672
21456015
21485416
21514861
21544400
21573883
21603356
21632855
21662329
21691695
21721026
21750458
21779882
21809262
21838635
21868018
21897501
21926801
21956208
21985536
22014947
22044374
22073852
22103318
22132695
22162069
22191579
22220928
22250459
22279842
22309271
22338755
22368225
22397717
22427187
22456632
22486000
22515346
22544799
22574218
22603618
22633002
22662497
22691891
22721253
22750600
22779981
22809325
22838732
22868072
22897520
22927023
22956398
22985819
23015286
23044658
23074102
23103638
23133003
23162345
23191647
23221034
23250483
23279956
23309442
23338760
23368223
23397655
23427095
23456467
23485795
23515196
23544597
23574025
23603422
23632867
23662307
23691666
23721087
23750542
23780053
23809445
23838847
23868305
23897753
23927232
23956651
23986109
24015523
24045062
24074491
24103871
24133277
24162807
24192112
24221561
24250977
24280393
24309980
24339318
24368733
24398179
24427486
24456932
24486368
24515928
24545330
24574872
24604334
24633623
24663038
24692401
24721807
24751348
24780818
24810182
24839640
24869086
24898544
24927996
24957528
24986996
25016448
25045802
25075210
25104728
25134100
25163511
25192874
25222303
25251740
25281229
25310571
25339971
25369431
25398842
25428185
25457469
25486948
25516372
25545820
25575205
25604568
25633879
25663244
25692559
25721939
25751353
25780871
25810340
25839815
25869234
25898627
25928053
25957424
25986950
26016303
26045760
26075103
26104461
26133857
26163305
26192713
26222099
26251552
26280984
26310250
26339694
26369069
26398541
26427895
26457271
26486695
26516147
26545578
26575062
26604472
26633863
26663299
26692743
26722163
26751613
26781128
26810623
26839961
26869460
26898839
26928302
26957727
26987161
27016553
27046006
27075309
27104741
27134151
27163660
27193070
27222404
27251794
27281125
27310415
27339908
27369363
27398803
27428321
27457800
27487165
27516558
27545910
27575377
27604781
27634234
27663648
27692999
27722434
27751809
27781154
27810605
27840038
27869324
27898737
27928156
27957468
27986894
28016364
28045761
28075152
28104530
28133885
28163258
28192664
28222069
28251443
28280804
28310282
28339764
28369173
28398604
28427986
28457421
28486725
28516063
28545477
28574918
28604370
28633793
28663178
28692544
28722064
28751425
28780772
28810143
28839485
28868908
28898264
28927674
28957161
28986603
29016052
29045440
29074872
29104241
29133690
29163166
29192619
29222015
29251368
29280810
29310190
29339725
29369099
29398514
29427967
29457352
29486663
29516010
29545417
29574796
29604194
29633650
29663069
29692551
29721932
29751315
29780695
29810108
29839577
29869035
29898459
29927813
29957226
29986600
30016045
30045469
30074899
30104240
30133637
30162992
30192337
30221636
30250993
30280339
30309738
30339103
30368514
30398011
30427449
30456854
30486139
30515536
30545035
30574430
30603848
30633177
30662619
30692005
30721465
30750841
30780268
30809605
30838913
30868283
30897606
30927010
30956474
30985889
31015242
31044646
31074100
31103507
31132902
31162299
31191613
31221012
31250389
31279809
31309182
31338526
31367955
31397355
31426766
31456081
31485405
31514833
31544269
31573680
31603217
31632583
31662046
31691489
31720969
31750436
31779897
31809287
31838607
31867965
31897252
31926673
31956126
31985566
32015083
32044476
32073878
32103357
32132702
32162085
32191605
32221073
32250453
32279976
32309407
32338859
32368332
32397739
32427169
32456637
32485962
32515379
32544726
32574150
32603520
32632899
32662323
32691762
32721229
32750623
32780037
32809367
32838764
32868133
32897529
32926923
32956273
32985722
33015127
33044508
33073973
33103425
33132869
33162287
33191754
33221119
33250517
33279895
33309251
33338680
33368102
33397557
33426842
33456137
33485536
33515081
33544528
33573924
33603448
33632892
33662338
33691826
33721283
33750662
33780084
33809420
33838905
33868277
33897696
33927132
33956554
33985970
34015275
34044645
34074058
34103497
34132800
34162147
34191595
34221042
34250481
34279899
34309337
34338850
34368353
34397792
34427139
34456491
34485917
34515317
34544794
34574117
34603530
34633038
34662500
34691911
34721322
34750683
34780116
34809554
34839054
34868351
34897731
34927286
34956731
34986124
35015484
35044886
35074288
35103659
35133162
35162711
35192140
35221528
35250932
35280372
35309833
35339295
35368805
35398197
35427611
35457079
35486482
35515972
35545410
35574828
35604187
35633593
35663033
35692489
35721952
35751348
35780819
35810240
35839658
35869097
35898443
35927821
35957223
35986612
36015956
36045406
36074731
36104141
36133565
36162962
36192384
36221701
36251028
36280417
36309820
36339228
36368647
36398107
36427509
36456886
36486236
36515600
36545015
36574398
36603762
36633169
36662618
36691982
36721386
36750729
36780098
36809452
36838869
36868229
36897760
36927176
36956641
36986003
37015457
37044799
37074215
37103624
37133034
37162523
37191918
37221296
37250617
37280058
37309506
37338923
37368229
37397692
37427013
37456376
37485784
37515156
37544652
37574114
37603478
37632915
37662357
37691785
37721180
37750626
37780004
37809455
37838757
37868157
37897557
37927009
37956381
37985804
38015102
38044600
38073988
38103430
38132836
38162293
38191691
38221121
38250529
38279881
38309289
38338675
38368050
38397445
38426893
38456202
38485621
38514954
38544361
38573789
38603196
38632467
38661896
38691330
38720662
38750016
38779462
38808915
38838325
38867706
38897045
38926410
38955810
38985152
39014531
39043959
39073286
39102736
39132160
39161500
39190938
39220396
39249935
39279419
39308801
39338303
39367693
39397103
39426596
39456052
39485448
39514829
39544203
39573660
39603120
39632390
39661845
39691176
39720635
39750023
39779404
39808838
39838377
39867803
39897116
39926562
39956002
39985375
40014692
40044086
40073540
40103041
40132520
40161903
40191378
40220797
40250144
40279571
40309066
40338528
40367982
40397441
40426851
40456306
40485771
40515205
40544590
40574029
40603375
40632692
40662100
40691509
40720896
40750377
40779909
40809392
40838793
40868352
40897711
40927119
40956539
40985941
41015360
41044776
41074175
41103618
41133110
41162491
41191955
41221447
41250819
41280230
41309704
41339091
41368506
41397885
41427270
41456677
41486126
41515548
41544962
41574425
41603837
41633312
41662823
41692173
41721496
41750848
41780201
41809629
41839092
41868523
41897741
41927221
41956620
41986033
42015467
42044819
42074234
42103572
42132958
42162289
42191717
42221134
42250551
42279895
42309229
42338618
42367996
42397438
42426918
42456331
42485741
42515033
42544444
42573965
42603389
42632868
42662269
42691715
42721099
42750512
42779932
42809284
42838689
42868139
42897531
42927099
42956454
42985788
43015181
43044509
43073931
43103334
43132654
43162047
43191461
43220906
43250264
43279626
43308978
43338343
43367806
43397194
43426689
43456073
43485377
43514872
43544343
43573726
43603149
43632472
43661932
43691266
43720693
43750048
43779382
43808855
43838333
43867648
43897032
43926449
43955854
43985253
44014719
44044086
44073415
44102743
44132176
44161642
44191071
44220427
44249715
44279037
44308488
44337818
44367209
44396686
44426143
44455543
44484927
44514180
44543552
44573028
44602425
44631808
44661215
44690635
44720122
44749569
44778967
44808384
44837856
44867306
44896678
44926042
44955416
44984687
45014140
45043528
45072898
45102234
45131589
45161047
45190492
45219915
45249259
45278731
45308152
45337620
45366993
45396303
45425696
45455117
45484531
45514021
45543438
45572876
45602304
45631816
45661216
45690617
45719967
45749295
45778543
45807867
45837366
45866806
45896249
45925559
45955020
45984438
46013802
46043277
46072705
46102116
46131558
46160960
46190394
46219854
46249229
46278677
46308183
46337651
46367147
46396536
46425961
46455320
46484826
46514226
46543617
46573001
46602406
46631888
46661242
46690661
46720037
46749516
46778969
46808511
46837904
46867340
46896832
46926215
46955603
46984898
47014273
47043659
47073085
47102492
47131823
47161200
47190661
47220018
47249427
47278956
47308321
47337702
47366986
47396383
47425679
47455096
47484544
47514007
47543382
47572780
47602163
47631655
47661038
47690534
47719973
47749345
47778753
47808090
47837467
47866852
47896231
47925638
47955103
47984572
48013995
48043417
48072850
48102254
48131635
48160992
48190369
48219803
48249223
48278649
48308067
48337446
48366895
48396288
48425665
48455149
48484535
48513938
48543319
48572723
48602102
48631575
48660999
48690502
48719962
48749388
48778869
48808272
48837704
48867135
48896552
48925949
48955288
48984670
49014139
49043610
49073043
49102408
49131831
49161206
49190536
49219940
49249466
49278958
49308513
49337964
49367367
49396782
49426272
49455678
49485089
49514588
49543961
49573413
49602729
49632126
49661542
49690956
49720391
49749915
49779346
49808709
49838200
49867677
49897021
49926453
49955796
49985162
50014571
50044032
50073464
50102875
50132349
50161757
50191211
50220580
50249893
50279269
50308636
50338030
50367441
50396763
50426255
50455678
50485031
50514434
50543764
50573111
50602472
50631916
50661355
50690802
50720195
50749615
50779043
50808332
50837682
50867157
50896548
50925978
50955364
50984821
51014145
51043511
51072823
51102270
51131651
51161130
51190429
51219744
51249164
51278579
51307826
51337215
51366599
51395996
51425482
51454846
51484286
51513676
51543089
51572504
51601885
51631309
51660783
51690167
51719564
51748941
51778426
51807850
51837350
51866754
51896194
51925668
51955110
51984496
52013830
52043250
52072659
52101972
52131403
52160853
52190211
52219636
52248945
52278305
52307720
52337055
52366469
52395860
52425198
52454513
52483885
52513393
52542850
52572313
52601742
52631151
52660621
52690003
52719418
52748910
52778278
52807700
52837111
52866578
52895965
52925369
52954755
52984117
53013472
53042922
53072297
53101573
53131134
53160593
53189974
53219415
53248773
53278239
53307628
53337144
53366567
53395978
53425370
53454720
53484122
53513529
53542935
53572288
53601650
53631144
53660639
53690061
53719487
53748935
53778330
53807722
53837137
53866465
53895837
53925171
53954507
53983895
54013339
54042734
54072177
54101581
54130926
54160318
54189729
54219107
54248540
54277923
54307329
54336818
54366176
54395492
54424933
54454339
54483626
54513042
54542453
54571897
54601421
54630863
54660229
54689612
54719096
54748521
54777952
54807284
54836708
54866147
54895639
54925011
54954425
54983860
55013319
55042736
55072123
55101611
55130995
55160410
55189866
55219272
55248659
55278121
55307601
55337058
55366394
55395770
55425225
55454672
55483968
55513456
55542886
55572267
55601710
55631159
55660539
55689900
55719256
55748753
55778260
55807679
55837138
55866542
55895924
55925271
55954713
55984124
56013496
56042839
56072173
56101582
56130927
56160284
56189632
56219096
56248470
56277861
56307319
56336718
56366201
56395623
56425106
56454507
56483913
56513401
56542845
56572240
56601721
56631182
56660562
56690019
56719462
56748931
56778455
56807880
56837177
56866552
56896023
56925526
56954911
56984320
57013655
57043091
57072435
57101930
57131307
57160712
57190072
57219413
57248856
57278222
57307582
57337027
57366444
57395947
57425246
57454635
57484038
57513488
57542954
57572405
57601797
57631319
57660747
57690141
57719576
57749019
57778271
57807647
57837113
57866552
57895922
57925314
57954772
57984140
58013542
58042941
58072408
58101824
58131185
58160508
58189840
58219233
58248649
58278017
58307443
58336781
58366267
58395685
58425029
58454411
58483792
58513195
58542539
58571979
58601378
58630850
58660254
58689635
58719104
58748489
58777921
58807350
58836757
58866086
58895542
58924991
58954421
58983833
59013220
59042522
59071973
59101416
59130792
59160236
59189686
59219131
59248602
59277915
59307289
59336708
59366186
59395582
59425025
59454410
59483848
59513245
59542673
59572111
59601543
59631033
59660537
59689938
59719346
59748746
59778156
59807556
59836962
59866468
59895877
59925253
59954711
59984024
60013503
60043003
60072362
60101792
60131189
60160528
60189890
60219249
60248589
60277990
60307390
60336838
60366176
60395670
60425055
60454526
60483894
60513227
60542683
60572084
60601626
60631049
60660507
60689880
60719359
60748721
60778191
60807564
60836966
60866295
60895649
60925097
60954434
60983864
61013193
61042607
61072013
61101383
61130768
61160153
61189520
61218874
61248378
61277722
61307035
61336393
61365862
61395322
61424703
61454227
61483668
61513041
61542530
61571956
61601392
61630815
61660278
61689551
61719043
61748469
61777938
61807281
61836655
61866127
61895410
61924810
61954193
61983573
62012983
62042362
62071818
62101306
62130664
62160119
62189525
62218927
62248298
62277668
62307117
62336527
62365949
62395284
62424740
62454216
62483667
62513065
62542439
62571910
62601218
62630625
62660066
62689489
62718854
62748175
62777633
62807013
62836441
62865843
62895144
62924518
62953900
62983289
63012708
63042209
63071660
63101010
63130323
63159828
63189223
63218587
63247920
63277268
63306643
63336046
63365386
63394742
63424145
63453462
63482777
63512235
63541683
63571093
63600439
63629850
63659232
63688691
63718099
63747490
63776826
63806303
63835760
63865232
63894618
63924048
63953428
63982771
64012128
64041530
64070922
64100355
64129719
64159111
64188534
64217857
64247185
64276490
64305869
64335320
64364707
64394124
64423478
64452907
64482366
64511757
64541099
64570547
64599857
64629283
64658669
64688057
64717360
64746762
64776159
64805451
64834839
64864316
64893673
64923055
64952420
64981831
65011176
65040580
65070051
65099417
65128830
65158290
65187757
65217217
65246642
65275986
65305402
65334807
65364201
65393653
65423106
65452549
65481990
65511422
65540814
65570218
65599627
65629058
65658572
65687912
65717324
65746739
65776116
65805549
65834897
65864305
65893795
65923302
65952703
65982002
66011440
66040791
66070096
66099533
66128827
66158158
66187534
66216971
66246370
66275859
66305211
66334580
66363959
66393307
66422758
66452141
66481577
66510929
66540276
66569640
66599023
66628467
66657798
66687145
66716645
66745987
66775331
66804734
66833990
66863392
66892816
66922285
66951705
66981034
67010446
67039904
67069394
67098826
67128316
67157774
67187075
67216475
67245916
67275255
67304695
67334095
67363515
67392950
67422317
67451685
67481034
67510438
67539896
67569278
67598652
67628013
67657511
67686869
67716349
67745690
67775125
67804533
67833929
67863311
67892613
67922040
67951433
67980921
68010343
68039825
68069203
68098570
68127940
68157331
68186749
68216123
68245517
68274985
68304383
68333720
68363181
68392574
68421904
68451234
68480611
68510008
68539408
68568917
68598286
68627568
68657032
68686428
68715921
68745352
68774734
68804139
68833508
68863014
68892319
68921703
68951089
68980534
69009925
69039345
69068617
69097995
69127337
69156723
69186082
69215468
69244812
69274285
69303705
69333092
69362381
69391695
69421077
69450502
69479942
69509249
69538814
69568152
69597592
69626969
69656396
69685781
69715104
69744491
69773863
69803233
69832637
69862077
69891462
69920833
69950204
69979629
70009102
70038556
70067908
70097343
70126779
70156206
70185653
70215014
70244332
70273743
70303116
70332471
70361827
70391184
70420557
70449923
70479332
70508849
70538301
70567772
70597188
70626634
70656103
70685559
70714928
70744370
70773728
70803149
70832556
70862014
70891428
70920794
70950217
70979562
71008956
71038360
71067784
71097167
71126561
71156020
71185412
71214763
71244133
71273584
71302888
71332355
71361738
71391148
71420441
71449873
71479282
71508687
71538034
71567614
71597074
71626500
71655946
71685518
71714979
71744510
71773917
71803383
71832774
71862160
71891507
71920966
71950457
71979796
72009095
72038520
72067848
72097282
72126688
72156165
72185525
72214930
72244413
72273818
72303169
72332620
72361971
72391401
72420750
72450254
72479644
72509054
72538381
72567766
72597091
72626476
72655825
72685104
72714378
72743837
72773285
72802722
72832061
72861546
72890944
72920383
72949739
72979176
73008498
73037918
73067239
73096708
73126066
73155423
73184718
73214062
73243340
73272731
73302088
73331393
73360815
73390218
73419538
73448973
73478398
73507827
73537208
73566636
73596023
73625301
73654690
73684088
73713489
73742922
73772291
73801728
73831104
73860508
73889874
73919414
73948785
73978314
74007704
74037089
74066548
74095990
74125407
74154811
74184165
74213566
74242951
74272441
74301915
74331326
74360692
74390080
74419491
74448898
74478329
74507832
74537198
74566680
74596049
74625420
74654821
74684215
74713699
74743118
74772574
74801970
74831367
74860720
74890205
74919532
74948935
74978418
75007850
75037372
75066779
75096192
75125499
75154874
75184296
75213716
75243150
75272534
75301888
75331406
75360796
75390137
75419504
75448914
75478305
75507749
75537264
75566684
75596110
75625635
75655065
75684563
75713981
75743457
75772895
75802269
75831603
75860866
75890213
75919639
75949124
75978565
76007956
76037516
76066898
76096319
76125750
76155183
76184595
76213980
76243406
76272745
76302204
76331602
76360949
76390315
76419727
76449127
76478566
76507946
76537330
76566707
76596082
76625481
76654763
76684071
76713468
76742840
76772260
76801701
76831037
76860432
76889932
76919317
76948632
76977999
77007399
77036872
77066360
77095764
77125187
77154600
77184070
77213579
77243033
77272451
77301918
77331257
77360592
77389971
77419427
77448820
77478201
77507545
77536934
77566344
77595658
77625004
77654538
77683872
77713185
77742536
77771919
77801350
77830747
77860022
77889410
77918736
77948090
77977462
78006848
78036245
78065671
78094999
78124455
78153892
78183226
78212568
78241965
78271358
78300730
78330135
78359557
78388998
78418412
78447836
78477293
78506596
78536010
78565428
78594746
78624216
78653674
78683046
78712297
78741742
78771159
78800555
78829886
78859313
78888665
78917958
78947297
78976685
79006066
79035517
79064956
79094344
79123632
79153136
79182525
79211907
79241289
79270682
79300022
79329458
79358883
79388270
79417612
79447066
79476575
79505952
79535370
79564823
79594125
79623503
79652828
79682303
79711818
79741163
79770571
79800047
79829399
79858812
79888179
79917604
79947053
79976526
80005859
80035219
80064571
80093971
80123478
80152923
80182368
80211723
80241099
80270450
80299921
80329328
80358678
80388191
80417622
80447003
80476344
80505789
80535190
80564634
80594130
80623438
80652913
80682327
80711812
80741270
80770733
80800179
80829570
80859035
80888444
80917851
80947260
80976704
81006159
81035585
81064977
81094307
81123709
81153112
81182472
81211922
81241269
81270637
81299995
81329384
81358771
81388133
81417583
81446976
81476471
81505920
81535290
81564646
81594001
81623434
81652927
81682280
81711640
81741056
81770398
81799831
81829169
81858584
81887949
81917346
81946711
81976117
82005543
82034842
82064258
82093665
82123038
82152429
82181759
82211055
82240375
82269710
82299101
82328545
82357970
82387458
82416870
82446220
82475691
82505012
82534511
82563884
82593377
82622791
82652162
82681591
82711021
82740436
82769818
82799345
82828789
82858289
82887720
82917108
82946530
82975962
83005310
83034743
83064212
83093703
83123117
83152446
83181863
83211260
83240681
83270047
83299430
83328822
83358188
83387642
83417033
83446564
83475883
83505313
83534736
83564127
83593583
83622916
83652258
83681686
83711115
83740429
83769763
83799120
83828578
83857998
83887271
83916552
83945982
83975455
84004847
84034219
84063560
84092963
84122328
84151656
84181077
84210495
84239916
84269361
84298795
84328227
84357703
84387101
84416534
84445992
84475371
84504708
84534088
84563606
84593086
84622454
84651793
84681152
84710530
84739916
84769268
84798734
84828075
84857399
84886929
84916322
84945712
84975202
85004589
85033963
85063372
85092779
85122237
85151604
85180968
85210337
85239720
85269245
85298573
85327928
85357324
85386725
85416207
85445608
85474996
85504426
85533869
85563336
85592773
85622175
85651625
85681114
85710482
85739880
85769250
85798569
85827963
85857329
85886758
85916126
85945659
85975179
86004567
86033920
86063361
86092743
86122104
86151485
86180980
86210355
86239761
86269087
86298541
86328020
86357474
86386812
86416133
86445577
86475026
86504400
86533753
86563181
86592592
86621951
86651447
86680929
86710345
86739830
86769230
86798642
86828051
86857442
86886859
86916183
86945625
86975020
87004336
87033761
87063071
87092492
87121968
87151340
87180793
87210231
87239685
87269034
87298465
87327857
87357362
87386776
87416197
87445661
87475115
87504502
87533956
87563358
87592741
87622141
87651506
87680923
87710292
87739715
87769104
87798491
87827921
87857411
87886838
87916204
87945696
87975116
88004524
88033921
88063336
88092696
88122095
88151504
88180864
88210265
88239675
88269089
88298583
88328081
88357494
88386885
88416332
88445763
88475235
88504717
88534008
88563269
88592663
88622108
88651486
88680919
88710351
88739846
88769117
88798418
88827793
88857178
88886550
88915998
88945315
88974649
89004096
89033501
89063025
89092368
89121797
89151189
89180636
89210044
89239414
89268824
89298271
89327744
89357276
89386676
89416060
89445530
89474934
89504340
89533679
89563076
89592424
89621824
89651208
89680694
89710164
89739686
89769112
89798560
89827969
89857342
89886736
89916063
89945496
89974974
90004276
90033646
90063126
90092483
90121884
90151232
90180588
90209961
90239496
90268914
90298309
90327752
90357167
90386665
90415979
90445479
90474829
90504199
90533652
90563045
90592408
90621786
90651194
90680605
90710032
90739481
90768800
90798158
90827572
90856934
90886254
90915589
90944972
90974448
91003895
91033303
91062543
91091902
91121287
91150782
91180251
91209618
91239089
91268494
91297915
91327385
91356769
91386070
91415448
91444980
91474448
91503751
91533090
91562502
91591803
91621203
91650573
91680035
91709470
91738866
91768315
91797723
91827202
91856667
91886121
91915454
91944827
91974273
92003713
92033078
92062545
92091926
92121377
92150711
92180172
92209612
92239008
92268316
92297766
92327253
92356734
92386077
92415409
92444844
92474257
92503544
92532977
92562352
92591691
92621153
92650586
92679998
92709379
92738818
92768233
92797642
92827115
92856620
92886065
92915469
92944874
92974214
93003529
93032918
93062363
93091687
93121081
93150447
93179936
93209291
93238734
93268112
93297591
93326962
93356415
93385856
93415333
93444641
93473986
93503391
93532869
93562203
93591545
93620954
93650375
93679810
93709205
93738637
93768058
93797417
93826876
93856209
93885589
93914889
93944238
93973643
94003025
94032407
94061722
94091187
94120602
94149995
94179426
94208865
94238268
94267671
94297136
94326476
94355886
94385330
94414659
94443990
94473424
94502874
94532310
94561725
94591090
94620532
94649962
94679376
94708765
94738056
94767544
94796915
94826305
94855746
94885019
94914407
94943859
94973250
95002672
95032166
95061614
95091112
95120533
95149934
95179335
95208789
95238218
95267546
95297030
95326409
95355703
95385027
95414442
95443859
95473286
95502717
95532171
