1.0906159944573213
1.0944508884196653
1.1051087819831769
1.1250151431490962
1.1192942581619247
1.1085064699484866
1.094643231346342
1.1025936222763981
1.1068572360958282
1.1067030276399668
1.0958583073830737
1.1000972068931105
1.079137623774107
1.0873196293607634
1.1018426329518614
1.0958622922867562
1.091313478869077
1.09026406112771
1.1109925651260824
1.1226252833570731
1.0888567366540691
1.1049589530712178
1.093033170097601
1.1082673071211302
1.0905225740661706
1.0873098861744883
1.0808877628797782
1.1025925612818739
1.0901310501541994
1.089415954961725
1.07903558787206
1.0779934549778103
1.0773043981679686
1.0785493383369134
1.0846561408363726
1.085504755526141
1.1003223757510268
1.091200191018085
1.0832374072319244
1.0916580677003251
1.0792615722335281
1.1102984946808898
1.0762711780818546
1.0743527917837463
1.0888858393579333
1.0709796315139855
1.087839704434678
1.0795730592546033
1.0919027008405406
1.0989624842345427
1.1027687881795867
1.1108689469348443
1.1161664453975135
1.1082891667442543
1.1027772511598073
1.0957682108463653
1.0956979608163038
1.0919033401761757
1.1067620643547955
1.1129396218729448
1.0951525111648523
1.1006864147667605
1.0905044757745697
1.0896651825751575
1.074473088052681
1.102024430493537
1.0934953799201441
1.0907384791769017
1.0743281810523282
1.0836921342333519
1.0896484902492263
1.088233335858412
1.0848767603082052
1.0991556897011692
1.09868402270759
1.1103890810490207
1.1010176716143771
1.102884575259921
1.0885810751270932
1.0808674272143897
1.074908569265829
1.0954544735310636
1.0877728691774151
1.097521809546339
1.1043340228216845
1.0813059675187353
1.0915594774882176
1.0959166750755576
1.106009483001852
1.1045595326815416
1.1022485232953085
1.116981233586304
1.0904949965031245
1.09374776975098
1.0925140234423214
1.0892710292655832
1.077533238564392
1.0949134706734527
1.10374402199169
1.0890947281406365
1.0892336640246507
1.0990974087406968
1.0929946765336906
1.104455620536352
1.0906818249175014
1.100760166424047
1.1038436288331643
1.1003188672611866
1.0936154808336465
1.091858413733461
1.095915412220694
1.0966775236232926
1.0851142130698064
1.0868126765603765
1.0924367403541515
1.086609283328443
1.0921624548516942
1.1037647140184281
1.0876047828128241
1.1107679061805613
1.094068309819196
1.1034186089529585
1.1065922215304926
1.0820383125392947
1.110558316616574
1.0933927104498216
1.1049735828193818
1.072751631761811
1.0944806366835027
1.0906431504022687
1.0872555324290265
1.0716048627171488
1.0771641726803898
1.0730497529557517
1.0970408340934468
1.09600947269456
1.0897595531144304
1.0865128174783354
1.1018448965837138
1.0981352102607702
1.1098796362171617
1.1119901221468285
1.1043392310597822
1.1115726819753642
1.096889754024321
1.1011041212035484
1.0970997798037956
1.1049035721423492
1.103815461644704
1.101855150501204
1.0919875250188382
1.0991554687689913
1.082861866048646
1.0879762511770996
1.0821915369130688
1.0866505737338126
1.0985186603287953
1.0706932446542448
1.0948615675685354
1.0766228752481626
1.068468062556462
1.079653755752781
1.0621042916368237
1.1025965368713864
1.0932319725231197
1.0982513079835299
1.0918187698755064
1.103846688289728
1.0885521074705027
1.0852706132114172
1.1002412802476422
1.0860793750835116
1.0807623875417973
1.1122106030692318
1.124374784031152
1.107749769913319
1.097630250890551
1.0995757664640906
1.1019229461068607
1.1090979042500217
1.1316538803492877
1.1266539047303405
1.1174634573043065
1.103805831426227
1.1242223461591454
1.0905195145670432
1.1041703507516236
1.0881030793768902
1.1112526002828167
1.0877476918880435
1.1036796149519241
1.095418683165734
1.0837354787493534
1.1004779524665946
1.1134942166467612
1.0928455366793153
1.0892819408589878
1.0952638014820217
1.095431261758009
1.1151683228190392
1.0987696966640352
1.0855767893754638
1.0994459025598657
1.096102972091045
1.0875962487762103
1.0976155604821178
1.105183752763272
1.108520005492692
1.09222977252765
1.1126628725014647
1.0817768372891186
1.0878382148990935
1.086828233382942
1.0868319354531462
1.0901245297803932
1.08451563251823
1.086807991354532
1.0892024635385538
1.0918235076984415
1.089555726875599
1.1161377555033969
1.1090698012558908
1.131535599859931
1.110505235346895
1.1080696704258863
1.1008008520393842
1.1162884090452574
1.1064492281266691
1.0965437753021576
1.0934093353412382
1.1057799446084053
1.1195606532643012
1.1064802713145063
1.125032728695858
1.1166642386259222
1.1059452037593818
1.0958972827188895
1.1009830721610563
1.0961797346512494
1.1023686185510704
1.0888845489619765
1.0896920102793857
1.090330279998396
1.1136625850586528
1.0945104838610207
1.0892257538337813
1.0929488155070197
1.0988872094963482
1.0941863886503924
1.08836838994241
1.0858890503089405
1.0756697881345798
1.08476917670134
1.096766517595361
1.0965036556175454
1.0859759941637277
1.105639846959483
1.1069470609525205
1.1029881023330916
1.109898343816591
1.114777993876328
1.1039207138640585
1.1044823967221113
1.1097681979815914
1.1042596411034014
1.095742601286847
1.0995273436960789
1.0997946139354373
1.1018376284430178
1.1051214312111752
1.0988867919208662
1.0965094823758732
1.1008007294380429
1.1000026239366114
1.104415418065494
1.0884327226083554
1.1058347395289432
1.1045616615117966
1.100490187387921
1.1041027726691128
1.0770309116231451
1.0813706972324009
1.0919768546917321
1.1069588103561987
1.0894783595908755
1.0832898699984799
1.0895968287548532
1.075350652703266
1.077530661305501
1.072936544170651
1.0881364361590564
1.0852599779823875
1.0937510907026304
1.1053180440087895
1.0948275678440769
1.1154567150756467
1.096992950529197
1.1119896758529273
1.0905923847856611
1.11005841456119
1.0927861977966704
1.088216204668127
1.0879083123989717
1.1068662587814062
1.109439988012935
1.0931941870736503
1.1050751350587222
1.0935192936052593
1.1055683366184925
1.0933630591788541
1.09129644475097
1.1095063568029673
1.0913322651371513
1.1044988726263965
1.089782956997643
1.0889372000146547
1.096946110073385
1.0994594961070687
1.1108043375796273
1.1111130106195277
1.0943044070904515
1.1027246817928265
1.1050313790919613
1.105164786798852
1.0987016834951542
1.0871722909535837
1.0927677513425973
1.0917425566238574
1.1131865025443912
1.0948573739851732
1.1145712017219078
1.0941273695429508
1.0928091524052568
1.1064019791200996
1.1034328997059009
1.092759618087967
1.1099375926477175
1.1050351023168345
1.1237192158713702
1.105139574126248
1.1136303157072274
1.110203829283055
1.104977220415416
1.0940266525104108
1.0889238169374764
1.109460152496737
1.108565352356342
1.105713837736399
1.0929181471875182
1.1016998140581489
1.1156884049093918
1.1109481472564648
1.111919295417594
1.0991625511999286
1.108653930028622
1.1210705671533983
1.0957400651727083
1.0968257378801565
1.1064106186079576
1.1102875479399792
1.0859568367174741
1.10382771592915
1.1204588754702518
1.0993652691153242
1.098632307016784
1.0984873980366072
1.112252035597003
1.1052369874675043
1.101287102783274
1.110252516736923
1.109562206915991
1.090140396373135
1.1016253098579485
1.0968349156944732
1.0963623549986141
1.0980679819634487
1.0896366711370793
1.0965490724611335
1.1001786411266243
1.110125471765964
1.0991700467741952
1.1017150707733383
1.08594514553862
1.086813096648862
1.0858708728693565
1.1053803574019512
1.101254685426602
1.0907525958772464
1.0959124421730786
1.1088449738667898
1.088829458649792
1.103759002551457
1.1021710922598473
1.09992539614649
1.096921456302422
1.1137641479346594
1.1247868318748138
1.0971578416342151
1.1017035747242212
1.0838878969659147
1.0969594357802246
1.0904195676619066
1.07974679310766
1.108027057100086
1.081857826006765
1.086207233450505
1.1027890812719479
1.0784921162640682
1.076991949743598
1.0924278266405703
1.0821907382710232
1.0815481216642444
1.093293626904961
1.0853070811449732
1.0804109129227948
1.1004204349488573
1.1083491232249356
1.0862088057859776
1.1046940734996826
1.1040808671831583
1.1014566804314234
1.1056484428019648
1.1183166983682662
1.111285800634478
1.0979162071040693
1.102193443357962
1.1015177374570486
1.099284797926672
1.1122774581336932
1.076416419692257
1.0989209780296203
1.119752995594724
1.0855454112799743
1.093540292527358
1.090118659511248
1.0822811015566154
1.0931926631602082
1.0900496811941802
1.0921317899780674
1.0868978321527558
1.0943675118901575
1.0983396656938966
1.0912963371879107
1.0984755254402099
1.0959441595214738
1.089960172201688
1.1016009435551526
1.1093026321423263
1.0921740634064214
1.074151200243337
1.0802953225307403
1.0926921023607734
1.0818130300038193
1.0912017605014976
1.101062085753524
1.0874193822812575
1.0998565916451615
1.1012321344183018
1.1000417419982835
1.0955238826716642
1.0929813416655796
1.0969217867592094
1.0910671518164432
1.094941961753156
1.0957027595199595
1.0879078219824108
1.0866174043719585
1.1051936840568244
1.1059816464624512
1.1159880335339103
1.1079060711394744
1.106466771588245
1.0933911635096676
1.0913613403925293
1.0874670617940128
1.0930931166439115
1.0837242852694242
1.0788896473287122
1.0791416931415285
1.0976777237253559
1.1051641284227667
1.1062807198323314
1.092010566078499
1.099677245168972
1.1119677807016521
1.094504825815733
1.1059138242395972
1.1117487927613523
1.1133039754917164
1.099706290839657
1.0943385999111017
1.0990474846274716
1.1113533921257255
1.100683739645012
1.1126962595918624
1.1242806365660083
1.1056187560347357
1.097622517086252
1.0989603023920838
1.103942835444863
1.1066278890104315
1.1200664073087379
1.1293545425526612
1.1222627780606562
1.11245185420714
1.1214644821192745
1.105279671223664
1.1049786058795439
1.1093934426351648
1.1201679468879968
1.1056089361948218
1.1061764330518817
1.1126310913888016
1.1102328497644376
1.0872267284449324
1.0791485859383099
1.0877117249705186
1.094585626435288
1.0889855987813228
1.092789650257949
1.0803117044235844
1.0715720711638994
1.072714808907932
1.0819767413833816
1.095925306002192
1.0948597533897917
1.0848659223540393
1.0750115298057312
1.1044249351223474
1.1045830397754506
1.102969281646751
1.1030794714362782
1.1045487465906167
1.0969568379696215
1.1021602898179172
1.1064185095778325
1.1052359504135882
1.1018523314450959
1.0941508232594488
1.1185502470989093
1.1133777660775808
1.151240644772828
1.1397778823975082
1.1113978905701067
1.1066630766513748
1.107183486761396
1.1108598477068354
1.0940065636953171
1.1130351377316665
1.0989602509769458
1.1059293732991424
1.1001990801980552
1.1084876096063785
1.1205730178826732
1.0958968435828675
1.100602786358452
1.10165493373131
1.0993651289565047
1.094917084449427
1.0852998293781597
1.0870414839807538
1.0858855550574282
1.0961963045859866
1.1032456158304864
1.0996668161364294
1.093504323704272
1.094083281338555
1.1030621946861645
1.1006380069084871
1.1082877674689713
1.1120532613859073
1.1069264339806146
1.1082893971746408
1.1004379792622627
1.0957764197136288
1.0823947389588806
1.0809990036868546
1.1097446173285186
1.1036592204043385
1.1007466368916687
1.1091798437146456
1.1059426396898528
1.107228715386727
1.1044800375826558
1.1021225308724962
1.1224092279753126
1.1081608731191994
1.1013565326230648
1.1104824751206572
1.1038133810975395
1.1182119771709584
1.0952535226196425
1.102981255346104
1.1139086020408393
1.0875752548738995
1.0934829438372384
1.0993750659884147
1.0999408811173796
1.1045425701436382
1.0783003373709803
1.0909959457141927
1.093419290895747
1.0783839319306052
1.0981141998509285
1.1062630884900462
1.098362528454297
1.1087791200401904
1.0902160306655404
1.1028852021633058
1.0912748545073376
1.0970193024111263
1.1134426491883849
1.1062965708701515
1.1102530748959105
1.0980827735433019
1.1017415991318182
1.1034441626431168
1.0946599873365388
1.1057059596663867
1.0959425702836278
1.1068702853695493
1.115689317335502
1.109590183451645
1.10440192216288
1.0957980827886804
1.1020183823785226
1.0848012002212242
1.0932124044549396
1.094246496653129
1.1043569542601932
1.1163619662485105
1.0946948764730382
1.1019570855416696
1.0954755354713477
1.1103098938084033
1.1047292850825625
1.1188144971316345
1.1085741264183522
1.10442915616683
1.1018892160263758
1.1041551650050736
1.1020011692963014
1.1015031633354209
1.0927953371745938
1.1091902543016365
1.0902997602166298
1.0810049918654983
1.098908640388622
1.080532889638853
1.09485162615698
1.074220909475272
1.0741793676190523
1.0683751430312864
1.0832791876455388
1.0989822084114274
1.0846345385298424
1.0830881605584455
1.0952719064363294
1.0999250966496006
1.0892238968685535
1.0941792851385852
1.0928452889074016
1.107839760222901
1.1037728438799626
1.097713301675935
1.1087680494717678
1.1055164148031782
1.0910056586340975
1.1138211495305999
1.0965484394434304
1.0933365392108498
1.1031072322821713
1.0893780422551678
1.1131131951978377
1.1064623984280637
1.098938794294995
1.1029298079228904
1.104018745437745
1.1160692274406534
1.1034083253218716
1.1024543781707228
1.12108739931756
1.1068592949102631
1.1180057843475861
1.0998701160159698
1.1089324662430404
1.0895662939789885
1.100491674810462
1.1063023746962497
1.0966372751608375
1.1096681998459896
1.1192583278483441
1.0873474141230925
1.096164852700067
1.093377274616787
1.1027802891420864
1.1091568254082205
1.113573723029353
1.1115069566742197
1.1110662501824833
1.1138337880583014
1.1140309728018067
1.1051915873164504
1.09149362078461
1.0982490184054865
1.1083449322552943
1.1082265810254122
1.1130753278863137
1.1059832419752262
1.097849549375873
1.100868284253375
1.1013750515971756
1.0913402143364168
1.1005771289270778
1.095221832791526
1.1033276348056564
1.098327638333893
1.0941043753114736
1.1128856262659097
1.093718891396593
1.0925386211518013
1.0744500357216151
1.0968655550796367
1.094660726823722
1.105028172648661
1.0938027775356571
1.0994519636989035
1.1094749685901097
1.084449998499533
1.0907346784063496
1.1076125838074713
1.108512151661331
1.0916710787964963
1.1097665823380907
1.085700496447076
1.1138187529930463
1.1074544046345314
1.1037331169966258
1.1030801512751496
1.0960590976559375
1.1001277035714754
1.103288453124406
1.0946673161018645
1.0987176166440988
1.115657033122693
1.114830714666603
1.0939971969172753
1.1148754114307695
1.0907941353936588
1.1052654392341292
1.1085751440466063
1.0981623727617522
1.1058760272312846
1.1060843130928029
1.114089698868776
1.0997066137287073
1.11827191235628
1.1113647196920955
1.1086280416548593
1.1142742955180323
1.1214254680327713
1.1307662796187201
1.1246549561903152
1.1179634946405583
1.1149795006227943
1.1059320796652452
1.1062064955312598
1.0940032531920554
1.1052333409016848
1.099300190009106
1.1092426291413353
1.101747150715482
1.1141776349896422
1.1080164462620261
1.1281698141682635
1.1143982989359174
1.1034657063410136
1.1152110969002538
1.1032814750506361
1.1167164016399902
1.1221074335507948
1.127422894080034
1.1291684946705418
1.1231011010394845
1.1308690805874615
1.129395408342358
1.135477539941435
1.113257113604649
1.1313957373077752
1.1259400666695685
1.1308916210187094
1.1328141226114379
1.122028258618537
1.104398217214884
1.1173724191469654
1.1092196275753095
1.1045209110303813
1.1207980613107638
1.1039121032494967
1.1177192830500677
1.1104850355928992
1.1085863466668253
1.1122375570732133
1.1051543922999991
1.1131065396699558
1.1224355244013284
1.1099460945973072
1.1068983285316554
1.1320871809649105
1.097052583969536
1.1023739293827612
1.0921406091180765
1.1221504207756767
1.100330406139387
1.092557211760529
1.075418396856955
1.0754658940385127
1.0901422184158895
1.0977142300293232
1.0802014426896327
1.0745843628519542
1.0821223165976783
1.0975713282729214
1.0988652842668074
1.1052746442898964
1.1073117687638352
1.1080825554482152
1.1046291723023265
1.1145444000841058
1.10608729691915
1.1089649742496623
1.1075412788050194
1.1184494871262463
1.120373344905342
1.1175120117299582
1.1023006972483795
1.098576217119104
1.0951160652941323
1.1052676872019442
1.095483045679628
1.0942337503187007
1.1096851219582105
1.0939807454250157
1.1066247396902473
1.107890401929478
1.092095411768209
1.1009547110611144
1.0961361154273757
1.074848287274157
1.088649077240644
1.099853338828047
1.101161942749984
1.0921648114484537
1.1065835833937037
1.0940205616600678
1.094248396537012
1.082548064019928
1.0971555098923877
1.108707526945229
1.0991115656674844
1.0960794334984645
1.094306621238627
1.106525579446866
1.0891502252998473
1.0990597575269798
1.0971195190238578
1.111993276322921
1.1034738298803604
1.1039948618324544
1.0999095961190937
1.1054310735414963
1.1143756084426175
1.115624464561101
1.1150855510194753
1.1225590127531078
1.1176532058625437
1.1186565168532896
1.119280076945714
1.1188049291471458
1.1234501859937973
1.1123366518815856
1.1100865783257314
1.0900988632393933
1.1019862578829216
1.1044086535869242
1.0857843703775771
1.0987009570959139
1.099545545068191
1.1018233747620911
1.1133705143681254
1.0982474064219767
1.1092191992798486
1.109473070601895
1.1003738687750335
1.098654560746704
1.0669815760586623
1.082351690373962
1.0888586958828683
1.100197322722191
1.089134761897177
1.1055248867413554
1.0900739149811471
1.08770098716507
1.0914355100247959
1.0859273542819738
1.086151953762525
1.0946948357516018
1.0818577815974304
1.1122243377635637
1.108791335460466
1.1001305193819797
1.1114697467528114
1.1070336614633387
1.0996337909227614
1.0991092789059738
1.1019979391153376
1.10075826942237
1.097717193791964
1.1280619433424433
1.1096260525908637
1.118706476953187
1.0905162764214253
1.1048791470120891
1.1156639150359688
1.0974903074943643
1.0869413493123241
1.107179240261749
1.099719773317769
1.1148205808413465
1.0923748920628606
1.100577033953029
1.099417595199935
1.080498898930309
1.0834848403777375
1.1025139462390623
1.0827261381324371
1.091762509728946
1.1045664446706054
1.0983056063131689
1.10531706429458
1.1055226948682084
1.114096313192885
1.114211323781592
1.120141106523833
1.110316174518406
1.104382356719214
1.1006847381578666
1.1034010789783528
1.1024985050834064
1.093901740901585
1.1002527375822277
1.0841828988612021
1.0909623743408021
1.1045872234349297
1.0961789001987747
1.1099718352345613
1.0959901087956023
1.0998461660814893
1.0958739872727923
1.0969078142962188
1.0934192658669006
1.0948483803391709
1.0870927301143922
1.0966167825655404
1.104214123335749
1.1121117836796244
1.0980976115332135
1.1028556169185868
1.116501057603553
1.1178553955114863
1.1143400615998638
1.0865591943350499
1.1052763503294514
1.0869251595266292
1.0839253688869426
1.0974053331981162
1.0857616948846878
1.0743922931698335
1.1000256286134737
1.0825340017157399
1.0811972901410916
1.101862643311471
1.0937418361612743
1.0956482351356498
1.1131627691674617
1.1002232100454685
1.0988043912982262
1.101570453062936
1.0883246481597189
1.1038037423322296
1.0997257315385736
1.1019466474517232
1.096437580823485
1.1036919788202637
1.080973560772506
1.081410204889947
1.0935588022257625
1.0797237738689653
1.0997343844382093
1.1006301485115224
1.0978071964936458
1.0882906195905273
1.0971717563582972
1.0667042400033255
1.0861644066075922
1.0981866188125136
1.1129032726555927
1.087189232185963
1.1036724301648708
1.1056794425138565
1.1205270868279051
1.0937115313153272
1.1153747972914003
1.1222738397435985
1.107352161348039
1.1003251687871238
1.0849775187341881
1.1026120673395012
1.1018520737080864
1.1124506635778624
1.1015040430617595
1.1043924070759807
1.0903903429614608
1.0937456711586167
1.0860040240384579
1.08333594873114
1.0852101114624682
1.1003881124412156
1.0961793819036014
1.0896233624309715
1.1058589127958507
1.0989436751460326
1.1059040839574712
1.0993535175088822
1.0959228428472076
1.0880974009452054
1.1159881187524372
1.1130044356879343
1.109783615117287
1.1040150078282256
1.1120719915118222
1.1066546956499688
1.1209137594659113
1.116842739568749
1.1119466998206737
1.105048766815572
1.1131622347229329
1.1086712529773854
1.1166118947306316
1.1190605620337764
1.1042856483949586
1.1120181467770427
1.0979350866146755
1.0868355328449482
1.0877116975164791
1.102398282911862
1.1059012335143392
1.1185736090487266
1.1088344646137875
1.1089661867006364
1.085205117937277
1.0798628945338726
1.107593504258991
1.105362661389547
1.102554898007563
1.1035425983741871
1.093368659415149
1.0745522110899812
1.0760356736942223
1.0837429138138166
1.1082880010899112
1.1038177579222268
1.0934655413853493
1.104624233915308
1.0908329805265882
1.1052243664729628
1.0960494078391796
1.1191879013706354
1.1105766369148986
1.1183942972325887
1.1259184295260112
1.1050984992695656
1.0897237846085863
1.1235422900939236
1.1019152997653845
1.1043417317817483
1.103926950484442
1.1076508004992762
1.1031572053942436
1.1289828450757695
1.135125412320802
1.1201440222751753
1.1345530196618332
1.116468683720798
1.107776932199591
1.1219073744257182
1.1179165761955456
1.1144158802958724
1.1178016272090505
1.1161570488824584
1.1108421405204212
1.1141717895877687
1.1066482304457304
1.098327354071742
1.1113917705561631
1.1183257649034697
1.0942842286771945
1.0733626533147922
1.0993349149734613
1.0812889006382669
1.0924704531393898
1.1094221437253173
1.104905489842547
1.1197615624551802
1.104336538759123
1.1057407945002544
1.1172883470434765
1.115199988218567
1.1077743051825069
1.1037665743001484
1.0812523219326668
1.0916419902302792
1.0819345504197937
1.1154399143199083
1.1319179211452255
1.1107891595763353
1.1008201539317075
1.1140549183592716
1.1067872298909105
1.1161262172086381
1.1309842247638988
1.105745125610242
1.0872062242586673
1.0919693666676644
1.0913210026583435
1.0924790513695195
1.0924346788758872
1.1066558695958044
1.115337579431434
1.1158756345491427
1.1267458582374148
1.1059174677749763
1.1197212759722266
1.0998151208274938
1.092281012754659
1.1114805418791334
1.109207196971028
1.1263268913280888
1.1048328002666654
1.117359419730616
1.097839997624905
1.1022412540457855
1.0809540327967935
1.1108041415513314
1.1129022121557937
1.1061019096714524
1.132502629234887
1.11727662886255
1.1194580392921247
1.1010465375988128
1.1038125359065618
1.0927594615717435
1.0995257712597273
1.110820597458891
1.0865513732308627
1.1059813205484315
1.083932707025634
1.086130393863046
1.075740184617132
1.0948283891668529
1.096290865394813
1.0860547933230054
1.1007302573975264
1.1017113139778982
1.0877696679532005
1.0908662091316255
1.0983019335703705
1.1014167007954434
1.1032169264041936
1.1144773241672705
1.0969166148620986
1.0993073223350516
1.0791351546618768
1.1012747522928708
1.0885348077683061
1.082304391727912
1.0838203344786286
1.0952104859437524
1.086430348033067
1.095123767843186
1.0763943623443106
1.080862950968391
1.0982313952205964
1.11920607071675
1.084906349144751
1.0914360451467444
1.090604121256782
1.081756247715013
1.0785484965625622
1.0791184525473203
1.102969110684992
1.0937902660104768
1.0834248182657196
1.0886362369353648
1.084570798254274
1.0866775724059283
1.0888913675091272
1.0797027119039995
1.0858121354027819
1.0977608039387787
1.110125137300387
1.0863974721617173
1.101119867640267
1.1021280864438914
1.1013332584617896
1.092130871089602
1.098793675529773
1.0884427372460876
1.0977995465533656
1.1038350340852008
1.1049144765281262
1.0939989336451998
1.1073715904258825
1.1241053610701845
1.1182048353281642
1.1168229913593897
1.0993851496046037
1.0995920863443565
1.0951685744884505
1.0939091689938893
1.1041072374278746
1.0957455287999553
1.096750285483233
1.1085708425180139
1.1036807150325578
1.0881452046871833
1.0751420510667848
1.104549332107261
1.1049111839121877
1.088051130497481
1.0839090979390085
1.0885964031191289
1.1099819320667004
1.1036891766044952
1.1050071345262145
1.0969050590949871
1.0910267366770077
1.0874174925504172
1.1038425694415495
1.1127087092511379
1.1031185292788277
1.0949987858256236
1.1040807669566712
1.0978700205951042
1.0871853161938483
1.0963870911203575
1.1003510349576597
1.1026855045476014
1.104156485488233
1.0978128682295312
1.1067604892815932
1.0976263013053313
1.0941769940992367
1.0966097871503409
1.1086542118677973
1.1036292148607107
1.0909068571008884
1.091919283380172
1.0979684894650377
1.1131562143961407
1.0927834680296526
1.086748648124963
1.108234266087238
1.096744022058961
1.0953627525698724
1.096697132980555
1.084380441625212
1.0882393393227419
1.0934438644960824
1.105489501193389
1.0966411039378792
1.1029162722978265
1.1035046539945155
1.0990234551030862
1.1039622385805583
1.1196543361623017
1.0948961122498895
1.0968743429885097
1.1017233777568887
1.1120755173199617
1.1056366733386773
1.1070054443359094
1.1001913876815108
1.1087306656485612
1.1030111432171563
1.1133197431912758
1.0891599117976343
1.1026387179295416
1.103206022483553
1.110989212880158
1.1307617672845172
1.1149292588814683
1.1061535706456764
1.0901209156422882
1.115655361420527
1.1140859332750122
1.1023648438984726
1.082904394636757
1.0825755520257005
1.0883098094024735
1.094251258689745
1.0907596521879972
1.1006056317576032
1.090508635056306
1.1139211631345378
1.0910083643281019
1.095565312078825
1.0777619519228154
1.0943911617362307
1.0957762650495466
1.093605415491346
1.1002320112457475
1.1099455081782068
1.1069385063422714
1.0999682243561346
1.1076471827094854
1.1140179902664122
1.106297822812221
1.1243994507557886
1.1217656530110962
1.099966076678805
1.089451813857049
1.1042603707200076
1.1142721754946376
1.1142215048477684
1.1248500322378374
1.126520908955313
1.1156155210621685
1.121778121520089
1.114169993283287
1.1093584274838313
1.1062903006472107
1.1256974171915108
1.1199080988456767
1.1240854287139164
1.110302933713462
1.103410894092318
1.1050396949850072
1.104722281033899
1.1100841063707243
1.1021174061343295
1.0938919814892643
1.0984713450143802
1.1045214478575267
1.114665295188895
1.096931162361831
1.1062874320057585
1.095646323370231
1.0859683822397246
1.1128443828756058
1.1169196779338146
1.0956159220297252
1.090501344835739
1.0985635611500513
1.1045497812702194
1.0963974423402303
1.0889437960003747
1.0954849069268189
1.100581276142362
1.125268978756305
1.1082001041950769
1.1016859405294914
1.1185344439326412
1.115224458376645
1.1022240500965625
1.1206202167080477
1.1148364596847873
1.1122562274374304
1.0861851997117484
1.088703599858055
1.104036889621383
1.0989480219563283
1.1133618273456287
1.0980904894153956
1.0964762991089327
1.1004471129977165
1.1037994456953326
1.1077208018605227
1.115811587731744
1.1185646325904384
1.1001876616839148
1.104773187008424
1.0986995065898273
1.10737198933805
1.1004496289918135
1.1059474671459948
1.0914531079894774
1.0832080714617418
1.088706500022855
1.0976162557797267
1.0970429702297708
1.1048218796234106
1.0859385530453447
1.1023238956168466
1.0887796373443193
1.125207222324894
1.107122917180099
1.1032639316718544
1.1070716574953718
1.099182268019914
1.109838478560322
1.0877657861612686
1.0896203476674369
1.0937247205073888
1.103721477332523
1.1051760438009781
1.1122613732300728
1.0869222115125712
1.0871251325645088
1.076571228652457
1.0868664263820844
1.0998412921313396
1.0863547159364997
1.070238984208492
1.0883831190886302
1.0819878956144722
1.0840029990467883
1.0898873818302646
1.069919244739106
1.0767557042110838
1.0733419046653765
1.080745062100762
1.0730668300654036
1.0685478235780024
1.0736957811574421
1.0943872377164132
1.0919734318384084
1.0973159412123277
1.084356203985956
1.0806192844428737
1.0943951908574856
1.1106009507236427
1.096534871504952
1.1012966613803323
1.093690233812292
1.0960525335658182
1.0975206475889083
1.098058078774291
1.10965675704837
1.0993083191794917
1.0967104226238962
1.121980692806471
1.1098597434515767
1.13185031852791
1.0980696083934438
1.094632385529248
1.0974545680755265
1.1077050524116778
1.1054783635347318
1.1153980250984736
1.1071825953051362
1.1067000629933599
1.104704573373313
1.110352157479532
1.0963465982994998
1.1060837510655654
1.100053371350989
1.1200794669429368
1.1136613014361938
1.1170682381625117
1.1047331320920613
1.1075279377281075
1.1094482562305714
1.0996174336414444
1.1077848562021864
1.1178205867811513
1.0786176839925155
1.0856054887633777
1.0963783576161088
1.09640662557422
1.0911367704955042
1.0866756543470268
1.0871118715641495
1.094575447150188
1.1008472327091847
1.1037231796456748
1.1050904124477634
1.100906229386297
1.096305877313654
1.1070173009571893
1.1073940702431424
1.0958469107512374
1.1195513783791284
1.1337359392480275
1.111351920304223
1.1052258614470436
1.1194356388086957
1.099941395403838
1.1187986484410493
1.0997811472218326
1.1015163910891925
1.1246040335226686
1.1181160788788427
1.117557188795696
1.0956141447924055
1.110337072527673
1.0992373440940701
1.097456996626266
1.0757814508866714
1.0877838856757704
1.096498487850143
1.0887708701978465
1.0963364875228212
1.0765201790452519
1.0820485136330382
1.0978982994078534
1.111991227217752
1.1023574591531964
1.0973693242241112
1.084833718435565
1.0941791648958346
1.093441266251073
1.0825058872212963
1.0984263603475148
1.0915445786843327
1.0806912794439798
1.1018710510819647
1.0951619184281713
1.1054839505161254
1.1060213152735856
1.079004161317986
1.096726939527017
1.1154651336599948
1.0877981168168205
1.0940866122335384
1.0927680492950735
1.0932849583046038
1.0828927603070044
1.0783259452953424
1.0718618839845877
1.0999922660507568
1.0902045452947804
1.0987464999267638
1.105736871429764
1.096351515857354
1.1016268418898614
1.083730916867858
1.0956809594141292
1.1050546757876223
1.0829145168659482
1.1122077858952313
1.091330706878225
1.1125382286779872
1.111749871706333
1.1156182393449132
1.0980151674841179
1.0972083546490603
1.112682111903085
1.0973966851095969
1.098747429608947
1.1005538339579441
1.095311645689815
1.089844688393851
1.1166966136534016
1.114247061077612
1.1141702876076578
1.1193010275808815
1.1209103277926158
1.0899662508304622
1.1008955344615954
1.1249334574424454
1.1330910853683416
1.1057358534104744
1.1092762773662108
1.1077065261992816
1.11577140761769
1.0921663620223117
1.0936772766979608
1.0918138623070104
1.1092821004821838
1.099137437709557
1.104599761060919
1.0815543461509247
1.0885066318134329
1.0696789577815597
1.0822393287208332
1.0846581409199323
1.0838562050660516
1.0914738437916807
1.098598610116139
1.0918421448187743
1.096457265684401
1.1025381019692055
1.1162055736987706
1.1215683027693952
1.1176073848481332
1.1186559770054396
1.0898389417169891
1.1051862393435419
1.09855907018008
1.0998822181406722
1.1058998515493017
1.0933744089496205
1.1148888198387463
1.113138255078155
1.1156501599059747
1.118135165400505
1.1260653342221496
1.104373510390142
1.093327265412935
1.0846250137553388
1.0894428925901063
1.0822227959010886
1.0970224113674942
1.113308702273084
1.0769912529700454
1.0988390455477157
1.0928985823174302
1.1005636371710228
1.1000061546156192
1.1164293971201515
1.121777215042535
1.1359256559543094
1.1255138929108806
1.1201734090575375
1.130506711459303
1.1147788143553592
1.115866151917154
1.1161239125110947
1.1292889470144243
1.1186095203177064
1.122805018779968
1.1138540977892069
1.115322675668129
1.1100694202161234
1.112396627771876
1.1235494894188325
1.1174529035889815
1.1064831565374165
1.1038305940384274
1.0965200327080098
1.0984911594548916
1.1072235897760874
1.0835922123300321
1.1075134535992903
1.1113676876036274
1.086498775201353
1.09875936059393
1.0945570441335382
1.0914607261895068
1.105008080545299
1.1012772020385682
1.1080802360897546
1.0996785211119895
1.0984053900072464
1.0976051228646273
1.080497238567281
1.0754195470059196
1.0941207749096025
1.07972196762821
1.084320747588095
1.0998652899427204
1.077616446875982
1.0907166816273506
1.0887650431379416
1.0837412646151048
1.0852610248885954
1.0784708122111977
1.1060112494842924
1.1062411457480825
1.101256794480954
1.1066990652639146
1.1019734057987138
1.0999240870552902
1.0997122807148991
1.1129776190021476
1.0944843368520445
1.088333950284583
1.0920395695910137
1.090594894993081
1.1008414467707763
1.0967157718783946
1.1065730326041927
1.091878045130044
1.092083926668842
1.1058528809944046
1.0880672165381566
1.082999456086877
1.078759801002587
1.1080146023857895
1.0934966225056169
1.0950285044920718
1.09284770806095
1.0787537074060378
1.093332617078228
1.093982686359565
1.0930681864910188
1.0894036495425359
1.1060563507280297
1.1125155516184515
1.1056882006171886
1.0991476542177447
1.083854375168211
1.0933264227651163
1.090469952479776
1.1058506695615546
1.1054725053720391
1.0942175041319349
1.089426823646723
1.0924130573143263
1.1133569063370614
1.1145650150283857
1.1168918288402585
1.1128114026245453
1.1052469530374567
1.0942007886174376
1.0921940300653707
1.0826868630102662
1.088733298659595
1.096819706223677
1.082792175853895
1.1004783270478913
1.0867983990057242
1.09656828589372
1.095429580083304
1.1101161945546885
1.0882237481255141
1.0981786707092964
1.0992217110157438
1.1075025348481986
1.104025371823718
1.1101884813169174
1.1170180848123956
1.092766048499766
1.106254455808298
1.115949281087539
1.1120620663648741
1.1274123455227638
1.0982256868089373
1.109667966990547
1.106332100641465
1.0957784046673944
1.1006115046370466
1.1007031147590207
1.097174145551634
1.111443268218698
1.1115851541765922
1.1212725974075193
1.1025171960184725
1.1098486704390962
1.111184354293687
1.1058894913238881
1.109614482212245
1.1053169513159282
1.1046849864858808
1.0904104143590632
1.1001306276525393
1.09792272152349
1.1079316099633285
1.10506093030531
1.1071239362330287
1.0998869727087643
1.1037682329017924
1.0897960980388124
1.0931753269754236
1.084717194382896
1.0973064528329397
1.0914209357806044
1.0765292346016513
1.0879573600541113
1.0752591634418542
1.091843729189137
1.0843389650661412
1.0902000701011798
1.1072198546059275
1.0896456770857281
1.0846195071334188
1.1018491998153763
1.0809698314188867
1.0943040178739194
1.0825808139078463
1.0909742473085666
1.0877346682051814
1.0880385977369567
1.0817897404094976
1.092215392781045
1.0833899781496923
1.0810235400364947
1.1001348029035827
1.0870205245546822
1.1060161562793556
1.0987348671342447
1.1151417522402898
1.1014360300105106
1.0975135344051548
1.0716093224232408
1.0845743855229397
1.0888567804100102
1.073934719356481
1.0979873222373775
1.0799187458060548
1.0991734463744505
1.089188067197111
1.0925613637930744
1.0982064895730952
1.1218671105554945
1.1010195688610571
1.1209919852171248
1.120732251862252
1.123486672063477
1.1161013330842646
1.1212247705334626
1.1101761086069997
1.1075117492192954
1.1132906019911353
1.1128703140590988
1.1069254599045928
1.1074978332884147
1.1165183492022714
1.1063652988065098
1.1131990034042991
1.0964743558465546
1.1140277671192664
1.1067744330186664
1.1091273198935538
1.107118880110846
1.0989737355561182
1.0919115553218135
1.1106028742683522
1.1088075167958558
1.1056840923670692
1.1104579452914376
1.0972793370422482
1.099001994073283
1.1077965736803155
1.126922985858904
1.104705365499608
1.1046588383282205
1.1012255059899927
1.1087707964653652
1.101289692639659
1.09288143069521
1.0934423114970864
1.1070000549318975
1.100324185931214
1.0972639802259891
1.0977839937592964
1.0846901842164038
1.1050796733517185
1.1072275421806634
1.1069487425687359
1.111923600596115
1.111926222507404
1.0985798339813302
1.0961737984915838
1.0886708551751512
1.1031896775032912
1.0959150335532002
1.0896212033582597
1.071778537731316
1.0883489581984422
1.0831070162908394
1.0964418448772726
1.0992525788609508
1.0880114113318446
1.1021213574815192
1.0865205223244652
1.0929040365771727
1.096231530597954
1.095005219153339
1.1065791018384314
1.1070709985774716
1.0939184304121319
1.0847996120875685
1.0894209483320259
1.103665543174572
1.0941925183090648
1.099384750153932
1.110867257633212
1.103513374616094
1.124196581129474
1.1151199864469656
1.116307703882319
1.1203865913320983
1.0847346815314058
1.0874035636374517
1.0864995383143543
1.0986258351818474
1.1048210706730681
1.0837138072644883
1.0876451969013394
1.079973539774994
1.0815914456652533
1.102137609625474
1.116838621649336
1.1114956839050263
1.1348909949279533
1.1383610263583464
1.105501566296421
1.125434843182588
1.1313934560152212
1.1291435468637623
1.116003216202867
1.1003235981566655
1.1081749702756194
1.0930283833998078
1.0932223667752763
1.111470629559876
1.0992328900345356
1.0923750212164285
1.104740800493294
1.0887755656363147
1.0869673500655845
1.0903204257117673
1.071748328831097
1.086262399997647
1.0970486972984845
1.095293415580393
1.1028008094019341
1.1073132496897817
1.0786989187623568
1.0865851929852588
1.10574300103565
1.0883165234260221
1.086158320685433
1.1046742358681403
1.097766324272171
1.10184928936299
1.1066531511507631
1.094906110042402
1.0920036616377549
1.0903304421911801
1.0888375262590253
1.1042687382449243
1.1005864746351057
1.0970592536533648
1.0973619357153552
1.0702995844360974
1.0880146401098132
1.0819530159375161
1.0942416271251139
1.0975556471436931
1.0953330847750036
1.1082423169134463
1.112266862953487
1.1042939422665214
1.109127188751926
1.1021147505044704
1.1046000772461286
1.085953971665348
1.1066638417544055
1.0969587870386328
1.1000832045897835
1.1005927151828145
1.1093637767432414
1.1134815687879536
1.1296865827206215
1.115926003151531
1.1089927249492475
1.1042146125868013
1.1072276858288923
1.1125978732126034
1.1064087184678888
1.1110385291695335
1.1070567807499536
1.1043834750649508
1.0998196075462836
1.106818330481933
1.0929707799405763
1.0954830980388102
1.082145254270394
1.087944089489817
1.0838600286181748
1.1024644217612076
1.0938175284556606
1.105115668708349
1.1046454459582025
1.1067170571938145
1.116248998603948
1.099901645976595
1.107541082396089
1.0975349289501188
1.1054199496865185
1.114693181356498
1.087387064229906
1.1043136840910974
1.1070634466448035
1.1099894287532444
1.0930353225928864
1.0913669665270427
1.0909220132873334
1.0945489630297547
1.1031213420963852
1.1023927940136293
1.1038708746244463
1.1015648279326462
1.1062852210518987
1.113722684244105
1.1238221821077774
1.1083398257775645
1.1060095235781056
1.105378670648899
1.0957472844308325
1.0988436910546127
1.1272855197283564
1.1248035748382248
1.103966450040476
1.1080141248014204
1.1041346204683828
1.1095067128583824
1.0996310165466034
1.1026306511105308
1.1207309582375218
1.0830219803389904
1.0984532016863549
1.090211637184743
1.0850883713169739
1.1031760374137087
1.1005608891394671
1.1073474663001108
1.096407208360324
1.1029131358527928
1.0781101422548485
1.0851200372239709
1.0907099843632395
1.1072358654084584
1.0960744669265003
1.098978122828146
1.089195319901937
1.0932916241137471
1.0772319225228357
1.086227584882416
1.0764196122953091
1.0684556576706739
1.0836500885170646
1.0696772185898373
1.0728331557011375
1.0914897976386762
1.0931094137734876
1.0805813430147233
1.098185213274767
1.1072316049948114
1.096248035884059
1.1016794983733602
1.1043169391716194
1.096712922612502
1.0954618085362822
1.09221002537311
1.082205642819139
1.0813949749779512
1.0760731179892131
1.0832814022550852
1.0964391851519186
1.1027206196927288
1.095059482525813
1.0801283104898185
1.0744631566214133
1.0621119971571424
1.0710426653418534
1.0716239266466363
1.0733544013506864
1.0935598406306348
1.1062069551832527
1.098710980661028
1.1069411591652176
1.1083913117347206
1.085941169242617
1.098796642756902
1.100568589808995
1.0989180525660083
1.1127148761378778
1.109482559304819
1.0912513568144853
1.1079465504175934
1.1083607103666298
1.1111710579033867
1.1140044571171308
1.116365701236291
1.1151859441808363
1.1085836240696603
1.0941653902644268
1.0948056623873286
1.1025495266159797
1.101178414196469
1.09732393489268
1.1157865602518287
1.098548890409769
1.1052709947777464
1.107065148468268
1.100534739395335
1.1177146519348722
1.1298160300089122
1.13103452965587
1.0992598328119265
1.0990094179627983
1.0913419573744456
1.0940215456203946
1.0804159135305218
1.0816647872794025
1.078561300699956
1.0944656152094292
1.0900420463027376
1.082270401957677
1.0788382988086263
1.0917768922216873
1.0862800754554245
1.0832115461725453
1.103505133879393
1.1071593663935801
1.0903418331654655
1.1024687343042425
1.0918960770286026
1.0957454189743687
1.1030276509864874
1.1123635421867524
1.1267177327146258
1.123621712825671
1.113869719329884
1.1080966170572646
1.1241532211415934
1.1120967560861592
1.1118674495634195
1.1118610828072129
1.1157078118558008
1.1140656632292187
1.096677579539174
1.0996830182754156
1.1013019625969787
1.1148513707915968
1.1138223894587092
1.100206124051987
1.0900786621302774
1.0884629384625255
1.0918952659190344
1.0917042376319996
1.0798906584096042
1.0870818035474925
1.090074391268034
1.0863175687522864
1.0803748739140944
1.077673506852503
1.0948970840012353
1.0816260550897785
1.1042229911803498
1.10732220272513
1.1001837136338586
1.100171783222069
1.09892417972976
1.0919288660336193
1.0927602729683423
1.0920492168610623
1.1076140596456687
1.1224279681158373
1.1093858548929336
1.1334633341425016
1.0967110755260667
1.0998522749569304
1.0972049448127996
1.1028328976917148
1.092794350494188
1.1097630996009717
1.0984688877392326
1.1190642977223426
1.1071082711881943
1.1026113384739482
1.1003795964591667
1.1036638907734846
1.1059111971387487
1.1040437383749986
1.099872701497954
1.1010022055613968
1.0995482009287956
1.1005150124537164
1.1140278131544141
1.094313094633148
1.095031604611778
1.0950569712523448
1.1003914103066876
1.1044142208113141
1.0891292421377998
1.0937121641654297
1.1064355769191154
1.0974372129782513
1.0940716424457946
1.0948561718603411
1.1040212606300355
1.1057979901781545
1.1064684312970656
1.081687993490263
1.0866047593369301
1.1119503689950683
1.0906632024723655
1.116720842751311
1.1023010050751978
1.0983911626598415
1.1046344064166203
1.1026971084757504
1.1095047755370935
1.0996743648616034
1.09602403897749
1.098971487204891
1.1029218932743854
1.1073951431561695
1.085307497074384
1.0842497293103608
1.0781566373845086
1.095084204357887
1.0928853689938551
1.0944395255567059
1.0977351440701995
1.1157055449974247
1.0869730881052027
1.0924766851807628
1.092014950839758
1.0847845877100675
1.0803901742239805
1.0899023308607043
1.0948171020019988
1.0924033513526514
1.0690637674227896
1.0892217563494562
1.0807397123576143
1.0968655466965607
1.0897736163696983
1.0930631132641697
1.0954973291054866
1.099631711699249
1.0891908075941408
1.072592450303056
1.088008412566544
1.0985009340321044
1.0859113259877464
1.1069060634776255
1.1050599360364184
1.1025940982613738
1.1101977235183862
1.100689768993659
1.104797487265223
1.091013998450068
1.0999058652709461
1.1135006331235682
1.115142984069889
1.1090460033224903
1.1066880213767514
1.0986937059761628
1.090263401396502
1.0800924267938972
1.1013194690605426
1.1093733956766467
1.1102244303787532
1.1019664925993813
1.1046903043182006
1.1036503474961057
1.0955479281574445
1.0864671837448527
1.0898933887224043
1.1023074704394578
1.1097719975342708
1.0930279369244058
1.1154754563424825
1.0924375116938037
1.0967521020674549
1.0980505141980983
1.1138399660627207
1.1163254673699317
1.1004903392766718
1.0979688634369584
1.0830660920704847
1.0857820577123132
1.101415389474906
1.0848062110138803
1.0993302485583474
1.0995546482552339
1.0914126761186054
1.0882860122908653
1.0920649669152134
1.0929309878587739
1.0806031407528582
1.1084463386699774
1.1001385133168002
1.1001072633742635
1.095929177222267
1.0944891609412635
1.1024175144327653
1.1025537291642105
1.0751952179861444
1.069685545975105
1.088138779494181
1.11411906641829
1.0898225704204052
1.107029404149492
1.107603114757024
1.11568730712917
1.099633731847542
1.1048874504511346
1.0954551183109558
1.086693579370448
1.077732126687441
1.090656574738352
1.0858498382160948
1.0708844630649554
1.0757742668158947
1.069405565342368
1.076162536334678
1.0938446878251813
1.0816176535764574
1.0856119812354907
1.1127456371239903
1.1091181718720462
1.0985310919294362
1.107506268676887
1.092082192273693
1.0939291685923611
1.0769212440410798
1.0886949048188974
1.0840146686714394
1.096299135278286
1.1004059624040943
1.1052691027754307
1.1151603507131722
1.08260639226177
1.0816549659303372
1.102403047095249
1.1000579669940413
1.105984098842698
1.1113789928919142
1.0993492207802975
1.1240056842631252
1.1182693565392325
1.1181047680560863
1.1051989893479623
1.1110384656930101
1.0991332642505416
1.1101569179200343
1.1306343223039081
1.118158647312768
1.1006099635582474
1.1059787395163714
1.1110439779087105
1.0998097996121134
1.107895509754363
1.1027046474395856
1.1070325141365487
1.1065483423792088
1.0944968228389038
1.1011085255251176
1.1123866624222876
1.0945007416938044
1.108881599193516
1.0979940131809667
1.0854377143370975
1.0996109696802023
1.1045738328980594
1.091102259884015
1.089835561257222
1.087212178187593
1.0893261098235516
1.0967508319479524
1.0880975528113426
1.0940921024839334
1.0986180624094573
1.0994244504402468
1.1156092652627012
1.11765232472945
1.098319270107257
1.0963978528708616
1.106392094163132
1.109380429387739
1.0992342913762336
1.1042122305897712
1.1013483369818258
1.1015175727537665
1.1033202312698331
1.079568672688463
1.0728592550021203
1.0994265335104387
1.089509039346416
1.0777451018858724
1.0793626872031359
1.0877355608475612
1.0922436031641936
1.0576928967275516
1.0822748737253973
1.080181176843535
1.079281834030241
1.0855267384217822
1.0783263611024845
1.0824494072453386
1.089670484540566
1.0789387832915784
1.1016672891930956
1.0960572910906978
1.1115113484073276
1.0900021250736005
1.0756806143886626
1.0963036583755226
1.10172103798717
1.095729442770982
1.1210419277032193
1.1097569788895179
1.1139841879514107
1.1000712494936218
1.116837630707843
1.107539498237978
1.0980900458967522
1.0959281183583809
1.0977763896356776
1.1030798807201627
1.0852271664271733
1.082560241123982
1.1048383131093718
1.0905563189165264
1.1019874337175144
1.099200506514458
1.089175821858524
1.076393215837776
1.103798918595303
1.1041157028157
1.083244322675628
1.076271100946819
1.0741362728042143
1.0854095872350256
1.0764342304210883
1.0979335536973305
1.098660754145666
1.0857139148828308
1.0994083249628845
1.1065429313391846
1.0948589749337965
1.0890598170113575
1.1063549729203752
1.1078313801612842
1.0961830217019204
1.1094552010170826
1.0965933823306893
1.0864647180482518
1.0895091902942418
1.0835144546679334
1.0765997480158955
1.0824793459050133
1.0950185070157625
1.1056679529504436
1.113570997224389
1.106590134383094
1.1069119010188146
1.0737823202845027
1.0990741368085581
1.0956550956643274
1.087852466116453
1.1049280275335613
1.1034960290497093
1.0887521602996917
1.0970335233907826
1.0843079474867845
1.107401182044055
1.1168124141637223
1.1201474602926043
1.1088859903623784
1.100508028007944
1.1205903716166203
1.1135316726472673
1.109336304404733
1.0975763307016893
1.10948176299293
1.1127236223727943
1.1208767373328252
1.1109655498873834
1.1241956934323545
1.121473739514307
1.1095270448294716
1.1126029541180333
1.110908467029342
1.1135016347858662
1.0991984175349656
1.1328363609708139
1.1146310659321532
1.1074791568522842
1.1148295656587504
1.1052789151431943
1.1006557077011532
1.1016423345157753
1.1149993763677895
1.0821660654253766
1.073469033752143
1.0915412674859115
1.0967782557687134
1.0974421283261215
1.0958507168984912
1.091261586021731
1.0856285783759532
1.0866139055469728
1.0906473743754608
1.09066520737127
1.0927478582941068
1.0891877232855327
1.0932110508872477
1.0976191809239486
1.0792921918558656
1.0844710324643587
1.0849745962499215
1.0883597151480753
1.0960543799835836
1.0875920769537688
1.0754337665960358
1.0979196116324683
1.0842308712790218
1.0962840653640011
1.0963130012401427
1.0867434647782506
1.0857433165773303
1.0897963315173187
1.0959122794629175
1.1091697184197293
1.108181375618769
1.103493365354531
1.1087380089439194
1.1065382101213213
1.1092626111697308
1.1163885502094613
1.1080337686731374
1.1021558352250045
1.117746649250455
1.121587425264634
1.1134115438392183
1.1208221978382389
1.1068298977622488
1.10407241696174
1.0932645695572267
1.109908212923591
1.101828357419552
1.0975172452250979
1.1032433669887605
1.089110605360712
1.1115734423920451
1.109971576614786
1.1144051260473264
1.10941595110027
1.1089069486911969
1.1105530681847466
1.1114829623546643
1.0962242107969498
1.0893048153236484
1.0885994306599445
1.0922493954042212
1.0857078019091657
1.0987669448599242
1.1048226727115962
1.1132145344726234
1.0886362463474015
1.0978587289762067
1.098228436145758
1.1032863504504107
1.1018709759691703
1.0961024583983514
1.1025083994604845
1.1006645809163418
1.105987115791506
1.1033599819327027
1.0890417895528222
1.1099397521235557
1.1011995797967729
1.0900020940971737
1.0953230970539898
1.0769543729144049
1.0692026558286944
1.085640483722746
1.0911692941598208
1.106938080871064
1.1042694667366375
1.1040989574178643
1.0977777615593367
1.1015825377447823
1.1025444752772697
1.11749838532119
1.1149688267039148
1.086338680882407
1.0833068006293414
1.1029904135849298
1.114300134188416
1.0964116052147226
1.0856627812857256
1.0874804978266408
1.0975286398289616
1.0920364831284415
1.094140454765835
1.0836358643995454
1.0776979477661803
1.092804875813338
1.1048149063221973
1.0882570553771413
1.0863728463290068
1.0980441928514488
1.101825875339209
1.0966565154324368
1.0765531153519785
1.0650303553706113
1.0621352763910599
1.0693992752957249
1.0624514183157345
1.0698454870713796
1.089382732054247
1.0749093958209963
1.0847283789607711
1.0804792921908404
1.084571194649395
1.07416154707746
1.0746984458297788
1.0753401465576942
1.084280380516537
1.0788851323240785
1.093202634962784
1.0805081327213761
1.0977513933556717
1.1130677335537267
1.1186625633434955
1.1085947336342168
1.1117968196624974
1.1002657677793386
1.1070411836773166
1.1030541260319113
1.0965513302652856
1.113235815700977
1.0810903906961942
1.0939226334647274
1.076597170127335
1.0883809382022016
1.0821879477089844
1.0931529703431933
1.0897446755340119
1.0793837204072738
1.0739690805727478
1.0760209608081561
1.0826286602577233
1.079668066049069
1.0799707774210667
1.078120202946206
1.0932215368361775
1.086639823148948
1.1055020902274462
1.0889379782937736
1.0934969034065054
1.092043036784383
1.0931831162832393
1.0860520611777535
1.0937374852642312
1.0993456308037035
1.0837162068968798
1.0976185620024461
1.0899760052616352
1.0985518353104649
1.0953734023609099
1.0767757938812879
1.1065309230130833
1.1027805903357344
1.1047750052710348
1.0883845526274762
1.1096260108891367
1.1121333386577827
1.1004034430935317
1.095540352783373
1.1138423379930906
1.1165296907900069
1.1083160244392156
1.1090445277889867
1.1040115696187058
1.116010821128777
1.1127785030029074
1.1183518335646478
1.0951944301487617
1.108384254347608
1.094641839987444
1.1015695534259726
1.1100190498947444
1.1144738609601434
1.0969395868861536
1.093377980147023
1.0801916095178812
1.0922953920841514
1.0967173584689625
1.1026637931320769
1.098975233766243
1.1143799431728827
1.1112166046655927
1.0992299995314425
1.1171784756938103
1.0930647234260955
1.104895504583788
1.1120484669649953
1.1215873816581305
1.133326855203825
1.1250373069600914
1.101029474574342
1.1182169854856818
1.1170058499726774
1.1234060276645534
1.1104066546491878
1.1373767370428658
1.1102917419801774
1.1133182088292233
1.1259905401551997
1.1049254340334107
1.1046437396792075
1.1103120804467053
1.1136092889627691
1.1161912340646218
1.0922275742579304
1.1092946575356422
1.1078442441336618
1.108412448782461
1.1006709090950526
1.1035223291166765
1.0948114074169228
1.1034614620255647
1.1208504504162824
1.1215079925962863
1.1050346760165501
1.099154148844447
1.1086676444305963
1.1158010238403115
1.1123086580864279
1.1105712822218918
1.1117994309601773
1.1043722676406817
1.0953596544643573
1.1089895564624297
1.1076973396134409
1.0990185279687978
1.0930780951388956
1.109355273975641
1.096533174693794
1.1088241766461653
1.1023169007742055
1.117671892673608
1.1005329122874368
1.1084841770848948
1.0948155488615532
1.0939214422908652
1.0853801786867876
1.0865845907259248
1.0840241780465214
1.0910060325203028
1.1128086649793136
1.0961584582920882
1.075262547488028
1.0692508166224963
1.0754988751414274
1.0764913848783508
1.0695858562216594
1.075495062939138
1.0820436349950824
1.0877505929160445
1.107048116428109
1.104438389831397
1.112786695732214
1.1009575319615919
1.106713328862163
1.0945465713621156
1.0930513147424663
1.1025663424161563
1.091070709097925
1.093143361124586
1.0981126281205436
1.0995485782823695
1.11360196659792
1.1025378462596653
1.1103977107491707
1.1087632040193007
1.1136287885612617
1.1022213099331553
1.110990313671145
1.1067619276809566
1.1211400369959792
1.09861428673669
1.1085179628151254
1.111765249647987
1.103811316162751
1.1107241775649739
1.1132698138262076
1.133824872720256
1.1240340620553115
1.1080844775165417
1.1160171524944897
1.1045651585396232
1.106770559722628
1.0965978901157076
1.0878663239923587
1.0866557296374186
1.096278134599464
1.0915197719632914
1.1010166421431191
1.098427995999042
1.084641426663429
1.0848151910465615
1.084724552339983
1.0694365474227476
1.0912756730532593
1.085443541120382
1.0985174782506635
1.0983874599559305
1.1054412215337441
1.0916224770980976
1.1011404875288984
1.0927314545668856
1.0997859748719112
1.0927510961378384
1.0986671043464624
1.1027063916494888
1.101539238191776
1.0969465313874822
1.0934566603898501
1.0958918338665746
1.101599641940847
1.1006719842892179
1.091807834494458
1.0942315890508614
1.1104446925211153
1.113097711648944
1.0967698462266222
1.0907684793551962
1.0800623836388397
1.0820725382548173
1.0878809227378543
1.072663069373856
1.073451205381109
1.0889269182270271
1.0811528438423026
1.072872346172705
1.095321446701169
1.1039080883082564
1.095902522115176
1.1065047342283254
1.1031387769921435
1.0950022706094782
1.1102623977541133
1.1160542352133547
1.0998759394382112
1.0902303313631796
1.0993466965294139
1.0837930710186252
1.091697952991286
1.0789040845992912
1.078282955157334
1.0790020145575177
1.0899339859920787
1.0971398892217021
1.0883774874295316
1.0980740982867374
1.1030234790341322
1.0980045673829795
1.1071826803419293
1.1031001316273201
1.099016326475771
1.1071338529008148
1.0920440713245123
1.100977691315568
1.090026154854836
1.0753872533450666
1.095272207024073
1.0881551099617206
1.0915484593608724
1.1062991986605313
1.0918902758195856
1.1127975141833009
1.0853858168911241
1.101721450358856
1.1122905487573587
1.1213593729485378
1.1096915335053357
1.1231890960871498
1.1166066596309625
1.0850574783411622
1.0971067750000443
1.1021267075465673
1.092359279931412
1.0981381306876368
1.112922468801249
1.0961433125115359
1.1077947774527086
1.0809400771027904
1.1014605800102901
1.1086007880296496
1.1055076488423878
1.1078397622319445
1.1078039423609969
1.1069986770902696
1.094892224109092
1.1163323571862478
1.1132885903639202
1.1187795101009104
1.0950949182333651
1.0995508454525185
1.0996907401815368
1.1013921574442815
1.0959478114593688
1.0947883550367883
1.0923909792899495
1.1037866731368262
1.1080605193963562
1.1161921624975004
1.119729040599314
1.1014705911940137
1.1081378085572855
1.0948700154214694
1.1075862161763375
1.100228483036005
1.1094047541025023
1.1070316919223506
1.106313454721929
1.0914568549456924
1.0959700210332992
1.097948124212183
1.097421017137116
1.0906619441056933
1.1081771427722056
1.0905581670047644
1.1033650900665253
1.1044231189685683
1.1052180315437512
1.0971369337243333
1.0968455506864458
1.1009636632677458
1.101118764120835
1.0864121312417572
1.0844825743762398
1.1017797633521302
1.096688748411046
1.1041961165344651
1.1107419997534471
1.0874646175817477
1.0858605471072198
1.1057218557046784
1.1092036641158125
1.0920583337111158
1.0889327445752475
1.1064304442018522
1.0970567585660334
1.0951583052111262
1.1046781803055734
1.1065367085824822
1.1023758810592934
1.1097088048302914
1.092445229445309
1.0842435283499827
1.0896716422902621
1.0893221108290252
1.090418826477276
1.103700649572888
1.1077893830041794
1.1122673768037625
1.104583671143196
1.1099383292095057
1.1068512437437277
1.1135827274201406
1.108301723127798
1.0897081640306896
1.1013310968256596
1.104594767581423
1.1187163068193196
1.0906739409047592
1.1099191466474803
1.1090632933701747
1.1066583449031229
1.0959319196472994
1.1065111285848315
1.1208994459565258
1.120030894408333
1.086433352807548
1.0860039537882291
1.0810976174512144
1.0878176778975852
1.1027622208879446
1.0912205077813821
1.0858081077422441
1.0787451580354515
1.0900952793401353
1.0794589431137669
1.0864561553085754
1.1114947008879694
1.0910211340182103
1.0967952321171812
1.1236071658874796
1.1035392494466085
1.0941660496266898
1.0864658169218506
1.0993533465135923
1.0955067948110262
1.1182547901200102
1.0983191899939908
1.1037192722084357
1.1129493139868032
1.098455511180533
1.1017299425872347
1.1141213569779191
1.0961988715328768
1.0928457506287987
1.110111818146151
1.1254475815682827
1.1155986359924557
1.1189245777720815
1.107296559497847
1.1201499703211086
1.101902475985717
1.1158626913120644
1.1068724548709348
1.0988316964918718
1.1031377811005836
1.1072724776005487
1.1074401264229605
1.112650819602393
1.1066661388042753
1.1062132705105754
1.0990448252894531
1.1088430988761173
1.1036262572397373
1.0958548019025167
1.1028018503515447
1.0908920581448744
1.087756780903052
1.089737261079594
1.0805061074078757
1.0997206895196703
1.0977267584668962
1.1040850608999835
1.0794893628864708
1.0968165110854937
1.0989041987181736
1.1028163848493873
1.1190726161532578
1.078975564722567
1.084821034969665
1.095270107093164
1.0925286328766461
1.0627218689235938
1.078487921124255
1.0856405032953822
1.0802651343236112
1.0848808191037196
1.080026176647821
1.0685275066048392
1.0701833947272772
1.0849372583111325
1.0967792131407144
1.083052142228059
1.101195836636931
1.0971694446162723
1.1019539161130376
1.1151267755460297
1.1085355538070936
1.1174005579145896
1.0932655396325122
1.0996928364256071
1.1092122948859289
1.0889131558983751
1.099060931310067
1.1057358073204804
1.1009466452436083
1.0969175656841246
1.1066432358145037
1.1120276779644722
1.1028829255753987
1.101867765540222
1.1029983727181034
1.1076753492132032
1.1058576620671676
1.1035406592499986
1.0785500946278224
1.0900526492207523
1.0924162115257492
1.0900624460294677
1.092075596764563
1.0906995325534488
1.0941465877892342
1.1093183005195661
1.106876518365361
1.09454708829279
1.0962696706761221
1.0970649758303552
1.0923395403862965
1.1020233890045457
1.096650835080585
1.1002084927109266
1.109966227701189
1.0883398042050876
1.1003294877135523
1.0888437870216423
1.088877044504188
1.085803612023588
1.092935349747245
1.1056426162790758
1.0842859143351649
1.092151799231237
1.0870341164511352
1.0920362391315597
1.0776221134173112
1.0879877824167208
1.0941775589322824
1.0785245486992197
1.0749357146274692
1.0700763123848855
1.0985066487687356
1.093305292559272
1.0880777830038413
1.087771942481936
1.0892171423040562
1.0956471041260212
1.0891039798108237
1.1024648417696112
1.1067727820115345
1.100173478091155
1.093205797484591
1.1104380930161684
1.0956599604967305
1.1038706528270343
1.0972838887361718
1.0727130887945417
1.0835088135001656
1.0970026771169905
1.0994930465859636
1.1061844932229044
1.108882100462972
1.1028366707807509
1.1067600805267312
1.105948584398949
1.1186206380561778
1.0978181923591017
1.093804143122425
1.0920432933075657
1.1069405534435446
1.1131005136147927
1.0970711473905177
1.1021791867525368
1.1348114792658777
1.0979396323551933
1.1171566631672647
1.0999909451057102
1.0870130944615175
1.1035720358015033
1.0945639893799264
1.0966822910946536
1.0997738258063476
1.0945264996332948
1.0894234013527773
1.0809338037530463
1.101079570760423
1.1044799573426303
1.096960058276195
1.0910515453126024
1.09125851080956
1.086788497519391
1.0779726382409764
1.0954330484148533
1.0807298741444065
1.082051001652284
1.0924282904126046
1.0650743565028422
1.0724151223066332
1.0997587830994053
1.0990561477813026
1.0830825017680805
1.0842702558890238
1.0850150217117116
1.068457737341439
1.097139358316714
1.1068482475168753
1.1073342198034826
1.1093117894014757
1.0989414291179789
1.1028783519795358
1.0966286827040388
1.0945477880539747
1.0943321660337035
1.106294697556735
1.0828413132901407
1.1048334464567506
1.0938889350166767
1.104617619591758
1.0924605837097574
1.0783443378279836
1.0801272621575257
1.1010370400601137
1.090239366449699
1.0863771107430389
1.074721983594682
1.0901586183558292
1.0964740848052354
1.1140880319813011
1.1013905517398697
1.1136172533846742
1.1213412958925206
1.1140128540063516
1.0925399115139736
1.101149230273215
1.0976588969280856
1.073968228926446
1.0796645305472286
1.0853052915203527
1.0854305775215014
1.094942063939742
1.072320619871367
1.0816081457551192
