0.4374577320461129
0.44335260092457324
0.44054002035702494
0.4529975287927655
0.4600636274615191
0.45048829706683907
0.44890369262664404
0.43751804521798593
0.45114893970721676
0.4567706988943267
0.4663576165874501
0.4652410375249539
0.47218689255767227
0.46574348661108894
0.4514463280819809
0.4672059950167784
0.4620375349636289
0.4617314176054659
0.45553039198065487
0.45141806457181627
0.45324549702728273
0.4499065765526249
0.44229612979424276
0.4508087788122604
0.4523948581948302
0.4515815558871555
0.43912060441605577
0.4535948611114207
0.45211466660508215
0.442595686585403
0.4437181238414077
0.44563048516643017
0.4432575613485901
0.44940480685270523
0.446097606884688
0.4527453014793505
0.45977039210252735
0.4507025321727603
0.4504307272888752
0.4564384337272023
0.4367685399680967
0.43913749145379355
0.4530069161339045
0.4401123606541934
0.4374198003746566
0.4403995170084185
0.43700971015482476
0.43709457875547825
0.45120999317104177
0.4511937113431865
0.45800957553585536
0.45472599580657874
0.4478778777306524
0.4498074709540114
0.4669739146932981
0.4533441479694125
0.45624579544068067
0.45484917671041253
0.4543270054410113
0.44944259163220374
0.4545684659639036
0.44660255043587777
0.45493439382424256
0.4402103704926436
0.44781569527645654
0.4472158640411453
0.4525422686024767
0.45553434179804003
0.4463277520512252
0.44575717649373847
0.44446985771772823
0.44461636500918805
0.44686905581881625
0.4469761916466864
0.44139337265863726
0.4453362574637689
0.4582743854424111
0.4460214589626119
0.4424652976407739
0.44824513818812467
0.45288324332738966
0.45547409815991396
0.4560617821748248
0.45015457547063037
0.45367209312746426
0.43964462187941916
0.4340382091051341
0.45734155700059426
0.46631303709061594
0.4507291061289003
0.449432292321456
0.4536870540710653
0.4547158202800276
0.45655526213208947
0.434987954287245
0.4476003121882093
0.4413195520958706
0.44445601413443714
0.4458307756896798
0.4615787570815228
0.458746908620736
0.44859057440627265
0.44252941067513535
0.4471112844761716
0.43569119811092577
0.4520883473896211
0.4499017254174911
0.44737385257133105
0.44297471199054717
0.4464628216727513
0.45249028704215716
0.4604976347865067
0.4622479278420912
0.4636618964030274
0.4627108349079631
0.46675425291526823
0.4546587840623851
0.46058895077614065
0.46867079348579516
0.4550886784450196
0.456588183107041
0.44256933861026254
0.4481404458434595
0.4532888517807911
0.45061982986016363
0.44084686803405343
0.4659981935989466
0.4599500625717303
0.44798956889861113
0.44840345979835283
0.44667743130336746
0.44646533718553516
0.4452147067754521
0.44009391827352967
0.4430786015025234
0.45205179213899643
0.4510204868602879
0.45227375160643773
0.44938161455170594
0.44428625521747017
0.44847530295298293
0.450169042335587
0.456201066508874
0.4435102427432773
0.44543314869387424
0.44964050969135827
0.44977180017265145
0.4521859967387609
0.43749109208117526
0.4486943213992763
0.44462188847055845
0.4484205112036986
0.44550962090587015
0.4602757412048722
0.44078581955928153
0.446824294638974
0.44470500192692025
0.45438956696695293
0.44232221545128775
0.4489847784195881
0.44610717259242644
0.4579351188614695
0.45272831412411496
0.45433003526071897
0.446369793757681
0.4534070053569952
0.44183324963989273
0.4472751693818726
0.4659560818788356
0.4500870435177781
0.46073813960606547
0.46792756867953583
0.458020718202641
0.45284984513221826
0.4461640207519464
0.4690924200500419
0.4599282280895951
0.45446782267284375
0.44141100103611497
0.44028580474735945
0.44778378566360444
0.45591463984715674
0.4483395225838702
0.44924184905621534
0.4510187697805419
0.44344384731161957
0.4453957611999337
0.4462393239919038
0.4496000035125409
0.4602693781881359
0.45719408656237864
0.4480961928982335
0.4507483839270691
0.45555555051401875
0.45422716486684594
0.4507356619080092
0.4592493704128524
0.4412339554589854
0.44348100589881906
0.43995966443488843
0.4382100725923083
0.4423759584050368
0.44607287793598677
0.4547133013283462
0.4441258620710471
0.4549405455187259
0.4439178718695453
0.44419857186131795
0.4570701538476924
0.4362420752004883
0.44909978532994366
0.44848659237304117
0.4557616939974008
0.45823116050189466
0.461125248942932
0.4437323850195071
0.44299658803327263
0.4529767709830717
0.4565104501080039
0.4382103907818624
0.46495433585141527
0.455578378796162
0.4522180525094291
0.4551673069868034
0.45674770979904894
0.4603898826727932
0.46279896120994185
0.4668069515444626
0.4462622027974174
0.43839871836503347
0.4299199587287276
0.4491423296910193
0.4428629868434855
0.44561254362760727
0.4578786708720602
0.4472451978333784
0.44994927411551777
0.44626174013466685
0.4559972924943055
0.45455358807073626
0.4575537824541888
0.4457886206366923
0.46229439531982996
0.4580398205650687
0.4453564054792043
0.4394662960215205
0.4532044834247275
0.45380480105696336
0.4473147848540078
0.45936213835883183
0.456640623415008
0.46587395024761274
0.4607831400674793
0.45058750715290175
0.4398114794980543
0.4453491340463647
0.44918502727032816
0.4530882923418647
0.4608981378522101
0.4451375938932989
0.46814997792673135
0.4517113512988607
0.4624235297443635
0.45323886329945534
0.44908843966096096
0.45634576581310377
0.45164249051556954
0.4389531568852418
0.4497474479736993
0.4519613030363568
0.4621926901536233
0.4567115722269477
0.46423524484201434
0.4607803577307928
0.4677032094791432
0.4653940004368919
0.4563268291414191
0.45253038138329155
0.4373930126600942
0.4654166969490181
0.4543978797739206
0.45504956277310765
0.45159220596090893
0.44279244531208506
0.4524794053653114
0.4385186405324199
0.4224039285986568
0.4323347367239884
0.43656760485778134
0.4357548038687939
0.4483766190387373
0.4528538864129918
0.45112278825344126
0.44333388374584354
0.4546257068895893
0.4548336035038118
0.4604292227046345
0.46569599632037867
0.4653448832420679
0.45812537459556846
0.4546032645178814
0.4471320961538628
0.45278936708194545
0.4551147467914245
0.4549470557790208
0.45398725166512993
0.45300090289408107
0.44953317087186934
0.44802545895700024
0.44698614374063944
0.4511850014384499
0.44027386057682993
0.461257782039247
0.44611262406958246
0.4397442013597914
0.4547312672193063
0.4429199095477045
0.45332734309312755
0.4256900375614268
0.4466069581488019
0.43985673417403154
0.44793571467810955
0.4475350742048925
0.4428419539484576
0.44313552910422344
0.4533865034976787
0.45792090323632606
0.45220448697901044
0.45552858568042515
0.4530183755753052
0.4459464549732491
0.4516962328883464
0.45152815822227227
0.464551186779605
0.45137594347165605
0.4474501811288136
0.43962199832064613
0.4593343494281897
0.4366913745667633
0.4510288773828115
0.44869363330993955
0.454210566410629
0.4437544785744298
0.45104410725489585
0.44773543937334875
0.4399800713590194
0.44768191503339677
0.4474768794875081
0.4514377625559855
0.45356262708549505
0.4512752893466084
0.458566660432632
0.4605556389828172
0.468332014184012
0.46773149805359476
0.4586958380640252
0.4596511372883531
0.4616628867800239
0.45674906939584403
0.4459441184420934
0.44452352948955226
0.4576489861289688
0.44803889266122504
0.446086963369307
0.45130881753263513
0.45682881020240057
0.4508009265992623
0.4401805407535773
0.4461616455605038
0.44707718573619365
0.44837808932132445
0.4472848763002537
0.4404719873924386
0.45225510326586726
0.4559355220827828
0.45195220228744354
0.44699949532599015
0.45570027700456844
0.45068118343413394
0.44297207163116875
0.44965486604661825
0.44888943879129345
0.4401359512626803
0.4415779507453362
0.44774980279223536
0.45022430939889024
0.4476340228026603
0.448194028799164
0.4549226649416725
0.44942079875999535
0.4597311848667815
0.4630266261946095
0.4652503914364241
0.4533844797037175
0.46982740297427994
0.46359507281343953
0.4483193934995659
0.450086152093451
0.45822313688069577
0.46268786524526423
0.4517109228825223
0.45970775707226874
0.4380451663680161
0.43852237147622497
0.44917733698158074
0.46106457996555944
0.458447871222222
0.45286822197742765
0.4675763823628849
0.46419455645387875
0.4491424028662903
0.460033150402827
0.44524589288308053
0.4570123196451487
0.4474695264734944
0.44892341293666443
0.44846417837710706
0.43830146755592564
0.4415483620584677
0.44823968922085594
0.44632563621349725
0.445144351897633
0.4528787100464615
0.4554562632655852
0.4593255055256949
0.45726101553910836
0.44893841589881256
0.4525438902716419
0.44956976537724874
0.46133308054605976
0.4559056883526056
0.4626908005407444
0.4499682893169119
0.443300941635908
0.44184331042302194
0.4545444964659806
0.44814572794058066
0.44983267249736475
0.44824894476018745
0.4561848142917763
0.44571593247574187
0.45203469874942065
0.4395786137915953
0.44910169215144413
0.4427804431837092
0.4495323966045102
0.4539258727075683
0.4446582065015949
0.4321753907954988
0.4453880721547892
0.44995282323384944
0.4405066113746714
0.44706105365365595
0.4375562227639586
0.44211420315685285
0.46270453237101467
0.4564281181829075
0.46085273592505843
0.45722621097930904
0.45232152562849137
0.45473606672739825
0.45178380467144685
0.45853817758052523
0.44745799394518343
0.4505265693130458
0.45021584433777334
0.446199826158085
0.44652898763789656
0.4571542889386348
0.4464047407369512
0.45660567557746684
0.45686813252637076
0.4465132271021002
0.4560259476030642
0.4615882884463318
0.4650517852772609
0.4477381846222379
0.4530327487439536
0.46424776814980057
0.44583851783185285
0.4442103017878753
0.4504354412381204
0.45257009578902974
0.4557729383621512
0.4437230997806605
0.4515877866924003
0.44490941976638304
0.44497398709996067
0.4378102820775518
0.4535673170442054
0.4475601197072487
0.4428133793228342
0.44567918967926007
0.45024196976505926
0.4467151973099575
0.4426489029374758
0.4371581781432099
0.4539676106799204
0.4454565214129739
0.45240985117786114
0.4652382433805988
0.4471465819335234
0.43948522766045106
0.44545209575848604
0.43934250501108313
0.4495344614428976
0.43670530575667815
0.43416994770443385
0.4541686862878788
0.4468583271231626
0.4480407903461414
0.4480655788731435
0.44950982248086846
0.4662877056329244
0.4595036026344553
0.44465549720687075
0.4471654743428166
0.45955994871962896
0.45795520985575283
0.45506435562777575
0.4589886970838219
0.4519889019643459
0.45590815713302085
0.4573950636176525
0.44854980988464316
0.4453506706083281
0.45892049937292945
0.45005467086694434
0.4495993561111551
0.45629438140870443
0.45199840293769095
0.4463183773797897
0.44051770272869706
0.44706388512427075
0.44034805177932296
0.45467323842367363
0.44675648798985307
0.44989689852439635
0.4463256730667214
0.4471351962722148
0.45185177034300944
0.4480744790284559
0.45055610013461095
0.4642414195251882
0.45956314902786605
0.4537032743506862
0.45466763503747715
0.4458817796937949
0.4463355255879009
0.4613764200506498
0.45691549804964665
0.4403505469296625
0.43261790139118506
0.45945179217876225
0.46225319636767676
0.44705313839943867
0.4507984437737403
0.44874191899694416
0.4596166156457162
0.45347491847306315
0.45300356640160017
0.4632914419838823
0.44409363726200396
0.45441674628739387
0.44201756570803313
0.4595904850548977
0.4505998038248414
0.4633143456650824
0.4433948374529488
0.4533933539621584
0.45714797940366264
0.44792864750493694
0.4455637250418864
0.4363078915633125
0.44932776573144206
0.4484591324525174
0.4520001054071931
0.44537369477038014
0.45792462545824136
0.4454541387360828
0.462618968952462
0.4368228174181908
0.4452386840578247
0.4474425151491375
0.4428161613999031
0.4456861923176598
0.4456018355117593
0.4447278065211178
0.4405192330042558
0.45072712679988314
0.4629407893494481
0.4573744387050241
0.457141978258966
0.45869487389444036
0.4586407813547615
0.46255815599700334
0.45832255543140055
0.45728913389945824
0.4592244204694658
0.4579920593486055
0.4495021973445456
0.4479766712901441
0.4527624037803666
0.45276411765195296
0.45462409298805956
0.45908241744765976
0.4388250217961774
0.43052139390265576
0.44296216645933995
0.442566165656306
0.43666431546794066
0.44427002180605407
0.4457123668243417
0.4410087960186045
0.4566107456801563
0.4444374603784784
0.45595237235159564
0.43464358982823614
0.43869070765453994
0.4487865362196162
0.43547330654908795
0.45322453827689696
0.46056450533525406
0.44778579104592847
0.4501465138679986
0.46044584505626757
0.46229953439480664
0.45738135452549233
0.455969538381483
0.4458932357772157
0.44475293123303783
0.4433219461376315
0.44636004028947635
0.4526093443741321
0.46246951565443517
0.4514937756941511
0.4462080212092854
0.4596594319772864
0.4551265479508588
0.4540699788386476
0.4508389380802438
0.4712712931975384
0.4498080880190114
0.4545162072671319
0.4567011188534966
0.4530919840269015
0.45724615084746634
0.45366667093237584
0.44911041232798826
0.4541411263329677
0.4399891560708061
0.44405048913617723
0.44963881039529263
0.43888299331813824
0.4499003484789401
0.43992481858652305
0.45443092539832813
0.4531511488521221
0.4398346660490046
0.44296292081143646
0.45118146823654626
0.44370448795012846
0.4506659125898485
0.45474198264194476
0.44602588736845755
0.4496991050684023
0.4444198244183179
0.4556771474903665
0.4504767110909937
0.46030766034896825
0.4564866770743568
0.4524528364460927
0.4635495443007041
0.45749054223549496
0.46019773433656064
0.4508375525055384
0.4612047232593133
0.45200614256561344
0.45036975785206934
0.4480371943338937
0.44954569844223474
0.4525505465868998
0.45227958166209886
0.46439795927578914
0.4451014928437838
0.445056749570963
0.4479874925196326
0.4602231395542961
0.46276978563676807
0.4583746309937615
0.46701287400841035
0.45882512623730926
0.4578145533120421
0.4596996497427117
0.44909271057540684
0.4561561100802131
0.4500708452405849
0.4614231193032134
0.4605351750214706
0.46537550970824676
0.4514573637164274
0.4552053520841431
0.44781530340123127
0.44611693442454503
0.44515245683183147
0.4462537068363428
0.44917610241201883
0.45035677481955066
0.4306295335451995
0.4462245842597676
0.45832697211697043
0.4537115397788869
0.4399974311091233
0.44806057732862686
0.44584966354547895
0.43397888190530653
0.46004252852986954
0.43857945093443207
0.4516523390721734
0.45721071480906644
0.4354194594606348
0.442255305450793
0.43983807621125687
0.43521704589132554
0.4356866210447081
0.4495394295315997
0.44169167909578566
0.44269741505448024
0.44514593047946405
0.4388243190826184
0.44511700919909214
0.4608781560470025
0.45681047297838506
0.45005965027185274
0.45347194712740274
0.43085028290747496
0.45905823335267293
0.456934583588567
0.44884110437688524
0.4605815934453586
0.45535482620644374
0.45860462878925695
0.4279934586870984
0.4355946112236359
0.44237214350734644
0.44111578223356745
0.44788282274065594
0.44955455017128637
0.4516171466895366
0.4438577029760454
0.45386385368015864
0.46334121718961385
0.4605904818566375
0.471732279184882
0.44464793999886393
0.45814038773081717
0.44339210228863624
0.45519718257203895
0.45197029485698814
0.4524317933812565
0.4538694224849349
0.4449750203264667
0.45775860310360983
0.46206283476484694
0.4664892720306609
0.4565390761769841
0.43993182276538323
0.45066610855959577
0.4447982583275183
0.4486532337123714
0.4563382922935952
0.450153232932949
0.4528082690784794
0.4603009576261812
0.44419195669432615
0.45050262782166234
0.44372021477053303
0.44061019235878535
0.4412336327824921
0.45751783624350395
0.44992552342039605
0.45202938931197284
0.4576956038525429
0.44856128864387385
0.45269812747209515
0.4440681965278808
0.45323251629101
0.4650676707295331
0.4534143027569877
0.4701243556306904
0.4569582625662742
0.46126208683894215
0.46143949094809433
0.452610617351646
0.45156756324117703
0.4456575677111727
0.4465179594035442
0.4452836326923176
0.45299729622280793
0.4475890066946823
0.45288122711364154
0.44584628079869826
0.4514583719069179
0.45462496613097136
0.45718655211044723
0.45737045808805726
0.4500755656141864
0.44962105491490906
0.45832180049910526
0.4487318944893825
0.44479294802425345
0.4476541244714678
0.4534430573135777
0.4597890294733484
0.45329373337596507
0.43675777662654225
0.44780637529380257
0.4497019103448419
0.43811315020881686
0.4534821141259074
0.44367360152341223
0.440595180481405
0.44934447933511285
0.450699242940259
0.43805269661168816
0.44714061817834055
0.4381414252580349
0.44344419005457464
0.4605957277490646
0.45603150498474493
0.45299996952995253
0.44951642838323735
0.45559884101575404
0.4535833222236422
0.4495221235619585
0.44341475034934974
0.43927693231702597
0.4473716205361222
0.45267392331713324
0.44803263522343606
0.44756970788219025
0.4539028139933116
0.4518884203607176
0.44926514212918645
0.448673498607147
0.44572077178486896
0.4522655084593987
0.44236838197188466
0.4389652739703341
0.4494031211133889
0.43765351582388995
0.45127345563313076
0.4500990500375273
0.4502114291380653
0.44554244203551224
0.444489416936527
0.4478385120251544
0.4412682129272394
0.45929893442604236
0.4508187396986237
0.4535601181982667
0.4413715005372387
0.4537623223490718
0.4447609552123597
0.4572484919932591
0.4612958373027402
0.4494402657628387
0.4459018715116025
0.45711665026698434
0.44483451120279166
0.4519529392423678
0.4554450066063636
0.4584060530599052
0.4574637353491495
0.44487024789070934
0.4476427755160053
0.4703029272653079
0.45449529017540397
0.4569799761029092
0.4469304705811355
0.44318279560959867
0.4651414665960552
0.4383368339287455
0.4396705467778323
0.4375215655202031
0.4442386179687041
0.445352765752614
0.45288398480036207
0.45553221942372346
0.4484849238733433
0.45300715061020774
0.4527197499941686
0.44604299748701354
0.4554235764132932
0.4391785531023901
0.4466934261794923
0.4465600492207206
0.4579968374721813
0.45296804067709195
0.45173814649682975
0.45102131356160086
0.4590394134108275
0.4548571870107416
0.44044029527927697
0.4284437595411213
0.4445509488450146
0.4414354766991964
0.4506388278284061
0.4379517644200297
0.4416944830331924
0.44205892702874533
0.47630997102024514
0.43448344414658396
0.4560604176128103
0.45084111958683387
0.44590014991074906
0.4530310685114474
0.45233621311286143
0.4420538384398691
0.4589750855767499
0.4605118124063133
0.44709155387961097
0.4509784213290616
0.44356313959103716
0.46194846753735624
0.4474673355833794
0.4464181117529231
0.44973607707148616
0.45176723330042723
0.4404567501174181
0.44291911971786835
0.43756979868663143
0.4451687693424802
0.44938772559276585
0.4555831446872482
0.4519605062465328
0.46292846175939517
0.4682175652095694
0.4616001545279811
0.4498644272841071
0.44098452247035386
0.45391954545833085
0.4434773023088934
0.4439699900559979
0.4587551494368205
0.45843640077190134
0.4573695673783437
0.46482605874374044
0.4525532695787595
0.44260443823264567
0.4446118521823396
0.4407485738341672
0.45684199751615634
0.4526138679630706
0.4578216960593791
0.45295334586494423
0.4367387526560072
0.4580317891084009
0.4563519438198542
0.4580374840220354
0.46827737451364043
0.46386573853076424
0.46221288702956814
0.45124726637794793
0.46914251694426556
0.46016068583444175
0.4551296432996827
0.4677322995411218
0.46275045292029576
0.45833934907787083
0.45865922231888234
0.4514269981088989
0.4556526218917644
0.4512254520741305
0.4609919014157822
0.46024926776558517
0.4715147410874927
0.4561829483328115
0.44892312534768747
0.4580919734743682
0.4499169335860242
0.4457378000329217
0.4503524395442809
0.4508904028334179
0.4576173322545222
0.45808080811911744
0.4489311460540553
0.45544687033886677
0.46477637259083715
0.44830181361863414
0.4563681264860487
0.4447956904533823
0.452196164313748
0.4465248032047779
0.45490443458331636
0.4490890772723477
0.45820089891194526
0.4596213145669567
0.4566457107296014
0.45285528694840593
0.45153293104201686
0.4448525698288303
0.4398546243761599
0.4375766094912002
0.433361105855091
0.44372296267796923
0.4401348405617948
0.4448240168410334
0.44993007276373276
0.4470962216532905
0.4557864321234797
0.4498625792025746
0.4448123343919304
0.450247553442926
0.45089233662570055
0.45201703255437603
0.4534059156833759
0.4466698600892522
0.4526966490707452
0.4629881247145704
0.44947847270055435
0.4470600789237253
0.44925925526901495
0.45803025549558324
0.446333454797705
0.4595958632246769
0.4493477667823292
0.4551333777275388
0.4588254880689744
0.4591976290747222
0.44914822226952206
0.43833174623211507
0.44949565427485716
0.443346942068458
0.4526531927667437
0.4581292129646535
0.46287625733538285
0.4509120148833355
0.4555488020547806
0.46354325714099115
0.46287110572792756
0.4429794589227922
0.44227646475223104
0.45214328728516784
0.4459606127231268
0.4461301681740173
0.4523313869551803
0.45945982523961165
0.46546757574861214
0.45720919496330087
0.4492854660689378
0.4675004188784096
0.45942545802926466
0.4468280456440357
0.4490382132487532
0.4503602402031915
0.4369457211375363
0.4367405794173757
0.4463050171067984
0.44979781951594006
0.43896460232502593
0.43865968443966774
0.4378781342322868
0.4469416767053603
0.4576054152068514
0.45344139322191146
0.46164354980586736
0.4484949308245898
0.440636773265183
0.4521070388826122
0.4522082268178013
0.44941284217542266
0.45585993270624225
0.4600849368995959
0.4521553185748037
0.45425066265429986
0.4421082695554657
0.4435013420108224
0.4460738344497608
0.44133766600454205
0.44731648824932707
0.4445637354495054
0.4453544507442038
0.452369754571376
0.4547120813175191
0.4402422418684262
0.45973016180745013
0.458205656083114
0.4497759259580017
0.4555379935333473
0.4439154669482881
0.44466037947685844
0.439254613805288
0.4389068095617961
0.44679402814499475
0.4577188447837281
0.4483694817187743
0.45476059318160605
0.4457743118396718
0.44982868752211047
0.44024321495936974
0.455688640736656
0.4427558634845749
0.4448351967969166
0.44563961981142813
0.4538541388418056
0.4546243860539845
0.4514749250292329
0.46133609993481683
0.4391718383590075
0.46154076566127805
0.4420995473659801
0.44597193383809025
0.45386909277218873
0.44295845694410296
0.4563441299315771
0.447388805498291
0.45011280696567585
0.4395121277338012
0.45292046080984255
0.4685710966833225
0.4586085071017632
0.4573540319539957
0.4439421262454546
0.4689545699707334
0.4538554462252468
0.4749656017916099
0.4640924517475065
0.469150134353509
0.47122959697880923
0.4497604248124842
0.44956124482650384
0.43507500224279183
0.45324875236522844
0.4597894786160038
0.4518626098805271
0.45434369341946507
0.45053868251324114
0.45503516142496697
0.44116788643591004
0.4527677769937127
0.4430024275555877
0.441285475659467
0.4410862398329047
0.443478141655035
0.4426040468368644
0.4475703614058993
0.4414522881346812
0.4483810064768961
0.4536772530591566
0.45034108567399894
0.44744105994971783
0.4559756599059182
0.4516220133778963
0.4540597312051568
0.46211312415680167
0.4503517588950808
0.45130317318524776
0.4412768696090898
0.4520211512211966
0.4485268527523281
0.4518210443381318
0.461805232822977
0.4578186840749987
0.4355934884772348
0.44848110788443507
0.451950558041422
0.45978915841335266
0.45680164431150333
0.4463888226457984
0.4424610603394663
0.4610441052183012
0.44612572400969874
0.46771361708322284
0.44694872718298745
0.4462994927674748
0.45012967332712717
0.4457500549856031
0.44000680805769465
0.44388295669011796
0.45070604152542093
0.4487814091120698
0.45480864685346395
0.4466070071850809
0.44713424386881623
0.44235624318089295
0.45059615234394185
0.4616542645349985
0.44674548875404524
0.4393458968661635
0.4481118168975327
0.4512320410764581
0.44746619659979436
0.441997263652218
0.457206677052762
0.4325622489523769
0.44832107202832794
0.4544278353171784
0.4435626088629699
0.4447800036288823
0.44891698585882445
0.44598150977141743
0.4433350286359839
0.4385899113713582
0.4480954115157951
0.4584412934693942
0.44461556582938805
0.44635354920307163
0.44355198595601214
0.44308665087091764
0.4595550859334543
0.4555162295521921
0.43541352458777055
0.43496033991589417
0.4519112779111183
0.4467629783530187
0.44959005603103486
0.4539121124178203
0.4527593091469413
0.44353554152097163
0.46255801217704523
0.45586195689442666
0.4541490286708835
0.4504792685313234
0.43771810850589254
0.44016958747519325
0.4396339846823691
0.45190676333264196
0.4545781824047656
0.44817534788446795
0.4547123312985153
0.44373225668717203
0.4372784236717402
0.4422423603419294
0.44673216232948043
0.4388626556645321
0.4262026842481323
0.4480109179309437
0.4534887509267351
0.4562473559673072
0.44247307918751244
0.44010106859689396
0.44143698240273044
0.4404135426136595
0.4481113527939353
0.4545834607899512
0.4681278127558605
0.4523050536610573
0.4530131225849931
0.4453861791793348
0.4341329045621358
0.44241575048593984
0.41597377875247193
0.43471056447919754
0.44431657166735694
0.444272972013871
0.4486819642739211
0.4511988780409539
0.45732805669327864
0.4530177453756466
0.45079923030956986
0.4461619010567052
0.44281337098485
0.44365291044858424
0.4523459804960935
0.44163877462515394
0.4394491843538179
0.4587887555843126
0.4382191387214644
0.4324090976015629
0.42993015761145115
0.44312659650982106
0.44406063739005724
0.45334104734568786
0.45922256006140255
0.4519101528958469
0.45145504116553253
0.4599710799186483
0.45923399694977446
0.4651785560923463
0.4553509017122333
0.44853811498143686
0.44760708740114663
0.4461607470943851
0.44834223977075816
0.4453505421605521
0.4398801979597034
0.4394612566487233
0.4454108574338773
0.4458435597257087
0.4497974583413478
0.4484099222012889
0.45298442975424086
0.4541131882069595
0.4362197279894293
0.44935636692752023
0.44901818075124544
0.4414543096615127
0.4471946325265584
0.44769334836438984
0.4537732324293447
0.44586551194417745
0.45817108462838063
0.4564782139735612
0.445108683570554
0.4514796239185333
0.44988812414409374
0.4489632310973369
0.45166814923223875
0.4534572475936496
0.4527144641437341
0.4485629181805988
0.4567934815654046
0.4433709774426375
0.4403134750549598
0.4400363209568993
0.43434153198299236
0.4453089038323815
0.4343568543395622
0.4482472309825613
0.4390951533802801
0.46293724259380914
0.44508150299062915
0.44961345310234574
0.4463963485315258
0.4563891651454007
0.44290973784368587
0.4576152472244675
0.44357018395968856
0.4409678670014381
0.43656366276278885
0.4294957693507628
0.4497366784973535
0.4494646531044721
0.45065122170176886
0.4456406617277911
0.4489893969483736
0.4433612541155023
0.4479628403196679
0.45270042358784957
0.44357677354410047
0.45483817599051846
0.4485137565977017
0.44543105595329063
0.4521197934897257
0.454728315115939
0.46057059562770064
0.45391122699127134
0.4446823274177451
0.4457423566131393
0.4501875469182461
0.43541187155723354
0.43848362635089905
0.447478839823354
0.4595749673340524
0.44752509403425655
0.44897585778847965
0.44181070887800683
0.443339411292953
0.45844220643239786
0.4491049111275182
0.44611317167539877
0.45357630200860855
0.4466516385367812
0.44218378411773956
0.4578808436024087
0.4495732083603147
0.45261770834855536
0.4466617748893181
0.45517251128058106
0.4568620976271627
0.4537753797855595
0.45035388039994234
0.4388898195149704
0.4602133837583499
0.4527771260117601
0.4479897751571528
0.4477185319028987
0.4612816397608896
0.4514596637182746
0.4448546664893313
0.4513099203179132
0.4621306082978987
0.4468290669666821
0.45028466386505506
0.4485923198945084
0.4351927483258407
0.4392322260967036
0.4533067733323968
0.43744478050226787
0.44463744407497124
0.44612670063987436
0.4432744148091276
0.46095724196094373
0.46083124975527845
0.4530925670897134
0.4530629093997265
0.44718476743472535
0.4455274710383525
0.45069369060776165
