0.016014530902052883
-0.015572845093151317
-0.005270523278921476
0.025189597160604205
0.015493674581212877
-0.017993633383229138
-0.0038220720041052983
-0.009486372765588509
0.016468949293348932
0.015951008098908467
0.00375450811146543
-0.024400891135328256
-0.017749995824748753
-0.010863138109629043
-0.05044305852610201
-0.019702869657181526
-0.009174056798084449
-0.013241906680997619
0.010027413620866742
0.026225949908647506
-0.02365448518319483
-0.019002038436260835
-0.01012256876248485
-0.020965916971758064
0.0058253282033844025
0.00868238109736158
0.01711920572927783
-0.011135262583685027
-0.001155685272009095
-0.020395101361931865
-0.02281500627038737
-0.004310013930214692
-0.005176022488357447
-0.022117790346780214
-0.0019228072138695795
-0.01473791932904858
-0.026644254415133725
-0.01802637638478465
-0.001145292611449764
-0.006063463510408617
0.0020812807192662937
0.012369625228933983
-0.004371186257131323
0.03948516532989557
0.002909675521949047
-0.019879984990522195
-0.010247489815094888
-0.003881073458699523
0.02348868645530631
-0.009328185273165871
0.021627702257729937
0.025555322885579886
0.018659714446861392
-0.009914048377961024
-0.0030684440377440883
-0.020388694649471035
0.0011967392388369097
0.010805495989446063
-0.026847820204081708
-0.01706565949587615
0.014224885202498181
0.018700614913816176
0.001236504115048252
0.011488720734796341
0.014228945521311008
0.012000960686322374
-0.020032472631562277
-0.0005604531324933762
0.006004779098692473
-0.021687457835828677
-0.02577312838244261
-0.024752473131356107
-0.01283658167974013
-0.01623761662758063
-0.007312461705252285
-0.0047647681066360584
-0.014939230596805674
-0.00766794896805352
-0.0025784479919639443
-0.004792705028986335
0.025466259389596867
-0.0031940585274962824
-0.008537993467536769
0.009526988580814369
0.0018558568458835645
-0.02173016481162741
-0.006194679946228879
-0.04021178699257769
0.008759774805997355
0.006929451238169067
0.01447881312219175
0.013840713301335366
0.01398606594118701
-0.005479384027474775
0.0010253960931439683
0.002135631965568485
0.0017107391359579278
-0.02227554256115094
0.0018666558375737448
-0.008554070468203088
0.022380254119312458
-0.0353293339253179
-0.001173466048225424
0.029451810839240932
-0.0037851112827681456
0.018620157868913908
-0.026286930287565288
0.0002920508986025077
-0.005523990526460012
0.03770431750026922
0.005532376077835033
-0.006942404104917914
-0.0003090540381818833
-0.0005298741509214362
0.016429336605327898
0.02316630761531861
-0.003641588800955897
0.006389092948755422
0.015895849847969584
-0.005852680548079746
0.012546044089729234
0.0050948014555201055
-0.01562834617328037
0.007132325254060942
0.02068437598194982
-0.005549485585409999
-0.0010044890046777884
-0.005273464539145335
-0.03178436791493181
0.009397214114387006
-0.02370239489974339
-0.0031638060170054803
0.0033008328591158306
-0.004211659911475557
0.003084567895814802
-0.0071109547425218375
0.02060602630803014
-0.018383194048254243
0.010103230034646953
-0.006017853209788305
-0.00800600923836609
0.0006409348770157651
0.012410446119418316
-0.0035738904347854803
0.01533580006831241
-0.0028953043204347512
-0.014472612814665334
0.023580496135215786
-0.017218774760902222
0.013098541319384734
-0.02011950097831193
-0.023142278096458874
-0.005900283193959335
-0.004001458056215425
0.006218294967613744
-0.014224354731833736
0.00045508011805643693
-0.003148837873236817
0.008252382328208992
0.010994145431812864
0.003897126379148847
-0.004475827271683313
-0.041337068492292246
0.016924809882010693
-0.009341751442253753
0.008182096493717633
-0.019903694154677794
-0.008743057375401772
-0.012470018680839681
-0.0013564446490775858
0.01583039706717355
0.014366385521713095
0.02068582139921559
-0.0034298314574743747
-0.03440936293431506
-0.021696669812602255
-0.04431520402022043
0.016968495254677706
0.02540702903662441
0.023340226649931923
0.0054536322973482085
0.0143069728544503
0.042435672003370194
-0.021485756079531695
-0.0018187556663509994
0.02149962774581921
-0.00770602619788511
0.011301438772112043
0.022528966413038476
0.014484601835324995
-0.0031646017578461196
-0.01473540125052282
-0.009160547960112366
0.02081703047235894
0.005505744805276046
0.027808002406581808
0.011908949556167706
0.002437893151821885
-0.014562490365699853
0.004308718954534871
-0.003763271187252962
0.014667493621154406
-0.016530607277750214
0.01922622922695784
0.008859038055571668
-0.018878221455448697
-0.006651568266198885
0.007333843197934218
0.008815339443541492
-0.004191325101586003
0.028646183543318132
0.021760212264470672
-0.01053851388221976
0.0015203865049668846
0.011172331791942068
0.020527136616052287
-0.006277827133592238
-0.0032526018272627543
-0.01854511317154835
0.003062183601349823
0.015053194380958111
0.0183703235408068
0.018751903323497316
-0.024876264872072135
0.0025139053947820364
-0.026511686761270203
-0.02176837118134933
0.031715176100107954
-0.005069142036919396
0.02253450741522239
0.009675700974210071
-0.015161717966264388
-0.013363397151177655
-0.01098938603999665
0.005387701138348405
-0.00931630053972655
-0.018939361206169496
-0.012282939754393637
0.013955932003480366
-0.01988991509967455
0.0045939886673322375
0.000535333133232232
-0.01351603371428378
0.00641068037187195
-0.0030875791090657022
0.01399020261589606
-0.015867002683930837
-0.0027761830136841903
0.021399234781310325
0.001296213553515729
0.013326483567019778
0.011603823212470997
-0.002309120959879722
6.959295048175184e-5
0.007849599262139005
-0.0004647208680843407
0.018799199667660072
-0.012325181094797986
0.027113818375305427
-0.005336115935464377
-0.022949954425319916
0.012498382621468004
0.002579474066313359
0.025335125563841467
0.03418486715037216
-0.0057284935978470074
-0.00028819011636460406
0.016623959181202658
-0.0022530069896606764
0.03933862342965397
-0.009939070255189626
0.003474281526494187
0.01973755202851097
-0.013855975419588166
0.00618317712330963
-0.00011734955486763956
0.012994140030819707
-0.013661102709717519
-0.006434380071934571
0.020559444902945766
0.013602144699858243
0.011508861635924794
-0.05020372751959358
-0.01179240841060698
0.007929497441339535
0.0235964804245825
-0.009532635772474079
-0.005414153405440571
0.0003197778843597042
-0.002873102592888914
0.0013764932398708687
-0.006200936069375313
0.0014308505942392368
0.0034489162215906397
-0.0020024542375420796
-0.01202990991775384
0.009574153316100741
0.015264159136301886
0.00886549836329203
-0.015978620427110592
-0.004088985498236098
-0.014702804424458383
0.03526902538763851
0.005083285297168942
-0.01508640405903985
-0.02507991967672262
-0.000534174794039163
-0.007044010443144599
-0.01039927031052524
-0.007934631088422336
0.008143866537120664
0.010293131060429096
-0.007436052394974751
-0.028731274802404012
0.018698331984024326
-0.006067543144667544
-0.0032035370373772265
0.012586943371696665
0.022198475755936403
-0.01158209612856296
0.004466827788913743
-5.116526275555062e-5
-0.010002079643653674
-0.0055939297033556195
0.01559417557918316
-0.019383031974823394
0.005196692090086901
-0.02499215841382643
0.0010369585335742988
-0.0008106619905830187
-0.019282851185615082
0.006811366900367678
0.026320299804429795
0.01192852483423576
-0.0008027121068886476
-0.018994177610340147
0.0022241652777877765
0.016127575701854184
-0.010685908305499713
0.008898502682634628
-8.305073194939583e-5
0.005263368667159813
0.0039824329507208486
-0.0046252419082179995
0.027059669333265392
0.0067801417233898315
0.010645716826136015
0.03608793130112888
-0.009945887524404414
-0.0015925987482095277
-0.00730051375855767
0.012364335128676435
-0.019387196238177983
-0.006255639020231256
0.004409661682074174
-0.004233632291629752
-0.004775413138981407
-0.023059981287141228
-0.02622274821614929
0.0014640075500218044
-0.008639570160911844
-0.01821626718876835
-0.0038231917289186608
-0.012957317359997595
-0.011504366213749931
-0.014345673733541595
0.0006475369541132712
0.018517100620515748
0.01792236875056512
-0.007942249678760092
-0.003065967259797676
0.0066071377659770135
0.011578668552518644
0.03565360986240796
0.0030052628214680454
-0.01765666666406488
-0.008217292270053576
0.01326639824243906
-0.003239750479222208
-0.02106209509777831
-0.014169837693738379
-0.007106724068765297
-0.0038002503919950014
-0.018371551127277282
0.0028665324814788565
-0.003316212724889868
-0.016338079920237503
0.014658141634404386
0.00378499816982758
0.01791154402613618
0.01594380042301835
0.003784754367798573
-0.022261136619130623
-0.005216073456916834
-0.0006099037882389917
-0.0017699338845682238
-0.01581967628042261
0.002743592442412241
0.004467833712544869
0.019051598024298937
-0.0018128599274144577
0.01634970637174727
-0.02201944310175734
-0.013600888711850823
0.013531543153060419
0.0180952822429725
0.002486718959272834
-0.009579744079674145
-0.012243222825011005
0.0017467982031681613
-0.028144795016946274
0.0013363027587042643
-0.012115012559131723
-0.005522781909394614
-0.004640498904560028
0.0051989773500425674
-0.008540123207323117
0.011870380296546752
-0.01849307018749591
-0.00184551914329393
0.014809326189001179
-0.0012633762194903834
-0.014566251682717015
-0.00544737978020905
0.004981497698696458
0.02812982895870251
-0.002853615116603647
-0.011213266703895592
-0.020812377742393567
-0.021604226147374363
0.014557558593101497
0.011810112647658822
-0.01237499129022327
-0.013129911613868764
-0.0034878664894722757
-0.02454018486569484
-0.0016599969215687648
0.016046944423308885
0.014673426795846522
0.0022506164142117625
0.011630503336069006
-0.019691526986773844
-0.007181878771715288
0.007114545456088915
0.010265493254738592
0.0001367883338589021
0.01472990912167688
-0.0002730410833012872
0.026616161826571987
-0.011091656865399067
0.018626858650734695
-0.04776533591842611
0.017452989094002773
-0.006289288761609959
0.005060890782507609
-0.010918242037410892
0.016401368810722808
-0.014323580445197544
0.00026795501962023426
0.019203969088337672
0.027674228375802915
0.005201122632714416
0.012931404096599373
-0.011129303531456618
-0.01165370319984229
0.006547935681029479
-0.024498596387447415
-0.01277872146694327
-0.00880726850073252
0.0070989447720662974
0.0062561671148237555
0.003905648811759536
0.0037604810591532313
0.0044572980884146785
0.003333763094990293
0.007202460786379551
0.004601863073861628
-0.015004244904676589
-0.013317875720853446
0.009179088625821742
-0.005051151408026842
0.007799338391082439
-0.006760638532284287
0.005827975304988663
-0.012218032093237859
0.010678713239898333
0.0006613219920884772
-0.005668447366525699
0.0007491985099582916
0.011457999421035647
0.015721112180034517
0.007835340591939497
0.02231811489994806
0.01379459830277345
0.021512273196096107
-0.028277667468529458
0.04525986664735373
-0.03227554476898283
-0.00715408757368158
0.005452592552732378
-0.0031584566256440795
0.010280084421305243
0.011767228773902055
0.01803412756443647
0.008206210357044668
-0.008091278355520058
-0.0049741755017728255
-0.018271743275299974
0.009748461202261331
0.0015225548031182249
0.003535468572166123
0.008478524272998444
-0.017633006825641305
0.00850064969957469
0.022047561398192347
-0.01823528549530824
-0.005424252924686036
0.04182669690724946
-0.0033620537387466457
0.007814159684168072
0.001861183688063412
-0.022098836010817104
0.0280917476202273
-0.005955273872631546
0.017136349289723095
-0.010921507089660902
-0.000196901798254689
-0.00021223024800890746
0.008481493722286475
0.014139016576214134
0.018218822696738073
-0.0062012632960309864
0.01661025707420889
-0.028658727847718796
0.016484670824092326
-0.017787335747989533
0.018094912535645494
0.015575677952771186
0.022430147328807097
0.00399526820186736
0.04023179048774535
0.012876250604602258
-0.009280778321294016
-0.006995704190001274
-0.0072954482845484815
0.007201432123954234
-0.0003355512220520564
0.011250062110177515
-0.016948339931642124
0.010961300642180748
-0.01872363868420392
-0.017423710737234473
-0.0010332810741792604
0.03143318935641266
-0.012028623850862022
-0.012947810595997372
0.0048623219521480585
-0.016823587556190737
-0.006554167466939926
0.04101119349973775
0.02981916952289122
0.009842301661541672
0.005280321214315364
0.042296967785951226
0.009462148966170926
-0.004617923302442673
-0.00857085238132752
-0.0051098379740112075
0.014062816028604314
0.020151140565022995
0.016013640792331064
-0.010147495165826808
-0.004455331238666161
-0.006647572810878547
-0.012466752085260406
-0.006216089995456581
0.01865008237794957
-0.0003232983973390263
0.002133135596511007
-0.016437384283194776
-0.02918670550496708
0.003385845215215907
0.014745054069712356
0.0018839580533107298
0.026636220706459806
0.007832280048111684
-0.0026903651402232715
0.004834671126255283
0.01852260855027847
0.0016460164634832498
-0.019036424472739816
0.008597518845034534
-0.001956038633386133
0.015279419430048877
-0.035008267377505814
-0.009239451555460071
-0.00846375061158771
0.008293271662804485
0.0005580185921220216
0.030514490078178552
0.02095086306198125
0.0019056284958130646
0.02689787022938862
-0.017728405460278093
0.03544440899738303
0.025085169641149267
0.01164972174757849
-0.013874854512577278
-0.009847121633591449
0.001427551553374908
0.001967145343587032
-0.009970275954888261
-0.018326004675145478
-0.0169580638759325
0.01962925185664242
0.019859466277835643
0.00257169720195817
-0.0021149686152121413
0.006493366103907039
-0.0050953193562013905
0.0018912271339963393
-0.019323468750474686
-0.016910225462500157
-0.00035714681083733523
0.01365802149130583
-0.00021712728606731733
0.013837172969990099
0.03356918859093071
0.004860811331787902
-0.0104063029446518
-0.014377098861250642
0.008116125210059756
0.007894857710599829
0.012666598957508428
-0.014553293544169729
-0.014153330532428798
0.0027704087773638406
0.020384237875771014
-0.004325801316367443
0.01647846139020693
-0.029956074816366057
-0.014492044698519417
0.0030057436984138484
0.026307854387257606
0.011846618815915665
-0.008136577258105486
-0.005757269221280922
0.002694843364314869
-0.027133821866164205
-0.03215434347268827
-0.011453339029742382
0.004605253858603878
0.006035260901093556
-0.004874673372153371
0.011637699566166192
0.00400655558325411
0.015664490275790366
0.002977321574785608
0.03448757940427119
0.003808245043258833
-0.007161066876013131
-0.00727858914842536
0.007683818514381671
-0.01138390266975705
-0.002786199073355781
0.010298858534518231
-0.0031841466934655694
0.012917158354801282
-0.015757021551561345
-0.014573347093623136
-0.0036911354224271643
0.005624500357392217
0.0015470746317378411
0.012716623451455973
-0.020308368858814315
0.004741358810467231
0.01411346296673665
0.008314883116798132
0.003358399776217715
-0.018952422853662883
-0.02224696624108572
-0.03303934923230584
-0.020956413980782743
0.0253431702256019
-0.0322836626847103
-0.0030879623735073675
-0.016364979581642743
0.00693453113646546
-0.010718620903605933
0.006330157946723184
0.020549262927533375
0.019312258530120367
0.028924738290165702
0.03121668713503653
-0.00407674774767476
0.0033968707403863067
-0.011316514533852936
-0.017542675474905588
-0.010605039052647635
0.008312263523727992
0.022164889017413834
-0.0035239398888951673
-0.00312064353284225
-0.027514840078660598
0.0026926304809385183
-0.006407350933222742
0.008108667259392032
0.028471033632565312
-0.0008211830180117215
-0.008681604209591623
-0.015021141693869047
-0.014375073445008626
-0.005694130106262023
-0.007361071412518943
-0.04146346967963423
-0.020229501816350363
-0.002867060043169988
-0.009753083409141071
-0.03189985134529272
0.008820082144416885
0.014136461772156161
0.008940484505897984
-0.0020235529319625185
-0.01446461384909276
-0.021488978242639626
0.005128659479343192
0.004991969967675817
-0.008931281346300774
-0.009442794201228658
-0.000862065319587452
0.005623119153997804
0.027308492703358767
-0.004919035396515166
-0.016853250643538133
-0.010278648004040802
8.92649725660099e-6
-0.0030656517091199
0.012727861681429217
-0.0017309292632890915
0.01259655740517625
0.004389603082475515
0.01968252026601226
0.00391348497266749
-0.013810637108095915
0.007399338497961476
-0.0005347598273584805
-0.014822445164444743
-0.0012609427046381843
-0.03747711009084385
0.005081999878033456
0.008668819561433377
-0.010594581200278825
-0.006228635671208811
-0.009804912059280533
0.0029972921630755213
-0.0025188855767042917
0.010840695569480824
-0.02001345822823317
-0.011019832302523113
-0.033231557409264215
-0.04266122837653856
-0.008931290838097081
0.016981141830010725
-0.01637681148245467
-0.01563162536506976
0.013589331094484295
0.005821536708306525
-0.003484374916050807
0.0004543808923397866
0.021007254624839114
-0.0037211356856982503
0.001601346622010368
0.035378308992137154
-0.005347194017977729
0.00022705794373081386
0.02264186390015883
-0.0020231029292149317
0.021198759941391088
-4.8723864030049034e-5
0.006933872223603132
-0.018620998726531047
-0.000824882261214484
0.012002923061324847
0.009364433932362713
-0.013580085845501246
0.014558840747547437
-0.011802675340855964
-0.010257543727650613
0.01245744318403166
0.0009494735498955536
-0.004991463144449495
-0.015529698750162047
-0.019361754897176786
0.035036674026618274
-0.0032905600175594414
-0.008758871218764378
0.017796450406593608
-0.0034600609414062234
0.020413500145619105
0.01187557075665336
0.010079627628505549
0.01444713823368778
-0.006833682247284824
0.021903324428613643
0.0012684316073014702
-0.015375731298825456
0.0016549523845277559
0.009624931551315474
-0.01532626252995955
0.0059955373379959815
0.014790964097554298
-0.013363137453906198
-0.00042622269537318576
0.020760291684074148
-0.010484950095113658
0.001848146014172231
-0.022205897812951736
-0.016909829138269206
0.004387942688080665
-0.0020714980561467623
-0.018591700586468984
-0.019982993943675035
-0.007763828239865743
-0.0014227708137261289
-0.01774928651741642
-0.004934987658424312
0.01438478428323737
0.013839394556111518
-0.02688986693725505
-0.009216835828056985
0.0033453622314006883
-0.026122222713401748
-0.004116371786037744
-0.014336909491563932
0.0009993924558973598
-0.007112624368282007
-0.0005003572187013382
0.010765280077039517
-0.018879813388349452
0.008667062058563879
-0.020939207069016863
0.003047033709469119
-0.0021181382134605933
-0.021872174999238634
-0.01219645854835751
-0.00738074688711801
0.019826806377043052
-0.01055532678299397
0.021025245844138406
-0.008137767935428022
-0.022639345479665025
0.005390994386734548
0.002100032380988095
-0.025886703376198222
-0.01159486098954823
-0.009767084904254264
0.02441412094042939
0.005289069541821407
-0.025261928114394004
-0.020225652731459744
-0.016342898891063287
-0.00392091564436077
-0.00015654974010046547
0.008837002123283937
-0.00939185615979051
-0.042035284052841
-0.010135888511251601
0.023692218772499635
-0.008923589446695428
0.00931278721452488
0.008396615062707235
0.015663842121326713
0.012032958977385756
0.035501380861942634
0.012298189541889168
0.0022777616479295513
-0.014757255696523912
0.005906092450377173
-0.00827995700812233
0.014593860451139503
0.027394744086571377
0.026728683620277256
-0.00401748079075475
0.0035812788408760613
-0.011228273083290857
-0.01185591613332957
-0.008041700800199518
-0.03224924410206453
-0.008917498470200689
0.0009656642770321066
0.009496044896612309
0.055596439911206545
0.008928459477838257
0.009910973316091158
0.003842125833990677
0.010314773518892987
0.008090768527693361
0.0061104964653570315
0.0009514177435241737
-0.009632833356968103
-0.027230365450252658
-0.01064008568354286
-0.016915535473340248
-0.01685697799733153
-0.013204486366897713
-0.009425606229625813
0.005993285813132469
-0.02056658947994787
0.012918792354686858
0.006995890985711099
-0.005110747021129284
-0.005601670394404181
0.003214322805008134
-0.023484730440317847
0.01986363253404729
0.00584382920730511
0.03462386373722094
0.0034063239679077823
0.009842568758848586
0.011552196717308005
-0.020092066709156524
0.022823246129508368
-0.007203164363785368
0.011940791406589385
0.006263750628156362
-0.010793143415616607
0.014959265534939646
0.015960059263072993
0.0026607719134327293
0.01007043411334136
-0.002222615008464157
0.013869519889248463
0.005136171290924504
-0.01495079698353337
0.0052887621341859365
0.03260011889129249
-0.0021401572189338235
0.009955536352950555
0.004786811228262885
0.011141252210385436
-0.029460790026624814
-0.016527670419051243
0.02544497819735001
-0.0004934427522568646
0.006035605509968029
-0.0027992603182997043
-0.014107748680928059
0.01157010433385784
0.0029461425428108827
0.018231906246068363
-0.006895656419720171
0.0008667421718062213
0.02216927280425978
-0.0002639407581105721
0.013897504425828145
-0.0039610285801568315
0.005686141592887948
0.01900471956978516
0.0013587243325012374
-0.00589605952278341
0.012092568455746593
0.025723207913541487
-0.04217341744529381
-0.011269235433396514
-0.004553022848176151
-0.0012047527877624142
0.0070084158291057784
0.03007522433909133
-0.010553010929683875
0.019083425248324067
-0.0013944143954344574
-0.0034593782010726506
-0.002741740859556246
0.008122900668530558
0.0007085767564073398
0.014697496588544691
-0.004726829506700776
0.0003629520171964819
-0.01899944591294266
0.011430055787912966
-0.008083285330515529
-0.006056206569184542
0.01219729303446318
0.021908412932103882
0.005312770952076459
0.007302317779325656
-0.007210481975746627
0.02517652525322092
-0.03306917032529685
-0.026583335192582123
0.0033076565782859035
0.012646261865909223
0.008088202575241088
0.0073991673147812955
0.013514335497751405
-0.01575184878681711
-0.011860393706265002
0.0038299009382819645
0.007296586638928328
-0.04272527476648625
0.00958783130916347
0.01285228301939907
0.02127301532405032
-0.02145544464047576
-0.020635958197954024
0.01138560628883078
-0.01818792780157411
0.0006491981294383922
0.0004190597859958045
0.005432809392380988
-0.0022490363563416713
0.03388550160150581
0.00463610898944813
0.005427921499946246
0.033936561057799165
-0.01312274457648482
0.010560628660125363
0.01347163126785782
-0.01728905726619078
-0.004427297686422009
0.019402046184635924
7.591313137018176e-6
0.010311276803355656
0.0029807005719449937
-0.010510896880579351
0.01070186998903599
-0.017092416861796772
0.0004948569109303729
0.012747395377658871
0.004186805059560783
0.008628812565876822
-0.008611325893461749
-0.044656097868342695
-0.023639967961920107
0.0006061024045174214
-0.010093705903912531
0.023438952385864187
-0.034257494078333874
-0.005517184562057553
-0.019811636639082978
0.001164151401797671
0.01969698180348883
-0.033587794413896414
0.007242413732926286
-0.001532370636436806
-0.009955286656778141
0.013878934957512815
-0.031823204681426576
-0.011337077557871996
-0.004735204238352516
-0.025383707915799854
-0.012769058553856804
0.022288624392298537
0.0017012917753753218
0.006202795908701864
-0.006211201183968747
-0.015901597190095724
-0.016054761845954293
-0.030188201580292007
-0.010028339545257024
0.008280901220008045
-0.015041059865179455
-0.02921121137593146
-0.01191854503884331
0.0036995847399054413
0.016601590178006095
0.026263120756592116
-0.005016980415596892
0.005266159910398184
-0.0103848744893161
0.024331552388193962
0.01258228687174742
-0.014067188978189721
-0.006343658634352797
0.006043827212870146
-0.0016202934367393635
-0.01231152214096463
0.018737773586056633
-0.007128228982155692
-0.022968908972095737
0.007517899484437092
0.01303302319614702
0.0014154147635019464
-0.0112656701199761
0.011652489202177228
0.01050435103853084
-0.0035945762697212474
-0.003481677445097508
-0.02162993893318178
-0.0002994849993302822
-0.012122059204978372
0.0073598216481783035
0.015793353089137326
0.021293705504957867
0.030054852637537346
0.005424559932541301
0.004288079980451768
-0.022382935055296933
0.027373903135551315
0.009279738025328882
0.008047560242115882
-0.025729613387329184
-0.006233504423586431
0.0017151922949200384
-0.0009090398078745949
-0.00520498673463568
-0.002031470388468087
0.0031353250449936286
-0.019473057870378372
0.0020711876072528343
0.013860535965314173
-0.0047444724365694755
-0.0070877076587569305
0.010224899955617754
-0.016360739746073084
-0.014702072648468855
-0.011547580838499206
-0.010948564324327146
0.02574017456877338
0.04105032019051053
0.019794932878180238
-0.022385359562482894
0.02415730706397101
-0.024303525621674763
0.006332779872175158
0.02296173638156862
0.011673697619079788
0.0038431467506624436
0.023861905828842126
-0.022984817639730037
-0.00876583166197607
0.014486241910484133
0.011238623314105077
0.0005645016164629087
-0.008036094201837617
0.007769210946805774
-0.028445162225884772
-0.0001585612487963508
0.010511676465835673
-0.0038098691263196175
-0.0006682671209046172
-0.019406155893207357
-0.019405437490350074
0.02056256120043445
0.01110483617162307
-0.007800701322937021
0.005723338595638256
0.005014800603002021
0.0031787774963725492
0.033620812935708184
0.01640059650411631
0.016215103982540734
0.02603961033923215
0.021069955592063597
0.01265608538786622
0.016461617058129582
0.002329003254357885
0.006814277986031606
0.02055548883148356
-0.0009700561650884976
0.005351301434353704
0.0012009996066378557
-0.008745085304340962
0.008031235529832178
0.009829545302514599
-0.004309671006927891
0.00534418040429198
3.770216109704068e-5
0.0013925688457093665
-0.03770787370605437
0.005566623254063535
0.030867800891485685
0.0001040844973966543
-0.029800636312939985
-0.01921660716335135
0.02300871072862939
-0.006251879294965825
0.01108390034367476
0.0017871891146211821
0.005977007626908872
0.0046222407300589375
0.015449551165296737
-0.003390399899798431
0.00966035727357578
0.007208870736082452
-0.008878425802082434
-0.02093973703593043
0.009779665751466186
0.00033957369685327465
0.008450282871847029
0.007119318683930372
-0.007347039742117163
0.00537561977227009
-0.004271700910826015
-0.008303752575975702
-0.018679876637752668
-0.011016104660596694
-0.003709850438239938
0.013209167613637275
-0.01967685660389869
0.010402791226941556
0.0052881089105419245
-0.007980932149836707
0.003831676152816319
0.00677584715135415
0.011062667011851175
-0.009773332532743208
-0.030594721199164867
-0.0008560933907223888
-0.031707150396986926
-0.03131896300066992
0.006703910395712734
0.02370503640102585
0.01502613179951113
0.01128094535563575
-0.0031321535782372397
-0.01681394959609328
-0.01243747048713216
0.009593105199403361
-0.005159477395483787
-0.012735912743169956
-0.017236538340974845
0.011123699159642472
-0.036283635023045324
-0.026794877601866995
0.004117449428101993
0.01885879066207277
-0.013139886775292355
0.03110053289185505
0.013781807665773912
-0.01505327896067819
0.014119739275938329
-0.027836824761178332
0.017041620635203876
-0.010779251608555978
-0.014553816326573323
-0.00704014389758369
0.009123066364791441
-0.026128864471472182
-0.0025414813424495097
0.030458158373511
-0.02158280410140752
-0.013201478085030586
-0.009289365488241122
0.001677976524283356
0.01039583762457139
0.006266665763547705
0.01428844493951134
0.019640036246274476
0.02393040142633403
-0.0008419666320877693
0.020160773969924762
0.04016843086975741
-0.0065370698224853484
-0.021947270477487135
-0.014799742752655911
-0.007748089851640783
0.001501297458281088
-0.01004171755901001
-0.016289725088713177
-0.01613841133873128
0.02025225898633824
0.001875342817148025
0.02324116853376074
0.02763473398431605
0.013785916465449539
-0.02368345632318829
-0.024146190379454167
-0.001304810743198395
-0.012517456490654798
-0.00018307831657339894
0.00961158272737832
-0.0060520541891206535
0.018012841625205403
-0.002424386122705903
0.00491961897433333
-0.001890951261402019
0.006672936842001895
-0.018525233674474874
-0.002115277060743474
0.028741403570177827
-0.008488265479269905
0.009943784668626887
0.018858365282425543
0.02430545416526324
0.017500004921220627
-0.018654187570790112
0.022861278585019355
-0.0035338491230191174
-0.041386199399295436
0.004380244784111976
0.013375291198701235
0.013945465867757483
-0.0103797998829445
-0.007942057786603684
0.005158920471875738
0.013217182420164801
0.005714821956980406
0.005942686296019285
-0.0008609955585950064
-0.02125957828466354
-0.034239765413081366
0.012156220551471742
-0.004490091350448565
0.011099360691711087
0.011167025725706985
0.007825464124927992
0.015480254580636675
0.02081802008022571
0.019716880350288506
0.021389339062762983
0.018226804655443424
-0.03292490199215618
1.4527852529759968e-5
-0.04331351251571758
-0.0001521770454278914
-0.012446073094705036
-0.041344489291993136
0.013334093328350935
0.006639632219825389
-0.02215712141377423
-0.008401777097654889
0.0159890223094511
-0.015718153290468814
-0.016841518200238666
0.003863364802754477
-0.004637139892170828
-0.02427251846751942
-0.003631600915134984
0.0020265446101710455
0.018922519568970533
0.018081206593906534
0.0001721023717087018
-0.011064060287954106
0.020936298983955926
-0.03867465255649886
-0.03232009132136013
-0.012259345859385968
0.011091736092828595
0.024792798464132074
-0.00354795324472963
0.023278078847708564
-0.004196956525144239
-0.016039007906524176
0.013655383314461172
0.01539490862313658
0.01869160398977667
0.02098946029318703
-0.03662829422459659
-0.0005570786238439024
-0.0043849427552366885
0.0014448107832115142
0.011002137323796719
-0.004274113663700499
0.01752468834526372
-0.010181667927194547
0.0037945394879274953
-0.005854150396638792
-0.016594416590655317
0.03360124263242895
-0.011823722003007587
0.005171378736278317
-0.015191728747316835
-0.017682421876261678
-0.009610133596081639
-0.011243635247581152
-0.0032596878961812046
0.011296116509058873
-0.0009472024910375454
0.004990795594575959
-0.013900384962600213
0.0367435461798252
0.0024127970840111933
0.03611743549931344
0.016053666386841806
0.019969370219724836
-0.0004998346220488443
0.010845909598788636
0.005726874835701439
0.004463001347219644
-0.0075025297298899896
0.009889560626023948
-0.03468875222984474
0.0012438085109388129
-0.011740318218409132
0.01226823716033658
0.019063555347739475
0.012861029222458577
-0.011709149647383246
0.0032315348933139895
-0.0025438575599058956
-0.017978397325345837
-0.020274158545233494
0.0323229317498154
-0.0005859865212185419
0.0095805921542548
0.01792950266257394
0.00016733271761133414
0.00451862588550526
-0.023317878849537347
-0.006555822745971544
-0.006622730742496126
0.018107677160313983
0.0007582007316214694
-0.024991153637661453
-0.03455027056543203
0.027562944301361275
-0.01458554219897854
-0.006269923462596905
0.014329651546362426
-0.03232314492766036
0.0018852874145922566
0.018039270973129275
-0.0007890826232180288
0.008649764055825576
0.00543327697493574
0.01287138963703404
-0.02457204969556297
0.0001778136419066951
-0.02599540901503921
-0.0018611003754504022
-0.0034328465345354713
0.008716726251673631
0.01140692945998603
0.007387443653001563
0.007727607576519546
-0.008885289966212583
0.017387436513405605
-0.0036090624601629847
0.021605196112120906
0.020917962204419945
-0.004045663384871197
0.0052998931331371445
0.009606711195990204
-0.011161392198451517
0.04024251268367821
-0.011900281307191465
-0.004090526742106313
0.0237493958570101
-0.024608947827122515
-0.013245701792360245
-0.02327708865930277
0.003153430761692499
-0.01851766746474283
0.013415605510589946
-0.021157228721032702
0.027035248501888546
-0.008891899960345642
0.008245806772082467
0.005396384785209858
-0.0005192614300510642
-0.001020030733593858
0.0027241427947255815
0.007628575195232493
0.022121977958497747
0.008688039009084603
-0.006456490849414378
0.010676360916912082
0.01175163935420493
-0.03447502103977895
0.029563842911309507
-0.0022468528064152667
-0.012798534903540323
0.0022828847331561705
0.008336497883622786
-0.006192266202422343
-0.0021507907865618426
0.014425135558350545
0.016713830064999234
0.005037327184904363
-0.006733698248082421
-0.02620255253390646
0.004205011274713355
0.018595390302653562
0.01415660514778742
0.002686210174604655
0.029805220863985387
-0.001731911494391065
0.007292864805230173
-0.021271525050839356
-0.005618042797869452
0.017638133114486317
-0.0104645967756321
-0.010761977356678186
-0.0012642420759559395
0.0270088975903944
0.0047005268920885315
-0.011042688007034384
0.0037755985334740902
0.015057402982492751
-0.015758732521656535
-0.012127281311216005
-0.03280213059591719
-0.019671373086753728
-0.00896725221626124
-0.003959625809420393
0.03043754680065262
-0.012530941810942997
0.004914459517529479
-0.01467466166080707
-0.018338931671509528
0.0097143449829406
-0.022282615635548838
-0.007237747601747764
0.012473559292144885
0.02172647257522868
0.011082293171403643
0.02865197330134373
-0.022855482024495125
0.013704144645820631
-0.017297279702193833
-0.005486140268585149
0.018576740392950753
-0.02975737740592877
-0.008364548631509296
0.0005485293673614016
-0.01186515361947374
0.031498667978413594
0.0036838920734586487
0.0017973199289167698
0.0021928311095483965
0.015785405221001116
0.018294984126272337
0.0015498733459134821
-0.011019069581014609
0.005328118112190399
-0.016737419631800744
-0.0038025710909791633
0.007001457402864163
0.013047761753671092
-0.014745596644339725
-0.015282877152113504
-0.012296359723928644
-0.020950672132701433
-0.02557263303185575
0.004995763914956798
-0.00477518619548007
0.004655314000449787
0.007111788878640066
-0.040512375834687656
-0.012062992326854517
0.0029538717143017265
-0.006516947984025637
-0.010673436787622947
-0.008517341669408571
0.0039021453812632745
-0.02397938488724842
-0.015317377236088914
-0.01189453857690241
-0.0003517973617239731
0.00962024287209505
-0.020813518480384572
-0.024455216764516504
-0.00012365854485515157
0.012385160832611826
-0.020260819493716706
0.01671837847670323
-0.007156363117180787
-0.004301475543129804
-0.014929869658307865
-0.006933190868634575
-0.02004103655870166
-0.001121355114847881
0.009813375740333493
0.007222931612449042
0.007947809577400862
-0.010667510531182733
-0.017276622932496332
0.029339281244902853
-0.030290523640448062
-0.004784082794934086
0.0001645588492824022
-0.00082739882623923
0.0024421797850708443
-0.014418148096650336
0.004476214388386365
0.012706188950495093
-0.018878117184187766
-0.02846779737198327
-0.009733662794821778
0.022452115079047964
0.027422911971324248
0.016168190910510763
-0.0013451516914669824
-0.011297035491743018
0.004286329498178542
-0.007804991508725449
0.0108057772824737
-0.006696189879308579
0.008795613219334896
0.008342394404928875
-0.008996974204618216
0.002924461864833812
0.01241982946799707
0.0038114279035296864
0.0009575223711725986
-0.013815405063614849
-0.0393922386471157
0.029369518234981625
0.027233187757143777
0.0328734403036814
0.026421245192535674
0.028646261182075812
0.014372614585342395
-0.012251167587195431
-0.026883543099265286
-0.007829565560348622
0.023436270921317684
-0.021746762812625775
0.008363976489031087
0.0030410448223690033
-0.005272062598032177
0.010432006687801332
-0.007208885661010363
0.0007343304516213063
-0.0058984845709718885
0.018869905775634438
0.024179833155849068
-0.030844588401443798
-0.02746395269992082
0.0013381518568711232
0.004578583927927332
0.011153372777124573
-0.001743056987392313
-0.01893864057880493
-0.020270759185309583
0.036483658553908734
0.003816532827953978
0.011153998674671314
-0.02692124868967504
0.010933446244816725
0.002387641526893051
0.020777770388732617
0.014101590647578656
0.0014863157727524443
-0.0229072327016889
0.017711489081913032
0.022236414330738197
-0.005340962178038735
-0.03765600011217804
-0.009072183374006833
0.010241192522384777
0.0030666642425346627
0.016678531706062066
0.006204082991278174
0.0030479459877246545
0.0037113804980039937
-0.007707021486919823
-0.009604370971628551
0.011818966788150238
-0.00928283400515998
0.007960900119112931
-0.005251679258936715
-0.004742148726361261
-0.0009562371053037772
0.003567733960457007
0.012513427905344699
-0.026631356843881904
0.0007264588632374469
-0.0018582637657052542
-0.013811399093484307
-0.0025218473551685034
-1.8522290974261216e-5
-0.01015403679719096
-0.012631732117613835
0.00867520702841011
0.011870609476002578
-0.004027017754281436
-0.00951137520126196
-0.006828592700660267
-0.02537084721230096
0.011177919845153771
0.010719182054562298
0.0057675443587601105
-0.005017782570339337
0.0063971602853670935
0.011528654198944856
0.01495059244566401
0.005137149085556051
-0.02055276124900228
0.009091290984076511
-0.021659190402843264
0.0070317614942488485
-0.03686423262111893
0.0029040068079103027
-0.0011555736807203878
0.004755466853517723
-0.008143236404238982
0.004044754221627606
-0.014926281797484698
-0.02121760612760917
-0.0019512896060390572
0.032772818356453695
0.0049691017260048995
-0.0027987429899664997
0.01233364498670417
0.01017688705459171
0.02892804791816148
-0.02066516035468834
0.013014285631921934
-0.03084700922919
0.002976848513583837
-0.005539426663447953
0.009772691768769718
0.005381063445957804
0.0135584256536867
0.018321432190292374
0.02348893341766064
-0.0063987140687628815
-0.001879638735892958
-0.012114820015975743
0.0023466878192485354
-0.00813134847924549
-0.006708870896709096
-0.04639530844140775
-0.010413010522395872
0.0007058682083148274
-0.006902634319691515
0.020248962099598828
-0.0006986392699077657
-0.02061616133173326
0.03143380921652027
-0.021560796743862725
0.006213677418357042
-0.021719186792482054
0.014867386130008297
0.013307892152981372
0.022398902892612222
0.023099161126734012
-0.025953653921310636
-0.011908034915723814
0.002888656290096469
0.014132647498389717
-0.009647933841604686
0.002856053658349327
0.003129291858927623
0.020389862835036885
-0.002144581049296203
0.0017827904803027785
-0.0062490101233121575
0.010540675250716537
0.005774990851815935
-0.006284260081869211
-0.007478982508302876
-0.015832947423005433
-0.002265187434130758
0.010716411171032884
-0.0026628321931875406
-0.02762343664094775
-0.029974900858698684
0.008885894629279665
-0.0016701858521404782
0.022763620603490683
0.014210875939609319
0.008486539002911027
0.007369824800597847
-0.020322428761399176
-0.028965053919038652
0.014248298913211293
0.00027963413180936893
-0.001213882186515183
-0.01361831857184486
0.01428059637995965
-0.0036958078590930183
-0.010529434583020702
0.0079546781995304
-0.03767442271159316
-0.016183708126984817
-0.009384479273284922
0.007266987776765356
-0.012208738510542976
0.014940696106148451
-0.01759043966533358
0.004461033237259298
-0.02321501023251489
0.013484803141591143
-0.000793283128508375
-0.01206659129135416
0.015226506306990267
0.031104758730784336
0.031367041307448884
-0.0280503975259895
-0.003290009950552744
-0.0004936509710095918
-0.014034788119002526
0.03520262924172314
0.011715251524056365
0.007391203530178499
-0.002720943591414008
0.0010517649791723085
-0.022491220902152536
-0.0037039883143407484
-0.006101877089526249
0.011852869460832268
-0.0013408068783622611
0.012250218591173758
0.0010928832443364146
-0.016390361552882562
0.019516251060076765
-0.02020086357506801
0.01232211061440646
-0.012991837951262455
0.010822858679252942
0.006552333516899335
-0.0060110736239057105
-0.0025983596049270483
0.009744986003211399
-0.020345150183549824
-0.006511137078026495
0.023366212203335193
0.019582437194143147
-0.00429269138053544
0.013809244821901956
0.0057309259042008795
0.02363081533618751
0.0013033523506139648
-0.001064567844308122
-0.009806835576533298
-0.0055594486565673186
-0.0015036480919832325
0.008882523946780492
0.01168516021083943
-0.030566264887704486
-0.013326367737541938
0.0003404400240268751
0.014264861073391626
-0.018393882874336163
-0.01222947808254388
-0.008983720467736994
-0.018467134230060217
0.017899454453127715
0.027509877249647752
-0.003989521934849887
0.008685693296815112
0.0029525319771750453
-0.006664166085527329
-0.007710862949782101
-0.02370792792563202
0.012816528224337214
-0.014160611767249389
-0.013765740558723148
-0.003623743746272056
0.011857431950657745
-0.012983300182970413
-0.00021208724180784135
-0.029626149882635077
0.020459673935255735
-0.0006077891488768796
0.0038552262383363734
0.007898786916795528
-0.022453317443081496
-0.0032042092389534273
0.000540830271422983
0.003503009562594087
0.006677041141457904
-0.02017441606826909
0.002962574858967656
-0.0038971131306867637
0.004933245511631507
0.004099114064012957
0.0028547776521846494
-0.004332816618347375
0.024939182641301103
-0.0004699232645389742
0.0005780791793942033
-0.025804384223358536
0.002844877917592847
-0.001148768762129541
0.00844297339830419
-0.020132573365295534
-0.018566324740792006
-0.001667472405648409
-0.0033386647021441973
0.0014187861616473782
0.00442237837815999
-0.016862596029682257
-0.015010432685526142
0.01884331534420462
-0.019496811305782177
-0.00834018888918469
-0.009653816705792602
0.006830578643485209
0.01467103422213849
0.002348365821367818
0.03085301532639133
0.0014648975341563595
0.0020053663801874533
-0.005403627775452825
-0.021055752993225717
-0.018865915480664523
0.006902903220355398
-0.004690897257583406
0.0021983904733043663
-0.009588504689659693
0.004868214907282761
-0.006844841453312215
-0.004522489960024587
-0.019962339523657828
0.010457940500131735
0.00728327451668786
-0.0022844903843777077
0.0026702478097007077
0.00352897523835763
-0.003230628011318201
-0.00673796159180006
-8.110700487270762e-5
0.0079297105743757
0.02826968813859487
0.0023382638522025105
-0.018875905083398075
-0.012025660689860983
0.018383516219206718
-0.013327042885360102
-0.01887770420251818
-0.015764458573205544
0.02414853728415994
0.014033572034285924
0.011163229681095973
-0.005380593831560687
0.003188988042422846
-0.01903792221990366
0.0072354192770466485
0.00391037808290981
-0.01082907991669426
0.005240201376799142
-0.007697805131322377
-0.009895714696670173
-0.008506692363312128
-0.022292391834270016
0.008324635362566269
0.005464136385325602
0.032962751476800715
-0.011182840845043524
0.004146443567679123
0.034146259289983626
0.0008272149599690691
-0.019351117686734923
0.02877152297123428
0.011798899844171139
-0.016522175963955332
-0.022159644564912612
0.004893538288624751
-0.007095031856494246
0.021167470750211043
-0.010980211008211437
-0.020137958866403113
-0.006077204925536813
-0.009511007384321996
0.024133902052126267
-0.025721535921289073
0.018384382839413318
-0.01827583491062369
0.005540864273440306
-0.0010993322753039866
0.002966142513386341
0.016312602454845778
-0.005515427721602965
0.00930923767068786
0.011163005575637631
-0.027959258480965043
-0.025404889422850924
-0.02488217421255884
-0.013475925591322529
-0.016039493356846617
0.03276815483699138
-0.02537024463672416
-0.014826061620589453
-0.008607323527779024
-0.021781388019259235
0.009471891851250294
-0.0017218251680495835
-0.008812647041634798
-0.00469073180814283
-0.017507604739489653
-0.022151444214980505
-0.0019847410038419146
-0.02089669738667362
0.013953750654642003
-0.016770514425711137
0.028988822590463842
-0.017898234067049757
-0.02319114582997442
-0.0028130180080806256
-0.021051534521100014
-0.02524603661281385
0.016181983466995932
0.015034444432435064
-0.005989799263280536
-0.004606634840496527
0.0035006142429536064
0.009418791078622181
0.006808161267966059
0.0017439318499765219
-0.011565039878680591
-0.011182387552483509
0.0013106676706458047
0.0021937749162080837
0.00044673104544083584
-0.001573346293574868
0.005741181297744284
-0.002333704008912934
0.0006313364920649564
-0.004009204634468622
-0.026047641490937298
-0.011917869361680839
-0.0009641489045939358
0.005384096020461896
0.03706382280299941
-0.001805192173998082
0.031032335745996915
0.005972479452720195
-0.01095489110904572
-0.013147955698624751
0.006633348433536208
0.00884273881195229
0.001667833276455778
0.015278125568800354
0.02050189052322891
-0.008620242384612172
0.011330629348908054
0.016126043344746568
0.014559493987566096
0.008316618358347693
0.005390346166039758
0.003532550477767803
0.015097945350450202
0.0002247640185517321
0.019959492935230926
-0.0019024183069173695
0.01613157545917754
-0.006360362781673188
-0.007516721051681144
0.001533679365461883
0.027460573255815215
0.0014219061447786397
-0.04786694415119737
0.02114110321580611
-0.0064568522182092865
-0.008918070667379163
0.01757214943886496
0.011076926647601534
0.005152716607589701
0.011102096867391009
0.020676570573732223
0.00015415699256333823
0.00032157452746665177
-0.003500599394084658
0.014823957914078407
-0.001327828630018835
0.0218126548850677
0.008621862132893534
0.005801560341384956
-0.006255164784175505
-0.0238202235752885
-0.0025434061541193
-0.005561013070095254
-0.013972009327487996
-0.015389251293854243
-0.006923380478562953
0.016740301853944144
0.024955658117921786
-0.01522530783785107
0.000739052891259575
-0.012587172676034191
0.012341056287549059
0.0027354793286810683
0.01287412294659972
0.00800299078544897
0.01719698031201937
0.008999850740891891
-0.02164631920435997
0.016530278291452524
0.020604982911184483
-0.0074650903167241
-0.013272612085616304
-0.0002522180020740818
-0.014245039871830912
-0.009527261370213268
-0.038350191888646995
0.028894769571694727
-0.012955012565901806
0.0004010367741250528
0.005486676486195566
-0.0024034659501553242
-0.011267344630206157
-0.016231091621443202
0.032023578803423575
0.007301657273192262
-0.006867107183319055
0.03613368788554071
0.015781413377339727
-0.008228723231514936
-0.016035911174145684
0.010122723883677607
-0.007023460248971138
-0.02165869912135583
-0.013576943499262086
0.00403925024550148
0.004921502459951318
-0.0175008550905139
-0.0005953137571297117
0.01410957525862645
0.010845859193156442
0.022299386832499046
-0.011648524213024092
0.010364032911310756
-0.011230055052060164
-0.01105866139723877
0.010647560263571233
0.017171867612288585
0.026815868792345526
0.00830748232351612
0.028862241613978865
0.02580074559926291
-0.005285332968350351
0.0017453802766986565
-0.02331034452767577
-0.007742500826888919
-0.02291220511283622
-0.05812278834422879
-0.012032878982345126
-0.040204036028850566
0.013005568024768292
-0.014454764684600808
0.006904402387550925
-0.009446001254854107
-0.01111542461184822
0.02033729269411903
0.017127216192582576
-0.016848990644494136
0.01321644379212464
-0.023717408587152183
0.007956830513629203
0.021105148736850543
0.029374233956079573
0.017664630656928776
-0.02683764066473238
-0.024022153804379064
0.018102031921217315
-0.015024895298518753
0.01001017671629843
-0.02491360215686541
0.014406828702542165
-0.0035111309787330056
-0.013986963672541763
-0.0019282674736418378
-0.004277577944635346
-0.011281354337854667
2.8030646610170803e-6
-0.013808325465024173
0.0041695074364427615
0.009832436456563077
-0.023492919809199108
-0.006984248143321181
-0.008813969598097444
-0.006634853325769881
-0.025825256612059876
-0.011622461036280722
0.032479198511142914
-0.02146335910944416
-0.015500859338105374
0.05086489462570735
0.012897521009415009
0.009764189769281922
0.00012409025796565582
0.003495741557931222
-0.0022630907695003555
0.005615326767257924
-0.018161608063012497
-0.0025113366669784138
0.011388886895344296
0.019997416867729833
0.016340618741016583
0.015374464981800392
0.007742807415414979
0.015000677815846434
0.0003251531257708579
0.016872178632011497
-0.004641258279737065
0.02321119178548232
-0.009346923450013218
-0.008732452180348765
-0.03721306491140491
-0.0057934919239596
0.021596189229149503
0.003135595003663476
-0.00937284667822894
0.0018800211230136188
-0.015431087115317255
-0.005757411609618711
0.008415327957167039
0.01942545569197788
-0.005033283851238886
0.0067365552581795975
0.00244069808134783
-0.0025344821249860027
0.0012945518941290587
0.01921278209690109
-0.03337390529974307
-0.013722385248027266
-0.0028377267135318075
0.0014933687922941755
-0.013737210677300079
0.0037893542868164785
-0.015334343707824596
0.012833774173989173
0.004329515147626723
0.0031236046824407297
-0.0015741346109347468
-0.009238645006145466
0.010741942904380183
-0.016359826838718693
0.01669688065349853
-0.010633902397597683
-0.005232052055248117
0.01752991019409619
-0.017264232091671147
0.017425009444893013
0.01343993330951688
-0.008749412959881778
0.0340249458403954
-0.002842409214318652
0.023467783626692815
0.003991833375177375
-0.01707888180899184
0.005085050655335394
-0.009498497790997765
-0.010539095193796037
0.0006631698727409201
0.051256039129079424
-0.01814649571256637
0.014961453051062234
0.018058689236609103
-0.03332838616839598
0.005138773158600897
0.01434704246364178
0.017383451977421242
0.03314397824258876
-0.009076303563325203
-0.032603132058141644
-0.0015370640282254579
-0.0001867900529451101
0.0019616254971625197
0.0019625302097156403
-0.002870686638984843
-0.022284036491505538
0.011202114530475923
-0.01832924639379378
-0.01878811031663046
0.00042210640875804716
0.010816744203145266
0.017410855440279382
0.025033373703772118
0.004299584432093771
0.011468819029947168
0.0055029441873215845
-0.008834033970201854
-0.02519434312700675
0.01091468628009646
0.003418901816167512
0.010228371676190045
-0.022986070333870394
0.017004208242269815
-0.01154381676124988
-0.006926204100515888
0.01670352078424027
0.014771323337550747
0.008009157375968743
0.00734158273608093
0.0016226826015479567
0.004748537077884665
-0.011058305064705025
0.005467432499290154
-0.004567829814804089
-0.0016639945065356086
-0.008558224745686427
0.019397312373050975
0.01587010867887365
0.01816750785972487
-0.013426139041405511
-0.0011695509800729506
0.009549538843445522
-0.007101855299688681
0.006125820484863584
0.004656744750772098
0.02234403536985232
-0.003650076829002504
-0.03193762385725412
-0.0069934952995860805
0.006032282930067642
-0.027124378660132207
0.007894678967589651
0.045931718797485185
-0.010464054075667667
-0.0007243682362103779
-0.022276886252306755
0.007015540701125109
0.0014782278480972935
0.00366680096750255
0.002285225203723621
0.015815267273651065
0.008891484955276327
0.008491333097455672
-0.002022548513988869
-0.006993273340807711
0.02760605610628469
0.011979906597919171
0.0044812010785457036
0.005007502831476183
0.0112302998434061
0.009913846287310922
0.019237702523630763
0.004104300924532775
0.011619018495113816
-0.02043310788776272
-0.041083695439435165
0.012718431383193972
0.014386542655129668
-0.0036362576211396405
0.005402285774798012
-0.017544709604093045
-0.010538157111417316
-0.026489191581514325
0.020863682585831444
0.027153278025951792
-0.013523606807375722
-0.012800270953839761
0.007053813871860067
-0.015187129733907326
0.017692726162520624
0.006788706141924417
0.004910631770240872
0.012044431152592044
0.04212986333118145
0.013267274284673341
0.00022185148391437538
-0.003972699624223714
0.005010072544839616
0.02839635650576597
-0.007406420815008525
0.019801717818407054
0.006023960163895651
0.026052405323770473
0.018133393052348373
-0.0036021104021198534
0.02219068979669311
0.01797380545055244
-0.0037604441201356392
-0.0056938512775734735
-0.004075966050590614
0.0073838460123766885
0.010836449760761025
-0.0010732321416529298
0.012317332658061307
0.0026887290230502773
-0.017628097850225646
0.008259640948364278
-0.017105071386727053
-0.01478117975220292
-0.007929624491590027
-0.008597732421589597
-0.015391634849599425
-0.015324543322190728
0.02873375011406325
0.023905960055431087
0.04108330385025737
0.015211510726388464
0.013013275593483841
-0.00039646981456731306
0.003938484278346493
-0.00010454843698486251
-0.009485406042961423
-0.02854394180238299
0.02018152788256634
-0.004600035529362957
-0.01388000897061363
-0.018700141276892346
0.007655809804972262
-0.010748369911629816
0.0063260905489178
0.022096223546375384
0.017444883439597374
-0.01831867556842988
-0.02394887927164278
-0.007889968192451488
-0.0021035251070377747
-0.007311467914680064
0.00298921646453849
-0.004634974905868105
0.022469285500175445
-0.0007978543227429941
0.0024834100726886135
-0.014867013744779835
0.018837292516551668
0.016363912941067205
-0.022470545227366547
-0.01263303103313853
0.008428325887058392
-0.02422571410986858
0.01009911471596771
0.014144404871606314
0.007785839269870252
-0.0003753974751540364
-0.015706642016365836
-0.014217055423781134
0.019140417613235188
0.00794511091950602
-0.012011519039698975
-0.008525644040511008
0.004348694598126102
0.008162679060854262
-0.02093307467223673
0.02285796258896331
-0.009605274820996516
0.005995116414510132
0.02393483775650068
0.030183026974831346
-0.00902700837828952
0.024076942041059184
0.012311978529817639
0.01362538614930933
0.017814673864399083
0.011667693165963026
-0.0023101172056615806
-0.01843102194071652
-0.016452320953996416
0.018964623668895546
0.0033795831860420665
-0.017104461053264203
-0.01046945518210383
0.007265910585651005
-0.0004867762094119272
-0.009461869490317923
0.016531020256967142
-0.013996284935999826
-0.014005401559599086
-0.0008057652972312551
-0.009681440975731963
-0.007865548737703558
0.010085549160758846
0.025348474783856267
-8.88306593203645e-5
0.0016394094127400718
-0.010582140976255322
-0.002303134087469937
-0.02389897162084355
0.004049214392475936
-0.01692692233342823
0.02061644720205123
-0.00450514244176152
0.0018066672763732616
-0.00012785781942896185
0.011942468513927312
-0.02447608415521633
0.006604711154855642
0.01159082300663848
0.0017495871908903078
0.0058655549547513425
0.001088637630888099
-0.020017542439413626
0.0006779758778679936
0.0029401588735271426
-0.016013808936409874
0.00859537416571794
-0.0021944747426532723
0.0035248583118249813
0.021650130720755778
-0.005643338771374008
0.002803352700991972
-0.012386695866038352
-0.008105717525374596
0.004910810095834213
0.01155775582444876
0.03119640941901731
0.007007080245309837
0.006286750514132903
0.02670956799739402
0.008994935913714882
-0.02485529966897141
0.0051962906717986255
-0.0032034130490568536
0.001714398336734289
-0.016874846449106574
0.006534822963978776
-0.0031864728570534665
-0.017971795451108222
-0.025188160575983238
-0.002248708472189916
0.004496808511269487
0.005895308134497894
0.02027915059349963
-0.002527551846963245
0.01131950649604443
0.02251513953560975
-0.016639816736949246
0.017035691490477053
0.024543915652232354
0.006880484347795704
-0.011666614435432494
-0.018609132896942854
-0.021448820699385914
-0.030059348644786286
-0.014879347230838514
0.010209070229337444
-0.0296115744651469
0.001557130577384062
0.013800699308398815
-0.013295683969817671
0.01372916691425936
-0.011207133328429472
0.017204530560291132
0.03751423567645525
0.022658371753920492
-0.0008334190936874166
0.010101907631170207
-0.005697979026179647
0.001021294108862182
-0.016090310490184466
0.02220051740678905
0.0036656416126540957
-0.006504176973944204
-0.002103305329055961
-0.009650459543546222
-0.009168366322709101
0.0018763696143906678
-0.0112124030497674
0.03567053250663405
-0.008502401337062258
0.008313856102043682
-0.002344965475824712
-0.022698398458906248
0.00856071324398712
-0.01833423339643218
0.010395234876593688
-0.021413633094935408
0.0003944428326428736
-0.018945624118020626
-0.008912036832929833
-0.008902435020750634
-0.010397103355218857
0.004880156524816031
-0.0050304163279940315
0.023721233470831545
-0.01849691789565745
-0.005323430535398505
-0.0030927893283749725
0.01937677164037311
0.007467741698011456
0.006414092929999454
0.009988916064906683
0.0017717893690484523
0.011773997424938764
-0.002711786993204265
-0.010893040743325484
-0.0002694183227748331
0.005882720730350899
-0.012194856895017625
-0.015551218129828256
0.017621982624401702
-0.006046067670115278
-0.02121052111702196
-0.0038677313138629726
-0.003113081365814638
-0.015663789222739526
-0.05110189076178418
-0.010114554722953542
0.009036861470351964
0.0006529098516264225
0.01115454776714171
-0.0033617525313438903
0.018464747449009687
-0.002573241036541789
0.004625455068868648
0.004398173894950058
0.017374877772310546
0.007516604618428312
-0.0010953317249241838
-0.009101258164644898
-0.016582713944657237
0.0047459389944662375
-0.0020190237532024353
-0.017576972227601836
-0.006077896072649354
-0.0017215457696759344
0.00224942568488791
-0.005980447145659873
-0.008866028150459206
-0.030484275135771836
0.0022823486484084624
0.006735795273586749
0.00987694630640102
-0.035983659841880275
0.013115172116632838
0.0027149734267418388
0.009407765074959055
-0.0036723006741418446
0.0020101294942573645
0.008700536828178293
0.0020636496189004308
-0.011106957678110155
0.010192842086540824
-0.0027507365721602256
-0.00044727523342772
-0.012309904194884523
0.03106470110384004
-0.04489856480347508
0.010013550057611563
0.031081452838998085
0.018650130627336187
-0.021654195417006097
-0.010774716578280814
-0.008845309023676542
0.01765368868945604
-0.0020152450661366714
-0.008245528434415483
0.01882178709175583
0.007785873506987231
-0.0071160404468758685
0.002881676098713722
-0.001202857446675378
-0.02246310443029409
-0.0323464725416056
-0.026913342595625285
-0.013816418129375646
-0.027397412642565254
0.010211617867108735
-0.03259223640439944
-0.019881886550759446
0.0016572000263477015
0.014240216436175053
-0.020010813133837662
0.011144502305712024
0.012613513525995015
-0.004602509779282371
-0.004919256949808455
0.004325189074853075
-0.00356222855424385
0.0017057030211593818
0.008142710767341306
0.005257306584427678
-0.010939915397743662
-0.010589463224510202
0.004145063771881669
-0.0009367348235835716
0.024302521409211467
0.004981035913763746
0.02399642902605043
0.006345918147848099
-0.00494483128611948
0.006098482309325177
0.0024638609028258887
-0.007827584838385795
-0.012639502614751231
0.010614396602845364
-0.0036905721533869408
0.007231985662225514
0.002695732109501394
0.008588651863033153
-0.041257157744869356
-0.003405223367916526
-0.005016960935465063
0.004991329178281099
-0.023604169558411263
0.0003526155255993698
-0.03395542911356851
0.004684825156233632
-0.015225705322267745
-0.04036144961027696
0.004573671580498191
-0.005922895318538774
0.021711731280449873
0.023388907036725606
0.004663864694883969
0.02687746517350015
-0.025366392758269997
-0.014484040990968679
-0.00687207720935158
0.0001068487027005107
0.023638437498283264
0.000954722988559942
0.01418907874100885
-0.004792135818199187
0.004839594434174388
-0.012754966560349778
-0.006544988338763435
0.016395397501053243
-0.018394603776473027
-0.0023165971062009184
0.017164050954675686
-0.020664341964208282
0.014671662145256524
-0.005855444805699434
-0.021507037697202327
-0.027380484917074528
-0.03871573813922323
-0.005873425175198342
0.0019125536231102526
-0.0071820243248313966
0.002847581589361184
-0.016322002997965462
-0.014798633921891811
-0.0123659129721332
-0.0018887752022466375
-0.014309563152237298
-0.0014888083241171267
0.004367790769524069
0.003035591274039677
-0.006450097790886786
0.011150708785687333
0.02396193130718789
0.015840098606274153
-0.00737845345250976
-0.024085179639072526
-0.005163644230433299
-0.02856351221545555
0.02180112256505171
0.01915823481720995
0.0037149326582052336
0.0013714540103429926
-0.015933751654471796
0.02025793451895053
-0.016340103219423873
0.019194698147416242
0.009092556152336256
0.009702772133995754
0.03057291302997161
0.007200549380030267
-0.014558540110754152
0.015149714559131817
0.012319540678865216
0.02198444744271017
0.020091500008131827
-0.015548446603737118
-0.005840421311728177
0.03349653933403499
-0.011340777679811903
-0.014977918566996174
-0.014986446669347944
-0.0021075681012585495
0.013040369209191114
0.033284510112091915
-0.007914215563926285
-0.013019199835824927
0.014489246789932875
0.005132349306020091
0.0026245091356079586
-0.0027571554357138407
-0.000643558598969473
0.03165218954454755
-0.004970727527364534
0.03285868612036238
-0.0032534160201828735
-0.002562974864358158
-0.012025238787658432
0.02326210885063669
0.01723354824857943
0.011625837200075347
0.014474423359103396
0.010201309175256173
-0.006646308747991224
0.0021112504047469363
-0.003949130940926642
0.020819430885330954
0.04200479381102409
0.01747468401431097
-0.02236996849245317
0.008029841157130726
0.018871627198536765
-0.028948395499769367
0.017413750050973845
0.004069990094859127
0.00614639954804169
0.03511318643694733
-0.007249073841586864
0.006494176663267002
-0.014464870619573042
-0.015441546296751178
0.041892915808107896
0.00952527586565483
-0.0021534088855802553
-0.0010758455680172129
0.004455498517570628
0.04026384116088095
-0.0076132751291805335
0.016949997817056462
-0.01430823740317433
0.0003111797380178609
-0.02464716469183484
0.004270849798157952
-0.00977296456940307
0.00793516678901843
-0.003955946691408371
-0.003967668604743062
-0.027123984915339003
0.0018140387496758516
0.022886675600388668
-0.0035402683054872423
-0.011531826990855079
0.014097991625940163
0.013266952077402482
0.030645095487578527
-0.009515941603025659
0.007515340259309567
-0.015914270834654555
0.017535194379531546
-0.0064717691615648896
-0.038763996230727196
0.009408559633503035
0.005882908408528745
0.0024874589684834346
-0.010990969913127343
0.011121721296241506
-0.009788971348665626
-0.0007181304655646112
-0.004581591695379931
0.011781242086570052
0.02135583443038454
-0.00537127948999741
0.006417796080841648
-0.010092513112939528
-0.001528953746079269
0.008934537489548566
-0.00670093747754259
-0.017774785303076024
-0.004112213065516038
0.006392883316051786
-0.0043978676030653
0.03777483911474577
0.014512816280774624
-0.0014585962430612716
-0.009104934875409629
0.006424322344055998
0.0016173029947055355
0.0034403342179712146
-0.0033396528650874416
0.0016028013851567217
-0.01953329845316691
-0.006849253870920888
0.014256831831680378
0.00600883240154722
0.008447847667545597
-0.008108176593037622
0.008878431793179946
0.011972164352276675
0.011541066029648626
0.014862799065831935
0.005814003056928164
-0.0033008449822205057
-0.011083035137760525
0.007493429826079902
0.007039149168040717
0.004927798261878641
0.006206910124926907
-0.009600783929725824
-0.015857134005209186
0.0166203087741128
-0.02188488636724765
-0.013622015880531007
0.004943509025462523
0.0065124688520369275
-0.002271087847090073
-0.029645937145519292
0.0018348999553938772
0.004819895193597001
0.0027529934458693684
-0.008726075350614199
0.03841331207450804
0.013581176926117476
0.030968110330287
0.02337567937237981
0.012543487606598461
-0.016959934459078525
-0.027439195358885105
0.0094867199571578
0.0018584688538138031
-0.002907334811264352
0.0236529993490485
0.023911511657838173
0.019356477497966984
-0.0012562517816957315
-0.007934236761557698
-0.003918316939859133
-0.0029929889037163776
0.006250052149644781
-0.010708261932133317
-0.016188834480612282
-0.012963493187444022
-0.010286128606938448
0.01929041062138943
0.023458389893578797
0.011375587486740106
-0.03103126682088652
0.00016951848324223216
0.01031413412804027
0.0007786813760629939
0.037181815134314865
-0.008092175519301073
0.029069932092282542
0.01620941816173458
0.011742422315499308
0.010484860559819965
0.01732545433220175
-0.0165273469314023
-0.008528364070017051
-0.0011180492612300383
-0.004018404679066405
0.014281111871609357
0.004333662627187036
0.003073832500528712
-0.001712783902805951
0.0035631229481274665
0.013874917037443183
0.0027991169942481985
-0.007948557232750087
-0.01785618641045287
0.005514712931846154
-0.0009021874919827363
0.009379474657441787
-0.007095411113683818
0.013190449055943826
-0.008750478732181476
-0.011287461543514536
0.009306031941450724
-0.005024245581370252
-0.0019381904903500477
0.006146014556560183
-0.019020235978720067
-0.022875302591277007
-0.0077256729254582155
-0.017820588632271206
-0.0035781050697195
-0.005456265414254994
0.012254978333524727
0.0005226212966439963
-0.01990644869853537
-0.021458634499268867
0.021447648061179013
-0.011101735120097028
0.009880264081587306
-0.003027072474760152
-0.005187642823440241
-0.007022701543254639
-0.03617277292962523
-0.012257633040367158
0.013618003908484437
0.024390210866792127
0.022462339824149483
0.007388645554309148
-0.020837643003793475
0.0033868779937874854
-0.0011140412137014479
-0.01434977448771961
0.006387990665844181
0.007936302082348594
0.014861392571870774
-0.0021156815771715123
0.02175156272144315
0.022503546163038887
0.022618440606999624
-0.008341663442327098
-0.033644065885425956
0.012451714934741571
0.007281929766092635
0.007262898026826654
0.001429676557688217
0.0064045936081885265
-0.02938148279129267
-0.029486286198323493
-0.008294276134418393
0.01116225943296789
-0.0175051142542074
0.00036538299817112337
0.018803940949363895
0.0303331542420876
0.004284459108079286
-0.0338094363997565
0.0004256785332846418
0.006341283795360671
0.0005419254216673138
-0.012350255359295754
-0.010729343844082535
-0.001181516851559731
0.0037234779043909395
-0.010731681081153492
-0.005098209208062944
0.028667246494623985
-0.010740233509558482
-0.0015646756027301058
-0.005996812495234349
-0.007467765037373698
-0.017626464444590578
-0.015438055010502822
-0.0019416882374880926
0.00807565832541687
0.010267775336281319
0.004989169316525041
-0.00895808905818283
0.0024929416789581564
-0.004438057895650699
0.018194177015919147
-0.002864154687233781
0.03829499509968115
0.01927631208682374
0.014173106546969997
0.01743237105673617
-0.013034302881316153
-0.0068013825949056065
-0.0007764958553923356
0.01897610228662999
-0.03541554017633328
0.014228666445242517
0.014109449679257362
0.035180827783885614
0.007642653567659952
0.03592877292993089
-0.0069987462496193375
-0.007659717634090838
0.006858570821282054
0.014185279647095303
-0.0018880952176164297
0.02742746613034665
0.0010539573496199269
-0.014057785703029676
-0.020031267097141463
0.01068585514636899
-0.008493357198173637
-0.01956897683769957
-0.004830128603495015
0.010037095649428897
-0.01984634491990621
0.0015718238547005605
0.007634367778618097
-0.01791483014767245
0.0029113240578842775
-0.016595235033570944
0.008439754095927468
-0.01855223087400743
-0.0327598682837245
-0.00034525035878898985
0.021053837127137494
0.009315269284937923
-0.006764760690610305
0.0014891192539511927
0.005684834618120233
0.01793773017989174
0.01073753502358437
0.007046935965106251
-0.0033728630957594536
-0.027097221694884342
0.009692270043065596
-0.003894181711477999
0.007144253565290188
-0.007467445826980794
0.00453898872915577
0.006382706412383533
0.027439890951792112
0.03258680052243839
0.019049883380935276
-0.0266618105162322
0.008926888272921164
-0.01255752503138295
-0.007966764002375601
0.016179201169892514
-0.008552027628722222
-0.013800331725375958
0.02822462789564802
-0.0016394501077563442
-0.011179490423935286
-0.01561327926622721
0.0016657325870269575
-0.015352862614341213
0.013228573473409333
0.005119566589909416
0.011183362159815033
0.030042692065503133
-0.012746596624584373
-0.020495506678005017
0.021110657914478845
-0.003182353843637503
0.012968175197908287
0.004675469763811603
-0.0039308044830255575
0.004345293262805023
-0.017263984639570688
-0.0014869538405391002
0.007888953377506915
-0.006234186688365944
-0.002874233335513631
0.004355582745360977
-0.0028170989205286
0.010480165087628878
-0.010068305445552275
0.03951221367636672
0.017039288910610035
-0.000516590345271349
-0.0012397863385651502
-0.032511727215635736
-0.0005646999789407012
-0.0020609464196826325
-0.0071063444022239864
0.0043784715031725905
0.015058140050842217
-0.010828479963367993
-0.0035759890926140526
-0.011734114988700514
0.0015206375699216062
0.022364820677606617
-0.002344277752154166
-0.0015841227883549498
0.010183158174906955
-0.014885898630342976
0.0014866532650589506
-0.038480704538644016
-0.02190145446890438
0.006509706767435567
-0.013897283326717259
0.004049028292677076
-0.016924740097745514
0.027419213416084765
0.001539213458796287
0.0008394287035433668
-0.0011548550086041783
-0.002604871811951427
-0.031080328926187218
0.019590600309927295
0.0028220412073843744
0.0008810167920238869
0.011448772356923391
0.016671377859426607
-0.0006297266039658784
0.014731035807522063
0.013014246487114692
0.008297630519727687
0.009867362959391796
-0.03765078772854625
-0.0022995865349471475
0.009343197517890126
-0.027350014869896046
-0.018453079773897024
0.006129084320814244
-0.012197600035244907
0.00039971964837021433
-0.0122731408747393
-0.019395719721161712
0.0023625437525067166
-0.005079006962760522
-0.017542037412846018
-0.003544478027210234
0.009165787763111988
-0.002402239386798688
-0.022126271221174557
0.0451475946250559
0.018790468720394547
-0.0024310239420494506
0.026298267346337362
0.0199281515895004
-0.015746182062615154
-0.013415439487502616
-0.010298497263940724
0.011027534619654805
0.007402712450699119
0.01320038314707174
-0.012151523809400638
-0.0011154942558549087
0.016765273184134028
0.0028759188162190232
0.0029911621817536637
-0.0014523604825446876
-0.0035232528513734294
-0.0019622786780684643
-0.014121647254233354
0.0035702631595320045
0.012226293152700123
-0.002689631608066018
-0.008463641949481071
-0.012380629971257077
-0.018282205317889495
0.003132569779499052
-0.0004884855809773339
-0.004312950398309275
-0.018200329244587542
0.022368823768464968
0.0031423373457333805
-0.006753974664625579
-0.0023699254575672833
-0.011438815936363152
0.004826991751742886
0.022321452101529908
-0.007522192346931359
0.0040904417896728724
0.020309588748285506
-0.01914110292447446
0.009292753279426563
0.0008501671879015572
-0.01074732148467785
0.00018291377915461695
0.010840267634399043
0.011561711460592063
-0.008154639889684045
-0.026891039702907432
