9841234
10033564
10225718
10418185
10610346
10802156
10994785
11186822
11379214
11571834
11764464
11956703
12149570
12341679
12534078
12726892
12919814
13112534
13304785
13497781
13690331
13882671
14074853
14267155
14459976
14652525
14845171
15037230
15229791
15422115
15614963
15807362
15999794
16192047
16384021
16576827
16768851
16961509
17154017
17346924
17539495
17731610
17924039
18116305
18308958
18501086
18693501
18886051
19078281
19271411
19463656
19656227
19848669
20041449
20233922
20426340
20618689
20810858
21003050
21195666
21387796
21580145
21772411
21965024
22157601
22349991
22542176
22734597
22927141
23119714
23312265
23505113
23697866
23890560
24082450
24275084
24467484
24659954
24852701
25045063
25237034
25429869
25621867
25814426
26006092
26198428
26390698
26583530
26776238
26968623
27161047
27353712
27546203
27738602
27930934
28123741
28316432
28508817
28701246
28894129
29086761
29279341
29471924
29664312
29856720
30049124
30241502
30434007
30626468
30819030
31011638
31204240
31396554
31589492
31781703
31974480
32167266
32359959
32552241
32744724
32937457
33129954
33322192
33514946
33707478
33900317
34092571
34285282
34477655
34670242
34862675
35054555
35246858
35439685
35632191
35825107
36017067
36209874
36402424
36595106
36787898
36980513
37173167
37365468
37558215
37751024
37943667
38136196
38328935
38520878
38713283
38905920
39098563
39291044
39483171
39675789
39868320
40060570
40253276
40445909
40638803
40831480
41023840
41215959
41408438
41601061
41793120
41985907
42178059
42370400
42562883
42755547
42947886
43140035
43332813
43525181
43717931
43910209
44102239
44294481
44486797
44679543
44872310
45065053
45257712
45450297
45642644
45835159
46027465
46219879
46412636
46605556
46798038
46990563
47183149
47375486
47567386
47759671
47952166
48144986
48337548
48530392
48722858
48915149
49108084
49300827
49493628
49686076
49878653
50070764
50263435
50456017
50648543
50841151
51033784
51226796
51419123
51611313
51803899
51996304
52188393
52380636
52573369
52765821
52958649
53150672
53343068
53535421
53727683
53920189
54113116
54305522
54498587
54691300
54883644
55076175
55268884
55461724
55654658
55846951
56039069
56231272
56423961
56616543
56809156
57001494
57193818
57386383
57578724
57771425
57963745
58156613
58349052
58541656
58733720
58926166
59118594
59311063
59503349
59695943
59888769
60081254
60274052
60466822
60659401
60851850
61044418
61237187
61430108
61622727
61814795
62007519
62199893
62392405
62585333
62777656
62970268
63162194
63354601
63547104
63739550
63931730
64124507
64317044
64509417
64701970
64894324
65086726
65278855
65471860
65663913
65855974
66048757
66241073
66433335
66625738
66818363
67011108
67203748
67396246
67588578
67781102
67973539
68165965
68358370
68550579
68743242
68936051
69128712
69320937
69513482
69705589
69898312
70090590
70282870
70475487
70668226
70860749
71053310
71245724
71438220
71630718
71823136
72015325
72208337
72401113
72593817
72785806
72978225
73170616
73363115
73555472
73747675
73940243
74132798
74325521
74517913
74710175
74902283
75094958
75287415
75480089
75672740
75865210
76057618
76250351
76442983
76635734
76828295
77020777
77213295
77405195
77597564
77790199
77982718
78175265
78368038
78560451
78752894
78945506
79137886
79330378
79522886
79715367
79907950
80100329
80293087
80485264
80677686
80869940
81062128
81255092
81447529
81639935
81832186
82024688
82217577
82410209
82602570
82795344
82987461
83179575
83371927
83564402
83757248
83949396
84141602
84334080
84526731
84718867
84911159
85103963
85296342
85488303
85680949
85873485
86065965
86258112
86450076
86642808
86835566
87028353
87221197
87413553
87606245
87798467
87991175
88183013
88376115
88568917
88761986
88954855
89147164
89339269
89531659
89724156
89916442
90108843
90301208
90493262
90685673
90877998
91070609
91263123
91455686
91648009
91840364
92032649
92225175
92417400
92609754
92801676
92993904
93186215
93378500
93571530
93764010
93956539
94148991
94341316
94533722
94725902
94918752
95110551
95303188
95495570
95688210
95879949
96072830
96265529
96458303
96651239
96843739
97036590
97229465
97421994
97613906
97806590
97998823
98191569
98383616
98575894
98767917
98960513
99152993
99345255
99538015
99730522
99923356
100116025
100308299
100501091
100693372
100885951
101078430
101270967
101463453
101656013
101848521
102040487
102232810
102425005
102617346
102809669
103002395
103194956
103387380
103579737
103772211
103965143
104157969
104350225
104543023
104736092
104928730
105120626
105313235
105505862
105698185
105890927
106083108
106275590
106468378
106660920
106853927
107045714
107238216
107430529
107623430
107815504
108007655
108199730
108392309
108584176
108776789
108969208
109161528
109354146
109546441
109739164
109931790
110123807
110316380
110509283
110701810
110894241
111086972
111279429
111471849
111664145
111856585
112049273
112241744
112434583
112627666
112819767
113012163
113205158
113397724
113590129
113782250
113974766
114166891
114359426
114551437
114743787
114936167
115129014
115321248
115513592
115706257
115899123
116092012
116284271
116476486
116668983
116861679
117053940
117246603
117439387
117632428
117824220
118016581
118208762
118400824
118593348
118785801
118977825
119170623
119363029
119555531
119748367
119941133
120133642
120325987
120518273
120710720
120903656
121095709
121288057
121480547
121673111
121865504
122057855
122250250
122442752
122635474
122827708
123020123
123212312
123405218
123597689
123790499
123983858
124176593
124368829
124560799
124753382
124945322
125137756
