0.08419199823483593
0.08897524919238566
0.08757084778651741
0.08411461211441516
0.08231307135055457
0.07838352912821926
0.07669801163219507
0.07928953346628609
0.07909344653571365
0.08474196688227754
0.0822604025015188
0.07827338764874389
0.08991410221744159
0.08218345855526173
0.07792676735827866
0.08037350135471563
0.08298528804191832
0.08407702183364121
0.08449847685644496
0.08418238553014197
0.07796416151228958
0.07536061002034718
0.07835937077527486
0.08477406665058299
0.08289398805520631
0.07856046360332361
0.08366210198701682
0.07845240924990994
0.08287505092882379
0.08407946230588134
0.08137687096551005
0.08225892836668863
0.07629241705490644
0.08804329601927768
0.07700056940994329
0.0787894795261802
0.07795385629463827
0.0916192823325136
0.08143674856593358
0.07807676890109613
0.09222232618648679
0.07525891909386825
0.08316126333703755
0.07982588500462776
0.07462420480811809
0.09410087367704487
0.08459913177822193
0.08166693695103414
0.08143444265761551
0.08289782913291836
0.08269753491086926
0.07993581873308496
0.08313368422445169
0.08216763951164241
0.0864338230424195
0.08156555454780408
0.08783847440201353
0.08278309160581601
0.08627779663090943
0.07951073167036088
0.08787383891598671
0.07770132113310863
0.08335815281164777
0.07835534442824585
0.08193088586954508
0.0801694041743172
0.07847705941682306
0.08200228102496629
0.08203436301273909
0.076632618335754
0.08057645840840298
0.08185329410703143
0.08412280670581582
0.07567279745287579
0.08098595107654352
0.08027280990005742
0.07363518255754636
0.07767722674356842
0.08057215965912864
0.07738355175072154
0.07683684436137703
0.07404899370740244
0.08330246660983662
0.08268569192499889
0.08799722439416321
0.07535237977161466
0.08366228012238511
0.08223992460305729
0.07589711544838254
0.08230307376517076
0.08095963287426607
0.07902749545961285
0.08385985553694883
0.07756979743906865
0.08311333677187543
0.08141889619718484
0.0822858786916493
0.07538488036856922
0.07935352131972613
0.08045594535431357
0.0784319572113972
0.07793563109051825
0.08047779629374685
0.08557751947526718
0.07823044422837575
0.08453694855426246
0.08796191957707794
0.0822302272960417
0.08918519545016655
0.08044673973537877
0.08275366231643413
0.07438105383864953
0.07786912004070252
0.08002448617610884
0.07440164746141872
0.07314118316949156
0.08008301620330502
0.08510150236392462
0.08588627951533254
0.08294827013326968
0.08292836571190348
0.07974555285746725
0.07616320252262848
0.07510850085053204
0.08212690239838505
0.08000403728726796
0.07970641433472161
0.08411326523283091
0.08616070511712676
0.07913556384478287
0.08113935970620662
0.08284781653759457
0.0744643664766544
0.07944215390078108
0.07935920494812712
0.08318300046807114
0.07837753528923982
0.07626603072905705
0.08367489764820708
0.08322786412403019
0.08027198962364598
0.07928009862735741
0.08898943508017662
0.07790237270983817
0.08069465098983894
0.08304202601649961
0.07881375669995308
0.0877256551817275
0.08244570237784207
0.07794914684398727
0.08419698865746583
0.08442641101418208
0.08132132802442582
0.08070623911875496
0.08003087646810801
0.08049536017724526
0.08535884369966329
0.07595026021538848
0.08183289371518078
0.07895155471117873
0.0799048878263997
0.0792195396142786
0.07895493901633135
0.08158950234089528
0.08055574171415465
0.07778144605879456
0.08179882555841754
0.07529015826235452
0.08229058028135933
0.07945409083553126
0.08743756241862047
0.07880966738962583
0.08509045986044017
0.07838233369187761
0.0854460297277146
0.0846078877171402
0.07841495492126561
0.09323962363492465
0.08762394545922195
0.0813007723548469
0.08116473142847697
0.08364901170877301
0.07844312184833077
0.07921608240842953
0.08190786509042178
0.08375223917636454
0.09027203891999822
0.07933879897363347
0.07998541928275199
0.08171581495339617
0.08187308161430686
0.08871606877588398
0.0806501156963347
0.08184463043551454
0.07853963842233194
0.07803845163439765
0.08087910293795882
0.08669987880678554
0.07820500324968399
0.0810252682754907
