0.033568906243262114
0.036249389085092176
0.03905227886009442
0.04498421261057562
0.030792343571073705
0.02845658917617238
0.031133536532305876
0.03149687506546668
0.0411616240122028
0.04100525641797931
0.039071262459316136
0.028472148300628303
0.03926767795804686
0.03766637108520323
0.031232584870545033
0.03701109927885271
0.03773444544248522
0.03145489618095548
0.04214133214556384
0.031619866349814084
0.029988292734627844
0.03624641357011928
0.029532850224936093
0.038796737310262855
0.04049570448963784
0.030861002065481476
0.033587599411070826
0.0340766809228411
0.04234320929358855
0.03612596906995379
0.03194797082237555
0.039393516482447447
0.03252378675008286
0.034058189211598616
0.036908791698151144
0.03193350035665339
0.03419892763765371
0.037325955981113046
0.0361838945133915
0.0311667933637162
0.04531750744861285
0.0325533870164219
0.04329133668489485
0.03984783644622364
0.03129567607919997
0.04063920576095821
0.03766506667377788
0.034349728504486074
0.03625312872007279
0.03722158942411951
0.03640363270850919
0.028712247383620815
0.03295977371455172
0.03605168710257094
0.03559205897141219
0.03541034894095563
0.03206563041862027
0.03211510332748842
0.03720688809371164
0.02926885968121638
0.040236613280082434
0.0298165596520267
0.03429330943728624
0.03904095755223383
0.040980910552910046
0.03659819278572305
0.02646672644285137
0.03289700557164783
0.04193429190641844
0.03174658831584723
0.03153803845955182
0.029142525128996025
0.033926014281226026
0.031036452460459593
0.03548527936200232
0.03334350457210081
0.028315333682334347
0.033369404413550116
0.03194933789796331
0.03425662233768368
0.02650438790887296
0.02697559692788893
0.039889534338927723
0.033982471736553055
0.04181953810788026
0.03066040965881208
0.041453454177512825
0.04365931944780349
0.032313898430480256
0.028671926439414477
0.04030909320040965
0.03239127311405502
0.039535726737963926
0.02956294582035287
0.03435139736701873
0.04010069004571028
0.031011001692078773
0.030018424349727218
0.03504675666690307
0.03164668090575682
0.03540220197610125
0.03769875569873519
0.03670783213082457
0.03674986760843342
0.03358100188407884
0.03810636519200071
0.038927229805876595
0.03505525705320843
0.03685371871870989
0.03191934461240331
0.03160067174926122
0.029966238488718513
0.029310096129117256
0.03020232380275328
0.030562182738448233
0.03580611818858906
0.02925963653430068
0.029957166195615587
0.037447468713655147
0.02810122477627797
0.038039553374482046
0.03557128502628332
0.037258818639076256
0.032372585806431126
0.036541841649826205
0.03063615797651821
0.027558802532033765
0.033952154929263914
0.0381844947042124
0.03371018574161129
0.032940426720622216
0.03546340887176498
0.03460710685347346
0.02477618908730116
0.03639536233606941
0.03247879444895028
0.025392131171571533
0.03767926721097538
0.04167206304825573
0.03513435607677947
0.03223002295375268
0.03756060414065722
0.04050646868181362
0.02791692618143747
0.030167819225078434
0.038751165579803404
0.0389810527073815
0.04547699827424403
0.036607443168798486
0.0356941850618229
0.037952989155808095
0.03106887766039866
0.0372182918314048
0.04480349567587104
0.03133852086294926
0.02802765178626757
0.03340418448860712
0.03377870083496342
0.03772300363062314
0.03952513346665389
0.032182926709877345
0.03362729961159584
0.028990367443204886
0.03481391253335536
0.037561647899953865
0.03206001219112467
0.03801155762199851
0.027999502586547258
0.03225560977237987
0.027546509254685582
0.040165232650243576
0.03576719654871407
0.036472418341022245
0.034746821642910444
0.036094704352430534
0.036211024594528116
0.03675301641348749
0.04139908596847938
0.04192957951434541
0.03317224213660594
0.03473497189405116
0.03715297760280741
0.03585540102396356
0.03266045383977627
0.034626510197810476
0.03268713708644145
0.04099622675105866
0.03735725368485056
0.032605896507673766
0.04300241880044907
0.03246989761597419
0.03629430133577922
0.03407465130517762
0.03290353585800346
0.03703467480794277
0.030096002724100398
0.03818180961820167
0.03857191212302662
0.02877659914340941
0.03198858703087397
