0.030950528003238647
0.033331980686005534
0.04089085979921454
0.035543897648791206
0.041029241338180505
0.032626344713578344
0.03507135475814093
0.033865898380369165
0.03172307511473196
0.0329284398204573
0.03576823532274144
0.0337650947653542
0.04276594895961619
0.03466121876073265
0.03502326270721429
0.03980949231974477
0.03569140366018661
0.03692446346960083
0.031998452763406474
0.03992266585862769
0.0328021270617626
0.03475726354445406
0.029412066255493707
0.03585105635264038
0.027510872029727025
0.0342849467128081
0.031125872327730057
0.03334652962701617
0.03653323236981498
0.036038489003498014
0.03239816266523909
0.03723012207815865
0.03583932638433788
0.04551020676194328
0.04184865917787649
0.033668371133286724
0.03267371294751785
0.03629626111463117
0.040266409569031075
0.03774935405469716
0.040319765228658724
0.025295585074755468
0.030358624393348792
0.038520889551459075
0.0332546682753703
0.04331203399371021
0.0411635826494802
0.03841122666982108
0.030413040973110397
0.040609540428746246
0.0397863954698255
0.036115209155513806
0.03888656380598008
0.035002399147167844
0.03144004731112625
0.026560987881883637
0.03689509566062746
0.0375745925037199
0.03720763633276853
0.03749373941201306
0.03546620889309464
0.028999973983824645
0.03466852559502055
0.039570588003889406
0.04368803729941467
0.03581282211658017
0.03529408168291751
0.03609904467312944
0.029061910100959758
0.035612231084262806
0.035035524589488436
0.02824727391969991
0.03696228235158969
0.03569138930257691
0.037446869471844446
0.029655068708819954
0.028317930460119264
0.033818638845975184
0.036619606257130566
0.03649849525433681
0.03709597590269865
0.03826522753117417
0.03365987861897482
0.03784631555546609
0.035759413485581926
0.035860626954029175
0.03212720212486499
0.03584647340106839
0.03323837782713945
0.034665491788497635
0.034693928992823614
0.040282417644571494
0.030645879915900162
0.03550414001944541
0.02850168159086084
0.03822325368493082
0.03341191742281555
0.03064813185760767
0.03141257568023809
0.0367686651122198
0.033516981740705096
0.029621488742317986
0.03162360265003837
0.04086190632420905
0.029133802113641537
0.034276671114257654
0.04196160095790505
0.04571429329232981
0.04376568697208025
0.03641211358326702
0.04119727471538226
0.031162564856204097
0.025480889051768013
0.038991462686913315
0.037122418009522776
0.031314402891406676
0.034135344877842144
0.0364489663534336
0.03911271946095318
0.03305368942923207
0.03999123517645329
0.036817163566425906
0.03171019592995927
0.037596371141890635
0.03509878884680989
0.04101592003242585
0.03149008831956766
0.03438336256961614
0.03372723448731374
0.038065832771573674
0.04343724339016566
0.030963695675211428
0.0232361527583287
0.030486367239096514
0.04315960068924962
0.028275025129650303
0.03837746259211587
0.03138444161374719
0.034791251647189665
0.04106846119822148
0.021573875782591782
0.03841681823099541
0.028152060676736892
0.03625772474075355
0.039231649803568365
0.030988548316171732
0.03458577119387242
0.030225613029237024
0.03991012626360618
0.0323169791287464
0.04042291254412085
0.03849043217281224
0.035798974643658554
0.027598931716482297
0.03632236286072914
0.036809144819565015
0.032880911367988486
0.029757386686324182
0.04016077083048314
0.035720229207730436
0.03954012445952479
0.03724333080815161
0.03209043269324464
0.03338073189396355
0.03600849266975916
0.032743206686132335
0.02907190624482972
0.03607543318076181
0.04354314150336207
0.030244841315497383
0.038591395758348176
0.036548140275147696
0.03427569632179116
0.035586094830554575
0.03654756572486094
0.037480647359102046
0.03457783790016524
0.03873382418897943
0.03400770161713188
0.03089362423096228
0.02878081421655207
0.03657763830880641
0.03514430139624665
0.037573839457199956
0.029960061500356495
0.03217047516687105
0.04091742599871784
0.03289596881417762
0.03979388137030068
0.037889245566962465
0.03573432120302301
0.04192392675666004
0.030056485277719616
0.041059219023301
0.037791754259068965
0.03314446386301258
0.03529325110136981
0.04385608828038678
0.036576039613870015
0.03562896620086126
