0.04352225095036936
0.0462864765058152
0.03781626697708919
0.010765451397504238
0.03514277791910979
0.040416393066637094
0.03499924907549582
0.03738169837413789
0.027861401679122228
0.03719413411646495
0.029721444190891486
0.024910416775095964
0.03501704762638231
0.03142773015018835
0.03940930769648469
0.033900123602990204
0.048978222630981186
0.0333370660308753
0.03425827714070567
0.02510851359107791
0.02845489126063656
0.026132501669779182
0.03420568845756285
0.04039815140286702
0.034475965354582666
0.041699611350619295
0.037661845872158095
0.04305630910634297
0.03850974517897414
0.04157856093128849
0.026686346770372384
0.03624139393178651
0.04143047355141905
0.04772781182565589
0.031768489154900936
0.028682893179036738
0.030126649401809
0.029049303255923094
0.034806709926869864
0.034115537075671526
0.022599945271431148
0.042716791305573584
0.027431103603991487
0.038122887593416706
0.03781798142381654
0.036842825228975654
0.028665620101534287
0.046983798779841865
0.021302034219594264
0.029535920745437615
0.03559087667177455
0.025807851761990644
0.03837258271027258
0.028366745277967495
0.027276452228128335
0.03987923693185734
0.025867047233945412
0.027829873085359197
0.04329091583340888
0.029420349423623413
0.046608197294554496
0.03403633908513285
0.01721728252783927
0.045581536473403496
0.026299901056719754
0.04333557534385238
0.04531631149357925
0.03343059691892842
0.04156322997085368
0.045965554509309614
0.03900705000582644
0.04387201899831652
0.03902071334725027
0.031776791009519086
0.04185903430670231
0.02659112645485058
0.03154655769565028
0.0366600572743625
0.0370075657787951
0.03457032539152696
0.027576618329989457
0.05438159269939716
0.05013730610369785
0.028083920552025833
0.03343162218375476
0.02798554244042225
0.03062760884941062
0.034557322065818206
0.03199649588312946
0.04159989842445121
0.03023156311633266
0.03906671462268642
0.04312686951777418
0.03702993340053376
0.02073409522945818
0.04161744494693401
0.023429115271204906
0.04076616796209935
0.03183116766572264
0.028515992005185106
0.03298006540279928
0.0335196919481162
0.034929330706119414
0.04529452135636319
0.03246141597249201
0.029593712751535356
0.04271259636604585
0.03454397225200217
0.036682336385890496
0.033597100907037054
0.04880439108915326
0.030003227169807835
0.031158891016439576
0.03664722230263273
0.03679506673100105
0.03469115769958961
0.05098009437624808
0.03756358909247207
0.04011735396358648
0.023221545543193098
0.0386638464427393
0.0410871354954466
0.032411147926936536
0.029191301266172705
0.02665858567922605
0.03383808422158631
0.026343012639367825
0.02534000354620729
0.03932268256539076
0.017501026467859452
0.031514547842707595
0.034936004090569434
0.03916581013312275
0.03640936528148387
0.04203009840378849
0.03572430882185298
0.031144308970587963
0.031870490029282994
0.022287434829268957
0.03493085529041944
0.021405837394709026
0.04434014855561921
0.02568100154319888
0.021437349232971456
0.02592895708012368
0.035431556303392814
0.02114594606432009
0.03404040922373934
0.028518933467024714
0.045976303954743294
0.041719031058332426
0.049243755090640495
0.031168379133283443
0.027812247565920566
0.03272203239234914
0.04119843836614416
0.045444998695826126
0.040998729748045394
0.045823859713327045
0.01928841529003374
0.04345300945728793
0.04267947116835338
0.041114232316568536
0.046052713354652886
0.03785717955162869
0.0407973967442325
0.03630614900859165
0.025763884955696783
0.03394615882564792
0.04915875538028941
0.036721551490816004
0.020577270121540012
0.03887495804053514
0.023107578459546967
0.04106111302745498
0.03729471903192333
0.03500569744235667
0.027910638708461034
0.0350155076158759
0.04472450853080028
0.0400372048324522
0.0290099433778181
0.02630655562318337
0.020345234461977536
0.0280642909452414
0.046338759264888216
0.0333574220046557
0.027949031853166426
0.028791004601333946
0.04654646023364007
0.021344151366726464
0.03139739703561428
0.03510906711824032
0.03754626275363516
0.023053057166313607
0.030160467653326604
0.04390903648927742
0.023552191376649892
0.038894805260581256
0.037335341461276136
0.04259851890986893
0.04216144260663279
0.046194561144414746
0.01787028806998699
0.03186439871716586
0.035050517145364904
0.03541639093364565
0.03849027872141881
0.027668644157487446
0.027705880595415563
0.03920425355847683
0.02855659079645161
0.04017819524628312
0.033022261902951475
0.03509311045797174
0.02055439336414323
0.029187858161470348
0.0502309230012094
0.0388757176926048
0.027148889645171214
0.027392567027550573
0.03160081821247618
0.03839366333850358
0.03279702439225762
0.02529937761870948
0.02860909615003092
0.03656813585427537
0.04001353262720656
0.026747514400138783
0.03594173818750339
0.029326099736848594
0.03732886026478703
0.018395587388761934
0.03345260451792896
0.03656848488781682
0.018485824155881167
0.03474579086299577
0.023667177589552054
0.03766192071104341
0.03333597423429951
0.039292812803282354
0.03473987056660273
0.038759569662347934
0.040379606327614205
0.03219600540568325
0.04276204439472896
0.053388629803443714
0.03835881597854146
0.037631681668571296
0.03362456010873529
0.02778230447404704
0.02811935130644304
0.03422564370825177
0.04383522676337273
0.03526755872806891
0.023177974992732817
0.04564471909547102
0.027453216048808543
0.03254207901152366
0.03231063108797383
0.036632667646376835
0.046236275480778896
0.026895296336636915
0.03306497354440191
0.03018883427018871
0.04068829294949014
0.040259505381548405
0.04394141755178496
0.03995947342627852
0.024198736185897737
0.03718919784354763
0.035645759822817244
0.04247863636435855
0.033395767857470365
0.03721620077511148
0.04424233140987216
0.026891897032236923
0.036095587513813296
0.02852331767918136
0.03992251397489659
0.05122123145296556
0.046409017802525696
0.04867216465778651
0.057063472806188106
0.03908559213986432
0.0369677017634479
0.03038027673827628
0.029184582864210745
0.036339773101960515
0.041650596472562564
0.036734479651106704
0.03613871874667606
0.0334789604221487
0.043627247353178744
0.05018381536634034
0.03668441214564691
0.03422660503066638
0.03698839982962733
0.05766267728460936
0.022002696193912014
0.033487118372739814
0.027141205727262443
0.043763974682132306
0.02642093070983577
0.031932521925939594
0.03869228069976799
0.04134701707755495
0.02296123871487829
0.03670931317182698
0.04135020184060234
0.03273943077996792
0.035647349376327166
0.03754471946473534
0.02765525326461878
0.03676512490435967
0.06357768732394432
0.032336463213344505
0.03739792364408974
0.03033346895569248
0.03277591839572683
0.04016818839464492
0.03466306908386686
0.033555407653220404
0.040755511383258065
0.056523691706863166
0.022666726633815235
0.03277150596836117
0.019791312922625873
0.032539489884906764
0.044239542290595915
0.04681949903477667
0.04459606063269878
0.035160750607163116
0.0347581476075737
0.04250295447996729
0.03949045101795204
0.026045606822168825
0.02197594011747807
0.032099532857874105
0.05021122116842152
0.04821317563503125
0.041767938004197855
0.038556906016246534
0.02555128915424503
0.035749632226244804
0.0407936702412886
0.03019454311687087
0.028918117728254318
0.03276892271835673
0.03527668874591147
0.03340170896911643
0.041911602024990446
0.03411360611245708
0.04889724376360313
0.03459248964120014
0.027556651546545425
0.015808287148153615
0.035918360911609784
0.043528333698866786
0.016864626198299627
0.03689559625744981
0.03200824005486631
0.033680834603700416
0.038359235043139414
0.03929303578217326
0.043221536512816294
0.04246076489408683
0.035361165607487144
0.039351781970967045
0.03827080452069683
0.03445682595739935
0.0417717577782562
0.03763415646029045
0.04463177037399167
0.04517014134916909
0.024782731475167682
0.025737274737482354
0.04712332672358411
0.026842026430542162
0.04118665301253015
0.03396684317189918
0.03821157474631373
0.03894467456835288
0.05198718555768055
0.033205794375923844
0.034958660697248255
0.024983010106043757
0.030944509425390884
0.035108697532373695
0.03413710657792669
0.03003434284179685
0.02876604215442631
0.04286953903000704
0.021762675119719563
0.033109053786999895
0.03625382635169618
0.030899079162376823
0.04579575543912822
0.05234551207672897
0.03867310340644503
0.03238569605956204
0.03314071375218677
0.0394210214597161
0.029153381354364946
0.019052376413034762
0.043840259854617064
0.03821548395445065
0.0259172064455419
0.034503814161242284
0.03440270583190301
0.028254984954829643
0.033395423411915565
0.029698156895213147
0.05170536070575111
0.03866068772388219
0.039267946395862854
0.0247415974143098
0.03513204219810904
0.03561737385413492
0.029252720599533145
0.04326967487725336
0.02943477559370121
0.033574071267864866
0.04144220990677317
0.03274146180180589
0.024353405838067575
0.04035114330724739
0.027467062775108075
0.03952790771126112
0.023095872624728155
0.025325243974019536
0.04873785127260821
0.039149436433848654
0.040425444333233126
0.034413741365651854
0.03307968383960051
0.028446674546263543
0.023493601922522693
0.03846469406951149
0.03137003813599022
0.021678914250639506
0.03593608956631549
0.04327749378488573
0.02413033822476092
0.036137227358789936
0.042594409719175816
0.04132535716003937
0.03739491178173915
0.039615960242256845
0.029694864702674247
0.029640085966911353
0.047485786737468685
0.023493113534366283
0.031175945811496637
0.021221935553997155
0.02374964922774588
0.03163653917295079
0.02778006357632879
0.03263759457563279
0.04279171398473209
0.028756100248382828
0.02596824766201751
0.04216508135090521
0.027779286550467273
0.02178517764437183
0.03511175695492191
0.029726408826934347
0.025778343820499677
0.039784489122170946
0.023334007076817577
0.03936896523004215
0.03854880626811853
0.02542736879497829
0.05129459528649343
0.03706648616226356
0.031240079701463988
0.03322336416161485
0.024646305911240445
0.03682772767957715
0.01525350858205661
0.035167369461444456
0.03723191504010876
0.03364491925808388
0.04641689930368706
0.023991646397151917
0.025209388988029133
0.039232969707372264
0.02092794841219417
0.03814049118689831
0.030873901332467653
0.04542922457330677
0.03972761060924709
0.041920680578523925
0.04312947569530657
0.030644654269402237
0.034800585171212275
0.03650701802173021
0.03409964239889719
0.03136502168742934
0.034106382284062944
0.04051886394181778
0.03471105109307503
0.03697383393136475
0.028877513052200564
0.03326956374637603
0.04488939315791632
0.023209881201838145
0.042810929801764
0.032660627872544465
0.03627822136788736
0.02644945419203303
0.0336696208937494
0.025846396172365033
0.04357806064224302
0.047153687811255646
0.039302376854912904
0.027387741401040947
0.042776144274404876
0.023735858599470833
0.024713829727901232
0.02773982198770288
0.03883616922303326
0.02869026472079013
0.03663773018289579
0.027581918511607163
0.0317067917112656
0.045045207071130786
0.027587307489057192
0.042831612794017815
0.044187977582468355
0.04550318822978203
0.022193408393382862
0.031164739797034477
0.035325948964894646
0.028164974673855737
0.03705147512861596
0.03731252603935708
0.03987582383590614
0.04033472483513414
0.04194199887235425
0.027020421209131038
0.030209344182329168
0.03143198345758896
0.04184405495618669
0.03750151493802907
0.04742732447678095
0.027905319990535526
0.01813464433910854
0.034402044389663364
0.04936672435096049
0.03900166239430361
0.036079440486275066
0.03839866797404998
0.031592216248749055
0.047674249817588076
0.06132444182470028
0.027708648441385302
0.042022552426517826
0.04683170645323234
0.0385927493428214
0.041378386158802884
0.04077533074383201
0.02994740045813515
0.023150052051110565
0.042038387296015126
0.038243148828249064
0.029818496667873368
0.03096255737786081
0.04706097571185651
0.03171546803368307
0.028445754650851675
0.04307077097731796
0.04258484318090504
0.016083457072936593
0.04341126166861027
0.0400834001457019
0.044268871618767386
0.049714412730839985
0.030908623236561603
0.03645212822300967
0.0347048007210116
0.031146049858756724
0.04250577842725478
0.03506508618611373
0.042031071733455355
0.03452179267303473
0.023229381896883255
0.03216094028753129
0.0432994469932591
0.02768694199074491
0.025424085935495437
0.037360535662680425
0.03549893837241472
0.02515736101047071
0.04456136507477436
0.028451081388291687
0.04943304423420236
0.04824686484831349
0.03452275966169866
0.03140265801905135
0.037879631441526326
0.03842766999138218
0.041852034962463217
0.03806960732861716
0.03317093940174163
0.03689269795156032
0.04734977835596069
0.0335617828048595
0.04442415152051485
0.030394769484152262
0.03278342068738633
0.031958111262300436
0.0393925944547183
0.02321604662456002
0.023362290155848116
0.04228283416001383
0.03474001287021851
0.030897192559862164
0.04657045794115792
0.028497625354470972
0.054255717676525365
0.039941021889811815
0.029040417912934328
0.0322123126889977
0.030746865105336436
0.03111621201402693
0.04207901948955439
0.03986639030856113
0.02781659734960023
0.0417165219125013
0.034826767994596296
0.04146640197541794
0.04935191251805665
0.03171347173765986
0.023039449592528672
0.02524001922817791
0.04204199101784837
0.04176324661256318
0.039791947449249285
0.041702158980843146
0.043560659935619514
0.0413660698985739
0.03150327769220562
0.045090649968184564
0.0369674670855985
0.03794850111360663
0.04731523798044793
0.03455213465270617
0.038137521577420695
0.030051838442784237
0.040370623797359825
0.043005242004164626
0.01448042779413795
0.04198350183561994
0.030954486833763638
0.046928742402830355
0.04453176623843623
0.02692699565324278
0.0343239690405551
0.029419427826729065
0.032430509914059436
0.03419495589279095
0.043173030956716735
0.03137564555256286
0.047926265867937655
0.01507005905264531
0.030454092868589973
0.04996918745951491
0.022167508432984998
0.036573340276497404
0.0326598390704831
0.03593471575303603
0.030724257481869566
0.035572005552878094
0.03985409289356609
0.024726596597398738
0.029628588788629073
0.04761743105265433
0.04210840498758505
0.03207354080044929
0.02931791608200125
0.03259609662413862
0.05195672835542681
0.034998674600086
0.03295724978158447
0.032462764648554784
0.05437582068150537
0.036997560725901886
0.02672850584705022
0.027967558518802484
0.037037295905348475
0.02426044253763306
0.043316770074521796
0.02800572989566942
0.02622819793904988
0.046658467766408376
0.028010547367972177
0.03299413884731107
0.0329083483292128
0.023917583773195927
0.03245331445973581
0.041786247772985896
0.04600866207052584
0.029519496337047757
0.038841081829306665
0.048166072940670934
0.037699041596568936
0.033741754129044246
0.02814158090631354
0.03146502091101888
0.01932595661794679
0.034657440495464084
0.03438921193645585
0.024626674669062532
0.023971790737300158
0.030373798302833828
0.03060568168545243
0.028218661146331713
0.03217560126735812
0.03138482375493294
0.044339343110597965
0.03934097408351975
0.04563157788022745
0.03002503328771636
0.03432701471721039
0.025262419668607847
0.03407007799894392
0.0271891889590178
0.03842844336177627
0.03953684909094937
0.04138421171705377
0.035677715199306466
0.03244257750241026
0.0416437448438742
0.018905545943242338
0.022868774318722203
0.03872690840231381
0.02889650259930903
0.03127677444413524
0.013594330726690966
0.03812344423991976
0.03926076104729754
0.031847377761181246
0.04445284509108831
0.05538608255323018
0.04387011683279954
0.026033825479983036
0.04067105384670904
0.03810267289799063
0.0339012933139452
0.033065122170992944
0.03703069313273143
0.023577592215400518
0.036103632762348084
0.0326224888002471
0.05638072083726605
0.012666395579788318
0.03339403103107311
0.03772505383351348
0.031063490690301645
0.03262916246186437
0.038016393516043495
0.03551480598663618
0.0396248107241541
0.03360126430316842
0.04234414239134701
0.04645620302137832
0.03363088055033606
0.03441501100496443
0.029541378710253967
0.039856798123283604
0.035664667870483516
0.04044114674321228
0.034221962386064675
0.025612890574025406
0.039360108161234
0.03371370514176878
0.02483473102328604
0.03678474197868208
0.04161949674634746
0.04478630044480281
0.03748683566982741
0.03517510537549637
0.052166944734382256
0.03281182054479751
0.029493971956094493
0.04674822090777938
0.021505593012405073
0.05337759390509764
0.03733809401594511
0.046238778678390643
0.030232589945661033
0.03228044588381267
0.024332704974300554
0.024222375826829675
0.042568575550765306
0.020255833985697795
0.02906166259133091
0.025529432026060717
0.04019294695937199
