0.03740074695487454
0.02580579887833699
0.03612302345965847
0.029199248003127978
0.048171643345781584
0.04751710077397771
0.047617595843604005
0.04504471443770866
0.03498444200471092
0.03410432708858656
0.03979217040033031
0.024409856925985844
0.029490716306277087
0.04661881563212099
0.029896742177393174
0.030454110859257585
0.03973440590334146
0.03593068083306392
0.027345371897820075
0.039302389014268455
0.042540585522073834
0.035920422511689004
0.035743576831146935
0.023651533895046307
0.0374935005388809
0.03597577586836059
0.0334250595822554
0.03708197260701539
0.030342782905583857
0.037831392432434635
0.046615330736843597
0.040435270120770764
0.04961792951150409
0.0322057584492077
0.03567651849201893
0.032021145447537466
0.03204193341834812
0.031426983194889166
0.04469177869824048
0.022360321510408915
0.036589288545253854
0.01811121766070957
0.028546803850856128
0.028024853295262508
0.047539028114368
0.031529689977454964
0.05260435902803688
0.0359659907288352
0.021915384160067077
0.0188263321672729
0.04616025113937291
0.04371889197512449
0.034993204731690916
0.02592885655315213
0.0307380784465908
0.03809372971278689
0.0250649204380253
0.025462964875306943
0.04675238481833602
0.036566721952013236
0.038027120338242994
0.04679084679922736
0.03958794006392528
0.03940367667899007
0.03249375202555736
0.00998051936721905
0.038221248818255005
0.04497423678675912
0.03185756521500385
0.04546083130759043
0.028283391657057948
0.024104345562929334
0.03683531005103566
0.022206732831327042
0.03348153327150205
0.03326514174401526
0.036526316878262674
0.02860273210581061
0.032920158998759594
0.033289004960685604
0.03596112083972304
0.04332913477216313
0.04785422028070174
0.04350986997562058
0.040406912923571583
0.04056391163117967
0.047680572643496594
0.020169804434336438
0.0349849066171593
0.03264751972179467
0.03492004878845995
0.039287844500640164
0.029352730988825543
0.02912284016564044
0.042137526568754274
0.03239046108307293
0.03497376514426738
0.03429695258725875
0.03620122748585433
0.03998066461841871
0.021742336828842395
0.02866233215964187
0.04132758536574309
0.04630924801979882
0.030408639323950798
0.027749500876124558
0.03156038312111564
0.03557697857721866
0.043433662255122234
0.035059743600502236
0.03985194349110669
0.02917886580042267
0.04082623711303066
0.052319845363041254
0.04516137650927962
0.03652060950217001
0.043440656607017895
0.03313349666571165
0.032919774319554146
0.031181892288995313
0.023928797849797817
0.03956951919903038
0.041356189884357235
0.03381817902472276
0.009399866811745912
0.056871522340039025
0.04060259394562904
0.0340546817103876
0.03571029296972911
0.039022058149365664
0.027020951143243058
0.03014312394582548
0.03387681757854139
0.03266342237269043
0.03362166884172413
0.036412547497631786
0.019721878333498408
0.02887818592714152
0.036020854642138105
0.033324113920351416
0.02343369533070361
0.04354423129898708
0.028371435456150448
0.04447994434117146
0.041714533293361854
0.020670692649514422
0.023620002686438185
0.03036768219451408
0.026774264354518126
0.018613228345096558
0.04042445874290474
0.0316843976474796
0.04175778160453917
0.039960043156981886
0.04196309682818471
0.04462712263902939
0.04867039077368484
0.04841314844373462
0.04520752381192722
0.0234428322177484
0.03377425019305743
0.03316587845400268
0.03284660297282511
0.04192448949795261
0.036599353494546405
0.044388407311974354
0.026484608335823216
0.03354718051170913
0.027252300806335436
0.03079935218482601
0.045753784438101484
0.02712334594840825
0.037678413758972906
0.0399167849354176
0.03937780474170949
0.023369998058643315
0.03775026554844069
0.03000552915130425
0.02798878840000568
0.04025331227645583
0.030743014224608615
0.03205497975035725
0.016797343654248797
0.04066744814101277
0.04201409521888472
0.03755547212430126
0.03935183132342069
0.03222707793440327
0.030612306615054125
0.037352035559379666
0.03542297808985526
0.046726749264378864
0.019976020984561756
0.04033976934816111
0.04185637886114698
0.03390526252082353
0.038244000414676474
0.022078574836943848
0.033690756908979644
0.05069329006977756
0.04395031245264542
0.02780464297481197
0.034335887576909176
0.04508775138088951
0.030461794689524604
0.02590582687130208
0.05103699686433488
0.03131570379321395
0.03582281868801307
0.031121985106118702
0.04237303241311761
0.04630409561263655
0.040168168746897374
0.02514144053204458
0.02780169303350257
0.013613330179021497
0.02409518402945356
0.0404313750100201
0.02583669066005698
0.023195849617308827
0.040980432457147185
0.031011451073312407
0.0333492894750426
0.0369972842667301
0.036413065316421196
0.03349656565321839
0.039691502350093
0.05130698782391021
0.026675640165352496
0.036633101907788984
0.03530787460852196
0.04131542941317237
0.03203413559447064
0.030381503987324903
0.03796938855302543
0.03986757597593807
0.03440251401613806
0.04308067209479452
0.04145849439224038
0.03464824809766444
0.03904432894804921
0.03303071919330762
0.038940373702788585
0.04432102289798368
0.032002959450409596
0.04595558471598253
0.03581344678115797
0.041690049636767305
0.02861940571392415
0.040553741370636616
0.04085574662620271
0.03272657073344405
0.024417317235780354
0.048000642696057555
0.03499396063848837
0.03907004567077025
0.035971022043112685
0.045524221945480996
0.03876956819941701
0.03936809872456222
0.041041971249762055
0.013778122114308443
0.037812949681039695
0.030398329865368556
0.03973791787924756
0.023846633015407608
0.032492312372504564
0.030915863738934887
0.0294493992536097
0.05264386947700922
0.0382132771402077
0.037589901198471
0.044281884845275093
0.03753800830523318
0.03495810684707054
0.03880164183398817
0.04075850947899577
0.04705399972278419
0.02151461078652963
0.030487055340241417
0.031413961631812044
0.0541481084140335
0.027373411053979863
0.04611618624465289
0.03767627474658417
0.03783736338080767
0.04010250659159047
0.028660384509136057
0.026881934910183494
0.04106991129604406
0.027596406155486537
0.03628071502190544
0.04235273177253296
0.03784861861177405
0.025379691118122112
0.03324904216051615
0.02702537605388489
0.03561857375331416
0.0378401651120089
0.018885946434488404
0.032216318125328006
0.0337331288381969
0.04037757812544016
0.04260638018081653
0.04550541829980125
0.046359622622132224
0.033978989555636746
0.0245582442613731
0.043890962660806346
0.03382299861858276
0.04234746575285378
0.04006701425623047
0.04788825772455667
0.022524393275323816
0.02951913002572539
0.03426876343552419
0.03977436075319588
0.03621017663532285
0.0329773630071904
0.041368919559432615
0.03307600266941042
0.01938240737501252
0.023145896517693658
0.041266973518349105
0.0343633091112953
0.033388263844850496
0.034989297222798144
0.031096099331371977
0.031111641051294756
0.043138794700053266
0.03639387641042079
0.05396585618508373
0.03279651899885005
0.032159647507436315
0.03105688689573552
0.02861523194293673
0.01830525104799216
0.03407488324736938
0.04309020211513657
0.03092004155623741
0.04415903774723033
0.04397308156679496
0.04122309592026473
0.028567061879465457
0.037085127282386346
0.04235760037580928
0.04105895310255092
0.02187053898455963
0.044619761167631555
0.04464426608794965
0.04452850627931722
0.056769703738050355
0.0264731912508075
0.023751860976782724
0.03236774830680267
0.031386884502373785
0.01921632374706159
0.04616939784625332
0.030991367838837585
0.04686400971911088
0.033367669662476736
0.03181445411320806
0.04571124320855913
0.053230883294780984
0.03747830606557233
0.029785253913951978
0.029291260774635033
0.0062022882894262185
0.025471292737069922
0.028540202379134984
0.03141125949175127
0.02441446873198811
0.02456068934747655
0.04184184292375104
0.027134188985554437
0.026574981006645404
0.020982085776812313
0.03396784543423566
0.029106627056246878
0.03318871471238073
0.039915866510704646
0.03428602983724567
0.024856251376548073
0.03941515433980723
0.03117524799533831
0.0412779683730019
0.029407909660451127
0.039776324552171075
0.029706647825112054
0.031305633770824466
0.03775030097879825
0.03298111253052894
0.026166880872013163
0.016731382396544352
0.018367349793134757
0.029047488711645662
0.03188950810407805
0.035620321088403926
0.04429722185831223
0.057217623040341094
0.04583820154049877
0.04193010523788684
0.038746203206195796
0.037451472330243644
0.038892506050363915
0.032886637704898684
0.032184675062326085
0.02554523769621546
0.02949169585843544
0.04417274191305488
0.0182762909799502
0.046764332982191716
0.044771992868739244
0.03811484146962556
0.03447076549264795
0.032429516736271084
0.04008884378373737
0.03514486379137775
0.031536287806386495
0.032794266199683134
0.05148958536538439
0.02991091183431416
0.03681735924925281
0.04617023939541001
0.03258535377062075
0.022289740487493055
0.034094736911358
0.031332381422834385
0.05145112270721984
0.024186151545570994
0.034532216537336305
0.030767260074386474
0.035428851580144305
0.03065118586575868
0.034519286828745874
0.03388043636357263
0.04192174566223353
0.030768799713716814
0.043015250691990595
0.03128125887862127
0.031068942881573615
0.026790081330286902
0.04512653891714759
0.041351135782852794
0.031365618926102984
0.044863475978377365
0.02774297883044697
0.04630835687106698
0.02816960014907364
0.0377468868443411
0.03405288422088154
0.04230130893836594
0.030347431374149223
0.03687623501161202
0.041093116961574194
0.0400946772986743
0.056886472342666736
0.02760963169971055
0.04310139045749237
0.04751056559199878
0.033959993077331
0.038743334637651033
0.043520771325086305
0.03171586344911085
0.014746710554310143
0.03494975951762194
0.025097119993859822
0.027141093209321284
0.037654229476235854
0.023904630140112897
0.02600001026730252
0.04283122211729592
0.029115576972838085
0.0390639892736587
0.033753309405630025
0.047550312397059424
0.02400358062648894
0.037810836393427555
0.03506655850639213
0.024638520784055058
0.04165146708753062
0.032300510167275975
0.0462056289275322
0.042268861335419294
0.03793402746495832
0.036006179327758084
0.03288479422679176
0.024124471634792293
0.03730096225781153
0.02898423394441332
0.028384717817333337
0.02907980134129108
0.03540855799522823
0.05549710765437913
0.03862632077406032
0.039529218703201655
0.040370413043150574
0.028921536115739256
0.03376811679507107
0.01670129408279221
0.03864739730099315
0.040592414702242854
0.034158533440488546
0.04396200400289901
0.030887679912641852
0.04692855427951527
0.03234816485450097
0.03200955055499117
0.04454280586174582
0.04104428619675791
0.05440039914905709
0.022178912453355147
0.036964042574531425
0.03436456147516402
0.04398029000917669
0.03889355253259589
0.04423080515055081
0.044354436415142036
0.03665212356620043
0.03298804050514888
0.033835745325729874
0.0359859193609567
0.028736428535582073
0.047231516817769686
0.029653164583077565
0.03113785424601609
0.03004906189875775
0.034836555381332165
0.02850961845005319
0.03881012282062429
0.053649703671424506
0.020648623355221135
0.038140113654499576
0.0378622002215386
0.04343983271071224
0.03897429287159093
0.02561123565827698
0.05467687723352332
0.03672742562322548
0.017339202592326255
0.029482469725213657
0.03429373619443278
0.036882862995167964
0.03672604383988684
0.03253997577461904
0.048532028022991926
0.02623692135318194
0.045053109916341476
0.03438718783631798
0.02466879615062737
0.039421879369301346
0.032541752653781536
0.042997072189012164
0.03144484036007984
0.0434772052047311
0.04585066406540068
0.03091097772613979
0.04594895867588919
0.03506583629898105
0.024217662959344553
0.028928396265873065
0.0355769013726292
0.021914279889686708
0.03881823133000354
0.04082671042958111
0.04057843476482125
0.045873104372817664
0.026693167543827064
0.0403032316388715
0.026391689926477387
0.039048225649793544
0.043021859814200133
0.03348413812763369
0.030373882015968103
0.02182117930711673
0.03182368370926839
0.04472712073572058
0.03548978068091769
0.03092259322835231
0.035418092780435874
0.029341821340354967
0.045400930687365934
0.03478706456001933
0.044693367567000944
0.030193926457787967
0.029985315088690748
0.03255083446801171
0.03319561902692353
0.02014890239934248
0.037236773124162535
0.041125873692196516
0.03774297131450807
0.03617460954226844
0.022435864177208904
0.03967912686272491
0.02243865016562305
0.01813497405099191
0.029947416520895272
0.026481331664526715
0.03627620994090224
0.04430430130322449
0.030390742688230738
0.025255007592095167
0.03700272583149751
0.03303765888411009
0.030932681708721488
0.03849723062332874
0.0442793363234867
0.03271656891097067
0.04346115028756918
0.023891885712914375
0.04268889803453352
0.030880613741731087
0.033332646539245996
0.03364094884374157
0.029624313584936134
0.024367830126364558
0.03329818823143034
0.03566132679119313
0.0445416649358447
0.041679213868989935
0.034137747027642495
0.02716083790584253
0.021951170866867552
0.02953884344584011
0.04103656850154595
0.051186025086043335
0.036892967367331754
0.0449843105328191
0.03268196231201123
0.03045409391455529
0.03305435931023534
0.03533415680503153
0.031026583117076033
0.03133245816240976
0.010011827092930595
0.03942005240727673
0.04502753162489396
0.04648520140818212
0.034516729027166126
0.03219544823235837
0.04898842166125648
0.031041379878970876
0.038762801910973414
0.03768791044952653
0.0350578245408153
0.03627366563977332
0.019706856423795653
0.026561384656383163
0.032499031401902426
0.031130779889250032
0.03497727646585661
0.041289620817182314
0.04012881924770001
0.02383581942138109
0.03334929402201548
0.03558917183374127
0.028278161299383174
0.03743106485085604
0.028127460479274332
0.032453126419993164
0.04198495440265221
0.051605312282296104
0.04433825556153404
0.028610152380594563
0.02454022073664711
0.03252413371536714
0.05050564144348284
0.035658618957934284
0.03853374271719674
0.037972481725479415
0.04366580369536318
0.04506912170430845
0.03765543632967515
0.032493416835790837
0.02407991364489715
0.02973851887381027
0.03371598955420406
0.04487069117816546
0.041088035510650135
0.02257792093274727
0.04961709053512866
0.0425855280347974
0.03889275071109529
0.03726961357979471
0.03811384637983494
0.03350882869997898
0.027162385834585006
0.021923290684043167
0.029433153078896452
0.04325736656213925
0.04301512112569013
0.024502411108703895
0.035417763835104525
0.04836826527469947
0.026695261418757422
0.02963272868546372
0.032493494256006845
0.032295724750055356
0.03781192597048895
0.02175676294831766
0.03440682552982545
0.028501570968320792
0.038152215846770116
0.040294940768976426
0.04020936287246453
0.023830201185323512
0.02723326883341556
0.036989571716663526
0.030876637913320786
0.03390750389384635
0.034035405359615946
0.03454876716883227
0.04934919198634604
0.04054667027180911
0.03925857440549961
0.03231316744292144
0.03201211968076402
0.04579932171301197
0.03976984944875852
0.0335734726827808
0.045953418177896166
0.040523926387323134
0.03857051736920984
0.02517800425748414
0.03935431512651074
0.036466841987105834
0.0444072696131192
0.020400689079795677
0.036913826224124424
0.04225210161374945
0.02793358791298539
0.03627707134579174
0.03477574596561012
0.040801550516105525
0.0429857742262678
0.044773554822507444
0.037516644247717855
0.03703397008549584
0.02763560208176753
0.015407908341276717
0.03322546870557419
0.018477985682619255
0.03470785932365416
0.033831001848819334
0.03719631161740081
0.03514596486381016
0.03592580691774985
0.04433324640933492
0.04277965982830133
0.037191259142340234
0.03807689602616117
0.04176408642361046
0.03552208314637399
0.03359549943577238
0.022293579724767913
0.030498213909102775
0.04033813032296055
0.037189449697080004
0.03895975962732421
0.04144546041585158
0.037823068144762245
0.023962732602577228
0.040830259814529146
0.046494800014108814
0.04103725341304136
0.02439613667610393
0.03488599097737543
0.03396833713404655
0.029928998247380094
0.0316592309989919
0.04470070225399639
0.03362105026977144
0.04059711377108219
0.033390090776819384
0.02621887592718
0.05137520845486232
0.03942759933293241
0.039979423357044686
0.033226468838911824
0.03808958214497227
0.03521316858065199
0.026453185409382504
0.02699796007383577
0.05061969579872067
0.04079415308513652
0.05033253750751229
0.037248629167481374
0.040479711537667204
0.04369830611075724
0.017838265738102252
0.03485838484518512
0.03925503667717131
0.028239387430811398
0.04044590333337113
0.04970393036185884
0.04549820747454281
0.03849677949763444
0.020877572362109652
0.046626747825366514
