0.2965480516143271
0.29409887534917956
0.30002149668752387
0.28750946196669036
0.2817162894552079
0.2897215378524757
0.28361056203075624
0.27646457661203666
0.28909041115629386
0.28687344777181467
0.28497985043300006
0.2879309966401633
0.288030653131718
0.27634130742747975
0.2775801885839169
0.2717311052504037
0.26962434989556266
0.2913805421206731
0.2806675088444023
0.28032990010594966
0.2898346344687939
0.2826286694798334
0.29229626795189906
0.2828329980066531
0.2789423520376861
0.296986031471689
0.28124310558088383
0.2842580847457511
0.2730076047663758
0.2926275316304028
0.28590504932858163
0.2785540078300406
0.28674699995729136
0.29708863449887174
0.28676705645026
0.2914250253382116
0.29105194760677167
0.2840505408115669
0.27555593329217504
0.2808472688941822
0.27796475208831534
0.279610607148543
0.2865010541137475
0.28556816552672104
0.28521459005916916
0.27131250378984073
0.2857783938709389
0.2896659815095366
0.28452334248316347
0.2809025093003302
0.2812526649294644
0.2916292948826782
0.3014322838805478
0.2792580322151962
0.26768057722952865
0.27560489791503473
0.2796853424920644
0.2752961622003034
0.2771028181809407
0.2825187126243092
0.2969038147497952
0.29145924007555957
0.29214686963203784
0.2975503381161486
0.2798019282000084
0.28917585295129383
0.2874582431103089
0.27854927883726255
0.2915662102142655
0.28693481125274667
0.2917776484551316
0.28549403176925203
0.26607497745342373
0.28435603996376835
0.294208201472482
0.2772155057338223
0.2755078656303006
0.27447408230199444
0.2899661172819187
0.28169457705921835
0.2722387791052111
0.2845237848685384
0.2898025232131134
0.30096478578318375
0.2919967245960242
0.28753522905786777
0.2722454393040086
0.29478091445217747
0.2846066008322777
0.2896262274013329
0.2844126245853941
0.2924768099416138
0.28402782163445783
0.29576796411831663
0.27697762403093673
0.29195518662358216
0.2863195838755209
0.28395868469066843
0.28634471328646927
0.2940542916284694
0.27374954560838594
0.2829783065872112
0.27908104025238595
0.2806416885798747
0.2775222105954389
0.29057627888856746
0.2935600922546562
0.27691599755654017
0.28358024871115356
0.2834496606674848
0.29702666462763966
0.2883170630826936
0.2792351655499109
0.27601203537913543
0.2890846051984615
0.29313049972049765
0.2833230557462218
0.2684519720177738
0.288322822302021
0.2914827866775149
0.28752793395327314
0.29595362780528045
0.29030181059074456
0.28638787039664215
0.2811817425523747
0.27931111656838886
0.2813898712962026
0.291356053722442
0.28570845787609
0.3015664359822182
0.2985618985858639
0.29233724439619363
0.2836444510218671
0.2866119464555342
0.2908533289147135
0.29353398509164563
0.2790232971600229
0.263669244207012
0.28731132970055917
0.2794989171065051
0.2896517127632194
0.292642270808869
0.29266263002295584
0.29114151808541083
0.3019233011625177
0.2831992582354391
0.28018670596432377
0.29296138753480117
0.2912129814208587
0.2841996248913238
0.2701378199640344
0.2819203288175074
0.28218777792607197
0.27479621101968976
0.2867186218083216
0.28741048763020005
0.2834793896620255
0.2901124644933212
0.2902876929917686
0.27337971362168484
0.27129313868033644
0.268204585587024
0.28214069532524627
0.29156256250824
0.2863537517812128
0.28974303559045467
0.2924507865067707
0.27995220393431774
0.2850089932489763
0.29702254101365444
0.28732149934193363
0.27924000589091535
0.2689521228532572
0.2771504767053078
0.2747444072310662
0.29582289604452766
0.26665515379764715
0.27186736308711856
0.2671157766284182
0.2722154750167517
0.2874132191569516
0.2875014594741748
0.2834600848911224
0.28701299479162606
0.2891800897448931
0.27639040035238793
0.2920045648278136
0.2959487334693659
0.2931229613429545
0.2913862483403652
0.28476670024901096
0.29858347900120397
0.30007351613232497
0.28129927304182567
0.2900528407267418
0.29649893400489924
0.28852370408830386
0.29640709405770604
0.2857951987181988
0.2897342117078439
0.2830878153377408
0.27816461337138887
0.2911118925063204
0.28098901529719256
0.29648124617362626
0.28503297687483864
0.27712954215622865
0.292459191549265
0.2802797232824294
0.26979917570984724
0.26925442624076934
0.2869650312966545
0.2798468373100179
0.2787598380967681
0.280636643562602
0.2832689738975849
0.28640253664069915
0.28487495778594224
0.2912895097150976
0.27568563174181077
0.2956875828699461
0.3006618650143641
0.302291789489812
0.30006140789330094
0.2951987987819279
0.2948384341722601
0.2852541583612931
0.2795767058798146
0.2838886887509935
0.2737125256391516
0.2836693518428891
0.2767554419841567
0.2885128062215136
0.27778190601801767
0.28130845749501304
0.2877770376180827
0.2838524243982228
0.2817263311955305
0.28504911278384787
0.2756352041194352
0.2848262130597375
0.29749710028713516
0.283110983185208
0.2901510827702439
0.2863169295154347
0.2743456216696928
0.2768298785806351
0.28350512801532357
0.28863765295922394
0.2745537147966306
0.2866260723740081
0.28654037704669894
0.2870646558877337
0.282314502251085
0.2711592032549727
0.27063640977823983
0.28211202293604876
0.2793192492424206
0.2810845146460249
0.28512917056959514
0.28221708524439576
0.29511845052045194
0.3025711944159923
0.2915625901154246
0.28323962955517146
0.26009871534292606
0.2748616670580514
0.287691242126189
0.2711510695911148
0.27237972091415175
0.2705018978187149
0.28637280904438556
0.2839253959169111
0.2806442734786303
0.2902184735202832
0.2714781140898636
0.2705768141099863
0.28514405512207486
0.2857147878972005
0.2820542395274285
0.29091007081670717
0.2872209274024821
0.2704263742122076
0.28745626431533405
0.30217348904449454
0.2910580036117506
0.293956455490747
0.28690199078043654
0.2829386542011013
0.27379739043697404
0.2736239979895376
0.2586923469978665
0.2742438412709228
0.263185323230693
0.2906864821679323
0.29255628977040515
0.2802918772389194
0.26686650874518436
0.2878283238240036
0.2801889167446967
0.27861109022079045
0.2950586955097313
0.28862037080694664
0.27540844655746094
0.2810420313654918
0.2894261155723713
0.28700003407265534
0.2868964644354815
0.27658680877096575
0.2949273678665043
0.28743344187292974
0.2998876333106857
0.2920194360127838
0.29142838720645176
0.28946670204675773
0.2893554283997712
0.28828192912310235
0.3004166578348684
0.3044464023625849
0.2806688504395189
0.2899553666984602
0.27719665295932194
0.2856879147215148
0.27814858846890955
0.2867332913203979
0.2859827626691221
0.28761278317241856
0.2848229280018466
0.2837921715450068
0.2677983573418205
0.2901326818060304
0.28512998117459515
0.2832615710916731
0.27650786615090583
0.2767117909837929
0.2876174477869518
0.27036973092622135
0.2960682264046125
0.29512746492569586
0.2774680045700123
0.27882828219919364
0.27957699066533553
0.2789748230006247
0.29362521126573615
0.29314493667780506
0.2828375097549345
0.2900004702146597
0.28915679950886086
0.2851113439949009
0.28885916687419433
0.2960008804125548
0.28793221626341453
0.2795211633118484
0.28715333175011765
0.279533505772383
0.28165415252620307
0.28412119748924186
0.28215188223125726
0.2831523159889194
0.28812016315087013
0.2878251512927731
0.2904068594238298
0.2969491161053691
0.2975526696379156
0.30042899018937996
0.27772188731747377
0.2788018822491405
0.2863532758949092
0.2849441861148398
0.2860912846964476
0.27934144117002285
0.2837284803817317
0.28442269953221566
0.29380668357471584
0.2832184708672389
0.2752792824499859
0.26501857080215574
0.2891293046496846
0.29604154849964537
0.29025885796876005
0.27470629643136124
0.27151750193643337
0.29640091561389015
0.28323154759470465
0.29133032421270216
0.2826431410924407
0.2922451003248917
0.27890373517104283
0.27215415802932386
0.28656605864752016
0.2920467922658504
0.30591212510858357
0.3001213185401965
0.2891927987155143
0.2850890251378812
0.2996670553174635
0.296313513032071
0.2790741391786973
0.2869410645658684
0.2774493836028299
0.28320986503042744
0.288126310320855
0.2805873048543121
0.2887682587274375
0.2743872970489119
0.27837960480674107
0.26946174158482805
0.2814057045121011
0.2776962012687624
0.28566894275541793
0.2821872801323464
0.2967189545062754
0.2901851147488811
0.28603364189242797
0.2795110175264851
0.2870088023307582
0.2888133704917356
0.2866890858536899
0.2803979257280182
0.28463640611056895
0.2751464080553677
0.27145992395342783
0.27989640254092574
0.2772077974308799
0.27912640488009977
0.2832488967745897
0.27558925343210616
0.28308655845689995
0.2993047457584225
0.2914824740379372
0.27665791732271366
0.28207150349808247
0.2919860474482254
0.27984910285310566
0.2820199306065911
0.2952183719811864
0.279023652325765
0.27513799935994404
0.28873819336757817
0.2956482525639228
0.29119171723382825
0.2862141586568746
0.3018756854463434
0.29293429619372946
0.2864133120606813
0.2910130655908082
0.2754647459492277
0.29035685844068404
0.2876858346094624
0.2926197415147231
0.2950562555501439
0.2796981690706617
0.2942435754352716
0.28503616379266405
0.2834647401120729
0.2834560614828124
0.29068187136332224
0.2825663299305409
0.2808881551607122
0.29309671865731823
0.2940898582202546
0.28971540432618836
0.2740456716214841
0.28490458108058847
0.28212532881733754
0.28885636997999575
0.29665922512935683
0.2775294663408341
0.2847309780031533
0.2819848495676552
0.2755067561098289
0.2872201174462819
0.28891227893812266
0.29182483460521313
0.2983192049025268
0.30933279869967034
0.2904093601116958
0.292872275745263
0.2848951084011042
0.27414480002615516
0.28098218814308595
0.2846832008409772
0.29005244810483555
0.28357038418774794
0.2873920646580044
0.2772255687205725
0.28195247520705913
0.28526981513234284
0.2879152130335191
0.28123505669939697
0.2882339029768419
0.29272109714578864
0.28283131921528776
0.26912385530741667
0.28218165324585137
0.2838304092347621
0.27657438402450507
0.2899472754536156
0.28945807287399494
0.27955123881035865
0.28886120300363194
0.2666605954876291
0.28814892273260945
0.29057784701197176
0.2997761047010361
0.2972932581612403
0.28196246971299965
0.286990453639398
0.2873140101590238
0.277047109784326
0.2831425848605963
0.275304887457338
0.2810863595439992
0.2771522764394296
0.2679814382135365
0.2783115358632051
0.2858920796440145
0.29248838702619007
0.28608086612092226
0.2754931037791256
0.29247262905263205
0.2926893253636951
0.2835633004133263
0.29054347225096694
0.29234437591094825
0.28636120677221905
0.2839828529994548
0.2780749228845619
0.27728249119685133
0.2805997491896354
0.28859943907949626
0.2803868118453968
0.2800079374271742
0.2763681413794226
0.2922543113463284
0.28411543617322055
0.2835766462849696
0.28249815718233406
0.26636491327192363
0.2794038987036559
0.28801229259822086
0.28310161238653014
0.2981038854737985
0.29010190863579577
0.2868648339342502
0.283825485338726
0.2900506048324042
0.2900194073686378
0.281619488941654
0.28771998560248657
0.2884938349080066
0.2951176817440472
0.2934528267079207
0.2906340786130782
0.28767686446294916
0.2992970909262615
0.28698787257161296
0.29024036866511327
0.28026409054400886
0.28130620660967204
0.27698727837436954
0.2888659244927029
0.29891660649892327
0.2898794015150028
0.2800497914637356
0.28957011865084437
0.2908372967974324
0.30182828865356104
0.2905742419528201
0.2820134420465758
0.2717012122425184
0.28073621669888527
0.2783915072583416
0.26836127552089417
0.27924991477430544
0.28296998035017085
0.28451721830057053
0.29723799803728396
0.30447463966798227
0.298311684911122
0.29832797015789747
0.29849983085430426
0.2844984743734889
0.2906934118303462
0.27334835297467613
0.29584630396163764
0.2874824966859121
0.28782982358676024
0.28699700630253094
0.29954768286171296
0.2699662527263523
0.2839894509502269
0.29085376318163664
0.30477412110181545
0.29398288966801045
0.2913785583982129
0.29919917958256853
0.2912006667627536
0.29077290066618766
0.2794327632818175
0.28016815605434764
0.2732494459514435
0.2765664465543416
0.28197987970910676
0.27608954717207257
0.2882543696592809
0.2836473569979475
0.2702733070925143
0.2840844603254814
0.27891102493650144
0.2906511412110658
0.28564607164547967
0.288674418553061
0.2945793082995387
0.27900008105894547
0.28303173693055783
0.28353654597753497
0.2824487641736193
0.2915377737657897
0.2770581320848852
0.27918420598643184
0.2758393875600281
0.280507269604213
0.2796700408480891
0.2799026533743142
0.29705903557702795
0.28033624028987897
0.2704362979485205
0.28563350024915857
0.2563113168966206
0.2741324349017311
0.2790604353100194
0.29443707826765597
0.27724497425094374
0.2775219932175249
0.28765579364172167
0.28981205341975164
0.27980129160536305
0.27752948708388236
0.28328606491985064
0.2721907937341355
0.2811226253021852
0.2867467578297693
0.2759027127340033
0.2827118963351568
0.2809667353664731
0.2889784595514495
0.26247539363901684
0.2761954349422189
0.27872311576388953
0.29481774494142243
0.2863473699288144
0.27543166600762226
0.2869693847618061
0.28966450782246367
0.29715303721708985
0.2943109169141339
0.2860294198802347
0.29131866838877096
0.2947797671777731
0.29529257757868943
0.29630056048946685
0.2971426728699792
0.29249952965157333
0.28760063766788174
0.2961555923087116
0.2920714618949818
0.2986340773333848
0.2869810108338152
0.29109502736451964
0.29873301335419344
0.2902240217689116
0.2910638886402217
0.284789040657197
0.2896408539552171
0.2901649454226839
0.2829704789168249
0.2753377121940206
0.2772679949346101
0.2811510851219338
0.29262239329922735
0.28136797114802087
0.2770951579322907
0.28542406594481795
0.29288167134717963
0.2846120310591894
0.28425763192181475
0.27529385073925094
0.28617406995335315
0.29601866427986573
0.2901744310658214
0.29552028108884987
0.29893075853153783
0.28892969344065567
0.2895491494707947
0.28000920374517085
0.2717650500949528
0.27732953760912094
0.2664921497034999
0.2751218939404293
0.2819031337212727
0.290200182144157
0.2947670536274871
0.28710619455171393
0.2937892503147703
0.29352569032218945
0.29120982105062754
0.28208567680048807
0.28962227184913136
0.2875518558407004
0.2872610346635416
0.2845634596905971
0.29089296247378904
0.28869178150130004
0.2821173613462671
0.2921200105130555
0.2871708209447054
0.29643021727919
0.2848472587504641
0.2895195793574639
0.2829133731656943
0.2870234631587985
0.2871050967860672
0.3077701063940449
0.2888960958692921
0.28463984269951403
0.2813047707014953
0.2884775872806503
0.2877032473503639
0.28568975377869626
0.27984966856447685
0.28007472293435515
0.28825299583873254
0.2812322992898212
0.2735964725991445
0.28186946075287705
0.2973019904650942
0.2936725375380714
0.2989063372403634
0.2792030922807762
0.2870496535374877
0.2924442567934338
0.28961032676247905
0.28059142694698147
0.28142978312447414
0.2706589069990249
0.2725386216334937
0.2843331692159572
0.2879234266116324
0.2867805800860154
0.2915870396781065
0.27633681579917224
0.2888797416533777
0.28332478703470326
0.2680565667565329
0.28326542230653223
0.2767470437363291
0.2860128767762926
0.28790003079755944
0.28648130286109846
0.2802176476139294
0.2745994445191503
0.2655613767926687
0.26727551246155423
0.2771086250706415
0.28347232995258664
0.2736580243257687
0.28081754192210123
0.2878930089164117
0.2856060018722843
0.28217638867104855
0.28078942164797804
0.2842647275292795
0.2881546966884708
0.2873073573053911
0.28663381960479595
0.291008362630905
0.2693675881068628
0.289727400768447
0.287569543211146
0.2772067542390752
0.29115816727238
0.2729764896242084
0.28800578939229493
0.28166163876151434
0.2878166981200008
0.2777549440047533
0.2840578431895165
0.26730326754966643
0.2798350597590383
0.29888555442785136
0.27956481053278304
0.2916265557345889
0.2783601540030562
0.2884303446453283
0.2933471824482665
0.2984799057934244
0.2941617834890697
0.29349210333238174
0.29946780750534807
