2.7373429215835476	2.3214238265620137	2.329341882661456	1.7454869630804752
2.320277926306771	1.9682017989372167	1.9746658987777626	1.48108676270862
2.32914971229448	1.9765860666365913	1.982059354621547	1.4874591512546245
1.7439809899777525	1.4815769038290856	1.483874497803017	1.1168928561095368
2.737410166476644	2.327156531883165	2.3152509853524017	1.7316612658999142
2.327503997082281	1.9791116389699503	1.9681497802694825	1.472083093172148
2.315148306307402	1.9679849697695577	1.957858498769782	1.4634650056794942
1.732295291999991	1.473585409445395	1.4631588245609721	1.094416284624207
2.717450866390878	2.300017499086225	2.3253226407833156	1.727484514597726
2.2998892308023855	1.9472205028441616	1.968957629200899	1.4622801324689785
2.324700562444445	1.9673627907894204	1.9890039409386884	1.4774140303105303
1.7268191730135756	1.4613590039961715	1.4777805502124501	1.0962273094433144
2.7185440285963463	2.304711097352307	2.3016815242576296	1.7283632866688947
2.304822739700151	1.9540312538358968	1.952074571458357	1.4661349034113533
2.301077396226276	1.9508271268472808	1.9488990010432732	1.4641640543687127
1.727520269045419	1.4640537117778525	1.4639912083872053	1.1003826341890661
2.693959390900282	2.272321221566839	2.266863917883785	1.6965562643441008
2.2722652041195857	1.9162357227776219	1.9120560441644734	1.430689542599281
2.2670853126695554	1.9124398675076335	1.9073066529103206	1.4277798895979068
1.6967209462066177	1.4314565232704874	1.4270267655986872	1.0687287445496063
2.6935156995214062	2.2787006140060044	2.2509092572910503	1.6758095434753357
2.2784035797068953	1.9276736173370228	1.9034028529262923	1.4166917413859401
2.251167718288564	1.9049346920029289	1.881350334748256	1.4014035285830602
1.6757841364479908	1.4183047040968093	1.3996758801088511	1.0414557293306133
2.6748355097316794	2.254455839546742	2.2474324665222785	1.711133354908372
2.2538782183987056	1.89931757167359	1.893025434724257	1.4406203073569779
2.248064230051846	1.895305911612936	1.889266918906527	1.4387474075855045
1.7121055123236857	1.4435685490102224	1.4385275840157827	1.0949377214383522
2.6573722254327925	2.2302931637322625	2.2237371933773233	1.6988174833649126
2.229718372305617	1.8709808743269598	1.8658682543479184	1.4254843425334514
2.2233268375973467	1.866379861526056	1.8606949709278844	1.4212104561150636
1.6981639834356674	1.4255904858351471	1.4209615424255049	1.0856953795530868
2.710822515058068	2.2929692655054774	2.3068319682270766	1.714398151644237
2.2931038630789615	1.9387522030836344	1.9512933379619397	1.4493589488611978
2.306871219842742	1.9514596727564726	1.9635631364747475	1.4594503312163642
1.7144422400536818	1.449317532729759	1.4599353602487444	1.0842075613409248
2.7268900068104336	2.301049813883473	2.3221102294580507	1.735578584529933
2.302083296115788	1.9427177146782884	1.9597056845719336	1.4643090931721856
2.322257561259016	1.959004700233921	1.976850731885427	1.4766529544236728
1.7363251552012182	1.4651531070028578	1.4765141205031085	1.1015446833731506
2.7213978733405884	2.299841885658291	2.2953667081742304	1.7463273822710972
2.2993182223384077	1.943357494261641	1.938951543294527	1.4754778561202284
2.2955681488970647	1.9400210046864392	1.9364652760482948	1.4732088913164025
1.7459409872152973	1.476382357449974	1.4731053554883136	1.1220783254581062
2.7389348263960067	2.313337768375501	2.3485621335596245	1.7719920500539894
2.3132727864699447	1.953937178263695	1.983277363502965	1.4952616224359143
2.348300226164665	1.9826967404279487	2.013567332520536	1.5191262969656572
1.7714366398517722	1.4950140196948312	1.5186868209532072	1.1430618587075012
2.7644999865989703	2.3568674883521123	2.3385897298533114	1.7541330535791382
2.356611645436074	2.0090572781033686	1.9938625397237348	1.494615317518751
2.338236460364438	1.9932151312547	1.978126146164791	1.4844625944151864
1.7534197234260818	1.4939885792903045	1.4844232974320868	1.1130923902942553
2.7357664420193317	2.330442784003905	2.2853957339743727	1.7023877754401575
2.331342679838254	1.986322759732321	1.947784617976909	1.4522349512537625
2.2854245083910225	1.9470531660104775	1.909687996826423	1.4237866223257873
1.7034753459315173	1.4528241163254856	1.4247952997827988	1.065589602112753
2.743681578331062	2.334279709716917	2.3406183938889615	1.751078170475217
2.3342614787199687	1.9863342610725665	1.9909292729899117	1.4901090401974713
2.3415749953967437	1.9921366250278172	1.9972017451317992	1.4941197332546514
1.7520870384444043	1.4905991834078656	1.4943068399962296	1.1179472253960259
2.738795446719927	2.3024016752699974	2.3211570641453023	1.7298595267155228
2.3038597133309007	1.9369486200318393	1.953409472782164	1.4556668643445008
2.3200846551446705	1.9493906865287773	1.9669438518589413	1.465386144611825
1.7297054448157703	1.4527173117889671	1.4678265557132726	1.0932039120123722
2.722362416085808	2.303192796753692	2.317484250753895	1.7357162471192495
2.30243459699602	1.9479027490218568	1.9599390928052742	1.4676944223305295
2.317471295067156	1.9609795834631936	1.9727228935313683	1.4777720987394423
1.7353728254416507	1.4681894310134183	1.4773118646195684	1.1066878185162718
2.6949097577267325	2.275779088705802	2.271024097682379	1.6833136434473428
2.2750693663815618	1.9209214631788802	1.9174580679530286	1.420287223634604
2.271566316043002	1.9189801621561628	1.9147333114073362	1.4201797318445435
1.683165907759883	1.4218394353162633	1.419547040823628	1.0522031866720007
2.7211901956813658	2.314533252695074	2.2819187486422083	1.7317494832813554
2.3148627670249624	1.9686515498213872	1.9419936008096368	1.4742272865582582
2.28164045485632	1.9401816567098462	1.9121096697121116	1.4506203964362623
1.7317188098732128	1.4729404123719874	1.4517006355701463	1.1036825453299217
2.7406509798083944	2.315201789882425	2.3199863536427885	1.759587373971004
2.3157386498927184	1.95617463244991	1.9598428178169438	1.4867163860719792
2.3199185452494486	1.9598586237921616	1.9631619162290974	1.488891323742733
1.760076215725938	1.4870345728805887	1.4896586682667774	1.1305190686104754
2.7601339350813086	2.3342323910861977	2.3498008053304527	1.796235695876101
2.3348500725229853	1.9744378579709576	1.9868822155928028	1.5185602796657083
2.3501297895638467	1.9876949112478648	2.001138308833979	1.5307902615964009
1.796448372898779	1.5197048510444378	1.52868853673289	1.1729614792593228
2.730476482013941	2.312413710880113	2.3298679650259353	1.757183575093867
2.3116819669621798	1.9569155150637745	1.9718641683799498	1.4852518154034504
2.329568752179443	1.972455540860026	1.987262050365284	1.498264485745685
1.756402476059125	1.4865702935725018	1.4984836395484231	1.128960373691652
2.667112379466808	2.2335600750881413	2.2456151551713304	1.686716500914245
2.233639525460615	1.8703820476344655	1.8812077547739596	1.4130675736502176
2.246189021119052	1.8814819624374526	1.8909905719886293	1.4203500643947102
1.687419083331027	1.41317332314262	1.4211672113932154	1.0675214515636597
2.7125857714350694	2.286995074342074	2.2924785436783126	1.7086894750826744
2.286993853850355	1.928658335478824	1.9340611003800845	1.4426459425474836
2.2923631030487988	1.9328112960382706	1.9385730952744666	1.4448150008167753
1.7082396890160874	1.4409740652771534	1.4458122280931427	1.0791643286035193
2.681522774217312	2.263443251595264	2.2265564497486823	1.6397507650008158
2.263656585097021	1.910979221427115	1.8794283571218386	1.3846425298804759
2.226708482410619	1.8801054031929294	1.849098190722619	1.3625715795468656
1.6400852319477919	1.3853365951828371	1.361858608784895	1.0025301609145234
2.734556915425296	2.323792432888496	2.3193825608201277	1.7349253779561593
2.3235797801451707	1.9745293465466247	1.9703183207648818	1.4729199291045008
2.319320812893151	1.9709356357183172	1.9670891458277786	1.470396635581065
1.735400752457048	1.4745878340651517	1.4715617008317319	1.0992616518435223
2.7350527032952385	2.3222229972081814	2.3009978992357003	1.7203306862554164
2.321621811498119	1.9714675575689953	1.9529902967159576	1.461003970702625
2.3008750949944314	1.9544679035667007	1.9363131880429807	1.4500048788459303
1.7185429516115072	1.4600662554406945	1.446197517171463	1.0849226522510278
2.7553181420876336	2.367372346455786	2.3598998550882193	1.8100140873669144
2.367219694086702	2.034481441823887	2.0275166994932063	1.5563878143876144
2.36026334833398	2.0282527651372004	2.0213143712094714	1.550890381071085
1.8100113986278263	1.5567287786641213	1.5502021593016426	1.1914277200848968
2.7562679840496815	2.352353214984554	2.332147096005818	1.7313487782819064
2.3523861355167375	2.00750684034343	1.9906129952689957	1.4779946587793058
2.3326314712829217	1.9908962478592642	1.9735862920592722	1.4649916692527232
1.7317561200387097	1.4780687283482992	1.465657569650249	1.0879937071783947
2.7302535502303655	2.3357203590245668	2.2695067255326813	1.672113153395106
2.3360769926672926	1.9991179960062249	1.9430780598321498	1.4331693402734258
2.2687370093384	1.9408421561460836	1.886043443467476	1.3899132993468042
1.6708545374479133	1.4302931984314036	1.3893786938478632	1.0253148983468958
2.6983367899696	2.25779367670126	2.29414835795936	1.696110386685766
2.25749373234444	1.8895420635774276	1.9189191191307355	1.4192293449638613
2.294180615817622	1.9193632081607161	1.9500391634575431	1.4416583504526883
1.6955568680693454	1.418581655299671	1.4404462388120531	1.0643274713192696
2.737111611688128	2.332827989839658	2.314008805139967	1.7313369198755295
2.332777832028231	1.987714367686591	1.9722844625717357	1.4757588873699958
2.3140585088831616	1.9718787874544128	1.9566345606485729	1.463790492443807
1.7310998549775567	1.4736681594509726	1.4638342395837372	1.093390489757759
2.7134512444404333	2.2671598440610783	2.3294986372092388	1.7372120418983792
2.2666730235446084	1.8939265563062346	1.945710420838575	1.450844451920049
2.328961351723242	1.9455797693955272	1.9992615891778567	1.4913018036570804
1.7347809854765586	1.4486001366197234	1.4882167874386178	1.1094602347068194
2.73835077158726	2.324710327031912	2.3140646375376352	1.736450323870999
2.325169350510697	1.974255898150373	1.9654048990878927	1.475359995668564
2.314106003124223	1.9650615485133391	1.956027674215773	1.4672188213043935
1.7372062038641956	1.475868118989285	1.4689556964975494	1.1029635049198545
2.7355974605150704	2.3551688888076154	2.3150410481706163	1.8039488255290153
2.3554411754574347	2.0281946298288775	1.9925803426856115	1.5529921108085931
2.3155343555804264	1.9934715105102503	1.9587043898281185	1.5256610023971078
1.8052019289030847	1.5546838640229907	1.5266875155968436	1.1896711582965818
2.7043318803065817	2.314727384402627	2.270980429430753	1.7331305681935572
2.3146482260250627	1.9814882141345294	1.94377037695884	1.4839479633704336
2.270021428368897	1.9434774682420646	1.906242984527845	1.4547909341818759
1.732121007781153	1.483395611349062	1.4540636383533023	1.110190196272123
2.753014321421301	2.327964054589051	2.3302982226516096	1.7100829002416742
2.3282641870596055	1.9685765124901031	1.9713931035878198	1.446355921807158
2.329999759502042	1.9698868085031132	1.971844325978437	1.4464831526348563
1.710339857020573	1.444977596922285	1.4482959206162194	1.061106688903094
2.708697342203416	2.286843403757246	2.2759368597835627	1.7021022892388127
2.287486708978618	1.9313631715773412	1.9220010042678004	1.4382137948761358
2.2757040179742254	1.920339075375832	1.9117539018835064	1.4295739711369853
1.7017978700715888	1.4354432879750458	1.4295486791398186	1.069511122481194
2.682812414010567	2.239104190164636	2.2585031857861666	1.6501635906018686
2.238776173461521	1.868078910832739	1.8846936372506076	1.3766492681827682
2.257936034766089	1.8845788820021452	1.9001759188084648	1.3874384670882842
1.6494703942844335	1.3765449171438282	1.3887382811868074	1.013824230409898
2.7218047733269692	2.293652310660287	2.32718464144277	1.746216717203137
2.2934432960419575	1.9331926621417868	1.962350385743323	1.4737152527265227
2.3266527528964454	1.9596247942859442	1.9894911449355692	1.4923198032500302
1.7449879460776376	1.4703110318312451	1.4941422516352738	1.1222321495249696
2.684970600362218	2.2621925289587566	2.2723181879350336	1.6865294728634808
2.2622837723072964	1.9064503174174074	1.914055830711136	1.4209761413816988
2.272593186477828	1.9148551795326556	1.922791833112157	1.4270022618737563
1.6876226916987205	1.4228252431804538	1.4277784197799868	1.0609144316619517
2.6533236307230434	2.2071883529303338	2.2242174099101133	1.615564514838877
2.2070773777131465	1.8368012153261752	1.8499992356804995	1.3443412938535557
2.2242958374551285	1.850592797989908	1.8641502201039861	1.354218953350162
1.6159511652020537	1.3457672174010513	1.3543484691066592	0.9842151444768675
2.7042882725025827	2.289966600465954	2.290354506126907	1.7272449088415422
2.2900327190869754	1.9394581774281947	1.940409887787533	1.4643801709040563
2.2903380807277345	1.9398338830614874	1.939635207119374	1.4631921466889002
1.7273848972415493	1.4635605649891155	1.4642639187585231	1.1059808958939863
2.7277286289151212	2.2995102514756174	2.2963220907973105	1.7098694178335485
2.299852990097333	1.939224166651276	1.93721344795496	1.4439525133034188
2.2965770622841917	1.9363485271514655	1.9337569021823733	1.4407826341386238
1.7114078027605057	1.444320310271565	1.4429045202663515	1.078063706612103
2.7026402205109012	2.2893014958847693	2.260439343719087	1.7357089880477845
2.2899260129501426	1.9384849161158293	1.9146797405416327	1.4685258487005683
2.260395873659544	1.9138182905492	1.8906122648713453	1.4505912715118772
1.7363477419830957	1.468635894048959	1.451250827068243	1.1111876463781427
2.713356868572484	2.2826473720663816	2.3023000913242915	1.69850536632761
2.282168753274433	1.920428810707037	1.9368155387371313	1.431399285979733
2.301850738480685	1.9368801601385146	1.9538080052760034	1.442142083050039
1.6965583027206537	1.4281412291143747	1.4393358377541539	1.0639612709029096
2.727198254849386	2.315586192493745	2.2917411819467337	1.6853800216589316
2.3155353871375994	1.9662121874808836	1.9463833297362811	1.4310842625906677
2.2919202315104243	1.946433173940087	1.9257089056398164	1.4160527826894225
1.6862357060145907	1.4327548981217184	1.4185631889277381	1.0434272710157593
2.7594167736067305	2.3521973157800695	2.341531595141714	1.7660735807861416
2.351626813610195	2.0046176869087478	1.9959992128524673	1.506015216553127
2.3417643863104973	1.9967676648067787	1.9869563686977854	1.4992832024834533
1.7666777695328257	1.5071164859226187	1.5001297535595122	1.1347418314242121
2.7878915424562503	2.36437415877595	2.3785767195403693	1.756258864778397
2.363583942816692	2.0046837780415867	2.017057416514507	1.4906938568925376
2.3783475461755685	2.017211630500078	2.0298458383402544	1.4997456425757942
1.755122557267666	1.48825169820189	1.5002540684004957	1.1119271320439792
2.7452953990466504	2.3330644035172896	2.334942703557329	1.751334876106147
2.3332329022738625	1.9829000841976907	1.9844411614663573	1.4880194889587994
2.334348352234288	1.9837552203063422	1.984979149142104	1.4888481260951387
1.7511751794130443	1.4889790549568556	1.4893711842573347	1.1176764392272498
2.7093799875173574	2.264678098775977	2.274262498847401	1.697613244744795
2.2647349110614026	1.8931022020643846	1.9016962309423224	1.420785617134392
2.2727517321414203	1.8982450434887639	1.907646471062617	1.4226401904105888
1.6946902256819152	1.4142282810928493	1.422901258475641	1.0607775307248295
2.693701339215307	2.2340957377223027	2.2752428099055484	1.6358096528991801
2.2339605677821024	1.852739992595566	1.8871443904008782	1.356723436592839
2.274231457861092	1.885813625752813	1.9208415676928159	1.3802994499750785
1.6342426568698833	1.3551979323007075	1.3799862780880991	0.990471850210524
2.7032913391591897	2.291088186934845	2.270784610548787	1.7003523325829455
2.2917267614214376	1.9427124745409776	1.9247098624327956	1.4398899114300832
2.27059278195452	1.923627497487863	1.9070182382933185	1.4269160162947252
1.7019435585066935	1.4432899182269738	1.429476321508847	1.0694403201032132
2.700880579868446	2.2926502276838874	2.2739140150096646	1.709850674901736
2.291979778089487	1.945721059582241	1.9289855821496749	1.450163826330493
2.273674617903838	1.9307048348492675	1.9152338898527008	1.441523453846365
1.708801897787027	1.4522671106136489	1.439071505272497	1.0849456510948239
2.6641117624748007	2.2296896639852903	2.2359574404100457	1.6257075342024594
2.229995892673132	1.8663493574729886	1.8723953838259153	1.3621814863313546
2.2356853134784958	1.8708246964267612	1.8769797171955747	1.364832637065933
1.6257737353897335	1.3602709757755511	1.3655940778846638	0.9937921362756325
2.6666643561336283	2.247283574588877	2.2299113078502977	1.670321452335757
2.247040208075854	1.8933850592321058	1.8792081174055468	1.4079330900170595
2.2305615107878096	1.8804662611610272	1.8656255821219625	1.3973903825635645
1.671058662742497	1.4084897743414049	1.3981913647852233	1.0468899293587046
2.7005109712158073	2.266418486883151	2.2745668567292086	1.6630345964244537
2.2673424634366337	1.9024583637790136	1.9109123661140046	1.3966625131670594
2.274415827832286	1.9095106039087113	1.9144762387151768	1.3993862346059087
1.6642784000263893	1.3972592475471464	1.4019961545963122	1.0247119626975767
2.724570760369921	2.3084683737722718	2.297561903887141	1.6821695609745706
2.3085767931787853	1.9560115262312923	1.9473699495405903	1.4259137521854452
2.2964305608914692	1.9455473074700727	1.9367953766294201	1.4183958428380572
1.6809646383039114	1.4234223255287441	1.4184780207493326	1.0380572997663233
2.736486606622306	2.3300065134032732	2.3338724370333526	1.7652347175457894
2.329945595814419	1.9841751601853392	1.9869813198288633	1.502954638980374
2.3344399230214425	1.9877774409960303	1.990833658657434	1.506050991739541
1.7660136466616645	1.5044955074415565	1.5056468782210637	1.1394052246080761
2.7356339213998204	2.30881813276118	2.3282762190332096	1.7497581251238394
2.3088198892786003	1.9478090852239511	1.9640688359976999	1.4753272780223678
2.328311503949257	1.9641685640071227	1.981744122499201	1.488137294977393
1.7500413002265092	1.475768706269876	1.488052986950141	1.1154496867217916
2.687465834472976	2.252950317152473	2.2469122273221385	1.6743791153403855
2.253280303727527	1.8890091421864	1.8836943517117566	1.4043058394590016
2.247410502853757	1.8837600215470365	1.878913489675816	1.4002189564040668
1.6749658132634568	1.403636637536905	1.4001147096670936	1.0444178088067975
2.7037099031578946	2.2905849570553296	2.2721726497069987	1.704809666389165
2.2907939763679868	1.9410701565206747	1.92546706212702	1.444864185201821
2.271900747297441	1.9252121400779132	1.9097018955173761	1.4329306615393833
1.705986063939518	1.4473989817469715	1.4346724071387182	1.0775802078274486
2.6831793158485904	2.2663724349099734	2.2828974207718944	1.734383224036181
2.2657967567151975	1.9136967161273122	1.9275591160623993	1.465442491953371
2.2827233931532516	1.9280434336746934	1.9418101377710757	1.4746866090609017
1.7332986617809876	1.4629296582473763	1.4737322089710945	1.1202782626541727
2.6819788731156327	2.26852984589252	2.2304583525281694	1.6991315704932104
2.269371185672331	1.9193529567643914	1.88768306621477	1.4380469730386152
2.230431668007545	1.8858972704954138	1.8545347933014475	1.412152114481979
1.6997341225458331	1.4367283650555718	1.4127672794476303	1.0757576126233988
2.71297040558766	2.3017050812420985	2.2993221716740693	1.7680903034554298
2.3014497136288514	1.9528915737185295	1.9503097409739298	1.5004889030878668
2.299105160034747	1.9502565227305124	1.9480870037009108	1.4981371329428228
1.7671883385482472	1.5001445238835363	1.4968769990897457	1.1533313807294
2.720006252686305	2.2901976611548664	2.308510593069799	1.7131874914102625
2.290689615454704	1.9286511820650378	1.9439499174584114	1.44200618855697
2.3085506841661574	1.943702658040909	1.9589617595838655	1.4542133163642286
1.7144304902653629	1.4442098693724625	1.4545106124642568	1.080537779743125
2.7392574977280355	2.3112035094987333	2.333139606073873	1.7478574137723089
2.311651131772289	1.9490195709051905	1.9687686777380218	1.473184589345952
2.3335648491978023	1.9686087554243077	1.9875862640579005	1.4885287062940165
1.7491258307444657	1.4748529240253638	1.4901829011292456	1.115453557918477
2.70180775231156	2.2768401606258046	2.279875765206705	1.69257479721744
2.2771149973849583	1.9199511954756037	1.9221535174253803	1.4285401665936543
2.2798272923521696	1.9211869378432305	1.923831065305983	1.4284843114295658
1.6931584107816935	1.4277252917261256	1.4292071936833526	1.063266104485993
2.6972406475711423	2.2709356843485886	2.228577198237597	1.6176194120986842
2.2701563964262803	1.911979786577416	1.8754283784160437	1.362082297194826
2.229351563989217	1.8781171163730663	1.842192954379281	1.3381799649753168
1.6180385041357892	1.3634726160588657	1.3378185418801651	0.9717442179370431
2.6886815153603827	2.2900588694721384	2.2684711509080815	1.7348636696539321
2.290547229453184	1.9507288871354413	1.931790849490186	1.4765296992815224
2.268796271435503	1.9320604807064765	1.9142522556207426	1.4640774862646087
1.7351250146192339	1.4769674001880304	1.4629034647193337	1.1178126666178916
2.685503694650958	2.2604938497652665	2.259403102376315	1.6661677419287813
2.259934837615656	1.9025504869192058	1.9010778889184587	1.4016610664330231
2.2601534760432016	1.9035375517225424	1.9015344387299649	1.4038063238338643
1.6666176444052023	1.404283113823423	1.402581040073681	1.0366605178073425
2.7242970201732795	2.3124894002033622	2.3153544654586122	1.750128966917688
2.313249378615233	1.963390908996158	1.9660495857979619	1.4855461789248317
2.3158338851398126	1.9659014304392501	1.9679858338535585	1.4871582501401583
1.7513092952030558	1.4863869714443412	1.4878821474060189	1.1229697037778166
2.6926345310255315	2.2459843350253754	2.255374888633264	1.6384941211468036
2.2462326753771102	1.8737245492472085	1.8817822590036315	1.3663067570460214
2.25507709996301	1.8808670984553508	1.8889846698873891	1.3712683961712686
1.6390806949857113	1.3676106153786571	1.373886659114124	0.9971025039862426
2.6579296293119508	2.2146997485164364	2.2070310575007883	1.5748959873245711
2.213821316236245	1.843640578273601	1.837839804162919	1.3106556328417451
2.2080378773711664	1.8401770382189468	1.8336292298821422	1.3095149795070153
1.5748959230593857	1.3114015588393524	1.307855823966032	0.9328524295025892
2.6576363728021324	2.223303737563144	2.253297599544087	1.681371168217548
2.2236302408106883	1.859497002553485	1.8848885869371508	1.4051180710153943
2.2527406064697915	1.8842024618241624	1.909717907150841	1.4247410781209704
1.6802451849324822	1.404920033800306	1.423474878647254	1.0600396158405323
2.69977411589306	2.275746950207978	2.267712409462796	1.6887817288904052
2.27618480434471	1.9175797911665444	1.911776837047461	1.4226168375279513
2.2672402464504686	1.9104727347701875	1.9047083679202526	1.4179379057549901
1.6883913396698975	1.42244550562517	1.4179719873555905	1.0556288988974927
2.681857373747493	2.224073159906721	2.235925862905932	1.5859834194726254
2.2247042677827067	1.8442901953963668	1.854522019862431	1.3140648566997726
2.2357552016251567	1.854074015492083	1.8641953288552966	1.3219946637983762
1.5854807720114457	1.3133037403263785	1.3214627082433055	0.9345708932646909
2.685177593285682	2.2549917841222005	2.253735463341022	1.6770509053511933
2.2549661155333083	1.8938626750736562	1.8927526451326875	1.4093735730071095
2.254260574787334	1.8936599368627889	1.8917367017582325	1.408016153404272
1.6775451135937889	1.4110247486880845	1.408139757420806	1.051805348837947
2.7189593802791165	2.2621320258458506	2.3235032060894714	1.7243059380379708
2.262413361419939	1.8817442570369172	1.9335626496270633	1.4336897906488424
2.3236393426818274	1.9334461472922297	1.986211360126976	1.4740767774199153
1.7246767503673401	1.4344216667907246	1.475326766809462	1.0943337505418793
2.7302296326610715	2.299224527267812	2.318984022234724	1.7145426527727425
2.2994336973813954	1.9359513392453067	1.953273265844475	1.4441152586314532
2.3182681048399476	1.951901915743565	1.9688568146448446	1.4556253489606383
1.7131447962854864	1.441788754797208	1.4546153552662482	1.0750626401071266
2.745925933866184	2.3146040302566946	2.3292196239137244	1.7224268444245474
2.314575018439322	1.9515210027080991	1.9641754688943376	1.4543760434343487
2.3290929844772195	1.9633007111516483	1.9749901410208583	1.4610484201022722
1.722205545117695	1.4523042748898316	1.461775768618456	1.0842521424786706
2.7645377179627366	2.3448447314541565	2.373784403457336	1.7692930853959492
2.344577414390839	1.9887593791555893	2.01388079837195	1.5007944142248295
2.37356003077193	2.01355176160368	2.038423516111966	1.519895516291444
1.7688330409061368	1.5004148894768026	1.5199387891342822	1.1320299835219034
2.7511937139647826	2.3352555892518816	2.332725728562306	1.7297600642318496
2.3353382994560263	1.982354935785472	1.9803130423405115	1.4691770943118652
2.3327279538691905	1.9804879584968091	1.9782341086707618	1.468213190041352
1.7299762987390854	1.4690645054063254	1.467146588318065	1.0898633473390669
2.7104941364075423	2.2991785933738296	2.2887949706660233	1.7144847532843857
2.2993076199462563	1.9507089052049131	1.9418911492742577	1.4550301047655712
2.2890107339477197	1.9418364616794228	1.9334013213369212	1.448675048559297
1.7152796523126668	1.455630539765714	1.449331727957406	1.086558309178432
2.7550189278420567	2.348336008718309	2.3416935307565407	1.7578541230713096
2.348821132465163	2.0013367295252076	1.9964492186465874	1.4977759382500906
2.3409790889955495	1.995390340686183	1.9899464086042038	1.4940284220052902
1.7571982773743093	1.4966304849562178	1.4935570260845636	1.1199853125951407
2.7379649441465204	2.3195057639919763	2.323965845919015	1.73065726796992
2.3201589834356695	1.9665250077028267	1.9696804059239443	1.4682827425857763
2.3232544989221426	1.9681218439561985	1.9717134980141662	1.4680718729820288
1.7302541772424753	1.4666119658300392	1.4687168871835736	1.0945776810635262
2.755703921557664	2.317893713006122	2.3339265630233985	1.712817513970439
2.3172974125870125	1.9489397494635818	1.962624757370861	1.4406180930655281
2.334258144480748	1.9633567556241263	1.9769685835109627	1.4507508808842295
1.7126134301493325	1.4400332987237814	1.450909332480558	1.0648237266066847
2.7301589299443925	2.316241719051514	2.309619020421229	1.744481959086631
2.316023978556865	1.9651195660656071	1.9590136141048937	1.480241277101585
2.309703804445702	1.9600606855790828	1.9541931859078074	1.4775752680373724
1.744060079563515	1.4800952486512682	1.4760070744148523	1.1167772297812129
2.7306044887072343	2.312886238078488	2.317913052941558	1.715992236663151
2.3119071551445174	1.9584295358436983	1.9619067349885997	1.4514051939636385
2.317942112595845	1.9628015244844377	1.9676541712734696	1.4564255762440954
1.7147026206886882	1.4523295671256278	1.455122368182834	1.07613332067657
2.6865772477397645	2.2568758412088816	2.2920552550154327	1.7225259826991417
2.256376483743049	1.8960768912254113	1.9248051663995012	1.447229286093253
2.292155949039722	1.924769098582278	1.955930994484855	1.4687761508888872
1.721928306575309	1.446131505011399	1.4686951824598715	1.1024135892535802
2.7182805218255974	2.2779150291320476	2.2931780258667693	1.7075556544248336
2.2780124460611124	1.9088255209746652	1.9216126127050153	1.4297577772324193
2.292965624448332	1.9217522663850175	1.9344062390357735	1.4410037143298642
1.7066297008106401	1.4280772989237296	1.4396352193018522	1.069311886098468
2.692234501501472	2.289632422374585	2.262062054466929	1.7034865295531967
2.2896869927867125	1.9476501468084757	1.924159859350629	1.4506889417534474
2.262067564654174	1.9235277927168335	1.9019723543946174	1.4313486070250978
1.7040792852029238	1.4490240421959986	1.4341515945506702	1.0803363967500916
2.685813024090957	2.266202375242304	2.2592115304010862	1.6759182201456737
2.2671542515159904	1.9130875057193582	1.9077755983823668	1.415576202827759
2.2593608348664507	1.9064386339140087	1.9006520481818436	1.410201082215786
1.677006405156052	1.4148044111981548	1.4118910511593983	1.0478290929756773
2.6726751368538477	2.2666588465648108	2.2231558834971223	1.65791253164552
2.2666342370752033	1.9217699049516461	1.8847461911077008	1.4043693289972916
2.2248354604559606	1.8872481968262322	1.8504462702233486	1.3791376004779516
1.66115156759675	1.4099595453753402	1.3816211097346114	1.0300679229805882
2.691172880614977	2.2495137501125715	2.257455096689687	1.6225245959773693
2.248933577783282	1.8803599933837842	1.8869431143522712	1.357027938512222
2.2576840218655168	1.8882142530447439	1.8944506618155597	1.363260943782597
1.6235555199952507	1.360017557324787	1.3642871959379217	0.9865385279882425
2.672092801949216	2.229539509226355	2.2522557451735357	1.6407074251988003
2.2291271086351956	1.8613258811059137	1.8793380468521528	1.370842469836588
2.2523074601472324	1.8800011816275426	1.898575233878795	1.3845457168873925
1.639796631633657	1.3702503201824996	1.3826867170715278	1.0102839154759655
2.6848266587749117	2.243671978248164	2.2522783844868237	1.6472188275781061
2.2450371340614974	1.875856741876371	1.8832883190825556	1.3764810698710335
2.251943148394012	1.8807257014426106	1.8895173564510193	1.3814390625387514
1.6492030595150229	1.3769256542465307	1.38356047119117	1.0112785301386618
2.6441200650088597	2.1901270667484702	2.2444339512128764	1.6073674771931543
2.190171128793996	1.8138550438698122	1.859846314343651	1.331128447871612
2.2441977179370984	1.8594772877495658	1.9049852839835957	1.3637701122245156
1.6078400271910815	1.3323622355101008	1.3650333460984816	0.975224672840208
2.6605268018245294	2.210613963228328	2.2381985061800482	1.6115611088771387
2.2104912287314047	1.8361297223219424	1.8596457327607185	1.3389351215320942
2.2380627216057065	1.8601758770892112	1.8828725061135847	1.3564579307723148
1.610611287561617	1.3378275043264038	1.3542497519159742	0.9755759483888835
2.710304156569778	2.2726037937232273	2.306499294269599	1.7136771356576155
2.2735667378246873	1.906212332569929	1.9348760002263437	1.4374556547925066
2.3064409505315795	1.9343152119895077	1.96232321995374	1.4580233380341412
1.715122445056691	1.4389377988570604	1.4586484848072205	1.0843822546291217
2.7143312649217073	2.2692856655891926	2.2707459386953475	1.6288049839733452
2.269545657010179	1.8971626370435553	1.8979894332033524	1.3610897515723106
2.270915371380249	1.8988293812561308	1.899877600425136	1.362878143253764
1.6291255031094185	1.3616449546908538	1.3617866412432367	0.9766934377360564
2.7128039675369604	2.295946463730695	2.293942299922372	1.7123440179260294
2.2962910044884035	1.9438182312608896	1.942056057610478	1.4501074387040422
2.2943509911462847	1.9419060004171431	1.93988417123209	1.4476109647749855
1.7131736489201062	1.4500107784343712	1.4481650018143084	1.0796219423121407
2.702237012087003	2.286162577234185	2.280468601238704	1.715748846306953
2.2861794387625154	1.933990566622709	1.9297724275333576	1.4524271836230322
2.280835262405924	1.930542215122835	1.9245386294389284	1.4483823436156966
1.715802094857156	1.4523477288652231	1.4480355449036437	1.090331821975333
2.723262792675141	2.326825303675012	2.3281057602137043	1.7983094677512357
2.3271008412342695	1.9880656877122747	1.9896467269978506	1.5365713304492263
2.327959250425878	1.989133554691729	1.989934824400679	1.5368402162728987
1.7993475791165066	1.5374004813409858	1.5383139110056039	1.1874268137272974
2.7363517280413707	2.311425274000277	2.3078745355265218	1.7189698973207408
2.3106506696308995	1.9520540595413447	1.9486666577837486	1.4514119267146903
2.3075867684187905	1.950119099261639	1.9465709832584241	1.4504659217865814
1.71868512605295	1.4536556534770142	1.450403390440654	1.0820534956066215
2.7343144761707108	2.327985069769307	2.326354697472904	1.7711172503582304
2.327754300502516	1.9819024695878413	1.9811191800970505	1.509013310175976
2.3261942377616247	1.9811411621951942	1.979617953503564	1.5084157201404438
1.7707818127326351	1.5088088783830835	1.508126169826701	1.1512465078821676
2.7541850592473973	2.351825993827425	2.3526163792132997	1.8109151851666425
2.35158941196045	2.0081335460935814	2.0087525289833636	1.5461358707918624
2.352376936367609	2.008369735706369	2.008824465247274	1.5455042175626967
1.81061828236892	1.545863902047561	1.5457108283562533	1.1887529000742016
2.7487712455772937	2.346134655047287	2.3233416666758555	1.803617137396236
2.346145394245931	2.0031844401298513	1.9824524750884587	1.5399087195919592
2.3234643477341286	1.9837554237326158	1.9630496892990978	1.524639622484931
1.8042625326575539	1.5431913614090875	1.5228857981619868	1.1851317123108107
2.773347357772769	2.3693407645163878	2.3574389645079084	1.757242960441728
2.369659953745295	2.0247597546714493	2.0144585351584414	1.5020634483643018
2.3571860460623935	2.013426017268108	2.003571334724544	1.493222682978266
1.7574728153024115	1.502176546002535	1.4927986229265937	1.1144673798709077
2.728519683817742	2.3160308304329646	2.2945081801472145	1.7268760432554215
2.3155329847624735	1.9645149770011374	1.9470590785309343	1.4645230658549833
2.2942092124833504	1.947588912905555	1.9295591536165044	1.452541070638194
1.7258786811087496	1.4639799729425305	1.4518002890053079	1.09179825653284
2.7051147641887567	2.289781046929313	2.3082662139355317	1.7496218203165965
2.2900621069960843	1.9382328989007103	1.9546197703091845	1.481722340377828
2.308579587762818	1.9542704818746228	1.9700833540811187	1.4937444107160553
1.7510958093833093	1.4817678873668978	1.4949012429275992	1.1333868283114183
2.7190045491875314	2.3144340316706997	2.3114989462740083	1.7572397385002374
2.3145516512877435	1.969557545099197	1.9678401379989852	1.4942601643711095
2.3115920098736216	1.9677460391549186	1.9654415883814895	1.4939635205676158
1.7571695570079051	1.4948748639368272	1.4936474047658148	1.1328550285040628
2.697444394060394	2.269168416244552	2.265046302219502	1.6687297389497948
2.268562660121041	1.9076388132148043	1.9041662174313512	1.4013512943377193
2.2647799269165434	1.9058102369464038	1.9021098330997361	1.4022040290116617
1.668295026595043	1.4037185037046453	1.4008600206086659	1.0322694072815528
2.6749745222972585	2.2006819307875127	2.2278474939504864	1.572164445985677
2.200725413222617	1.8121824391915275	1.8331261652260242	1.2953326887203682
2.227882720887344	1.8332208633121272	1.855166733410497	1.3089672341120655
1.5727444370407015	1.2958914308707776	1.3097088781195516	0.925856396799232
2.6761018803532455	2.263516110645272	2.208362242481639	1.6178261348652458
2.262912442688268	1.9132537915444237	1.8671345692254449	1.3663845707198592
2.2080593715414487	1.8682115273190407	1.8231247094238345	1.336303788014894
1.6168966702442635	1.3675449873000305	1.3344254411418657	0.9765947116523884
2.6851021421878123	2.252811630749209	2.2535857826369887	1.6573145519584955
2.253432337374575	1.8906423557807266	1.8913035064061015	1.391166627519391
2.254000231878471	1.890743538608282	1.8916718842176719	1.3907079691740112
1.6585311587627067	1.3917181760425066	1.3923914952971124	1.026255632835814
2.661733094048064	2.2139856191395992	2.261504876236702	1.7239060482151158
2.2155055915400803	1.8431648193916708	1.8820275245081124	1.433867653963329
2.262307577571283	1.882151199614123	1.9217615239956396	1.4646382198629146
1.7260720424019915	1.4374624520679324	1.4660783893853369	1.1168631929046748
2.683680675557935	2.2561106701602975	2.278464584198622	1.7268419206707686
2.256083513960674	1.8957640661342623	1.915590718670943	1.4505001443713441
2.277987738482648	1.9147451081316522	1.9341197326371802	1.4659166304309632
1.7267597242213515	1.4500683028472634	1.4662184044933297	1.1098764471760516
2.6663071089918655	2.2290569824555755	2.256647163254714	1.680670428281168
2.2286499250755356	1.8630629383853117	1.8851157247548125	1.4036358015591237
2.257262075288166	1.887153918967899	1.9105415630727551	1.423322077878466
1.6808418909979295	1.40493628651696	1.4213786871695635	1.0580559841001442
2.6910164232279334	2.2892609312201313	2.2577299334231324	1.7166185430129781
2.289401618466771	1.9480484466729677	1.9214415485792617	1.4618803649548886
2.257650080878202	1.9211041666146678	1.894827247370306	1.442067418581513
1.7160619598591664	1.4609222139374587	1.4406740181073878	1.0975215844891408
2.6860561126529894	2.269308754209424	2.243806802942045	1.676055263479509
2.26892152333518	1.9165831547060364	1.8947017308594718	1.4149116440220533
2.2436582651535386	1.8961917123492775	1.8742150031948872	1.4008710143166831
1.6753554842898797	1.416228870271886	1.3992610189828938	1.045956706839358
2.690673398602726	2.2785445506792654	2.2714719775090297	1.7215932961343707
2.2786482096922955	1.9287959965451227	1.9239628145409755	1.457312122337185
2.271805442550703	1.9236764115201328	1.9187409296683962	1.4538647172994494
1.7212334338098536	1.4567778441027386	1.4546728885134037	1.1013318902010358
2.71290991081293	2.303073570793536	2.2862443511718946	1.737536416575671
2.3024747310412823	1.9540877346708647	1.9402648544013676	1.475366114574701
2.2853485971743637	1.9395908541441795	1.9254607452825734	1.463607229734709
1.7367237156999937	1.4742810168491103	1.463982799947516	1.1141487171766569
2.7169587706861216	2.2913071703048584	2.3024739362811135	1.7393231785807874
2.292513078867771	1.9337329779063674	1.9434663019612897	1.4691713605520802
2.3019989516869055	1.9407019420948188	1.95025605973459	1.47283948772973
1.7389014599290533	1.466429791327483	1.4733593179401152	1.1142871305059365
2.6889073536463974	2.281747656088312	2.2715153810520934	1.7048174599908503
2.281268796168836	1.9357473743921005	1.9269913213512533	1.446989669167512
2.27129428390858	1.9281111017547603	1.9188350904520342	1.4404430361556415
1.7038987455641703	1.4455248078266765	1.4390790177583945	1.0795650251331081
2.69233512840638	2.2465020405206215	2.262677318625049	1.6592796652284634
2.2462969430939066	1.8740198901281573	1.8878788376981968	1.3850115644230365
2.261612567782944	1.8868556661458544	1.9004216109761642	1.3944293600000244
1.657223319175749	1.3826297602691024	1.3918206407894964	1.022556563632023
2.700064209664817	2.274056669507752	2.282699416893733	1.6971068399338227
2.274363557324477	1.9152270672172642	1.9229258494257142	1.4297829858499946
2.28363419226546	1.9232408254963715	1.9301962073571985	1.4348446229634562
1.6983680304756215	1.4298938321976644	1.4349636967744832	1.0670880082944747
2.683280287897149	2.2647757498385146	2.260716238130643	1.7123886019700765
2.2653821669615746	1.911000938946068	1.9086755739711183	1.4447668492293826
2.2604691165408415	1.9078073227606975	1.9041314792515394	1.4421908680228885
1.7128546798279272	1.4447139844418266	1.4428280551632457	1.0914435081179492
2.7316876170802957	2.310788300537321	2.3230067220959754	1.7019556123085187
2.3106113339969396	1.954309689665216	1.9643782393874651	1.4389852835687702
2.323600318224349	1.966169448789903	1.9766387687755709	1.4500359264779046
1.7020262281955156	1.4402576725488094	1.4471289403268184	1.0621374588382435
2.7342205362584617	2.2952024110345524	2.308499700251255	1.6483092658760239
2.2949410087136837	1.926084269989888	1.9385582794766547	1.383905273060724
2.308475785126165	1.9378462532372416	1.9496839690296868	1.3920189723759793
1.6480981118202915	1.382620493661906	1.393879913530527	0.9940690654107062
2.707550284513952	2.255264262819357	2.2713818964674495	1.660349642819307
2.254865778922048	1.8785896918701566	1.8916775815425197	1.383590902734393
2.2707668581321925	1.891576679945062	1.9052055769322171	1.3928835921236609
1.6595417703421165	1.3829491017351883	1.392613144384148	1.0200740961547248
2.6929170297863876	2.2448864537399786	2.2534492439124256	1.6588037232755262
2.2456208654901224	1.8713918661029751	1.880165391202232	1.3844530304001381
2.252519818042947	1.8771917023639741	1.88515654552665	1.3867910212875068
1.658540740010765	1.3803894498658256	1.3887461748792862	1.0210628014498209
2.707422323511969	2.2838179535999372	2.2867093906126796	1.7265098722349095
2.2843625524956734	1.9269660874237922	1.929617805145358	1.457068435513948
2.2863111604626716	1.9286741868691044	1.931305432703984	1.4584874721565857
1.7266894195836047	1.45853251338905	1.4602879970757157	1.1068282446431736
2.6887685919255695	2.294079477660285	2.2342160438704113	1.6910086281355678
2.294582834253388	1.9571996617415464	1.9062000365296026	1.4428878417583924
2.233752838940783	1.906186505903673	1.857011708992186	1.407432603962139
1.6908174662791389	1.443394845913468	1.4056370113322607	1.0669938537423975
2.6479474563836907	2.1805000565367076	2.227113160906348	1.599449076572432
2.1805937752564075	1.7955439157287294	1.834392572806384	1.3174564186903825
2.2274881317215867	1.8340132378627156	1.873203185135325	1.3447214853121643
1.599965788607247	1.3176853695897621	1.3455002975739176	0.966612044373508
2.681837852184772	2.2542275506428893	2.238812590649428	1.6533257210770322
2.254029874388896	1.8949619230522734	1.8817647166081617	1.3901299350893008
2.2388405515814536	1.8817435942279275	1.8690602443766313	1.3802400682342562
1.6525487572933903	1.3881837321437613	1.3794122154229607	1.0179521351965637
2.6904735161759645	2.240340360672802	2.2802787066902397	1.6717895701052132
2.240966665355684	1.8661779696260312	1.8993831346941146	1.392474745220526
2.2802792447984	1.89850270447386	1.9329821379115995	1.416754111845524
1.6731643916814318	1.3936028125369002	1.4190183188251397	1.0414116709482573
2.6512002759659237	2.193647290060271	2.227163454192229	1.5962617888897483
2.1938033852156673	1.815169917453403	1.8430353051568813	1.3205631732032825
2.226520229876418	1.8426007259315194	1.8692999806874078	1.3395839920694206
1.5956789274891718	1.3201872187281518	1.3392268809373782	0.9583760895271464
2.67507911959261	2.268173869521897	2.2530226740879056	1.6852300151053605
2.2683816802441368	1.9228042167218244	1.9108801800996542	1.428616481248949
2.2528031211053356	1.910968200648349	1.8965306979934893	1.4195618248030983
1.6847881385157313	1.4291204372800734	1.4188998636884425	1.061482466834318
2.7123323664122725	2.2717936001627326	2.2653778939015385	1.6570055958381307
2.272126831136009	1.9029043320972259	1.897858235086315	1.3882356461514682
2.265755065830023	1.8979350250851563	1.8929795067363449	1.3851802473330215
1.6577587918455852	1.3885067536535542	1.3856745661968664	1.0141702515678268
2.712332850192999	2.270547033023592	2.294413771328575	1.721102084881031
2.2705786915417736	1.9004327194709159	1.9216122027216287	1.4412762905354979
2.2942307524201233	1.92127730121888	1.9409742058075932	1.4562136880612495
1.7210490931895361	1.4415779604307506	1.4563675249244017	1.092043842778595
2.7198200008402638	2.3091670756503153	2.3055065738527722	1.7665574211620916
2.3090035544729233	1.9598485401168606	1.9571757088075998	1.4981295525993488
2.3050994990752813	1.9568544919178787	1.9535667835145236	1.496470086626701
1.7665966858049187	1.4989725714461024	1.497484872053331	1.1447823429099315
2.7462131630958537	2.344717212934607	2.3058840165309658	1.76058189044227
2.344893054934724	2.002090585559405	1.9692289509699388	1.5043501230563205
2.3061041271589366	1.9690281815964832	1.9360494029109843	1.4785196417184192
1.760649441356394	1.5035319348260197	1.4782234947124502	1.1295868442160277
2.7589917317569994	2.3669956749822085	2.337977279199189	1.7747095792020426
2.36694328753879	2.030701825318504	2.006092074657024	1.5230483919044637
2.337592692169509	2.004793631447692	1.9809589057951564	1.5037799174796573
1.7741137812098888	1.5204843627789435	1.503705288863588	1.141514994613153
2.7340103434585927	2.3222440891315514	2.319815070074083	1.7525724987109201
2.322444420586986	1.9731406224285148	1.9710462504723683	1.4900365905351223
2.3196322141712438	1.9700289283636023	1.968207106386923	1.4857911520007472
1.7531275105092625	1.490013086767404	1.4890364986108313	1.1266750383489672
2.7283295922696755	2.3067816319993306	2.301090705049228	1.6970752217664833
2.306574782362929	1.950286455006821	1.945049890483222	1.4342104291614886
2.3009560671276703	1.9454454894702975	1.9405709313152562	1.4310367383627902
1.69692687010516	1.4351719381329378	1.4307374679899982	1.054883991362143
2.7332404720167798	2.3272180892446253	2.2986642011056033	1.709026531165909
2.3270517180940242	1.9813596971859182	1.9568650395855673	1.454290604364348
2.298542412508376	1.9569881953362254	1.933404864963921	1.4383385915270035
1.708064516045263	1.4543406506188241	1.4370297179940337	1.0690799923495669
2.7156864300755736	2.2842732540875965	2.2942714974352207	1.6793123657332194
2.283679587751377	1.9215562313339973	1.929645453600059	1.4130441307514154
2.294663398622896	1.9302584457616367	1.938839391741716	1.4197787289967174
1.678971222246746	1.4124884395868185	1.4197018949881137	1.0391982209919983
2.719899583073431	2.266830842972922	2.2787960634912854	1.6217915324148782
2.266029656123775	1.8887546811355456	1.8981441482898316	1.3514339457389182
2.278605190382565	1.8991452677446208	1.9093347701806438	1.35918889430655
1.6208306274080222	1.3513523177323112	1.3585364036114311	0.9683871628827427
2.711978860992799	2.2632853627169847	2.2764973551837713	1.6518466420803855
2.263390761617673	1.888109968959066	1.8997580884827776	1.377157268521728
2.276028552807715	1.8985708503700802	1.911227211319008	1.385386548252234
1.650865652872966	1.374596611511885	1.385353215283445	1.0012698418505357
2.6551870070081143	2.220437882285356	2.2327934755218206	1.6248618459230963
2.220029624414079	1.8564191731121327	1.8665166366019055	1.3585453413178958
2.2326473168246213	1.8681422640373793	1.8774359896634474	1.3682746110877269
1.6242898615337082	1.359576656628504	1.3663100371516494	0.9984656242617852
2.6659678099680035	2.1723959640746817	2.2473590329322946	1.5770788273054361
2.172681747111262	1.7707546802750358	1.8314968641534086	1.2858330443958466
2.247592961657005	1.831712539077495	1.8940974430955049	1.3292526125350903
1.5773588753230972	1.2858532996479541	1.3275851156466747	0.9300510201000867
2.6683339351983526	2.260407299301738	2.2362156693044986	1.664569740326824
2.2597251835305685	1.9138674507235003	1.8934928453068984	1.409162528187597
2.236240412734246	1.894732102830852	1.8742559484494705	1.3967636246819086
1.6639881904918006	1.4093540655578225	1.3941728727713028	1.0392604139332626
2.7075141487061605	2.27426002000372	2.291456336459943	1.6880073019701998
2.274430267451047	1.9102917390961673	1.9246130163670578	1.4176232741060566
2.2919554648587206	1.9256771024962551	1.939556835975555	1.4295526648253434
1.68887585744927	1.4185255954692935	1.4287714138242056	1.0524948740145827
2.7108987033359786	2.274732520405927	2.292577069587907	1.727233755086166
2.2741858169068174	1.907839778474927	1.9229965933554496	1.4493078730950086
2.292508337866057	1.923968366060621	1.938062661809888	1.4596527421066507
1.7269752086410248	1.4492993915237313	1.4596995964077166	1.0998565851678872
2.733417825735946	2.321232760727923	2.309557004419652	1.7094255617744107
2.321583774671392	1.9714185764639616	1.9627258052349184	1.453106951931284
2.309153730314467	1.9608132799831919	1.9512554018694634	1.4446090674227456
1.709070255878484	1.451614109177135	1.445543171599854	1.0714204031379948
2.744929569665833	2.328376028330448	2.342198930183035	1.770680116777812
2.32833715885361	1.9751054752558008	1.9872202940753063	1.5010803109907582
2.3420777641401256	1.986301048761807	1.9986729472420048	1.510346282117564
1.7712405520733314	1.5031417622720908	1.5122331133589235	1.1409251588936276
2.735915358578099	2.3136641786004275	2.2950838289221793	1.7335615882262765
2.3137611465093997	1.9566135332455479	1.9404661328498534	1.4652699534117026
2.2948961829597576	1.941448963122655	1.9249612409284615	1.4546469532218602
1.732645674477645	1.4660149679732726	1.452100955818513	1.096645885385198
2.7112555297497707	2.286241512477956	2.2900315269298273	1.739146994236199
2.2865645696612096	1.927736326031045	1.9312660036550788	1.4674056460802778
2.2899589149722206	1.9303819912057294	1.9337065097565953	1.4679871765295431
1.7382636051463276	1.4648122097498002	1.466438608845528	1.112548419865729
2.740031978883431	2.3197815241726967	2.3250323790132796	1.740100224210699
2.320140775081398	1.9637548766171904	1.9688564541743119	1.4727286350856497
2.3244771045689583	1.9673066455820034	1.972276348555712	1.4752375605707675
1.7391517963508452	1.4711653702535863	1.4750967300939326	1.102454492841394
2.752911722592362	2.342760700525718	2.320911923797	1.7351755641647244
2.3432162207839853	1.9934860077428809	1.975361736682719	1.4763046036626175
2.321021589134419	1.9746982478497557	1.9567775897405006	1.4621749946936171
1.735696040998362	1.4759230664381022	1.4633451176876955	1.0926648526011273
2.7262827567534416	2.2959789577259198	2.3063019368038247	1.738909148591084
2.2963951173627866	1.933697502583194	1.9429870385844967	1.4658644382676973
2.306508359845784	1.9421515495736303	1.9509176132436294	1.4705832129692256
1.739922940226964	1.465215979651056	1.4722756070948233	1.111817455242133
2.7265094067536695	2.3159525264552587	2.3044377124032867	1.7213460503592561
2.3157675323468543	1.9671672559621107	1.9567996694197924	1.4609291470252626
2.3045950052540425	1.9582999764231843	1.948428667229822	1.4568396378504307
1.7211650076198712	1.4630381535102668	1.4546242834828067	1.0875082218585528
2.7572795919144863	2.327044286294418	2.348304125250687	1.7252112528198686
2.3270892437788144	1.9638442592170604	1.9826248411023562	1.4562124775872973
2.347945002450858	1.9808609134113044	1.9997217617219227	1.4697154227737135
1.7251988955098783	1.4549788544289157	1.4691514760426705	1.0787530320301768
2.675422618985784	2.229804830327751	2.1986468197349223	1.5589089379072523
2.2304414903597087	1.8590029250126676	1.8324504058567197	1.2992753316807804
2.199271693580934	1.8322905479930702	1.8064943960806275	1.2800057904717406
1.5600559233163012	1.299265087872512	1.2808483595281348	0.9070928311072377
2.6609128574949508	2.2251535298961205	2.2311058051285784	1.6430009724576262
2.225459840011652	1.8607831628051645	1.8654795082475129	1.3739395403441248
2.2314193667035416	1.8656550682106545	1.8701196864778995	1.3755337873646063
1.6439181698197312	1.374232276900445	1.3767448950369454	1.0125886322415933
2.6575970294727074	2.2316411339913738	2.1894534457435344	1.6368849675603878
2.2310641026562013	1.872957147651291	1.8371049520035327	1.3730792703383814
2.1904570783278112	1.839212961016867	1.8042226204617933	1.348479306878886
1.63726532108432	1.374612849959331	1.3477269556203206	1.0075604582308275
2.626509818397596	2.1807967527989107	2.164542321434413	1.5384957509057404
2.181990336968702	1.8117038642755512	1.7987053436042597	1.277048903135511
2.1643852459645254	1.796713137545978	1.7828176037348398	1.265711566484912
1.5390651445088193	1.2775652512335671	1.2677084754649808	0.8979686834561216
2.660426870921037	2.232660575968372	2.2166420905930235	1.6267795928686253
2.232630348623481	1.8740327199327158	1.861135396203471	1.367526825992664
2.2157912124714123	1.8594837724234043	1.846812141633273	1.356789983492993
1.6254790461622655	1.3653510758644887	1.357437765400921	1.0015886619010457
2.65736771494478	2.2384338248252837	2.221210204876101	1.6647365527753994
2.238354303244663	1.885490204796919	1.8717741035881759	1.4031006201965068
2.220679600651591	1.8706514651371504	1.8569179881583928	1.392095859771203
1.6632378000808943	1.4004314275941538	1.3912166014237135	1.0433966046212222
2.6853698989668078	2.2816886068352917	2.255941530266814	1.7082455289266083
2.28092534784624	1.9379230023687661	1.915774586871964	1.4505106413746667
2.255831321749611	1.9168991828523796	1.8961237689437196	1.4364660715493576
1.706520668339521	1.4498338971155198	1.433690627770271	1.0853082138552963
2.729424623962944	2.303572199575454	2.308380838514402	1.7338384163897331
2.3038640323266493	1.9452418306324777	1.9487537056778084	1.464272902134445
2.308144620368538	1.9478261026429984	1.9513501276765626	1.465592044274852
1.7340556934463303	1.4639427858196747	1.4665642557458034	1.1016237857401747
2.7300157066660553	2.314501091880173	2.301414221629063	1.7309971088789569
2.3150435926601505	1.9629427359575737	1.95214409252871	1.468273060160764
2.301650792889215	1.9513267155730134	1.9408717355599345	1.459439702466029
1.7313605383005373	1.4679596369843886	1.4601717118557411	1.0963006377892566
2.748853444763366	2.3270551413052876	2.342399356424838	1.7890979712804012
2.3267755172104505	1.9690212244806957	1.9829549753029558	1.5131904327178793
2.342163510137293	1.982801390573723	1.9960500226287046	1.524454888721581
1.7888132309738627	1.5140491311378872	1.5243379606715415	1.162683454904535
2.7397215397259242	2.3055481514942717	2.3396047505795425	1.794499687787613
2.305655892573444	1.9392605246644454	1.968728352103122	1.5091974866700681
2.339691453174548	1.968908596044048	1.9982524495178149	1.5329736792402342
1.794528751981092	1.5086853055717544	1.5329343233146309	1.1755763305459377
2.6899482742309093	2.257049107769135	2.2232518690170378	1.6211554311962555
2.2565210749710345	1.8933235185540924	1.8638605208324164	1.3594116076963665
2.223880704252119	1.8660140498010918	1.837400912713511	1.3402482654589862
1.6207945732240556	1.360497414420812	1.337808125481896	0.9769700417966201
2.667460103985546	2.258953253863997	2.20473601491045	1.6389097346326167
2.258977310514949	1.9129960739941687	1.8674453522461605	1.3891896031759117
2.205163617689197	1.8681913084491295	1.8226838405154442	1.3558604143986457
1.6394111246123382	1.3886019342152662	1.355462745903009	1.0082466822307088
2.646449143013617	2.2210855173614825	2.230906065076979	1.6594222404265164
2.221370084127809	1.8647062008592499	1.872762524264964	1.3938678947604826
2.230699723439126	1.8719864787588039	1.880077992673727	1.398317258028527
1.6591999171538003	1.392687880305423	1.3974066891295613	1.0399206235761103
2.664242913393767	2.253271021500517	2.227875788768469	1.6233111935259024
2.2524121199138665	1.9045886335844824	1.8833493952231943	1.371619151615392
2.2275399650797865	1.884062214327366	1.862870741560604	1.3581001583961416
1.621886458457092	1.3716640746580893	1.356372954238786	0.9885076069352564
2.687394192334987	2.240974125728784	2.2574417073315227	1.6522965035504462
2.241005314448806	1.867923736811857	1.8818746257770027	1.3763543561528804
2.2582145481725076	1.8836806884448378	1.8972745293960622	1.3890311739167263
1.653146796712435	1.377684616182189	1.3893007630891725	1.0158261017748635
2.6968726785184045	2.274949061503024	2.2712464303344935	1.6580065442657783
2.2762724044286307	1.920022065669512	1.9171262918372622	1.3994735557447113
2.270801883193338	1.9153860835378245	1.9125906523353287	1.3961163405832824
1.658813246664213	1.3985299367871182	1.3973218669230374	1.0193420615026714
2.712216788611735	2.2661558397398784	2.2533655715894754	1.6006683468310843
2.265978138161716	1.893423981639767	1.8827299071454267	1.3374543329708597
2.2529109155244273	1.8824057362361888	1.8715249144252641	1.330049731249106
1.5997944899805436	1.3373838152704616	1.3290773828096698	0.9451409475746703
2.72648980307533	2.317292813098092	2.315495490943037	1.7319430903617032
2.3172763203350972	1.9695458282157137	1.967694986345359	1.4719104189316379
2.3158867340584286	1.9683349416699378	1.966978289576933	1.4715578988208675
1.73202816327894	1.472499179637938	1.4702158239445176	1.0998371622146779
2.7159761688737922	2.314320807146196	2.3003430577118316	1.7281177999664088
2.314054997276782	1.9721187146577186	1.9600602096003454	1.473150992263333
2.3006831855281686	1.9606414938252719	1.9492758145760523	1.4642213530524921
1.727955799120382	1.4724624202007994	1.4645822986212416	1.1012658831512525
2.7335259221263843	2.309582975383339	2.290170398754905	1.714045266095835
2.3096632757361215	1.9509827451281476	1.9342948307400254	1.4468830897415674
2.29054573033288	1.935961746844935	1.918718492313604	1.4371408571481303
1.714463028173399	1.4489438123846974	1.4358007532447432	1.0761751132875141
2.735237803364724	2.3232426194729925	2.3195721193132504	1.7391414330326818
2.323178241810108	1.9730916493311164	1.9710242184311417	1.4780813494977372
2.3197372825882128	1.9708839943750476	1.9680805448095573	1.4767055748248727
1.7390722277518105	1.4772320012530262	1.476262682407053	1.107993616159952
2.7374515913637523	2.31258289644401	2.3268018052660526	1.7383802572409446
2.3117869182508106	1.9532344478217107	1.9642295016521165	1.4669158719243869
2.3269989802843773	1.9657722317079072	1.9776167608344393	1.4770999773448779
1.7385388913209916	1.4684763720911673	1.4769834834465303	1.102735670335805
2.726805466534024	2.3110097460521004	2.296673219806443	1.746827941126715
2.310916056449753	1.9584608863262958	1.9469417762493235	1.4803899782036105
2.296870967448673	1.9468576679799192	1.935091179514999	1.4720817283795604
1.7471536112873516	1.4803236053125755	1.4729672194689314	1.118000383504361
2.6883708009069824	2.2503440976277767	2.253265980294552	1.6414664624164914
2.2507073629564656	1.8836621283635395	1.8863673635448126	1.3738934762589086
2.253171321509716	1.8867567086832449	1.8884282337141334	1.3761260187001223
1.6424790619901655	1.3765559613273706	1.377179850484325	1.0059062825914422
2.6592341085043483	2.2265475227042253	2.217614401850098	1.6477745990311565
2.226177622459175	1.8640442156162325	1.8563263138979806	1.3790188714612868
2.2179581241622124	1.857953708612613	1.8493886409846425	1.3764184958307413
1.648145814572649	1.3813972130977026	1.3739686603200447	1.0227671168785182
2.6419402033242196	2.219589512756274	2.219984561406575	1.654658285659236
2.219316916833177	1.8641788453151242	1.8646700015812678	1.3896516628329991
2.219491144075891	1.8641954329523365	1.8649449008574492	1.3889673756422287
1.6550236170798571	1.3894865714255793	1.391648678432964	1.035451029878261
2.6619984094876554	2.2279218434856474	2.24907776373155	1.6463113662450937
2.227799532381354	1.8640494103962995	1.8820282292479662	1.377557395801621
2.249840253318316	1.8830464751084224	1.9011135709899334	1.3922622515437018
1.6461586060524143	1.377126054631665	1.3903099868920472	1.0175997556411878
2.6839301317570943	2.253786521566298	2.2613324452541224	1.6650932265737601
2.2528079800000325	1.891550592385891	1.8983893376495995	1.3981731095526173
2.260759536531533	1.898310217434643	1.9049970238055092	1.4028090158945112
1.6632433029678417	1.395969254831236	1.4020807238339847	1.0325730285740442
2.6886793406079508	2.23688524837263	2.2495901249742816	1.6295962218783389
2.2371424391039842	1.861436434357852	1.8724734389830122	1.3553414179386012
2.248668747517733	1.870155512096277	1.8812381872860875	1.36194716110434
1.630352102000713	1.356693110079906	1.3645267914382113	0.9866432976718217
2.717379222258955	2.285299986353374	2.3070192451714355	1.7039051788568438
2.28568207930415	1.9217692595801605	1.9403066984258643	1.4329699622238745
2.3066875176889003	1.9396396151899136	1.9581012090010546	1.4465656953854034
1.7035190771531405	1.432259392765336	1.4458034054572346	1.0677019080171009
2.7465095003025866	2.3188200392426377	2.3627056677271665	1.7545622713766953
2.319447480374959	1.9579467720516732	1.9950185140444023	1.4816241615462376
2.3632754961111946	1.9950633574757912	2.03296911345636	1.5097984558087214
1.7553965982809363	1.4817107027683025	1.5095963841121545	1.120919035737843
2.7468635095428766	2.3465857692092142	2.357972726691339	1.7934240911672161
2.3460176333716305	2.003822838145092	2.014146166431128	1.5320219434299343
2.357825680267762	2.0142275693783493	2.0233695303554247	1.5395844601233069
1.792664356717384	1.5309356830770746	1.5387899870315247	1.1712415727805654
2.7479484714423514	2.3178776644742007	2.328997039627598	1.7466242520308721
2.318041909438563	1.9551413493649659	1.964509953627682	1.4733027264566223
2.3289571536832336	1.9644148838934516	1.9742128641493073	1.4808375837076984
1.7464215424398066	1.4733260492932068	1.4803018502253502	1.1107527683915723
2.7278562340366945	2.3122978116504185	2.3103722719459308	1.7190521479154068
2.3121057245737267	1.9595357862780756	1.9577217896538108	1.4560181859335206
2.3100678732572235	1.9579077400164844	1.9561312334208896	1.4551796802038293
1.7192265592090668	1.4571376362085247	1.4551107573027346	1.082370726075184
2.7489878256755116	2.360621524276944	2.3301889657616788	1.8075748847685869
2.3604192397375137	2.027285412049371	2.001101689971772	1.552611879630911
2.330493944077798	2.0013869411789407	1.9749690702188551	1.531580062759242
1.8076143635903277	1.5527354364400268	1.5317448526036532	1.1883957928150737
