1470948
1500309
1529737
1559135
1588578
1618037
1647476
1676871
1706227
1735622
1764963
1794369
1823756
1853119
1882629
1912075
1941477
1970890
2000289
2029699
2059157
2088502
2117947
2147290
2176693
2206114
2235591
2264996
2294339
2323662
2353081
2382455
2411888
2441261
2470633
2500057
2529451
2558924
2588225
2617653
2647096
2676478
2705865
2735282
2764678
2793974
2823317
2852686
2882158
2911526
2940892
2970286
2999871
3029382
3058723
3088101
3117449
3146839
3176219
3205649
3235102
3264478
3293834
3323281
3352602
3381975
3411432
3440781
3470172
3499607
3529033
3558427
3587848
3617154
3646504
3675857
3705246
3734598
3763967
3793317
3822722
3852178
3881602
3911008
3940427
3969824
3999136
4028531
4057856
4087325
4116796
4146162
4175528
4204987
4234435
4263880
4293344
4322784
4352251
4381754
4411252
4440587
4469994
4499393
4528773
4558191
4587527
4616861
4646233
4675594
4705024
4734459
4763860
4793234
4822610
4852039
4881443
4910862
4940270
4969620
4999060
5028437
5057870
5087292
5116755
5146075
5175392
5204742
5234181
5263548
5292979
5322282
5351590
5380983
5410327
5439807
5469161
5498619
5528085
5557407
5586777
5616141
5645534
5674878
5704302
5733763
5763208
5792625
5822085
5851372
5880766
5910160
5939583
5969022
5998421
6027861
6057249
6086598
6116024
6145384
6174727
6204085
6233465
6262833
6292257
6321634
6350904
6380292
6409661
6439071
6468543
6497931
6527407
6556852
6586250
6615756
6645092
6674534
6703931
6733352
6762769
6792240
6821636
6851037
6880409
6909791
6939139
6968562
6997927
7027326
7056816
7086162
7115526
7144997
7174423
7203797
7233154
7262536
7291888
7321239
7350640
7380035
7409460
7438935
7468321
7497782
7527118
7556611
7585998
7615377
7644786
7674175
7703628
7733094
7762476
7791819
7821183
7850583
7879847
7909320
7938806
7968212
7997569
8026989
8056308
8085662
8114996
8144411
8173874
8203272
8232708
8262213
8291679
8321171
8350622
8380045
8409445
8438823
8468234
8497619
8527005
8556316
8585618
8615057
8644458
8673826
8703213
8732626
8762073
8791474
8820916
8850275
8879636
8909057
8938410
8967740
8997062
9026495
9055851
9085303
9114674
9144138
9173570
9203033
9232394
9261876
9291318
9320763
9350178
9379525
9408883
9438236
9467649
9497065
9526493
9555802
9585215
9614602
9644100
9673493
9702996
9732462
9761762
9791122
9820530
9849872
9879361
9908754
9938271
9967678
9997073
10026354
10055720
10085189
10114539
10143915
10173272
10202766
10232205
10261629
10291050
10320384
10349835
10379235
10408611
10438071
10467559
10496919
10526323
10555786
10585196
10614646
10643979
10673377
10702750
10732251
10761721
10791185
10820630
10849982
10879391
10908894
10938252
10967738
10997165
11026540
11055960
11085397
11114755
11144224
11173699
11203051
11232324
11261706
11291075
11320493
11349839
11379294
11408588
11437954
11467302
11496755
11526031
11555438
11584920
11614260
11643544
11672973
11702358
11731768
11761214
11790582
11819962
11849351
11878616
11908161
11937513
11966810
11996134
12025478
12054849
12084235
12113627
12142934
12172365
12201745
12231094
12260442
12289794
12319165
12348612
12378057
12407470
12436838
12466252
12495715
12525001
12554380
12583804
12613222
12642633
12672011
12701456
12730837
12760259
12789726
12819195
12848590
12878012
12907376
12936772
12966120
12995453
13024885
13054288
13083770
13113116
13142443
13171882
13201337
13230800
13260241
13289541
13318870
13348305
13377703
13407006
13436333
13465732
13495079
13524483
13553938
13583365
13612731
13642073
13671448
13700824
13730178
13759600
13788978
13818362
13847679
13877009
13906367
13935821
13965224
13994662
14024050
14053431
14082853
14112287
14141739
14171078
14200475
14229857
14259271
14288718
14318094
14347478
14376881
14406287
14435722
14465200
14494611
14524066
14553491
14582873
14612372
14641852
14671325
14700734
14729994
14759420
14788822
14818189
14847588
14877076
14906532
14935977
14965362
14994799
15024152
15053561
15082902
15112263
15141683
15171129
15200553
15230023
15259486
15288841
15318248
15347659
15376963
15406458
15435858
15465292
15494722
15524136
15553567
15582853
15612259
15641689
15671185
15700531
15729988
15759335
15788722
15818242
15847620
15877056
15906430
15935931
15965404
15994807
16024103
16053438
16082855
16112302
16141690
16171075
16200501
16229804
16259149
16288549
16317956
16347385
16376742
16406243
16435681
16465094
16494511
16523975
16553408
16582829
16612250
16641677
16671099
16700590
16730114
16759583
16788976
16818265
16847718
16877125
16906475
16935811
16965217
16994657
17024086
17053471
17082829
17112216
17141596
17171022
17200435
17229844
17259223
17288568
17317945
17347493
17376902
17406166
17435558
17464869
17494279
17523693
17553099
17582545
17611868
17641328
17670708
17700144
17729579
17759111
17788552
17817954
17847424
17876771
17906195
17935546
17964928
17994328
18023751
18053126
18082483
18111863
18141335
18170779
18200128
18229482
18258922
18288314
18317723
18347089
18376441
18405920
18435279
18464643
18494092
18523562
18553003
18582436
18611874
18641254
18670703
18700099
18729524
18758991
18788413
18817748
18847141
18876559
18906039
18935492
18964824
18994304
19023606
19053003
19082375
19111846
19141326
19170687
19200020
19229519
19258959
19288368
19317739
19347110
19376487
19405889
19435309
19464714
19494156
19523548
19552936
19582384
19611775
19641090
19670425
19699797
19729322
19758675
19788085
19817466
19846894
19876301
19905654
19935047
19964422
19993884
20023332
20052755
20082101
20111510
20140913
20170309
20199744
20229145
20258535
20287879
20317335
20346683
20376156
20405440
20434835
20464180
20493563
20522914
20552203
20581647
20611005
20640360
20669757
20699276
20728712
20758161
20787462
20816951
20846374
20875750
20905281
20934719
20964075
20993411
21022872
21052306
21081719
21111225
21140553
21169907
21199346
21228663
21258080
21287498
21316862
21346261
21375634
21405023
21434373
21463826
21493185
21522584
21552020
21581475
21610858
21640201
21669636
21698871
21728238
21757662
21787074
21816523
21845957
21875451
21904820
21934160
21963603
21993026
22022456
22051829
22081245
22110709
22140132
22169610
22199046
22228479
22257783
22287235
22316700
22346052
22375425
22404774
22434163
22463649
22493059
22522472
22551937
22581251
22610619
22640041
22669419
22698814
22728170
22757572
22786905
22816271
22845541
22874841
22904243
22933608
22963135
22992474
23021898
23051395
23080785
23110187
23139595
23168959
23198303
23227737
23257076
23286375
23315879
23345273
23374653
23404092
23433566
23462893
23492253
23521703
23551044
23580448
23609920
23639255
23668674
23698081
23727379
23756758
23786163
23815566
23844980
23874357
23903722
23933091
23962469
23991762
24021087
24050537
24079953
24109437
24138709
24168084
24197492
24226916
24256351
24285739
24315049
24344330
24373755
24403278
24432694
24462145
24491539
24520963
24550410
24579757
24609200
24638495
24667967
24697216
24726624
24756005
24785352
24814759
24844177
24873523
24902876
24932247
24961650
24991064
25020427
25049869
25079307
25108739
25138101
25167514
25196895
25226298
25255718
25285078
25314639
25343958
25373391
25402834
25432364
25461765
25491170
25520601
25550072
25579456
25608935
25638372
25667759
25697124
25726618
25755986
25785442
25814882
25844283
25873608
25903008
25932403
25961807
25991262
26020759
26050090
26079560
26108878
26138242
26167582
26197019
26226406
26255833
26285238
26314662
26344122
26373490
26402844
26432281
26461750
26491118
26520549
26550017
26579372
26608856
26638326
26667715
26697002
26726377
26755719
26785179
26814570
26843937
26873333
26902798
26932180
26961648
26990997
27020364
27049699
27079151
27108619
27137965
27167339
27196667
27226070
27255444
27284783
27314174
27343465
27372765
27402192
27431559
27460977
27490372
27519896
27549308
27578754
27608152
27637610
27667006
27696429
27725857
27755133
27784587
27814011
27843314
27872802
27902173
27931584
27961015
27990429
28019752
28049262
28078680
28108022
28137430
28166758
28196153
28225604
28255008
28284415
28313955
28343306
28372637
28402041
28431424
28460854
28490261
28519638
28548978
28578391
28607731
28637065
28666432
28695772
28725152
28754553
28783983
28813394
28842799
28872223
28901662
28931138
28960584
28990014
29019461
29048943
29078343
29107761
29137273
29166608
29195985
29225365
29254785
29284198
29313674
29343035
29372450
29401845
29431187
29460587
29489989
29519399
29548826
29578206
29607551
29636981
29666396
29695837
29725254
29754567
29784073
29813546
29842934
29872316
29901684
29931104
29960527
29989915
30019186
30048617
30078130
30107502
30136850
30166206
30195587
30225030
30254441
30283820
30313222
30342600
30372009
30401457
30430943
30460240
30489647
30518991
30548311
30577654
30607000
30636413
30665817
30695188
30724610
30753912
30783238
30812686
30842156
30871488
30900769
30930207
30959549
30989057
31018536
31047937
31077374
31106684
31135968
31165317
31194713
31224083
31253517
31282886
31312318
31341754
31371257
31400675
31430088
31459523
31488884
31518261
31547698
31577081
31606412
31635864
31665295
31694647
31724097
31753497
31782864
31812371
31841846
31871309
31900610
31930047
31959504
31988933
32018361
32047818
32077283
32106652
32136040
32165460
32194856
32224226
32253611
32282961
32312423
32341926
32371357
32400665
32430069
32459468
32488834
32518224
32547589
32577015
32606382
32635742
32665159
32694565
32724094
32753513
32782953
32812438
32841925
32871298
32900733
32930104
32959644
32989082
33018484
33047889
33077207
33106557
33136006
33165413
33194842
33224248
33253681
33283132
33312532
33341888
33371266
33400757
33430184
33459501
33489002
33518355
33547788
33577138
33606472
33635892
33665328
33694654
33724014
33753417
33782827
33812150
33841593
33871041
33900418
33929890
33959261
33988558
34017944
34047351
34076693
34106117
34135489
34164891
34194373
34223782
34253127
34282516
34311952
34341378
34370665
34400010
34429401
34458746
34488161
34517508
34546869
34576175
34605553
34634986
34664445
34693841
34723282
34752658
34782114
34811515
34840876
34870335
34899762
34929261
34958742
34988156
35017545
35046878
35076277
35105763
35135095
35164513
35193909
35223203
35252598
35282048
35311463
35340808
35370176
35399618
35428996
35458362
35487718
35517066
35546489
35575866
35605230
35634553
35663889
35693335
35722665
35752105
35781408
35810716
35840137
35869511
35898944
35928297
35957651
35987080
36016489
36045938
36075314
36104710
36134200
36163577
36193041
36222464
36251816
36281343
36310795
36340310
36369663
36399067
36428557
36457968
36487171
36516548
36545926
36575304
36604791
36634255
36663590
36692955
36722333
36751816
36781215
36810553
36839919
36869324
36898669
36928132
36957528
36986985
37016373
37045805
37075146
37104476
37133855
37163277
37192608
37221950
37251302
37280744
37310170
37339590
37368982
37398368
37427737
37457166
37486625
37516020
37545389
37574779
37604129
37633569
37662876
37692237
37721552
37750842
37780211
37809671
37839111
37868494
37897835
37927177
37956610
37986014
38015474
38044992
38074281
38103675
38133087
38162421
38191837
38221324
38250687
38280041
38309375
38338858
38368281
38397652
38427008
38456373
38485684
38515145
38544558
38574055
38603411
38632800
38662210
38691567
38720988
38750357
38779834
38809201
38838525
38867995
38897339
38926661
38956049
38985415
39014861
39044217
39073600
39102931
39132322
39161715
39191192
39220647
39250031
39279453
39308826
39338138
39367562
39396878
39426230
39455621
39485105
39514418
39543827
39573254
39602701
39632084
39661473
39690876
39720308
39749649
39779047
39808414
39837736
39867067
39896431
39925873
39955234
39984708
40014131
40043474
40072823
40102236
40131573
40160884
40190255
40219561
40248932
40278361
40307701
40337016
40366435
40395792
40425142
40454528
40483930
40513306
40542738
40572162
40601599
40631078
40660373
40689764
40719229
40748644
40778026
40807457
40836835
40866117
40895546
40924838
40954279
40983663
41013024
41042375
41071765
41101238
41130727
41160108
41189433
41218887
41248242
41277640
41307086
41336532
41365940
41395256
41424681
41454167
41483529
41512990
41542356
41571847
41601317
41630758
41660144
41689520
41718910
41748314
41777672
41807143
41836511
41865917
41895390
41924746
41954091
41983439
42012892
42042237
42071621
42101005
42130360
42159642
42189065
42218378
42247857
42277151
42306562
42335968
42365461
42394896
42424390
42453787
42483207
42512601
42542003
42571337
42600703
42630135
42659526
42688981
42718320
42747773
42777149
42806645
42835988
42865359
42894755
42924151
42953528
42983023
43012336
43041715
43071116
43100502
43129905
43159268
43188614
43218040
43247405
43276746
43306116
43335517
43364895
43394274
43423784
43453168
43482594
43512024
43541423
43570819
43600200
43629546
43659068
43688466
43717843
43747232
43776702
43806148
43835552
43864984
43894324
43923748
43953125
43982522
44011861
44041275
44070795
44100248
44129657
44159072
44188429
44217820
44247208
44276581
44306107
44335520
44364924
44394332
44423820
44453320
44482721
44512089
44541482
44570811
44600275
44629700
44659174
44688573
44717954
44747355
44776776
44806073
44835492
44864894
44894319
44923664
44953095
44982478
45011912
45041332
45070697
45100096
45129406
45158860
45188277
45217635
45247035
45276469
45305894
45335329
45364801
45394208
45423579
45452971
45482361
45511896
45541284
45570733
45600166
45629637
45658966
45688348
45717819
45747251
45776608
45806067
45835359
45864707
45894106
45923436
45952875
45982287
46011645
46041069
46070522
46099941
46129293
46158691
46188115
46217566
46247029
46276418
46305725
46335139
46364572
46393955
46423317
46452636
46482067
46511526
46540816
46570141
46599524
46628965
46658312
46687663
46717043
46746324
46775671
46804933
46834250
46863647
46893093
46922450
46951854
46981173
47010468
47039897
47069345
47098679
47128089
47157516
47186785
47216214
47245556
47274967
47304468
47333852
47363303
47392686
47422084
47451501
47480923
47510296
47539687
47569067
47598453
47627905
47657309
47686616
47716009
47745382
47774847
47804086
47833510
47862911
47892170
47921596
47951035
47980462
48009808
48039141
48068481
48097976
48127370
48156763
48186228
48215651
48245049
48274480
48303927
48333368
48362774
48392153
48421540
48450925
48480354
48509793
48539111
48568495
48597914
48627419
48656856
48686210
48715624
48744974
48774347
48803824
48833303
48862706
48892076
48921469
48950927
48980267
49009799
49039204
49068628
49098012
49127428
49156838
49186244
49215630
49244985
49274341
49303819
49333177
49362567
49391974
49421440
49450821
49480308
49509826
49539229
49568604
49598033
49627431
49656843
49686229
49715681
49745047
49774443
49803894
49833274
49862732
49892226
49921623
49951041
49980458
50009787
50039248
50068648
50098045
50127377
50156794
50186135
50215597
50245057
50274366
50303613
50332962
50362499
50391917
50421319
50450614
50480055
50509389
50538820
50568242
50597595
50626977
50656436
50685810
50715160
50744515
50773964
50803360
50832769
50862199
50891553
50920858
50950134
50979616
51009156
51038601
51067984
51097300
51126740
51156112
51185543
51214904
51244391
51273749
51303150
51332545
51362004
51391384
51420803
51450234
51479722
51509146
51538587
51567932
51597405
51626862
51656233
51685680
51715097
51744471
51773844
51803276
51832642
51862049
51891515
51920873
51950255
51979754
52009136
52038559
52067960
52097333
52126686
52156056
52185410
52214881
52244275
52273639
52303103
52332462
52361862
52391252
52420560
52449897
52479295
52508599
52538034
52567425
52596653
52626031
52655492
52684864
52714179
52743496
52772936
52802314
52831663
52861110
52890523
52919838
52949232
52978562
53007975
53037259
53066655
53096093
53125408
53154811
53184211
53213581
53242983
53272276
53301674
53330996
53360392
53389703
53419127
53448477
53477895
53507242
53536707
53566019
53595458
53624892
53654378
53683764
53713234
53742615
53772037
53801453
53830916
53860449
53889732
53919098
53948467
53978004
54007311
54036731
54066045
54095441
54124794
54154241
54183607
54213036
54242449
54271838
54301260
54330555
54359912
54389188
54418615
54448046
54477446
54506808
54536224
54565658
54595054
54624416
54653825
54683224
54712699
54742027
54771440
54800841
54830204
54859454
54888811
54918210
54947550
54976999
55006337
55035676
55065164
55094622
55124012
55153430
55182877
55212252
55241678
55271146
55300609
55329993
55359456
55388844
55418190
55447617
55477113
55506534
55535976
55565362
55594675
55624026
55653455
55682846
55712169
55741570
55770987
55800474
55829950
55859406
55888708
55918142
55947593
55976951
56006328
56035792
56065303
56094693
56124018
56153296
56182641
56211964
56241351
56270722
56300160
56329656
56359071
56388463
56417858
56447325
56476630
56506014
56535382
56564834
56594306
56623785
56653222
56682512
56711894
56741283
56770614
56799991
56829391
56858821
56888254
56917711
56947058
56976631
57006086
57035470
57064796
57094200
57123604
57153084
57182497
57211877
57241195
57270535
57299859
57329227
57358695
57388044
57417420
57446946
57476236
57505591
57534937
57564308
57593657
57623026
57652366
57681669
57710907
57740228
57769669
57799095
57828507
57857995
57887408
57916878
57946273
57975743
58005135
58034515
58063895
58093321
58122673
58152114
58181482
58210963
58240334
58269727
58299041
58328398
58357807
58387086
58416458
58445873
58475260
58504622
58533984
58563339
58592731
58622170
58651699
58681089
58710520
58739868
58769257
58798604
58827958
58857388
58886674
58916062
58945423
58974818
59004202
59033656
59063027
59092407
59121776
59151265
59180665
59210132
59239463
59268830
59298137
59327595
59356974
59386451
59415884
59445460
59474963
59504419
59533768
59563289
59592673
59622072
59651492
59680900
59710376
59739742
59769169
59798600
59827979
59857362
59886719
59915958
59945269
59974711
60004207
60033630
60062998
60092363
60121673
60151089
60180425
60209857
60239342
60268696
60298154
60327491
60356921
60386262
60415642
60445102
60474479
60503888
60533256
60562642
60592021
60621298
60650651
60680027
60709458
60738876
60768249
60797611
60826909
60856306
60885676
60915076
60944529
60973832
61003147
61032529
61061889
61091294
61120663
61150101
61179465
61208850
61238200
61267553
61296938
61326437
61355820
61385118
61414535
61443866
61473240
61502654
61532020
61561404
61590763
61620179
61649557
61678959
61708487
61737829
61767296
61796700
61826067
61855382
61884753
61914119
61943508
61972961
62002286
62031671
62061039
62090405
62119848
62149328
62178797
62208223
62237673
62267010
62296476
62325858
62355253
62384762
62414121
62443610
62472965
62502315
62531640
62561066
62590503
62619997
62649324
62678794
62708159
62737619
62767091
62796490
62825975
62855421
62884918
62914233
62943561
62972997
63002362
63031684
63061076
63090441
63119753
63149091
63178472
63207917
63237267
63266668
63296084
63325404
63354784
63384144
63413583
63442973
63472390
63501790
63531103
63560534
63589947
63619366
63648729
63678115
63707461
63736902
63766319
63795752
63825107
63854562
63883998
63913456
63942798
63972192
64001622
64031038
64060412
64089832
64119299
64148622
64178040
64207394
64236820
64266321
64295705
64325096
64354463
64383797
64413218
64442570
64472023
64501497
64530852
64560322
64589679
64619135
64648622
64677970
64707410
64736712
64766059
64795422
64824881
64854312
64883660
64913030
64942520
64971973
65001352
65030727
65060081
65089487
65118971
65148371
65177782
65207269
65236638
65266088
65295515
65324808
65354078
65383414
65412863
65442303
65471684
65501086
65530419
65559839
65589199
65618549
65648001
65677467
65706900
65736237
65765650
65794926
65824269
65853623
65882985
65912304
65941659
65971036
66000493
66029852
66059247
66088668
66118038
66147461
66176869
66206291
66235556
66264929
66294246
66323634
66353032
66382467
66411874
66441245
66470686
66500138
66529595
66558986
66588396
66617731
66647119
66676511
66705878
66735343
66764779
66794139
66823511
66852903
66882307
66911691
66940984
66970380
66999761
67029062
67058488
67087893
67117267
67146607
67175969
67205358
67234789
67264278
67293689
67323164
67352570
67381983
67411413
67440874
67470199
67499627
67529012
67558434
67587752
67617140
67646588
67676082
67705390
67734849
67764258
67793737
67823157
67852557
67881900
67911199
67940664
67969976
67999351
68028747
68058204
68087662
68117137
68146596
68176016
68205419
68234889
68264319
68293692
68323095
68352505
68381828
68411078
68440440
68469803
68499197
68528591
68558051
68587412
68616820
68646211
68675675
68705178
68734619
68763926
68793250
68822677
68852091
68881611
68911000
68940429
68969825
68999253
69028550
69057893
69087280
69116692
69146096
69175603
69205108
69234543
69263923
69293384
69322789
69352207
69381572
69410958
69440294
69469693
69499131
69528515
69557841
69587181
69616579
69645941
69675350
69704742
69734129
69763581
69792927
69822456
69851803
69881276
69910646
69940115
69969468
69998811
70028140
70057509
70087019
70116358
70145743
70175164
70204576
70233919
70263306
70292722
70322124
70351483
70380896
70410228
70439697
70469101
70498485
70527834
70557220
70586576
70615915
70645265
70674586
70703932
70733376
70762817
70792181
70821555
70850913
70880310
70909686
70939063
70968491
70997876
71027251
71056749
71086227
71115542
71144924
71174350
71203694
71233063
71262372
71291669
71321108
71350597
71380082
71409508
71438913
71468324
71497799
71527102
71556511
71585802
71615172
71644545
71673951
71703401
71732768
71762152
71791603
71821005
71850292
71879709
71909077
71938506
71967915
71997296
72026597
72056044
72085443
72114772
72144136
72173573
72202987
72232461
72261844
72291303
72320724
72349989
72379369
72408719
72438111
72467537
72496855
72526357
72555798
72585194
72614530
72644002
72673301
72702668
72732073
72761421
72790829
72820099
72849493
72878961
72908442
72937863
72967243
72996664
73026152
73055527
73084839
73114260
73143681
73173039
73202441
73231810
73261194
73290675
73320085
73349455
73378869
73408368
73437775
73467171
73496608
73525997
73555325
73584743
73614120
73643338
73672707
73702157
73731470
73760774
73790160
73819544
73848859
73878282
73907634
73937017
73966470
73995759
74025170
74054511
74083891
74113275
74142722
74172172
74201515
74230964
74260320
74289690
74319108
74348558
74378040
74407466
74436965
74466349
74495869
74525194
74554610
74583959
74613383
74642705
74672064
74701457
74730840
74760243
74789634
74819019
74848432
74877844
74907268
74936589
74966044
74995392
75024789
75054157
75083501
75112827
75142172
75171489
75200957
75230375
75259645
75288962
75318435
75347809
75377268
75406616
75435862
75465123
75494472
75523881
75553326
75582681
75612080
75641535
75671042
75700409
75729817
75759246
75788690
75818031
75847411
75876811
75906225
75935565
75965051
75994382
76023805
76053097
76082484
76111832
76141148
76170498
76199922
76229297
76258656
76288119
76317458
76346927
76376325
76405745
76435100
76464463
76493821
76523209
76552568
76581975
76611451
76640842
76670285
76699779
76729195
76758680
76788091
76817471
76846848
76876190
76905644
76935038
76964381
76993718
77023068
77052342
77081692
77111056
77140430
77169805
77199198
77228600
77257996
77287510
77316961
77346393
77375896
77405294
77434672
77464033
77493345
77522720
77552162
77581546
77610994
77640405
77669773
77699198
77728584
77757931
77787402
77816897
77846373
77875856
77905274
77934692
77963987
77993396
78022791
78052200
78081610
78111069
78140511
78169896
78199448
78228850
78258322
78287788
78317161
78346483
78375899
78405328
78434751
78464114
78493425
78522825
78552148
78581542
78610975
78640328
78669669
78698977
78728407
78757825
78787254
78816693
78846078
78875460
78904875
78934250
78963700
78993167
79022567
79051944
79081437
79110849
79140201
79169659
79199015
79228393
79257832
79287255
79316614
79346035
79375378
79404772
79434140
79463540
79493075
79522457
79551836
79581306
79610755
79640115
79669361
79698660
79727962
79757396
79786866
79816202
79845600
79875038
79904452
79933912
79963382
79992868
80022244
80051603
80081006
80110459
80139808
80169137
80198495
80227909
80257254
80286667
80316035
80345497
80374946
80404315
80433712
80463017
80492374
80521736
80551095
80580456
80609844
80639304
80668739
80698130
80727480
80756843
80786167
80815479
80844878
80874288
80903567
80932925
80962361
80991790
81021258
81050674
81080158
81109554
81138962
81168469
81197847
81227235
81256479
81285806
81315166
81344556
81373880
81403264
81432683
81462087
81491443
81520919
81550370
81579796
81609186
81638656
81668030
81697287
81726697
81756142
81785416
81814793
81844238
81873715
81903060
81932434
81961775
81991175
82020590
82050009
82079334
82108634
82138018
82167405
82196833
82226251
82255627
82285038
82314429
82343876
82373299
82402728
82432105
82461546
82490907
82520348
82549671
82579137
82608570
82637963
82667393
82696723
82726166
82755533
82784980
82814440
82843832
82873234
82902572
82931914
82961362
82990773
83020140
83049502
83078851
83108306
83137714
83167111
83196490
83225873
83255238
83284607
83313925
83343327
83372694
83402073
83431549
83460916
83490258
83519647
83549001
83578439
83607892
83637277
83666751
83696041
83725442
83754947
83784344
83813750
83843129
83872523
83901969
83931351
83960799
83990131
84019542
84048980
84078296
84107670
84137152
84166564
84195983
84225415
84254908
84284336
84313704
84343116
84372564
84401949
84431323
84460743
84490177
84519619
84548994
84578416
84607792
84637115
84666470
84695970
84725370
84754774
84784074
84813503
84842901
84872267
84901743
84931193
84960601
84990107
85019563
85048990
85078396
85107776
85137085
85166402
85195753
85225245
85254729
85284234
85313652
85343053
85372570
85401957
85431388
85460776
85490125
85519447
85548818
85578223
85607650
85637080
85666536
85695903
85725354
85754776
85784059
85813362
85842607
85872026
85901379
85930718
85960055
85989368
86018787
86048167
86077599
86106963
86136390
86165741
86195207
86224541
86253890
86283309
86312692
86341996
86371485
86400849
86430298
86459735
86489074
86518448
86547741
86577115
86606469
86635821
86665166
86694590
86723983
86753410
86782813
86812159
86841553
86870980
86900327
86929784
86959314
86988788
87018213
87047534
87077003
87106460
87135783
87165202
87194641
87224070
87253492
87282788
87312132
87341548
87371016
87400378
87429735
87459171
87488487
87517847
87547257
87576691
87606150
87635542
87664960
87694451
87723852
87753277
87782733
87812100
87841481
87870839
87900202
87929544
87958892
87988248
88017649
88046992
88076358
88105763
88135163
88164521
88193810
88223266
88252658
88282015
88311519
88341013
88370402
88399855
88429335
88458761
88488110
88517443
88546896
88576233
88605646
88635010
88664417
88693929
88723310
88752674
88782131
88811534
88840973
88870383
88899772
88929198
88958657
88988026
89017461
89046903
89076278
89105656
89135094
89164477
89193822
89223182
89252572
89281922
89311288
89340741
89370111
89399553
89428975
89458228
89487561
89516887
89546199
89575656
89605029
89634567
89663974
89693410
89722825
89752252
89781568
89810879
89840293
89869696
89899205
89928493
89957870
89987217
90016585
90046072
90075444
90104806
90134231
90163636
90192987
90222393
90251782
90281277
90310726
90340213
90369678
90399108
90428556
90457957
90487313
90516642
90546045
90575420
90604881
90634274
90663661
90693037
90722387
90751673
90781124
90810550
90839923
90869270
90898663
90928101
90957442
90986844
91016375
91045882
91075295
91104661
91134029
91163485
91192960
91222363
91251708
91281028
91310463
91339796
91369196
91398610
91427976
91457387
91486808
91516218
91545562
91575037
91604498
91634007
91663388
91692868
91722229
91751677
91781070
91810418
91839895
91869357
91898756
91928117
91957503
91986820
92016311
92045744
92075108
92104478
92133895
92163261
92192635
92221988
92251462
92280863
92310320
92339637
92369103
92398469
92427909
92457311
92486710
92516181
92545595
92574989
92604359
92633848
92663248
92692660
92722130
92751642
92781058
92810504
92839926
92869274
92898558
92928017
92957411
92986891
93016255
93045536
93074865
93104294
93133677
93163068
93192522
93221869
93251318
93280731
93310146
93339584
93369039
93398452
93427914
93457365
93486762
93516274
93545710
93575075
93604411
93633736
93663118
93692510
93721798
93751232
93780535
93809986
93839425
93868846
93898203
93927652
93957119
93986580
94016085
94045414
94074812
94104191
94133747
94163122
94192441
94221863
94251332
94280805
94310075
94339407
94368746
94398102
94427442
94456986
94486349
94515759
94545271
94574539
94604001
94633325
94662768
94692130
94721509
94750853
94780346
94809755
94839196
94868616
94898038
94927411
94956797
94986133
95015506
95044969
95074360
95103786
95133163
95162531
95191868
95221256
95250666
95280161
95309623
95339150
95368569
95397994
95427312
95456688
95486033
95515397
