1.6500389377371647	1.3954885933461714	1.3951698274620867	1.0453890884727488	0.8015245645713237	0.7972856165211208	0.5586109822960517
1.6502284182214162	1.3962143859210692	1.396485242616561	1.0480961301211147	0.7967271906758199	0.8058702271976621	0.5621818923648455
1.6506475138998686	1.3959230863702377	1.3956763827645033	1.043545696432669	0.7929128753117082	0.7924870821211253	0.5485177814029759
1.6496270747509667	1.3949577605439345	1.393755790532545	1.0422986113806345	0.7907908236691853	0.7934559675359374	0.5490411667621043
1.6500517131777659	1.3969288633300334	1.3967524708149661	1.0469188429368346	0.8002222411607111	0.8002750432783641	0.5593214653213664
1.6494503242603589	1.3928127982429095	1.3956135044299183	1.0431847343419174	0.7962374142429862	0.7922242153411112	0.5500950580021454
1.650759813191244	1.3948089062373086	1.3978688682020524	1.04533261338481	0.7952363086420449	0.7986841990965755	0.5534531965014461
1.6497347463530871	1.3959870187137842	1.393745833328823	1.0441697899782003	0.7956647841473883	0.7993011905838735	0.5592809191980357
1.6506887690460255	1.3960196314138258	1.3948061787628447	1.0401697590321595	0.791977737736806	0.7930244578237126	0.5525733113727085
1.6498381976944871	1.3923583871671585	1.3966784898924336	1.0410640956864765	0.7932523998985784	0.7932224185298612	0.5531017153404805
1.649756032668008	1.3951704173996686	1.396255117117544	1.0444929476905165	0.7963391281765388	0.7960408387991951	0.5534506527065174
1.6492278781634557	1.3953156689993875	1.3954193132132566	1.0468029470744495	0.801119560772633	0.7992034884150369	0.561133349460626
1.650181564558542	1.3944902963770405	1.3954618344423668	1.0462717842658449	0.7979725541594679	0.7997615492878966	0.5567015226409676
1.6496425449501375	1.3936604922972167	1.3954097752097392	1.0432003850396148	0.7957399897984262	0.796247845523137	0.5538369082061007
1.6504081238985873	1.3940749194269915	1.3972296781655729	1.0430409712578264	0.7933738992300238	0.7947849455593584	0.5531903353666742
1.6494903956326805	1.39559374138348	1.3941545104756023	1.044650452082525	0.7976188042214595	0.7961920637944063	0.5557949737343707
1.6478982118199568	1.3923655386769507	1.3920839992998861	1.0422273875967185	0.7914650541168342	0.7915423353216043	0.5452726960591194
1.6488444704446954	1.394834456583415	1.3924092087400608	1.043677414528597	0.7945060808949563	0.7993683229214187	0.5586420578858016
1.6482773575603382	1.3926326016346227	1.3927147366404462	1.0404664842700146	0.7892429605168635	0.7938723492705919	0.5504202178587251
1.6480384997120787	1.390852817652075	1.3920377674304099	1.0389796806873475	0.7922624534201446	0.794703490250706	0.5553922512067047
1.649245584344922	1.3924823881691573	1.3932027875144712	1.0391373783635804	0.7885523842863119	0.7945186949084123	0.5513637413966647
1.648306512361487	1.3938201346540648	1.390947424598511	1.0400814147492337	0.7910667593836026	0.795233885438773	0.5545733708529164
1.6496193574433464	1.3960865634746071	1.3962670231760994	1.047799328138196	0.7987778319468307	0.8029967327641775	0.5584240072912255
1.6504157761873948	1.3960179647393047	1.3969270869807673	1.048550689578575	0.8009559511865949	0.8066520472977129	0.5666715358344977
1.6491827287542018	1.3932832384561404	1.3939146964201996	1.0436506796121463	0.7966767979212582	0.800555527005868	0.5574945625304903
1.64853197603314	1.392840630299797	1.3938166044866762	1.0412669393136555	0.7941410024129741	0.7956063904947159	0.5559719797623007
1.64842405902495	1.393720550140331	1.3941425017765832	1.0431925365208172	0.7953625695012893	0.7948858898853786	0.5556808473540954
1.6506275103616368	1.3978768336510763	1.3949699543961074	1.046382754448887	0.7994443512093531	0.7968340907655241	0.5597894398334752
1.6515267574660815	1.397333647658894	1.3954747659584446	1.045180945475198	0.798816085525774	0.7935981945971124	0.552571878181021
1.6524775221388441	1.3998013500695696	1.3997305906391464	1.0533912746541063	0.8077896550181127	0.8062036297544403	0.5658553438019489
1.6505383512255187	1.3959145651936522	1.3972105672065436	1.0474712697426087	0.7975393159078171	0.7987466210029727	0.5534875379741434
1.6515640521527108	1.3981135259179815	1.3976998672466163	1.049522318130239	0.8015657908084508	0.8017241913960481	0.5585441435990064
1.650965587941737	1.3953196938271601	1.3951889474537316	1.0441979186246464	0.794145307894777	0.7928338495243623	0.5500489538001414
1.6506199825619177	1.3975646686653542	1.397180674404477	1.0487292832844481	0.8020281966554902	0.7989852841510702	0.5545585578934359
1.650254642584832	1.3963819669591457	1.395151238581681	1.04497290794065	0.7949312012439506	0.8001750718182432	0.5519990929748562
1.6498340231203648	1.3924963081677477	1.3938627030395552	1.039465028200556	0.788958402448718	0.7907399620957651	0.5435122774848496
1.649830147295921	1.3947821163434397	1.3956141922438057	1.0430145603273415	0.7967332006648343	0.7924270973216506	0.5519822669664247
1.649815868475919	1.3963657440991462	1.3972018874936136	1.046220805793006	0.7962416659653918	0.7982418504370132	0.55180135178652
1.6508631315491986	1.3983099424727772	1.396420941937125	1.0491707263263093	0.7993879253280789	0.7991027646044134	0.5529881562406546
1.6496402925501608	1.3913517617265267	1.3951274914064868	1.0402216478385142	0.7897098514529527	0.7939072684815649	0.5480535471010691
1.6508948425707424	1.3973001791578918	1.3972320865849754	1.0469551688920131	0.7987466279014458	0.7961859409963888	0.5543283892011784
1.651347555533781	1.3960686817317676	1.3991466852440404	1.0488648158586524	0.7999385166084764	0.8047866078120731	0.5626567131694683
1.6500252847749648	1.3948566326364193	1.3944229224123141	1.0424935226035323	0.7928418920169312	0.7925110647576082	0.5519461999758626
1.6510122239229104	1.3965066617862247	1.398609062223618	1.0484637948202415	0.7983518322109221	0.802909206074144	0.5577544202201691
1.6509836468862324	1.3958726760952789	1.396821232605884	1.0455311893952566	0.7978572139712584	0.8013932284784632	0.5594200574210499
1.6497283721355982	1.3950059604481453	1.3938407605083494	1.0425486235631467	0.7929416838391846	0.7979580754253464	0.5531465987609924
1.6477950267589734	1.3899583667683213	1.3925534850464292	1.0386770895251107	0.7913036538957616	0.7909137251382544	0.55163591934428
1.6488852682100053	1.3956067728110844	1.391972719339406	1.0441184291051577	0.7964267140819761	0.7965275708357166	0.5560317706093919
1.6478867839673963	1.3926425404655056	1.3921543391438653	1.0419074666505177	0.7912071863343587	0.7946079758595627	0.5516006271845106
1.647431349821396	1.3909546725626332	1.391787352058426	1.0432761053400392	0.7964079160619829	0.7972807041856104	0.5508358121752145
1.649810582899199	1.3936040375331729	1.3954416491367108	1.0455480203388503	0.7996980463441062	0.7978567750026441	0.5576499430169761
1.6507078510344246	1.3957642548665483	1.3994275719179694	1.0468022939202895	0.8006719775710041	0.8003383507114354	0.558501124961953
1.6499712423177673	1.3960674789093483	1.3958347983512702	1.0461705487772168	0.8020136904985699	0.7957081164500855	0.5611202674733166
1.6489690391657785	1.3952342075192405	1.3937426715530508	1.0437748171091215	0.7968075989140436	0.7977494677071847	0.5557421224669592
1.6499491677601894	1.39350768254198	1.3944301184239813	1.040467187110165	0.78580811065804	0.7921929502578178	0.546832191060507
1.65100850585401	1.3966732545763962	1.3984561654275174	1.0484454567320398	0.8037241072603504	0.8008097226313438	0.5629405478770506
1.652084232549142	1.3997656876202746	1.3952387567499744	1.0458536754203163	0.7959637976128228	0.7971899359366877	0.5532407942298647
1.6515698990854792	1.3975463319257768	1.3988637200100362	1.0496963094827543	0.802040807064761	0.802328719762078	0.5581247101764206
1.649141814933578	1.3952761906292455	1.394026138911072	1.0431488321533873	0.7966427085011561	0.7963384685146906	0.5549446575258198
1.6490551018722865	1.3933656874128122	1.3903141595407005	1.0362948044372544	0.7882131701212712	0.7871903434239703	0.5476072405243763
1.6483655332835936	1.392491927715791	1.3938312999485198	1.0430260270365161	0.7976295187881366	0.7944705502242817	0.5513271807922328
1.647944819933893	1.3902057257245881	1.3919171213933648	1.0389232098681436	0.7898843239694662	0.7923630612418154	0.5504871662128215
1.6473159511827304	1.3925105443123689	1.3922251573256956	1.0421568518485402	0.7929830768274537	0.7943103670603754	0.5493309603536672
1.6501723416005616	1.3969072663694664	1.3948173951249665	1.0463382913513921	0.8028518205405829	0.79639911013448	0.5582707218434261
1.6486644738346878	1.3948529951341542	1.3921860898650866	1.0433231754123546	0.801039196427885	0.7927774626599072	0.5588992631821784
1.648868307314124	1.395478297713262	1.3921986774286255	1.0436980590413405	0.7951410471755745	0.7966641871640231	0.5560783391985771
1.648728050040028	1.3949245020583751	1.3938969464227935	1.0448981888033269	0.7980689048765384	0.7945514004526316	0.5532174472885613
1.6505180274179756	1.3960134214123734	1.3962702744842534	1.0452607518845145	0.7947462069902778	0.7943020287525777	0.5479396194754808
1.6501390533180664	1.3988874280542578	1.3940908837550474	1.0496059108096312	0.8038656003344552	0.8040318574673488	0.5619850982501108
1.6506205655020179	1.3949844110029774	1.397446061701615	1.0484821835281064	0.799240819839656	0.7984187128139643	0.5547343942754394
1.6509960787631055	1.3974294027254317	1.398322868102011	1.0511544613796462	0.8038032213251131	0.8033001775352285	0.5602299993458997
1.6490199234082958	1.3946246065655317	1.3917410738098337	1.0431033978493718	0.7946958499204525	0.794268681466335	0.5526466499780494
1.6498816990369294	1.3942198209815937	1.3955485790082152	1.0428972061179917	0.794443326078566	0.7938865961608187	0.5520586698807617
1.650809925517074	1.3970013654906115	1.394989080966839	1.044070967861806	0.7964580803816518	0.7954202089578571	0.5532512147859595
1.6506597898499649	1.396976943465484	1.3949024177596367	1.0450720672364762	0.7984126076445003	0.7929220699808904	0.5548428640118138
1.650525240441894	1.3981445518567484	1.3968914020117278	1.0443888298140573	0.7948477172014332	0.7957487269153692	0.5507810285264628
1.649645338213671	1.3929813326993818	1.3941414826430603	1.039826984094419	0.7902818152084065	0.7900780137862246	0.5470885641808937
1.6489056362883243	1.3933710322332502	1.3924964335736538	1.0376920001061902	0.78922573607503	0.7866956197615549	0.5465239376296456
1.6498556018979864	1.397516719722016	1.3954150766231728	1.0487167696623467	0.8033651693201945	0.8010327657753079	0.5627259951896202
1.650268218520819	1.3948299625061618	1.3978441782609858	1.0462294243810386	0.792077779284804	0.7966657236366896	0.5486761129601774
1.649281115003267	1.3927650130274103	1.3935852360272885	1.0418465319679868	0.7945633322746989	0.7940091687608698	0.554408125865127
1.6508717752751974	1.3955182898381955	1.3948509736776604	1.0410449431226645	0.7908633346370468	0.794452385609088	0.5526426691027999
1.648800823242384	1.393061297555428	1.39434501582607	1.0410240906116266	0.7923988635026046	0.7920291141808479	0.5507898602000195
1.6499811986934765	1.395636637214313	1.396160692852045	1.0468042558472737	0.7976855497739739	0.7999544459576317	0.5558314183978991
1.6498257612834017	1.3947940723864354	1.3938090791392383	1.0413344101914939	0.7908005819521068	0.7975677359178506	0.5509906640823422
1.6485210375746302	1.3931586209609745	1.3920291580680253	1.0375226439346819	0.7895835460943972	0.7900352241502028	0.5490794400731537
1.647708328254085	1.3916905943158235	1.3900711946698179	1.0369943436179405	0.7851588924191452	0.7885586108877579	0.5440110747667415
1.648495446567872	1.3919979174195467	1.3928671357515288	1.0409281791669998	0.790376720531917	0.7922776451269365	0.5507723788892346
1.6486141515512804	1.3926724927115586	1.394531418584025	1.0422677747985205	0.7943178589493756	0.7975495971599716	0.5553703009437158
1.649427003000798	1.391271783326885	1.39395953843701	1.0404203938357195	0.7908796487552322	0.7905916961052958	0.5466002001672466
1.6473120927168756	1.3897142815611037	1.3921251558097854	1.0395005210978407	0.7893320757907917	0.7937484123640814	0.5483500564007056
1.647363425241161	1.3903446808851188	1.3907343783717552	1.0378193138817096	0.7875270446804162	0.7915054976434339	0.5504088505886423
1.6472197988563535	1.3912082649484734	1.389376165700991	1.035676887238427	0.7879948711714503	0.7880897087842982	0.5501068881596897
1.6482844126395022	1.3926886748997658	1.391731804111041	1.0378798351001537	0.7884561633103097	0.7879807258469217	0.5488295683408935
1.6489650598226342	1.3942623219133596	1.3946776867181674	1.0420965342407822	0.7961984229295699	0.7922800145133296	0.5524003291383804
1.6491219399291426	1.3948624001774377	1.3943442707563214	1.0421715600646337	0.7957078868686706	0.79167322566967	0.5507615557818236
1.6492075014422796	1.3961042816817135	1.3965349117407193	1.0489363636237796	0.7994024214823168	0.8035589502389254	0.5595191916425795
1.649617232218817	1.3968608823894453	1.391854054575693	1.0402458204088243	0.7916997992119464	0.7886160526786395	0.5465106812144972
1.6482031817824794	1.3908308797247795	1.3912963017329207	1.0362567819464745	0.7852119206483835	0.7861879197855371	0.540343966583325
1.647831949381149	1.3925319352492138	1.391299903049113	1.0393710060588177	0.7904566772825868	0.7895173634257292	0.5463297593721745
1.6487923486715281	1.3929176106906371	1.391237618383566	1.0408986662835285	0.7903025269680416	0.7891963122769287	0.5462419556354386
1.6493351343382294	1.3946015524310766	1.3933138708316033	1.0418592712304127	0.7912858037196623	0.7922031082857947	0.5465159734035271
1.6499773117758298	1.3943385715586027	1.396002059983065	1.0421778709103908	0.7948546900737781	0.7946311494004195	0.5563143637335324
1.6497193077632362	1.3951932585686324	1.3941125995697154	1.0439235687046506	0.7943467744830217	0.7963128437247701	0.5530949854290265
1.6489796680743305	1.3940233248868517	1.3933613509373195	1.0420042132135683	0.7948291603568594	0.7922447137148296	0.5538250216799803
1.648414013028521	1.3941149673530544	1.3926307338182873	1.0428481282795403	0.7993316332236803	0.7928420463576386	0.5545810627324926
1.6489133711399873	1.3946001723327865	1.3934819330844561	1.0407722361383167	0.7941136513911812	0.7943846582594626	0.5537295647699636
1.6493009624038744	1.3950039726496701	1.3930410527452024	1.044571392230674	0.7953116248031669	0.7960761628029677	0.5534634674813271
1.649928682512867	1.395571773525786	1.3970818967383998	1.0464688304821015	0.7962940011969152	0.7979823074753241	0.5548794300194341
1.6502897299833823	1.3957482749801386	1.3955784882750797	1.0471486712370026	0.8031992117011945	0.7977497813228408	0.5602955126337698
1.6503337501819573	1.396181777388238	1.3956798899253748	1.046165839284728	0.7987828654711113	0.7983569011582184	0.5598020809784682
1.6511320133853769	1.3966505415593853	1.3947498792399955	1.0419752464900445	0.7985738132511666	0.791229187214781	0.5524108910058757
1.6492156452169653	1.394306734913574	1.3946070930039312	1.042666357043221	0.7952919521143295	0.7916331747810906	0.548921031975106
1.6485675819890533	1.392208053068974	1.3927536825432238	1.0388401298589645	0.7893197938005292	0.7913614918591018	0.5502656415217799
1.6493005318394136	1.3942438777396342	1.3935488277024897	1.0404791166272467	0.789591099717576	0.7935468215777112	0.5498162940170599
1.6491185824989971	1.396443088317359	1.3927462652336224	1.0445440407500863	0.7985933615707529	0.7946357734625823	0.5541977382162134
1.6497940647663984	1.3950015367319768	1.3940054605827157	1.0439835995746902	0.7946437907204337	0.7939637473687813	0.552561851534755
1.6493220754602944	1.3944931615494902	1.3948413279237777	1.0455330972317354	0.7941228597682203	0.799692197802312	0.5538160485409093
1.649420595756182	1.394145929176318	1.3940661614400895	1.0392788237864516	0.7931215317705779	0.7915592737716466	0.5493298430141854
1.64897809431785	1.392874091294645	1.3950764587008695	1.0446770760060138	0.7970038546226074	0.7932642370269288	0.5496988002680722
1.6471415339865734	1.3910982321030054	1.3914465565774072	1.0390453924007061	0.7904385445988336	0.7900279610348145	0.5465968047317499
1.647297075024597	1.390921771537552	1.3900728799770157	1.037454435427865	0.7827572062067064	0.791852754082281	0.5400754720134342
1.6472862995399533	1.3903626091866637	1.3912938651468287	1.0376375889686287	0.7876098814419313	0.7885476457687662	0.5447417487868248
1.6477208844351734	1.3908701080369068	1.3919589637649992	1.0376163300775858	0.7900150822593769	0.7892287604723568	0.5484607854536946
1.6495741689252448	1.3948841100020433	1.394832530762339	1.0435607472097326	0.7981201161044161	0.7948768081231052	0.5573585587501926
1.6496307858285906	1.3944220475074875	1.394721286979123	1.0424261903543546	0.7944180778587991	0.7907291345737201	0.5486052052569367
1.6479765521687917	1.3904927641930993	1.393207825968049	1.0433723263212038	0.7961729931967056	0.8007779372235649	0.5585503926501448
1.649325814201697	1.39542538453529	1.3956721423334286	1.0477708154095884	0.8018586876284166	0.803432818976158	0.5634697712464741
1.6492433279998753	1.3924153317168475	1.3945410082394745	1.0403803761150219	0.7951686494399729	0.7921306759655059	0.5527411378715218
1.6493905527129114	1.3929618419130996	1.3932252593515198	1.0407440765675258	0.7943380608812102	0.7936039787928747	0.5552705739954676
1.6496862016895522	1.3938078087218748	1.3920235365242914	1.0413509454205767	0.7953816104726941	0.7888793136420603	0.5480394322914982
1.6505186308885647	1.3942815923944891	1.3975935576241456	1.0464363273772075	0.798783165654903	0.8007522977297407	0.5588500556700579
1.6501167169820263	1.3952435553406008	1.3979292412120454	1.0490806439669582	0.7999433507677751	0.8021818284883304	0.558360623646055
1.6493338288374009	1.3934016588141482	1.3951050923826471	1.042335090823264	0.7938407542383833	0.79402263861116	0.5509984859553202
1.6491478105987027	1.3935647438078729	1.3936839779062662	1.0395135720522124	0.7921368173675357	0.7899585900924202	0.5464035189383286
1.6494991979192448	1.3947472877181635	1.393920005083453	1.0425576222280337	0.7935524966710451	0.7922982620831863	0.5485786538577658
1.6486200713296437	1.39020822263769	1.3930276203672243	1.0351360792036939	0.7835635517937561	0.7881586080985041	0.5425163737656512
1.6483794544308232	1.3937724916139496	1.3891299719666799	1.0364701910587886	0.7867461081271703	0.7861293253223968	0.5409031494061981
1.6494185561128825	1.393810820615245	1.393496312775845	1.0385260932604474	0.7898780800494704	0.7882074924841814	0.5463492318177371
1.648899679351801	1.3926773148001257	1.3948546934085722	1.0424015451563495	0.7928872627594424	0.7992744072271819	0.5545146985073651
1.6501221557744046	1.3933805563365302	1.394752477025164	1.0428122581841393	0.7942063838415367	0.7951658462980428	0.5516192137469992
1.6493675014020903	1.3952275020750091	1.394626174236957	1.0468197962024437	0.7984492721164097	0.7982018147597562	0.5572268074166757
1.6511619160951687	1.3944051842303467	1.3992578659370665	1.0414798346171281	0.792434544507314	0.7905612613229179	0.548296507093971
1.64935664740789	1.393275749653938	1.3941472157774861	1.0406615950251108	0.7936120805937591	0.7921942003163401	0.5506564944081824
1.6493712616883174	1.3942055677831784	1.393625332381785	1.0413843647219403	0.7902719281597003	0.7884374600896974	0.5429480046108819
1.6477344321773295	1.3912739234378861	1.3913050879039783	1.0400679037761174	0.7944048459108455	0.7890822367586914	0.552007904260721
1.6488359111213742	1.393929343275202	1.3939566357445663	1.0447672739550804	0.793611776845878	0.7993388650960922	0.5523275777630339
1.649260959820064	1.3951392576112405	1.393300795769061	1.0434946291627447	0.7974667033318444	0.7953904888644873	0.5529536341675315
1.6488329888228128	1.3916426490485796	1.3960913757298858	1.0447826318447804	0.7936733647731771	0.7964500854067702	0.550197106701901
1.6499674574095795	1.3937600600985063	1.3937858500177398	1.0438182207353046	0.7950481765944479	0.7954673462020464	0.5514491167918598
1.6494021047078986	1.394011210132384	1.3922463034787949	1.0411561665559093	0.7927487669704738	0.7918689911443915	0.5490485422975248
1.6471077586212441	1.3905473023324653	1.391128361706732	1.0382895323753134	0.7893787670129605	0.7889727588957755	0.5482263165262785
1.6483532447739606	1.3908650491206735	1.3946222930058774	1.039625522893698	0.788808997041904	0.7896347836031922	0.5439944399949654
1.6503434175695546	1.3957280733018729	1.3954377155734201	1.0453993383336841	0.7942659317692681	0.7975231533503692	0.5521957157930526
1.6487793423432493	1.3933735943117576	1.3912177541179132	1.0389518392584642	0.7901915163811104	0.7925178925828652	0.5508281187541737
1.6492623503586927	1.392464530361365	1.3957635487702689	1.0422265573250176	0.7928854878645463	0.7949379708438462	0.5501059104842473
1.6481048513620273	1.3917697747106192	1.3933231461239535	1.0411603646763217	0.7915679623547325	0.7955415064505408	0.552827428051362
1.6486943493167603	1.393649897410916	1.394660226738652	1.0435909991026524	0.796307807724756	0.7959135875093022	0.5531811218727857
1.6496271473139983	1.3933694832888026	1.3954654427276865	1.0448358612186066	0.7973736254909789	0.7977024692325866	0.5545822416868648
1.64797189360705	1.3892304316688433	1.3918583426229298	1.0390537631383008	0.7930446226458897	0.7903090475447709	0.5512228720654972
1.650254028513315	1.3960107338454673	1.3950086021006658	1.0449414670868817	0.7953852673524763	0.7971745628133783	0.5516211563736314
1.649485392600593	1.396172639081145	1.3957032558967104	1.0480765021610692	0.7995889006679686	0.7996450308493049	0.5569012020496005
1.650678129414101	1.3969250170380727	1.397080495161351	1.047742537788807	0.8007177790163439	0.7970856015401683	0.5556292192112224
1.648096714102908	1.3910635163907212	1.3924446647934838	1.0375863265086622	0.7873920365921938	0.786496643719357	0.5444735966428108
1.647991602638104	1.3946639168355972	1.3911821550224985	1.0411301474348627	0.7946107163667305	0.7947632688854088	0.5535683247047527
1.648623460996203	1.3928710279684637	1.3921801945527952	1.0398090879977777	0.7909146108039806	0.788872986184164	0.5474637743771624
1.648453409804323	1.3945204454508018	1.3922341469769048	1.0418202605658895	0.7961401852309923	0.793173218747904	0.5538705888897976
1.6489361541429066	1.394954424800465	1.3923872537625979	1.0435174172041912	0.7988504756186939	0.7903375253928515	0.5519737703734598
1.647609436710652	1.3924761011780908	1.3915764863959057	1.0411246131971323	0.7925056427795737	0.7936448110336857	0.5505898207342732
1.6483916487814503	1.3940922743826558	1.3933883819198059	1.045680930645202	0.799550870416294	0.8004100990286073	0.5617079298625739
1.6491595947825868	1.3940030608087148	1.3946271187812378	1.0452354222400917	0.8029713162507869	0.798442574197582	0.5640700055624609
1.6493423622693182	1.394262525652188	1.3928565850552577	1.0407793588100154	0.7953209855195653	0.7946198979671718	0.558351661393067
1.6480148000242822	1.39234133568197	1.391485570116961	1.041547972786593	0.7941911597578809	0.7958720921391986	0.5597594085950897
1.6492354696442117	1.3961097538040625	1.3933106898698402	1.0440864251329165	0.7980259914773723	0.794784349554786	0.5569493674840599
1.6496576855867682	1.3952654291201547	1.3969898547092512	1.049771167541753	0.8046585321768148	0.8073626176719765	0.5696612036029992
1.6497383865795905	1.3967958944541745	1.3954293781767124	1.0516413698426768	0.8068841865550244	0.8066172643461108	0.5679629155868952
1.6499893109915391	1.3959697936499624	1.3964854986044866	1.0447739743798339	0.7982089819930799	0.7975337992669673	0.5597870529097322
1.650616560722023	1.3968011096347783	1.3970980489136071	1.0469719445672683	0.8020209759115579	0.8000244485731978	0.5615204286283165
1.6505282356775366	1.3957567608774255	1.396525561885543	1.0446631829992354	0.7944854900380042	0.7965718052719756	0.5528056568890869
1.6516702620273087	1.3981403720431809	1.3987105184750572	1.04809370665861	0.8040897078193526	0.8019044536223179	0.5637536165747462
1.6515853289040683	1.3979034331843045	1.3999039804891555	1.0527231572963818	0.8060170309460669	0.8083666470349166	0.5651307072952715
1.6515221094388945	1.3980380852059688	1.3997976669355732	1.051610702526015	0.8077675120241263	0.8027905238315939	0.5669317128194802
1.651491400547987	1.398118619163064	1.39745790560041	1.0516031869235347	0.8060759423226331	0.8077908246198412	0.5680439409734372
1.6491586280725066	1.3944522238880939	1.3952696129101243	1.047864320871881	0.8043776876395542	0.8039121384705017	0.5685482220211612
1.6498170841513764	1.3957601176512044	1.3973154309639335	1.047418154320808	0.8030278754974404	0.7990631978872232	0.5579977095458801
1.6491970459665641	1.3931856317558182	1.3943779031057524	1.0437829641339649	0.7965250494098024	0.7973720444678264	0.555753240228575
1.6473907805730335	1.3904508218053921	1.3899673880863912	1.0348964151345752	0.7860019924983387	0.7852367284182576	0.5429098091687865
1.647550089215467	1.3889507163253425	1.3912370533969207	1.0353682493476655	0.7863365350590792	0.7859236843706231	0.5461232853830383
1.6490594728793206	1.3940201239211116	1.3928146527480212	1.0412118361097464	0.7907860390551237	0.7949271356904141	0.5554343301348389
1.6473886786994028	1.3905374394509586	1.3914519407768229	1.0388786607364449	0.7893827966223156	0.7898501959014911	0.5427622373252475
1.6491475518016394	1.3939647033453781	1.3917209344953576	1.0397625331334552	0.792840577661857	0.7883175463456108	0.5432826044712372
1.6509424907675492	1.3992294537794858	1.3965736615794662	1.050073753153291	0.8053164270454357	0.8046394485718369	0.5652200817948904
1.6499885385805257	1.3933276080258021	1.3947162054682718	1.04141126134523	0.7900681679907761	0.7916507987268373	0.5492533620739926
1.6472277239962774	1.3923147476061357	1.3914801118609488	1.0436282737156268	0.798064351598413	0.797778043977455	0.5592285495534782
1.6477303529616272	1.3919104112672145	1.3910336591166015	1.0406526106077294	0.7915108747247795	0.7941707613595937	0.552556368375006
1.6489501338553803	1.395696626014373	1.3916698275569999	1.0420134580414482	0.7932017936082211	0.7925441271199126	0.5506600084015907
1.6490868863703403	1.395050541005741	1.3962311873553341	1.0481049791134103	0.8018642151429872	0.8047531913705873	0.5643412883921198
1.6488669309102069	1.3934360479534484	1.3931802358231868	1.0424149629373087	0.7955508536875199	0.7953986712060411	0.5535069756982304
1.6507842867661606	1.3963933386235994	1.396905539204236	1.0478294727021167	0.8018016035600488	0.8008172643991406	0.5616222929563759
1.6498136366482135	1.3930902875340327	1.3952927387268301	1.0427347696551683	0.7938040708165848	0.7912846034078695	0.5489232493019944
1.6494492622160013	1.393473956463802	1.396380023135353	1.046130952572032	0.7986475710669283	0.8015714827682227	0.5612609900614406
1.649679191048875	1.3944690787174323	1.393992736799807	1.0424887803063392	0.7947547853206324	0.7922221529058092	0.5521489343781422
1.650579287799973	1.3972312639299582	1.396760014071278	1.0502693441124313	0.800322225779248	0.8013402889124507	0.5548803333546367
1.6519676474412004	1.3994329431869932	1.3989773147883096	1.0533818616726192	0.8039321633342119	0.8090573097713878	0.5635437807244675
1.6513774019419565	1.3982990868655392	1.4004017273430869	1.0531029669300047	0.8069302202959863	0.80731639392469	0.5668513518554589
1.651666164361848	1.3957218589143061	1.396953421516141	1.0443967979657496	0.8003996838670565	0.793459921929793	0.5538544335790326
1.6523626115266634	1.40085636415425	1.398591911834086	1.0499694313849979	0.8021207078285565	0.8028937709167471	0.5596616117778892
1.6509221919379122	1.3978150221968386	1.396460871890375	1.0477936799298382	0.7997739585872935	0.7986867189058113	0.5533955498367673
1.651502664200143	1.397229048651954	1.3966078311564836	1.0471419707791503	0.7989628490556147	0.7987146859798419	0.5578579358633854
1.6500881119456696	1.3950813260132575	1.396156838854543	1.0455822161947619	0.7988586396275955	0.7979248342532025	0.5544356892765204
1.651920803583353	1.3983154601699557	1.399646114279343	1.053914766495523	0.8117754811417909	0.8100073286876889	0.5758329733815172
1.6522944060471543	1.4000627109238895	1.3990767609925985	1.0517669806456469	0.8062659512106164	0.8049241677562705	0.5690266890353026
1.6521454517670031	1.398859920070511	1.3994701652402595	1.0521468273441608	0.8044404271553337	0.8034186008818877	0.5598384354792884
1.6518978698128624	1.3998056478004746	1.3969822092240056	1.0498983678333114	0.8016380489407969	0.8024390430562027	0.5588731722614632
1.6509430419807185	1.3991973725046927	1.3970781273560473	1.0524725610544243	0.8084707847959365	0.8100405655706843	0.5693111864010177
1.6516406016556466	1.3999806187626023	1.3988334073390638	1.0532264855474922	0.809121954776952	0.8049426316656736	0.5639308066419991
1.650667179161255	1.3950576213304011	1.3982209242805803	1.0474109688924462	0.7985743715407514	0.7997580700182376	0.5585813699900024
1.6503960025619158	1.3956741499143934	1.3941401807987448	1.0433282889612574	0.7952479671480376	0.7966010753236826	0.5547676651155455
1.650254368058422	1.395848578554869	1.394122245419623	1.0430654790324736	0.7957963987999509	0.7919100471063011	0.5469728293621204
1.6510940520442663	1.3975404083370018	1.3976184503632885	1.047332194257091	0.7949291443525314	0.8008857350769101	0.5550168964402395
1.6505913467823987	1.3954524246821984	1.3964193460062866	1.0455580232340216	0.7970417757527204	0.793077913873233	0.550818666715919
1.6496768818969327	1.3945537635945218	1.3952639958517647	1.0436116529932786	0.7929296506667258	0.7953146570937045	0.5526989446804459
1.6498964602793347	1.395127830692673	1.393568813221876	1.0415530795279928	0.790943474340042	0.7930117500925112	0.5472885651122922
1.6486463479904068	1.3940655741843322	1.393380053234728	1.040575183246256	0.7902377799327834	0.7922912673052198	0.5496573405510956
1.6490248077659768	1.3935095856210478	1.3954745282293464	1.046264603379064	0.7999069023510237	0.7993147144139496	0.5581498584498766
1.6502947949511972	1.3963306382545788	1.3951319003576899	1.0438235596627368	0.7985403965027474	0.7984383637346268	0.5576904962518708
1.6499600094212583	1.396948988459611	1.3946271898102964	1.048883101272039	0.8019936842103662	0.8012354606252031	0.5586806114158477
1.6504428767311194	1.3968844718433935	1.3973025558971024	1.0486367313153908	0.8027376482265423	0.8034236880279626	0.5596079959756114
1.651001330842173	1.3961551786888826	1.3966060517908794	1.0485077491306494	0.8020048824293252	0.8065857630911623	0.568762702796378
1.6512030502850241	1.398984559453143	1.3980335318462238	1.052255685911536	0.8076551542797095	0.8061646312170122	0.5656812230456375
1.6514603059769737	1.397067393331812	1.3983274629443507	1.0504077234795854	0.8055571495264545	0.8045864876844098	0.5634849291868063
1.6513752688112528	1.398003201572057	1.3977216265969323	1.0493935352641721	0.8028082237235467	0.801652300450176	0.5576256052307452
1.650680632391216	1.3971860551670214	1.396728408176644	1.0493312752895767	0.8030817964825342	0.79947033217687	0.558762645467175
1.651147775105254	1.3977279098035573	1.3960610983844453	1.0490874603722122	0.8035027734526922	0.803424005241515	0.5630223673091367
1.650813839899661	1.397597642681088	1.3969994063552649	1.0488309040409867	0.8041703286157982	0.8052337201290275	0.5651142778654527
1.6510166541615001	1.3970659651934507	1.3973721206037977	1.0487472042877468	0.8005895990407274	0.8015525754892932	0.5613188499761317
1.6510701148918094	1.3969836528616142	1.3973360023502266	1.0458117307300647	0.799320579517838	0.7926695586082643	0.5535158252549343
1.649641336994855	1.3960550669080716	1.3956918571249028	1.047599612765369	0.7991063165175047	0.8015083153461248	0.5613168246729674
1.6509877390347991	1.395858013799052	1.3972064694108177	1.043188075543547	0.7957736574660981	0.7922377487887626	0.549732622779044
1.6513688133468982	1.3973392458911402	1.3975881955383016	1.0471236765529863	0.7997934050794263	0.7977014377027215	0.5574603529066721
1.6499464790928993	1.393758068013212	1.3959131386214898	1.0422930666884624	0.7935531112455507	0.7939436371920155	0.549530884022023
1.6479883607074506	1.3909658931017106	1.3923160843284974	1.04026488593215	0.788011691558646	0.7888981725616947	0.5406523941509702
1.6494796496153707	1.3949495745380875	1.39407724486351	1.0430803320498636	0.7940517205241316	0.7948470508831499	0.5539085439307022
1.6511225161067975	1.399086299169517	1.397935631744069	1.0513475638251437	0.8041147209879579	0.8033259687611668	0.5585197452924858
1.6497545734241992	1.3966931574782802	1.3950943702529663	1.0435115423349566	0.7968255852096751	0.795626439327351	0.5539907029199637
1.6497652408936725	1.3950900452616215	1.3940676295244592	1.0421844127188298	0.7931408484231172	0.7952405720781982	0.5514548551690726
1.649587391083246	1.3970249438744602	1.39468542070776	1.0444841895784256	0.796632514722555	0.7932280747843868	0.5502878742661972
1.6492392387292074	1.3937992864860744	1.39516602632241	1.0461165979009703	0.7969832380465837	0.7991440393078585	0.5548405652430691
1.6497465014673558	1.394384518449084	1.3957113436029716	1.0446530523660507	0.7929629109786888	0.7979929023068011	0.5503634372898304
1.64946046205843	1.3954006848894493	1.3943074471314052	1.0418557923138085	0.7889632608880186	0.7901497506655603	0.538858949810455
1.6501861181237432	1.3969026422761859	1.3969718757974707	1.048259234747363	0.798850827446732	0.7975650403008765	0.5532553459926485
1.650759427247437	1.3955438414907413	1.3965210042952039	1.046065947881471	0.8007027805439756	0.7980473395781736	0.5599885395975303
1.650331148108174	1.3944635213324637	1.3956040358786936	1.044307534614497	0.7961196103001354	0.8004204145318904	0.5605037102281419
1.6496835094732714	1.3943180801750845	1.392855004103394	1.0419191185298429	0.7927963956999659	0.7922925012935647	0.5490965125102357
1.649760818889191	1.3936852743138701	1.393817617429556	1.0393367400425095	0.7901821079513152	0.7917510679707457	0.5494923392290302
1.6476529325725837	1.3916929801472724	1.390873645233194	1.039001173205434	0.7905489411174337	0.7923904912489602	0.5478900704382513
1.6477495195607705	1.3908718400227749	1.392045361148748	1.0385804748163574	0.7918087000873107	0.7902942273332335	0.550686236402983
1.6489577802706783	1.394381669938652	1.3931763534301735	1.0440919078061397	0.7968534423945015	0.7956681971975649	0.5530523710877951
1.6499600697433925	1.3936220884232957	1.394592773700279	1.044166488721302	0.7987905839833651	0.7958832983883442	0.5570607667403621
1.6491347129892822	1.3931804454646188	1.3939616215726718	1.041385805650285	0.7906769654652485	0.7944331057339334	0.5515588873645284
1.6488086092596312	1.3927775230053696	1.3946825235005493	1.0454474535038836	0.7965141164915283	0.7972232446388162	0.5553097003928308
1.6487233492568476	1.3948840103951772	1.389982078100837	1.042187839059366	0.7988621892847619	0.7943313767807357	0.5606015995760144
1.6482082783233458	1.3918599535325324	1.3922658559545862	1.0422101640297556	0.7961050444959342	0.7970261526809038	0.5570351381975024
1.6475872830570868	1.3914979527630509	1.3915070042708235	1.0418639874927098	0.7959869167225267	0.7918640683680481	0.5560524727342632
1.6478892200601132	1.3932769282175317	1.3911162221757702	1.0415845097093435	0.7924788136368056	0.7928857436428846	0.550061984724963
1.6482936280209755	1.3926767058872584	1.3923724826304806	1.0401358544408579	0.7898009818255852	0.7945244852808857	0.5531688740379858
1.6484082136294926	1.3934902820474935	1.3939766485221403	1.0434252731896734	0.798168381991748	0.7940358177531882	0.5544957180027151
1.64948781438074	1.394329494570929	1.3955491135739282	1.0447503195428727	0.7971756839832936	0.7959295754711491	0.5567445753050168
1.6499741429157282	1.3962204380539547	1.3922254844259687	1.0411013080337632	0.793327234343023	0.791897968343783	0.5509539086344648
1.650115673023637	1.3964952278229372	1.3951335068087305	1.0447455498486546	0.7966101037054125	0.7953870146052021	0.5556830988552139
1.6507341778198061	1.3993886777496638	1.3965423058045137	1.0484266610998956	0.8028800724623238	0.8001449134545272	0.5592369551762372
1.6500378189918576	1.3960654959768473	1.395107693494376	1.0443895311679747	0.7999050910130397	0.7967834542538901	0.5555280577970616
1.6503548260654197	1.3964304026381258	1.396825323874575	1.0456395860813457	0.800988032203069	0.7966447411457684	0.5558809252137089
1.6496834561994367	1.3975976744286793	1.3972502137488227	1.0481759780115505	0.8004308333473631	0.8000534022082828	0.5587654494713528
1.6496766235484375	1.3941573461129844	1.392603903154183	1.0384714790775738	0.789126421136765	0.7891189316179533	0.543803748135642
1.6486018475935953	1.3926562885605165	1.3926587803967099	1.0402531279528937	0.787000719930432	0.7920757319451729	0.5441760450506562
1.6488950964202498	1.392347747912105	1.3937553345971032	1.0406412806177536	0.790446291685518	0.794744877872477	0.5519909561529852
1.6504382877350228	1.3984637461093963	1.3931320208248714	1.0419423338567733	0.7935692795338686	0.7946139465414399	0.552336247872631
1.6511246584857053	1.3966663579361096	1.3955115777919775	1.0435425371128255	0.7976130695513933	0.7919760721856776	0.55331623071034
1.6498513972177677	1.3945759751404025	1.3961040715156674	1.0472755106771459	0.8013815868456685	0.8027439986598711	0.56261138545867
1.6497981781795985	1.3943403862547388	1.3943901505195804	1.0430858327762553	0.796735316215357	0.7938624974599753	0.5519380728127087
1.651509540628456	1.3992693976603412	1.3978729594906414	1.0524183318723919	0.8077020779137104	0.8056264948334207	0.5651081682680844
1.6514250418710479	1.397573729587598	1.3974711013205992	1.0465100544983292	0.7986272559079378	0.7982698276417889	0.5529971344189211
1.651751853427947	1.3977804409069574	1.3978694947519648	1.0447336973453651	0.7943285718569927	0.7948972753365525	0.5499125172602111
1.6507178553296733	1.3959801772826663	1.3945982186294907	1.0424305658929722	0.7965866618640765	0.795984814141726	0.5568468930609308
1.6504179176702902	1.3972251175387742	1.3955419240468012	1.046779862102825	0.8045936552036785	0.8034179349795192	0.5668726499051634
1.6505841886336887	1.3960123114791159	1.3942073964780741	1.0439731289349359	0.7952221251076753	0.7942276048644583	0.5498902889337397
1.6505589628587727	1.3930521906700772	1.397040556871542	1.039536541036019	0.7865827732392225	0.7916027364078603	0.5441814814667151
1.6482191895682032	1.3927593287907554	1.3914190815889693	1.0359064409602006	0.7836654757836202	0.7892838909722467	0.5410191077857859
1.648667344113436	1.3918629839759002	1.3955929782598249	1.0448129276829967	0.7967409968557996	0.7961008388368239	0.5529291703304459
1.6490383681098049	1.39340942977986	1.3950006989255523	1.0437690126353532	0.7940320991936703	0.7993615603227021	0.5554603864220963
1.6495602762331212	1.394666921146549	1.3946218942405075	1.043733312730428	0.7949230175243843	0.7954941785832682	0.5531440472422163
1.6514162681417854	1.3958090300912787	1.3976946807684154	1.0462607208584986	0.79797457920828	0.7996740197580671	0.5560476886861906
1.650099370671115	1.395552751374054	1.396132532296721	1.0452451050942961	0.7975510321908134	0.7994719152483634	0.5590637843295095
1.6498934618550056	1.3935351385190637	1.396579819774504	1.0452359114066072	0.79477010127783	0.7988199925368035	0.5543296860391608
1.6498373087056446	1.3952869732483109	1.394919759013293	1.045223553849468	0.7924302558920142	0.798394422836833	0.5513184200385791
1.6493381242237761	1.3934535166572157	1.3978997948576275	1.0464012446272257	0.7968332394379942	0.7992363684971789	0.5528096126602194
1.6494675843669597	1.391712252345534	1.3929763024498492	1.039666204651857	0.7890603386881251	0.7873945665143639	0.5402195853686887
1.6487815667018226	1.3934763162157096	1.392764236965094	1.0396309667156245	0.7943900972571457	0.7925127356004009	0.5536092992805682
1.6487718439218149	1.3935516389713103	1.3927246085346976	1.0421257056015851	0.7952007551020532	0.7954133408097254	0.5556528735776501
1.6484052678749304	1.3940218797266484	1.3922022951354405	1.0413159722884506	0.7970115620311645	0.7921531028527613	0.5530642030858658
1.6491952183313192	1.3945043590056596	1.3943224759805624	1.0443684895273906	0.7969399810551462	0.7990115720738595	0.5575819542537513
1.6509450986547038	1.396788308288684	1.398267755076649	1.0523505606375723	0.8077837105779526	0.8051332605449063	0.5653377508825986
1.650226244435956	1.3948333356491107	1.395224165327204	1.0459535484656701	0.7994323597454129	0.8001291105191571	0.5631778288820285
1.6490895501976663	1.3932773901218205	1.395657450243699	1.0429677716115526	0.7922052433083566	0.7943917221174401	0.5529126194733837
1.6494354330426246	1.3957607020280076	1.39399458888868	1.0446542580088694	0.7982619440796136	0.7968097765681641	0.5562011621387302
1.6498072455012636	1.3960213794616838	1.3951230209982535	1.0473060688376987	0.7989411901384799	0.8006058627580724	0.5594602903712386
1.6493241019335245	1.3964573923399402	1.3934357959616508	1.0450039088083634	0.7968722021024085	0.7935920576757396	0.5527248414055415
1.6493465829763252	1.3948988324086473	1.3945289887407046	1.0440640740650642	0.7985646108577287	0.7970618776724655	0.5592307667717384
1.650585975218554	1.3956032391142597	1.3951160627434138	1.0437945649375273	0.7973248319641879	0.7961409753349781	0.5550416360015157
1.649299601596405	1.3960863293434305	1.3945509805154002	1.0438368367750133	0.7978180785475443	0.7929299904877994	0.5539990500641757
1.647701467454535	1.394025876093301	1.3915475105138009	1.0416852479825287	0.7901814538612127	0.7901376999788678	0.5456050384469872
1.6477265333825237	1.3903596938268838	1.3918916873804426	1.0361673792191401	0.7868232746230955	0.7845105297047664	0.5403721951495365
1.6488361547751118	1.3928853219108348	1.3939990316890543	1.0414931975298243	0.791713836107502	0.7944772900806241	0.5499128942666651
1.6488600109925884	1.3931838376692942	1.3940708709332743	1.0411995938860599	0.7931685988255257	0.7957303575820447	0.5549399998562051
1.6496619101515388	1.3943460191320052	1.3936244146168553	1.0408247426815767	0.7945775774308235	0.7946670956623633	0.5552061560313972
1.6484108768168406	1.3918501362832687	1.3927037003305969	1.038453851582189	0.7882381106261108	0.7871933417607243	0.543422671176191
1.6490056587744653	1.390566095774444	1.3929692852445859	1.0389552294200335	0.7887960056551041	0.7915006440566702	0.545483554475843
1.6500084450200105	1.3962544289408785	1.394880366193895	1.0457659483628121	0.8002031888482973	0.799430107112599	0.5590572806139938
1.6502774567702236	1.3967476290337844	1.3959081868601881	1.0476566463633885	0.8022219591104447	0.8024113262381679	0.5649388397690485
1.6503163231062532	1.3948387859015743	1.3978782371467442	1.047408696585569	0.7972300925991919	0.8028088056096577	0.5622484703699274
1.6500081236220645	1.3945644820568326	1.3951406369245858	1.0444005588047791	0.7948423993181271	0.7988845075821719	0.5544490915052177
1.6487673151718896	1.3927375062574534	1.3931351174938384	1.0396307407941139	0.7932105945504656	0.7899923749627958	0.5490149036538354
1.6498737525714455	1.396493044324661	1.393692554815462	1.043092250167894	0.7982637462364641	0.7954843045490416	0.5561418005562294
1.6485076489916617	1.3936595927383333	1.3927487536742198	1.0442204673863946	0.7995070105447674	0.7968213174567409	0.5570220591211315
1.6485148260641458	1.392659764426267	1.3922547144461859	1.0402004416300337	0.7900805235830055	0.7924187146843787	0.5504760670571518
1.6491930078288115	1.390956022900346	1.396072050360299	1.0418267690175105	0.7907866659803761	0.7930898915288432	0.5457003351788408
1.6492004569847085	1.3905688617471175	1.3936240123293224	1.0379966566506555	0.7882348065867953	0.7898393489389471	0.547183076682198
1.6481139486558039	1.3903701776094521	1.3938263119695742	1.0399338276506551	0.7923163170128403	0.789086033787653	0.5455125514665261
1.6487206492777016	1.391098635259737	1.395258209138064	1.0399999952294339	0.7914149716123456	0.7909983002942602	0.5478370469884944
1.6490539626214178	1.39411234099002	1.3925503752253265	1.0421514460016037	0.7898997428544868	0.7971652898193291	0.5534703167439049
1.6508271771630287	1.3959573306971234	1.3967013705159168	1.0429790834192862	0.7961099953665562	0.7954719600473036	0.5540987359012278
1.6497695518568396	1.3942724008973466	1.3937924948816842	1.04023513846161	0.7921437466560154	0.7896954842284688	0.5449945973820265
1.6493576389652853	1.3954488628494854	1.3921797100220845	1.040650416471223	0.7904699286573614	0.7900773813303027	0.542966042113915
1.6482594335204108	1.3920780224158527	1.3923274417816682	1.038518660061336	0.787400018170845	0.7893467417953529	0.5463142556792019
1.6493156887209162	1.3960565318880798	1.3957821976911697	1.044394445414856	0.7948384516916462	0.7996150380860518	0.556264688329332
1.6494078648444432	1.393465077529947	1.3949021556649999	1.040987495774176	0.7911950632175296	0.7937509137892299	0.5504195519439316
1.6482507231151373	1.3917611949258688	1.392044550901044	1.0411331268695294	0.7923677371785094	0.7935996502976396	0.5539786424445946
1.64831555138103	1.393319615417452	1.3941140416609128	1.0424217453302334	0.7970167442280095	0.7966984316440965	0.55893737578023
1.6491633135973967	1.3944873326347693	1.3947792502541827	1.0443426536550575	0.8000411651316269	0.8017468131366571	0.565756435504077
1.6500175423210006	1.3958705525050286	1.394559329736645	1.0443721389405052	0.7971287608328588	0.7957406721846351	0.5550428925174216
1.6509593163618603	1.3955822393912518	1.3961487462892128	1.0432588973310286	0.7955139314425095	0.794310620519839	0.5536738184633124
1.6518900740722098	1.3989704350186098	1.397396755508043	1.0493513463410402	0.8032056911755875	0.8003962128879607	0.5602784690446474
1.6529538731665954	1.3973407192796454	1.4010936929365345	1.0480365365533884	0.800603874444489	0.799827603195463	0.5572506752159284
1.651302696132654	1.397590141797339	1.3979245469058956	1.0467946131944723	0.7966748489391128	0.7998584605810288	0.5575548639018301
1.649569225231254	1.395005247018773	1.3972869085455235	1.0470207346375429	0.8014240710711341	0.7998240941135005	0.5565256969914231
1.6503575740315701	1.398446268651304	1.3965563194319313	1.049358502488957	0.8029403723295697	0.8004192161257336	0.5562514463027485
1.6499209061075375	1.3965101891064238	1.3945995921391081	1.0440000118580899	0.7980039539448304	0.7954526669022034	0.5546214658795822
1.6498925886977203	1.3953335977779655	1.393363601346899	1.0426210949853616	0.7951484881363621	0.796060076362502	0.553775412129316
1.6489651078680343	1.3922488739345422	1.3925888595760447	1.0375824390989739	0.7885735923084853	0.7934473206645812	0.5518566687119482
1.6483254769706128	1.3940928873358949	1.391544770218333	1.0395169679332426	0.7908343308057356	0.7929958604656329	0.5498094313725571
1.6486557987841743	1.392341211418606	1.3937482669994443	1.0425269765396645	0.7990689617146849	0.7942245362755903	0.5547912019282842
1.647598213412186	1.3906234545330696	1.391285693221036	1.0363696837843246	0.7885530077093824	0.7882344962589022	0.5494297888140034
1.6458103410218687	1.38684173027048	1.390082470304072	1.034197083848052	0.7840100310719534	0.7838825426047457	0.540868685328977
1.6461396629923277	1.3888063103245845	1.3909662511155598	1.0402518474658613	0.7910547445669943	0.7949542049058741	0.5541737887982924
1.647512707369841	1.3923770909225353	1.391030156859478	1.0385184317486875	0.7932642086704211	0.7862657788670603	0.5492400429115435
1.6471805505231405	1.3917103117743632	1.3902221001339294	1.038199122619998	0.7915306261420691	0.7870139950382345	0.5451652911785247
1.6484739120891903	1.390837277881805	1.3920295753805891	1.037481729807421	0.785746380198271	0.7881690149909741	0.5429008861608259
1.6499103273077858	1.3958533272165592	1.3940769654858023	1.0416884101601507	0.7933817548875085	0.7928903937996189	0.5478573522224264
1.650526474150091	1.396974698151933	1.3957084067016936	1.0469589844639724	0.7957067289240242	0.797782428530646	0.5490575339741265
1.6484079597548735	1.3924668719278683	1.3934805036457225	1.039743261590789	0.7904146721787516	0.7911532522346727	0.5466428153542445
1.6485856198609634	1.3930054687164848	1.3916473519472243	1.040564532162317	0.7946677733496864	0.7910916751853696	0.5542291536429625
1.6482113980213224	1.3924528593505654	1.391310264815622	1.0412829933365935	0.7916704123166548	0.7878325812910109	0.5436050896819807
1.6488490006636078	1.3921079522450421	1.3925110116311814	1.0396303715972606	0.7905394373839538	0.7917216170596153	0.5490852326900099
1.6501513185710122	1.3981721971909327	1.396468161589751	1.0508554085562771	0.80522957589311	0.8060198421577702	0.5672022898520885
1.6500269679887165	1.3951965415927388	1.3957718924801281	1.0447018495059333	0.7998317156005469	0.7993864976234898	0.5630986205445927
1.648405617037735	1.3927534795154088	1.392951635689105	1.0425601142281185	0.7945907121841823	0.7995226642685894	0.5587531217781835
1.6490332981499318	1.3939353664981529	1.3926717584190254	1.0431916433409054	0.7950908250246912	0.7923600287642364	0.5482180862401281
1.6476277168059272	1.39021007891592	1.389568905612182	1.0358584544609732	0.7852877740821874	0.7833792676157114	0.5376005466706162
1.6493644417147226	1.3942104023194712	1.3939121663063876	1.045594863639898	0.7951026258403213	0.7979440059220065	0.5533512643018329
1.6500761758076636	1.3970729103410033	1.3943337941497955	1.0428080388346992	0.793425304632467	0.7897616184451334	0.5479644934191321
1.649751170937946	1.395352282058024	1.3943035123957361	1.0418329935496102	0.7968796641827565	0.7937016031336709	0.5534335694949886
1.6502064809885075	1.39473298326564	1.3967468570852022	1.0470151075103535	0.7978336354184904	0.7991852270386183	0.5563798996827326
1.649863513187208	1.3942751055382787	1.395237093470019	1.0458220821871895	0.7973426180385165	0.7989214452373327	0.5550715322024788
1.649878028119268	1.3964421154267435	1.393433206345123	1.0423848096563282	0.7937048664743777	0.790555883968831	0.5465102180428155
1.649146274739751	1.3941778064351906	1.3956745010016458	1.0455663795942503	0.797961857452384	0.8013364868091143	0.5574217790340413
1.6500467983759293	1.3931972737869183	1.3966881502274002	1.0450103178295114	0.7957320537000913	0.7964384340767227	0.5511310982302321
1.6495306458012884	1.3957383288256324	1.3958607862128245	1.0480118684423523	0.7984010893910468	0.8016374471072627	0.5523582672862934
1.6485184135516118	1.3938484514257024	1.3921996348449002	1.0402906795281484	0.7916095563850724	0.7950029846429246	0.5512410028801641
1.6477318180001077	1.3944424635289334	1.3928862605198489	1.0432651968300342	0.7959594630209512	0.797313205199114	0.5556022006915312
1.6485804667835484	1.3920635120745246	1.3934569676922604	1.0419221624883388	0.7910289355479643	0.792124553668808	0.5490046673705785
1.6480632266175146	1.393990175036678	1.3925997481265273	1.0411104605610146	0.7895154594005355	0.791533620207402	0.5438012057836535
1.649136264966484	1.394891667128805	1.3928275381611492	1.0421456843335644	0.7948534894343074	0.7907917326402153	0.5460656465737963
1.6487660347197146	1.3901928305685771	1.3945822837106323	1.038531395134413	0.7858801428035168	0.7925400021629846	0.543718881655578
1.648978567300342	1.3926291437210763	1.3946629847633247	1.040718703897985	0.787663540257879	0.787560727218357	0.5422288174529225
1.6491621456311656	1.3932317491859392	1.3935368696141215	1.0395026718052465	0.7892564130520947	0.7934460692204389	0.5507033706627595
1.6493225872354085	1.3920914349218858	1.394941229142596	1.0403229275938164	0.7900439829125693	0.7947941653644395	0.5503391684813171
1.649853675307502	1.393675222336969	1.3954659793153652	1.0444428627397142	0.7943897026343406	0.7986660886109634	0.5554891126772549
1.649781275690884	1.3973554895654925	1.396510597826482	1.0480479690161024	0.8050058287489441	0.8024644612753965	0.5665046243272241
1.6502450450630786	1.3943323064087405	1.3956608592304989	1.0426227464578248	0.7936626044955449	0.7936784335866965	0.5523476827712396
1.6492108768822742	1.3940038656766915	1.3928351609009606	1.0440177388616008	0.7964815475988116	0.7932630889018347	0.5537968817160116
1.6488321860408612	1.3935482159627117	1.3923875867158886	1.0436586073989544	0.7963640334336443	0.7950659968086301	0.5531875500141569
1.6497719640443032	1.393740812275419	1.39325463274277	1.040570240223049	0.7886580112556866	0.791675178865403	0.5439172603687957
1.6477239561363206	1.3894690444323012	1.389283434575911	1.0352236406160618	0.7825003970514083	0.788878735549955	0.5446722254799045
1.649323965689294	1.3949072521091261	1.3944020780944104	1.0416805179258966	0.7870150435891038	0.7910895423028093	0.5418465062836871
1.6487386434884967	1.392877566762652	1.3927927234041235	1.039751344858906	0.788438761397917	0.7928581167932971	0.5454634682419268
1.6466559164823735	1.3870129159669127	1.3889233052847267	1.0337947521441329	0.78621447428952	0.7871012684119174	0.5469485725098112
1.6483639376970582	1.3918612034080786	1.3930986661970113	1.0409223387329092	0.7940864305220878	0.7956489796008849	0.5567499681549877
1.6487352522527041	1.3932022394417902	1.39437328249032	1.0457787711468605	0.7974247181818485	0.7993305129163555	0.5564782451594729
1.6495961238812165	1.3944653274271577	1.395139675648496	1.0456681831769628	0.7939696925591971	0.799505442157011	0.5533854799221283
1.6487836494325225	1.3901528327310446	1.3944001529929118	1.038079403890524	0.7892779718400823	0.7887507493777365	0.5467527028075057
1.6484349779521992	1.3946341788945114	1.3938952048228785	1.045714960999291	0.7983427734079775	0.7995191328061599	0.5611682629867306
1.6500289260606449	1.3957506389235084	1.3951953162002075	1.0466232396163637	0.8012577322947431	0.7987711569308783	0.5594337279002713
1.6504496936351771	1.3947032682882112	1.3957345602943054	1.0439819176304375	0.7972658815473664	0.7977125738058591	0.558517296027964
1.6507772810503447	1.39500381943437	1.396810183902808	1.0439950368800817	0.7942925458403952	0.7951074888818249	0.5478592466359845
1.6510553933013832	1.3973342293152602	1.3973562044664938	1.046540456885966	0.8033024279372287	0.7966239056616179	0.5594230401157846
1.6507271963437657	1.3957069189870313	1.3970225586243288	1.0454608208787812	0.8023984549404236	0.7990351213662917	0.5590184139574047
1.6506082347507725	1.3935841374992837	1.3958391978915863	1.0421199217052028	0.7949055275905407	0.7925091609987912	0.5502806324401655
1.649342340359955	1.393581177954817	1.3931486597346012	1.04305901817631	0.7941401229938916	0.795343950329034	0.555825886014248
1.6487251918181531	1.3942933235036008	1.391040976876182	1.038708880599991	0.7903993473926515	0.7865183855469736	0.5425787560635604
1.6490497160035609	1.3916850654502957	1.3908650958095112	1.0355111134303787	0.7895639313733817	0.785534968625926	0.5462760235796069
1.6488861764043403	1.393710311852164	1.3938851894092226	1.0390341567919386	0.7920507193160127	0.790060865676064	0.5456568628375769
1.6491290397088025	1.3907808469380665	1.3935285417368235	1.0367411929957269	0.7842253453998275	0.7875621631435599	0.5438696057098568
1.6486007831237934	1.3925887831018986	1.3914329380054051	1.037961771654081	0.7868217382962355	0.7879070457009378	0.5431527016989087
1.6480981796693577	1.390204144051512	1.391000489454642	1.0348128333709876	0.7855045715508487	0.7846013760896774	0.5404390073243414
1.64898339336022	1.3914601509769646	1.3930093302031141	1.0347766329006591	0.7867214310730987	0.7829429605679339	0.5436927499363068
1.6505125437362278	1.3934545296220378	1.396590047237656	1.0414043376610842	0.7901572608894926	0.7943715081712761	0.5487295654019967
1.6495419455024052	1.3927602810285287	1.3941620988967152	1.04124294422759	0.7929216810530998	0.7916074524298359	0.5492670946757973
1.6512913229557988	1.396064653145773	1.3981774549155501	1.0463977182295907	0.8004459727386705	0.797817434314537	0.5579276469676301
1.6487783930932396	1.3924353281115114	1.3935334355235989	1.0391079321954164	0.7867163969406278	0.7861047381228331	0.5395266123692776
1.6469899069568257	1.3906115778095813	1.3885161872391354	1.035482754015839	0.7841993137889989	0.7814884354758886	0.5380568778861421
1.6481961930830569	1.394516063450669	1.3936713048796816	1.043211632361422	0.7964892387080486	0.7941857195127962	0.5541546711368124
1.6488092424293956	1.391299621070129	1.394567924329006	1.0383977622651304	0.7865524784814761	0.7875650556464722	0.5404148077222733
1.6490861920629591	1.3920005994328701	1.393100985883026	1.0381490240361984	0.7882841856933595	0.787164901081701	0.5429557640295112
1.6488383750163316	1.3951470387762062	1.3932412858565153	1.0426100926725528	0.7937461962879403	0.7959230609769	0.555993488007437
1.6492253832572155	1.3938316346469628	1.3947266930633762	1.044078987126957	0.7973854084768904	0.7977227151012002	0.5580390303200155
1.6496095999389564	1.3936559789414222	1.3971053117599066	1.0466093015901807	0.7996716507306494	0.8031503411409946	0.561688115241039
1.649542826903745	1.394226549804186	1.3959466846872675	1.0456904761481243	0.799437741632449	0.79729848806484	0.555940349117476
1.6497987374722323	1.3927338743749755	1.3923059901468928	1.0401212898534942	0.791810052431735	0.7917080046167282	0.5494518152906686
1.650546034483197	1.3985042715612215	1.3971752081647921	1.0517190333822135	0.8069611799024567	0.8060276155813121	0.5651800464272166
1.6513979764521183	1.398321037451959	1.3982435466850378	1.0520541732215667	0.8065373563637196	0.8087505153264037	0.5689926707026441
1.650553239296783	1.3960862573936417	1.4006104821697758	1.0501295058102056	0.8046819964541495	0.8065944718274262	0.5665287797059833
1.6502906923154275	1.39484494883448	1.3968378872149116	1.0451491472892656	0.7985896624746811	0.7997625538778276	0.5576695181007156
1.6502489259470903	1.3954110621598863	1.3967850959013282	1.0468032671467642	0.7997763928531736	0.7974287448751571	0.5541656098366472
1.6504468358792483	1.3946399507809861	1.3953848538925353	1.0426046890017786	0.7896618913874764	0.7956651548693404	0.5489065580776372
1.6506216893110688	1.3968266480189893	1.3961647975593714	1.046319579320808	0.7978191178216919	0.796659617929774	0.5536597059463506
1.6494729692033203	1.3938218444973813	1.3921402242508183	1.0363432004316426	0.7881337213662055	0.7882335900810454	0.5475378721255256
1.648750011426867	1.3945018475769528	1.3944748801012965	1.045996428437878	0.7992359616154979	0.7985902663117969	0.5544255262151755
1.650565194392246	1.3970576402577457	1.399083066882269	1.0541477249576252	0.8075646189262851	0.813375980014285	0.5722235180285306
1.6509005569834023	1.397229751001749	1.3950760822961559	1.0450612479518537	0.7993480469425824	0.8005300320704104	0.5616093963782528
1.6491672582469696	1.3924436790330061	1.3950130561375909	1.0414133102722014	0.7899603325833455	0.7955028348946843	0.5508943927010744
1.6481356570674743	1.3953284680056661	1.391712492439466	1.0414869564051183	0.7890957182131606	0.7930030830675298	0.5480013228506638
1.648981679147771	1.39284054902261	1.3927913774441532	1.0383571877325852	0.7884766044205698	0.7871708415487287	0.5398862323456068
1.6499675391016808	1.3943315073159563	1.3934753020888315	1.040675291464116	0.7896237262096291	0.7930989253364281	0.5494145660950639
1.64931393071053	1.3963917182979202	1.3928983143184765	1.0455388413826212	0.7989552742940716	0.8007347111251765	0.55953425405919
1.6497484685750397	1.39597402312197	1.3954475843757386	1.0477792083073114	0.8046999348813938	0.8017733729123752	0.5654522776099223
1.650284408485345	1.3966430758906856	1.3940533806560813	1.046266777470883	0.8039607425247554	0.7997602960009661	0.5624895914933988
1.6513181445830363	1.3997208823549776	1.3978614052507954	1.0502162516796305	0.8040459355381399	0.8041980016019563	0.5625014097800408
1.6503243224067308	1.3963853543808717	1.3965238384406444	1.0449997094132437	0.7928673699187461	0.7954181755619013	0.547326415580634
1.6485639395592802	1.3939652118852888	1.3927214408255362	1.041311514806411	0.7908617061788615	0.793011547570062	0.5481076351416121
1.6490300827573299	1.395386999551775	1.3922350601682416	1.0439967920951843	0.7998153306906536	0.7953425807935637	0.5561851230002678
1.6501483529837364	1.3961999371236782	1.3936188434449468	1.043873193532088	0.7959827237769904	0.79704767265138	0.556278756719493
1.6492233415188968	1.3963991552880677	1.3934299501728862	1.0438435982521532	0.7964520166669361	0.796424035634059	0.554029493467044
1.6505267829209604	1.3992094945089832	1.3988957011054854	1.0565645114649012	0.80944869072759	0.8111256662282695	0.5697829886461682
1.6496282368174207	1.3951085295588268	1.3939079798565164	1.0452410209077947	0.7964617949682697	0.7964423414299486	0.554252314186715
1.6498274054702333	1.3958264865764711	1.3944728131404922	1.0435854395853519	0.7961518421130497	0.7948947367154721	0.5544900818685595
1.650259475558527	1.3964302023010227	1.3956902155376856	1.044900363223097	0.7959430721569722	0.7960327668514392	0.5541079860232384
1.648914214892854	1.3918163678423359	1.3927860608672356	1.040978515584279	0.7925902489870232	0.7951824871940385	0.5526987308925678
1.6473250763857379	1.3898502243131337	1.3914306899635178	1.040272000944315	0.7937530026918855	0.7900840557553783	0.5470617091421323
1.649360997782096	1.3935453209795028	1.3941538528026458	1.0425089245868238	0.7945801767440539	0.7931280134747317	0.5510204191698539
1.6502143856178098	1.3948075531296944	1.3950103651290136	1.0436466379012692	0.7942339405166781	0.7944369145025408	0.5504299390590154
1.6513871365679698	1.396826770103331	1.3975209329544231	1.0459582694037728	0.7966730574644295	0.800078237485487	0.5573482058494598
1.6493736644422528	1.3922311684497979	1.3953538596939952	1.0427814706804377	0.7953477795180448	0.7961329346441044	0.5537226791025097
1.6495636726770624	1.3953433918687443	1.395550918924225	1.0444317876065847	0.798289959733887	0.7947272290070173	0.5537987291291868
1.650331385434244	1.396013265497164	1.395651902542444	1.0452264796046427	0.7973943879441551	0.7975455550295787	0.5545472415518026
1.6484902781620037	1.3934155041157996	1.3933302165529289	1.0428758910843052	0.7992992895355621	0.7960191565422291	0.5574752467212125
1.6514272500894986	1.3979305604622196	1.3970529396030738	1.0487614159908	0.8022301317002355	0.7989835915877682	0.5581438205957215
1.6511828904771093	1.3987294157045813	1.397444877208973	1.049476801079798	0.8055201468356676	0.8021339586880144	0.5605512053043776
1.6507279332410558	1.3972505975165597	1.3983250900627446	1.0487349548410692	0.8015819028304344	0.8019031952752794	0.5589115798426155
1.650030609108045	1.3946819294887354	1.3971576597896498	1.0457975485142412	0.7982672638470217	0.8020986851845642	0.5611524633553908
1.651496424336952	1.3977066795236965	1.3982429614887384	1.0486400348254385	0.8023624352495515	0.8016509173958616	0.5597733476774945
1.6507897437225234	1.3978357919608662	1.3963423440747411	1.047959280627681	0.7991507423822632	0.8027589378813698	0.5619763216650898
1.6509642408135574	1.3965012731211617	1.3957717753209435	1.0452086639938498	0.7956974650391714	0.7921850871541786	0.5488052030686913
1.651093200785925	1.3981375902130109	1.3959063802839236	1.0460561952911747	0.7977600544760617	0.8003701420331125	0.5552261046062353
1.6499879669280564	1.397753297091576	1.394994138230869	1.0485786168436728	0.8016530210521285	0.8054698546132424	0.5606296475351729
1.6502114353698607	1.39696564761032	1.3950785630621916	1.0474215655741033	0.8001916329070494	0.8011613397792118	0.5604053289904639
1.6491884261587462	1.3939972832895824	1.3940514337639127	1.0433263958068295	0.7971731809990565	0.7957212744343641	0.5583379147812465
1.6490304749565998	1.3944916850302083	1.391998476190457	1.0424227724732862	0.7963008531050623	0.7911344197099547	0.5505641726341789
1.6490640019614045	1.3941711531035061	1.3926823548219989	1.0422166425529833	0.79444121249793	0.7942685581941769	0.5540156078012011
1.6496348490095611	1.3967697286605123	1.39208561425911	1.0435430898533269	0.8005662117261095	0.7952156348901419	0.5553554222349014
1.649288839110011	1.3936482382362643	1.3964198263709668	1.0440684026531226	0.7976588199118416	0.7988206252269583	0.5586893059700887
1.6498789946332753	1.3935022911850201	1.3950982543503319	1.0403261383211564	0.7909775698165419	0.7877171916088533	0.5439954324091447
1.6486337297528546	1.391413797654349	1.3941115562547093	1.039731917978301	0.7879437772195156	0.7905645304841679	0.5430894357507543
1.650466512468017	1.3943359056713085	1.3963506937867596	1.0431103509540716	0.7947564498483155	0.7965201755624275	0.5514578720673337
1.651101152167785	1.3989039234282197	1.3992571060961616	1.052771349239994	0.809292626978365	0.8085233286899435	0.5689352944377364
1.650410085510772	1.3982436335108914	1.3957620703002138	1.0490396323374263	0.8036364333452873	0.800497118050956	0.559723581971571
1.6483350405935184	1.3918777773617246	1.3938412437738619	1.041820678776676	0.7921359044340205	0.794378299133729	0.5505731964256487
1.650166610132416	1.3949051092916929	1.3942331138228858	1.0401917940119116	0.7902792644955084	0.7905194460841699	0.5478747107592105
1.6502367459707845	1.3958189550333395	1.3965603753216929	1.0451206579168097	0.7971657094393761	0.7964958462553756	0.5521055852510516
1.6501893314791565	1.3972951625870718	1.3965739187113773	1.0478739363401446	0.8035600271787761	0.8010264947641491	0.5589039629549785
1.651104864246819	1.39511998393916	1.3979156639902424	1.0467469657227086	0.8007392115565537	0.7990021414775699	0.5598474326106225
1.6495203723308256	1.395749140763413	1.3954920208564372	1.0469217810950422	0.7945296212360464	0.800490691077257	0.5543944489405886
1.6493040748267802	1.3943615602898791	1.3940218444404076	1.0422157650100015	0.794651559273022	0.7926740270744413	0.5509703095543944
1.648460938049415	1.393606695311744	1.3934864053726088	1.0447791273303095	0.7947728840768074	0.7963469138771343	0.5490236854116545
1.6481301967647533	1.3907645356475047	1.3932222697765368	1.0411035863211753	0.7943147239240375	0.7926560882043011	0.5518165333450221
1.6490121927594676	1.3938711473448648	1.3928335692178537	1.0440801371289314	0.7979522288307642	0.7954050866338632	0.5534652673830814
1.6473803554562572	1.3934329499686093	1.392327951698191	1.0446796474540954	0.7966769798726858	0.7962368748235983	0.5551787680626262
1.6497254281505527	1.392296412480788	1.394083752601892	1.0389687149487157	0.7950563030826435	0.7861197368806327	0.5490104257632736
1.6497014068365026	1.394576675270496	1.3969897098710244	1.0438435470443397	0.7990951879751048	0.7952432981412224	0.5557257053466934
1.6510355497561793	1.3972721391653522	1.3979997871031928	1.0477830428406298	0.7985682784548259	0.8000532630374361	0.5539807117390961
1.652072761873769	1.3986688256685875	1.397939116350699	1.0482005871329614	0.8050566880704161	0.8042227495327449	0.5675450298195608
1.6515039368106794	1.3984356427600264	1.3972662679947445	1.0497591371902637	0.8045365711494092	0.8052513324430367	0.5669773235134152
1.6515164657007873	1.398715012386618	1.3966601563687349	1.0482546061220028	0.8013151667236418	0.8002878448562726	0.5601944250758409
1.65186492205593	1.3981653655055626	1.3978471985192298	1.046742966041953	0.7956993613243478	0.7993670443445341	0.5560498007077345
1.6511929009993211	1.3982874649443406	1.3985137787567885	1.0501883633465665	0.8026764761907225	0.8038339717669444	0.5607200347774074
1.6512879745429274	1.3999221935368737	1.3968027329861448	1.0497692730296846	0.8054346800744674	0.8069858140925867	0.5646898487935644
1.6522612298706587	1.3976078050853316	1.3973666289681388	1.0452680896552184	0.7982277188489205	0.79743130315341	0.555109486192557
1.6503696748024297	1.3975397365268936	1.3939366422392763	1.0448071328028308	0.79801924669149	0.7973267409100258	0.5540588547376678
1.650833350258293	1.3988706318034552	1.3951230896697868	1.0483499165062289	0.8031267754682695	0.7970570691428364	0.5569145774424923
1.650292769431693	1.3942012270541622	1.3944649826043778	1.0432773213229145	0.7970346395421483	0.7956233932542337	0.5506227070238988
1.6498982110710012	1.3947186135622873	1.394724320007401	1.0411069427558706	0.7930893366389901	0.7928736647178082	0.552127167985711
1.648177187765367	1.3923250134641438	1.3907136011081214	1.0388842541233418	0.7899009563355532	0.7894417293209232	0.5449081219154187
1.6475594198453887	1.3914153516468772	1.387542178059291	1.0315258993947698	0.7803051604198169	0.780786038265391	0.5358938518283288
1.6482057097077494	1.3933323014673487	1.3919441647746236	1.0390326369089957	0.7895988115724043	0.7930362793278961	0.5506740095891438
1.6477970146861693	1.39255055234448	1.3914177541470893	1.0396206102668637	0.7917418146077541	0.7931374054708193	0.5561104543251507
1.6490802070599333	1.3944613105714125	1.3939819746016218	1.0427372981073895	0.7891535926976738	0.7937522935645207	0.5459983307034186
1.6493331288590738	1.3927002366852455	1.3952886867955077	1.0429474130426508	0.7973319502204409	0.792032306366638	0.5500708676064213
1.6482065843567586	1.3921817487382944	1.391736621182319	1.0391472477279098	0.7916114044794709	0.7875923990059569	0.54554589262511
1.6494169520972328	1.3938876399831408	1.3948607851508228	1.0446922579150695	0.802465185748532	0.7985814224007278	0.5641275245874229
1.649690070600763	1.3944885560128466	1.3949604689835684	1.043791552719367	0.7991755120453036	0.7961344624403837	0.5606498401043646
1.6497824652607112	1.3956415928667603	1.396203673604039	1.049147308257823	0.8033734737716239	0.8055203893044399	0.5644164065069478
1.649754023667408	1.3956895199438752	1.3945842937024138	1.047154890282232	0.7994700479177167	0.8022799133309965	0.5589299285969392
1.6495627719834325	1.3954840897597958	1.3954770686145357	1.046370907636918	0.7980750656929647	0.7974569724986855	0.5547398504662783
1.6490144186005578	1.3939832622217978	1.394148076095842	1.0416212532180054	0.792006165926954	0.7917096693051665	0.5491745077773075
1.6486743599008526	1.3948966053475569	1.3948163380331728	1.0478116805192736	0.7991191198064111	0.8018896411113863	0.5586009949888133
1.6500461375047462	1.3947071679178855	1.3967314344954793	1.0452327578279075	0.8011333859254841	0.7956756833090918	0.556190785540378
1.6507842414989329	1.3981854119468924	1.3956669213785704	1.0465370309783837	0.799864326688863	0.796963217258031	0.558130776995981
1.6499339562485733	1.3955263850759358	1.3964609018830945	1.0483209182077375	0.802463059787292	0.8014919745411248	0.5620026249104774
1.6485631385120414	1.3942633917795373	1.394657583010651	1.0451592384727795	0.8005931860321178	0.7967710074892863	0.559035631793745
1.6487967989490888	1.395501741733086	1.3921989152269036	1.0455167280768831	0.7995875489382961	0.797424687518521	0.5575820690297929
1.6487127219126163	1.3907580421011254	1.395057597695315	1.0401261577671448	0.7903700671040288	0.7901512440360537	0.5462991729869656
1.650001321782334	1.39517818170068	1.3945089238522002	1.042548377814806	0.7915485676332459	0.7934260460211048	0.5475243223443802
1.6502185424951399	1.395809766218499	1.3938725765481006	1.0412853484258757	0.7940663791522472	0.7912476291365463	0.5508326785455506
1.6512236510991072	1.398003146794492	1.3989431903960377	1.0501738732945183	0.8069489262093029	0.8021604831761966	0.5635879525484135
1.650579370383231	1.3956618839680697	1.395077417251733	1.045234425409182	0.7957105394583396	0.7935834940682979	0.5499996170623657
1.6507883665899283	1.3971574758287726	1.3985317753605766	1.0477353137579237	0.7993888889146689	0.8028801900996547	0.5625299152281512
1.6510398252636245	1.3980972555944067	1.3969339086951915	1.0494611434848522	0.8032903066634773	0.8026731286985916	0.560977264698434
1.649730135105841	1.3943572267899933	1.3964339930401042	1.0421337794224497	0.795555282854127	0.7967977090258782	0.557637580960593
1.6493558377087825	1.3939135266616811	1.3942439100090607	1.0432355862591978	0.7931083587065849	0.7954553606016662	0.5500221009609553
1.649958279822206	1.3944691073279134	1.3953466743719662	1.0440904564958957	0.7913611128161895	0.7945044349379105	0.5462669416803257
1.649169182395667	1.3937530591093268	1.3940007745280756	1.0411744018365507	0.7904509940669183	0.7887620723543134	0.5440768831233178
1.6493748797079026	1.3927773047027394	1.3933205972072351	1.0376416480041575	0.784135935473063	0.7883993028933799	0.5391528906663492
1.649635807891615	1.3947909909190532	1.3945344360113807	1.0432955660839418	0.7938740472090827	0.7925598789134355	0.5501770774704408
1.649287046432953	1.3933418620837699	1.3957261763651714	1.042430331638127	0.793627766857013	0.7952471410022977	0.5509050717780782
1.6504342093371	1.3971151635529864	1.3967561332056488	1.0460577093123067	0.7989259566225324	0.7993861000982588	0.5561694353163356
1.6507474039861751	1.3972891084717431	1.3976007007130586	1.0510905713895502	0.8026991885701141	0.8025783319986459	0.5564164672060273
1.6491133650754612	1.3939935688139584	1.3948922356752878	1.044807028228065	0.7959251486555443	0.7960572494870037	0.5503510486424141
1.6506250707093673	1.3949027776350287	1.3958305281581322	1.043595879081521	0.7959699891841505	0.7926573922952644	0.5484049349399642
1.651168049901104	1.3974909322333493	1.397563714610415	1.0488753286386558	0.8010098745851276	0.8031453549986737	0.5629395388014106
1.6500699923134077	1.396706465554401	1.3936824862893322	1.0435210718890555	0.7943431439063874	0.7923009858865102	0.5501081080078302
1.6501800922000591	1.3981584460770977	1.3962846963247728	1.0475978266071964	0.7972454898975286	0.7957772054696596	0.5498576457573771
1.6495407716810682	1.3956640650065408	1.391348099966524	1.0386436737842228	0.7902951897511935	0.7883627626979792	0.5441545826195643
1.6487394717927195	1.3932388429488902	1.3938810369651569	1.0422692995429423	0.795040923685777	0.7952879651333404	0.5556955083623482
1.6509195442518072	1.3968772720621458	1.3989207710115028	1.0490993530852573	0.8024771173770943	0.8063546188298739	0.5673108752462813
1.6500919795442772	1.3952309202290862	1.3954515785231114	1.0463281442552514	0.8037880764527117	0.7989633439351925	0.5656830368942329
1.649549275054521	1.3945628714802707	1.3940071415341349	1.0423721157833172	0.798436378840362	0.7924696169202785	0.5543576407680885
1.6507375263455712	1.3960872546023892	1.3947605951442414	1.0430449963995787	0.797345838623703	0.7911147424281771	0.5519860832925109
1.6493477932863527	1.3933109817664124	1.395252930042852	1.0402764565644729	0.7898531330029108	0.7891662374755323	0.5457664649704498
1.6459829951332337	1.3886252252830795	1.3889481605161083	1.032237526415889	0.7794066791900338	0.7799874935825756	0.5336755869513845
1.6476363700531467	1.3906446679743667	1.391570750531545	1.0394042628409434	0.7893154488072137	0.786033578672264	0.5416721931542444
1.6480496918711598	1.3915544563110525	1.3930690237607326	1.0413860987680654	0.7909142775342048	0.7940124194393688	0.5493682181857947
1.6473135991957975	1.3906943729669823	1.3901986220813007	1.0400342286346123	0.7884983853444552	0.7894496711924858	0.5427413375715572
1.6490469526131484	1.3933620856084676	1.3954154238000356	1.0455299612552997	0.7958310619246283	0.7988077951939753	0.5521134178927946
1.650263657872302	1.3940651722137298	1.396479248253527	1.04459433816114	0.7997844461813286	0.8000733351327377	0.5615216183139448
1.649758943658158	1.393339828850837	1.3939830074987907	1.0394849595200553	0.7922730363165608	0.7939723243367615	0.5535475250363122
1.6502003940604268	1.3948580119751963	1.3959977039014673	1.0464424981952967	0.8016816832315193	0.8007484870775903	0.5608866906142401
1.649205714692658	1.393959284113772	1.3933483873685268	1.041882161211549	0.7964285752512262	0.7966109522179948	0.5621980753287086
1.6484099180706089	1.391901649643735	1.3919938158057732	1.041485683699383	0.7966249958399167	0.795246956995328	0.5582483746894771
1.6490262960561484	1.393734255086688	1.3938870050630339	1.0431044426035492	0.7947480359284057	0.792943399881601	0.5506928831073216
1.6492925851217743	1.3945314188495688	1.3921878211602052	1.0396811708109241	0.7913793506696359	0.7928388300065099	0.5491141092321979
1.647225892017233	1.3922431411186478	1.3915504717798817	1.0404017611319096	0.7911700191424962	0.7930896736429632	0.5475924167635914
1.6494627527401542	1.3947259739787008	1.3938801811146375	1.0412372651671733	0.7934592156811394	0.7897037486385486	0.5492790582289544
1.6485972918430303	1.39265130090186	1.392058257277439	1.0386772052184863	0.7935073380347553	0.7925371159797664	0.5539736788210291
1.6495228001165856	1.3954188856825518	1.3949183181390465	1.045954313838613	0.7994395028740627	0.7975925538783583	0.5558646687721414
1.6492035180970908	1.3957444058923418	1.3924871661106308	1.0441987694853248	0.7965058239912324	0.7983579913400273	0.5554061192614372
1.6482787516872783	1.3933664729982145	1.3924860684759024	1.0436370433718398	0.7955282950572414	0.7957633564121083	0.5562944244826377
1.6487969045749933	1.3910922015276046	1.3908709737763136	1.0373609293712447	0.788745837145822	0.786361619418008	0.5441425864853583
1.648819812380762	1.392718419299663	1.3933158082763208	1.0389644245634575	0.7899876859540518	0.7903593032180734	0.5472752485690331
1.6484021401712632	1.393424212682202	1.392002034726014	1.0394928486414758	0.7943112955918786	0.7895997558461157	0.5511884950325361
1.6491001721490328	1.3959500370653257	1.3929624987575442	1.0436393524341718	0.7980992392923634	0.7962540071327163	0.5570407024598386
1.6489501412909622	1.39409772351996	1.393487606815972	1.0429272170732733	0.7959708301029343	0.7919547630978184	0.5511065587360909
1.648676034940489	1.3930631837186749	1.3933389147063722	1.0415971747064405	0.7973505761164511	0.7935654223607528	0.5565692102044365
1.6497384727220197	1.3954909088057388	1.393371186630281	1.0433014330968586	0.796135023440789	0.7939129195360256	0.5526809570307605
1.6502224945383566	1.3962634099871611	1.3967142120061051	1.0471197505008523	0.7966133013737319	0.7973264976571218	0.5530834041192064
1.6502048732908146	1.3934288166239954	1.3951556910580998	1.0410121248247335	0.7904282785468612	0.7944631236627274	0.5501421617036442
1.6501825524401965	1.3965745570398607	1.3964322937359857	1.0491743216990248	0.8038463509065661	0.8030899661223548	0.5623505432274912
1.6508135597632052	1.3960683317147595	1.394598249653077	1.0434250163847032	0.7982509905437638	0.7948751693445203	0.5546240610469076
1.6498842556551603	1.3972772798816981	1.3938263725416193	1.0432019479472237	0.7950810292256377	0.79505840083803	0.5499081376556694
1.649337255231547	1.3942750611019228	1.3927424752427726	1.041106690975696	0.7944812939955413	0.789674574447287	0.548594929870665
1.6477251697327375	1.3925769642224635	1.3912131593929828	1.0398662408946635	0.7885493772693396	0.7918435148005386	0.5443648438048867
1.6470372852815565	1.3926977914910699	1.3917469672891762	1.0442375645666964	0.7980606024592171	0.7975233415688224	0.5562967656738276
1.6480804806749478	1.392729601267684	1.3922516540567873	1.040198557116411	0.7874018494916002	0.7900707761207167	0.5444596467375035
1.648896571499119	1.3903478278119492	1.3928482443015582	1.0362210320748562	0.7852086041686488	0.7886721087508485	0.5476609923277195
1.6498969830816745	1.3945789929506531	1.39491776364706	1.042132347624553	0.7953972664262454	0.7913601025707336	0.551996523026696
1.6493950880042851	1.3939257572794448	1.393866269916753	1.0428460224064287	0.7978282589607546	0.7969625352848713	0.559992293565465
1.648488631351486	1.3911580711124538	1.390299864103339	1.0385777215845873	0.7916388800008686	0.7924714985303432	0.5542009881512685
1.6486834308448362	1.394960998933537	1.3925370755088486	1.0430258262810375	0.80041515634657	0.7966545600830898	0.5595856035329457
1.6493834479347333	1.3941209517389492	1.3949791896055006	1.046344575296839	0.8003769308358519	0.7984104244182482	0.5574266025622742
1.650252757728276	1.3969447785402842	1.3943414735650956	1.0455796803973443	0.8026780795469679	0.7955126229069881	0.5569785157280508
1.6494735261267541	1.395022550133329	1.3936726235370667	1.0440039287081395	0.7940705189238201	0.7940625705034159	0.5485607951538305
