0.547760169337517
0.5478074672923289
0.5473804182290208
0.5466669349451277
0.5504332426936684
0.5482070040062829
0.5462263976805539
0.5476181578179905
0.5466157871344737
0.5479833227522575
0.5449271357211753
0.5447589526889165
0.5485943714640567
0.5502536279377808
0.5455919990288434
0.548497988924382
0.5503651402350497
0.544938003858771
0.5453649287906337
0.5493860517545025
0.5487312219526865
0.5514809074760174
0.5506945356146332
0.5469939346151997
0.5539066349771888
0.5488646959419701
0.5500195551734908
0.5495871511046974
0.5536622837609904
0.5498658115122651
0.5535515304560507
0.5539144355539265
0.5531003415241473
0.549360123909367
0.5505224398384015
0.5489472792789961
0.5471563016538945
0.5513196513689052
0.550152117715527
0.5503926953810732
0.5507578784469273
0.5511094175074317
0.5481088901109814
0.5504381703174855
0.5547223718014496
0.5534531055451891
0.551962020591625
0.5468912457195991
0.5523760263158171
0.5486167035814178
0.5503585601031795
0.547776225816238
0.5494203499225983
0.5496378877504935
0.5475008600781819
0.5509102805284163
0.5433777155023376
0.5461388410315118
0.5490806392310779
0.5496147306619935
0.5513752195769813
0.5477960966181841
0.5505753754188376
0.5537204382467126
0.5550230405508497
0.549481908011561
0.5509900855683121
0.5477535704269032
0.5492380507437058
0.5594431518016403
0.5528816865898155
0.5531140690006201
0.5531661617242204
0.5532836866636951
0.5520462415363909
0.55114932221981
0.552254562356995
0.5541280289920266
0.5516155947025803
0.5508683748350391
0.5495247344500152
0.5526738010702025
0.5492104403606515
0.550045177628607
0.551557961511379
0.5504952620000667
0.5569505778349111
0.5560340978816196
0.550003609106988
0.5496451038218508
0.5550288568549435
0.5518196914677572
0.5509161073437794
0.5524341789729861
0.5533544513098996
0.5534597524720368
0.5479565735460239
0.5542879792304293
0.5476311061671058
0.5434416217409426
0.5442091679358122
0.546207647682132
0.5508655596347197
0.5514267008270606
0.5518980068456105
0.5520802343061735
0.550269365794777
0.5499578532061133
0.5500796790910918
0.5454292472800608
0.5534607369472568
0.5511045532249719
0.550917052786448
0.5519576371718742
0.5491011857957384
0.5478091921344294
0.5514892115389811
0.5526571730284773
0.5501041987351056
0.552329873162854
0.5480053541423177
0.545312094122506
0.5448829677740414
0.5460473818572686
0.5487665699785819
0.5507805943031892
0.5527136207756047
0.5520034357755152
0.5539368745629855
0.5517290922630096
0.5460145358322744
0.5525231541450535
0.5518238725699405
0.5505988718922867
0.5510638543069581
0.5446134548421783
0.5461565831032936
0.5535842226951979
0.5447679178488065
0.5454487711629157
0.5479979088122112
0.5453907285072805
0.548766630259012
0.5472759227709778
0.5496383338792655
0.5482423248722417
0.5467951355806734
0.5500606866149373
0.5537028761837188
0.5521789123523528
0.5551829591355147
0.5559275336222858
0.5540207139876423
0.5541824116407649
0.5518292110681337
0.5533544596796047
0.553459570034551
0.5435142040308145
0.5494116405806635
0.5461470767811099
0.5528614318740607
0.5503277705857129
0.5438488763245576
0.5520766968624079
0.5480163327326968
0.5456512499385108
0.5492652555205236
0.5513008931508747
0.5495446551296532
0.5516813431968712
0.5539976330062377
0.5531171472135417
0.5482981844720933
0.5480158380870443
0.5475096942217939
0.5453483026451715
0.5504558508673877
0.5555718138548655
0.5502189105275654
0.5482802622892318
0.5511365119212964
0.5459466626866569
0.5524499504142162
0.5487075491427613
0.5471944314177137
0.544831229487738
0.5447055699970569
0.5435930388535368
0.5465247801099262
0.548000233183445
0.549770065479809
0.5477356030394724
0.5476183064973346
0.54533695549531
0.5446822003895234
0.5471567678353291
0.5477170691738726
0.5551328262446487
0.5500792311507251
0.5519064007305783
