0.44916539143219
0.45199291970024946
0.44578575125795783
0.44794663634932186
0.4539508798736783
0.45068913953590295
0.44793135300222264
0.444943219336716
0.45113341290587294
0.44989739381122584
0.44367903791518915
0.4453856614082025
0.44301078733861066
0.45098763897752575
0.4446981840036336
0.4516266415718478
0.45038202467488203
0.4461573396956595
0.4481047859228889
0.4536547676978532
0.4549771969341122
0.4489147567494482
0.45255686226608005
0.44859028003331314
0.4576269142604922
0.449527996725963
0.45279205573795106
0.4499608319549913
0.4553905403428887
0.4469447291853758
0.45619202614433774
0.4622025556315236
0.45767397624356077
0.44877343613711207
0.4533910718519313
0.4484228926644874
0.4462788638962148
0.4491254042598347
0.4484891038571124
0.4499241537795461
0.44716280017339227
0.45247639284393115
0.44879539302697674
0.4507062516680257
0.45905207054911157
0.4550077266038818
0.45111528793901595
0.45017386818176575
0.4511738968992104
0.44531851076628826
0.44613839239400566
0.4496298463197374
0.44593251042064774
0.44806877227027503
0.4456419195643152
0.44328726491333215
0.44313545263427717
0.44126753450971
0.4449368316443095
0.4490057865187972
0.4509059567182382
0.4460517563772636
0.4543811080050977
0.45506153653818404
0.4492309163724561
0.44925633982295066
0.4518638882247712
0.45077325345834995
0.44911371917137977
0.46016869603314603
0.454287021433461
0.45579413455693407
0.455660045385498
0.4573998302076112
0.4525499784917131
0.4518970020306715
0.4555137071632562
0.45042026959521186
0.4513359661432106
0.45285959716481833
0.4486046511758919
0.45265428859613943
0.45343340559506373
0.45138647369985574
0.4551647467414746
0.4535726301013136
0.45845601575120487
0.4532924483576054
0.446768619459908
0.44822169191575467
0.4529983489874705
0.4543675054124958
0.4492399191627373
0.45375158188949993
0.4516552860252543
0.4530044388409561
0.4516570616994608
0.45646471441950964
0.44828567025821947
0.44611125382500244
0.4408999584568818
0.45052983523462187
0.45495789386697477
0.4538089053163355
0.45100045585090726
0.4485974816839151
0.4497181014891385
0.4538670124879205
0.44213774748600926
0.4425315545944396
0.4574225485267144
0.4496238261837136
0.44884315050952905
0.4557338836680541
0.4496264134942169
0.45473323211664396
0.4450980176071858
0.4480812578935939
0.4522000357517471
0.45462046352304086
0.44913535689865114
0.4429831366670749
0.4495334132280404
0.44375958587025066
0.45095120836481567
0.45164725417960494
0.4555244391650547
0.45570495876809314
0.458358112338907
0.45717072756858645
0.4482241665736937
0.4530166303779733
0.44928176430992073
0.4517144023816253
0.45878571362812126
0.44795750237560616
0.44714634214078397
0.45898941919615843
0.45241849977294435
0.4450783189645421
0.44409978044179066
0.44518899697774117
0.45285445973084804
0.4479170350886275
0.4499723552121164
0.45190997479198736
0.44842221133339333
0.446623119174687
0.4572911724431178
0.4542808026801992
0.45361890358629586
0.45797623387007397
0.45733256660016863
0.44981613000834597
0.4500040691838165
0.4520780500662408
0.45884883899620704
0.44779089087207347
0.45340427005861395
0.4536801761216902
0.4505682870727042
0.4550023114669148
0.44730042128790504
0.4494862275031523
0.45403242597871013
0.44488464618614837
0.4486843870373547
0.45273822542618697
0.44709556635867337
0.4486810848028677
0.454445670264794
0.4525811440289354
0.4561274970037249
0.44977142865749026
0.44656951299550535
0.4455062981172485
0.4517081095687846
0.4573681901949239
0.45238016372615864
0.4497602591466602
0.4516051560214651
0.4436968577215783
0.44766512381073836
0.4539424366933633
0.4484925497823482
0.4443573230044141
0.4451068861435531
0.4459063273746678
0.44272168473991913
0.4476499312186303
0.4458979070298028
0.44410576493671844
0.4474109807721196
0.4463047629274117
0.4434561052738218
0.44417433197077644
0.4515971178824
0.4566736034118748
0.45072825023955326
0.45271048254541935
