551092
553842
556609
559372
562134
564891
567651
570421
573171
575930
578673
581423
584152
586860
589629
592397
595165
597947
600688
603448
606194
608938
611663
614423
617183
619948
622745
625499
628248
630964
633689
636438
639188
641955
644721
647474
650227
653007
655745
658526
661300
664060
666820
669618
672383
675156
677912
680683
683439
686175
688926
691664
694412
697184
699942
702693
705453
708232
710968
713717
716484
719228
721961
724739
727532
730299
733071
735818
738567
741289
744023
746793
749528
752301
755058
757829
760602
763383
766117
768905
771650
774407
777169
779918
782671
785433
788176
790960
793708
796489
799260
802024
804744
807525
810305
813081
815833
818594
821384
824161
826903
829645
832421
835158
837909
840665
843388
846176
848960
851706
854481
857235
859993
862740
865494
868241
870999
873743
876507
879260
882017
884770
887552
890320
893086
895825
898558
901329
904095
906830
909583
912334
915094
917889
920669
923440
926199
928920
931657
934419
937156
939922
942705
945411
948160
950908
953679
956411
959149
961907
964634
967420
970169
972929
975680
978436
981168
983927
986684
989436
992216
994965
997709
1000452
1003217
1005996
1008738
1011488
1014251
1017016
1019747
1022545
1025300
1028066
1030864
1033635
1036393
1039155
1041894
1044664
1047400
1050132
1052904
1055661
1058419
1061178
1063946
1066704
1069467
1072215
1074997
1077745
1080525
1083284
1086037
1088788
1091563
1094326
1097068
1099821
1102591
1105332
1108073
1110808
1113575
1116346
1119066
1121812
1124584
1127305
1130056
1132797
1135540
1138277
1141006
1143793
1146558
1149327
1152064
1154809
1157564
1160339
1163088
1165856
1168618
1171355
1174138
1176867
1179644
1182443
1185191
1187958
1190720
1193476
1196255
1199034
1201801
1204581
1207350
1210112
1212898
1215655
1218388
1221164
1223917
1226679
1229445
1232225
1234970
1237737
1240475
1243220
1245994
1248725
1251489
1254242
1256996
1259764
1262526
1265288
1268052
1270829
1273618
1276386
1279130
1281849
1284600
1287356
1290120
1292866
1295624
1298391
1301180
1303929
1306682
1309426
1312223
1314982
1317749
1320518
1323250
1325987
1328725
1331513
1334278
1337034
1339793
1342532
1345321
1348085
1350843
1353600
1356326
1359101
1361873
1364634
1367403
1370176
1372941
1375706
1378465
1381220
1383987
1386741
1389517
1392265
1395029
1397786
1400528
1403288
1406066
1408836
1411606
1414386
1417171
1419955
1422681
1425452
1428199
1430985
1433743
1436500
1439227
1442010
1444779
1447537
1450321
1453081
1455820
1458569
1461349
1464103
1466837
1469606
1472363
1475117
1477894
1480643
1483385
1486157
1488922
1491672
1494422
1497199
1499979
1502758
1505498
1508261
1511009
1513754
1516534
1519270
1522045
1524792
1527570
1530343
1533108
1535891
1538638
1541408
1544170
1546955
1549702
1552479
1555209
1557966
1560723
1563489
1566282
1569058
1571817
1574572
1577331
1580077
1582839
1585602
1588349
1591097
1593862
1596624
1599377
1602119
1604880
1607645
1610422
1613179
1615951
1618677
1621398
1624143
1626900
1629664
1632417
1635171
1637916
1640654
1643395
1646131
1648896
1651640
1654365
1657108
1659834
1662607
1665327
1668074
1670826
1673584
1676352
1679131
1681897
1684644
1687411
1690157
1692899
1695628
1698389
1701134
1703886
1706633
1709393
1712157
1714900
1717652
1720435
1723223
1725970
1728743
1731500
1734225
1736983
1739734
1742508
1745260
1748020
1750772
1753510
1756255
1759008
1761791
1764511
1767276
1770060
1772834
1775592
1778354
1781120
1783864
1786636
1789384
1792164
1794939
1797703
1800469
1803207
1805993
1808773
1811523
1814290
1817067
1819860
1822601
1825366
1828143
1830930
1833660
1836414
1839189
1841939
1844709
1847461
1850228
1852963
1855736
1858516
1861267
1864037
1866795
1869594
1872358
1875141
1877878
1880651
1883397
1886138
1888887
1891658
1894403
1897162
1899916
1902689
1905462
1908238
1910986
1913739
1916502
1919254
1922014
1924783
1927546
1930294
1933058
1935838
1938551
1941322
1944082
1946842
1949591
1952352
1955088
1957829
1960580
1963289
1966051
1968830
1971591
1974329
1977083
1979837
1982581
1985296
1988047
1990773
1993524
1996308
1999047
2001789
2004549
2007302
2010061
2012805
2015563
2018316
2021105
2023883
2026646
2029395
2032154
2034903
2037648
2040412
2043162
2045929
2048696
2051438
2054169
2056940
2059701
2062490
2065280
2068053
2070802
2073575
2076356
2079104
2081850
2084613
2087357
2090131
2092897
2095676
2098450
2101234
2103981
2106742
2109504
2112279
2115023
2117807
2120569
2123319
2126104
2128868
2131625
2134378
2137148
2139901
2142653
2145413
2148150
2150913
2153664
2156416
2159190
2161943
2164725
2167461
2170209
2172995
2175751
2178525
2181296
2184037
2186800
2189572
2192326
2195091
2197861
2200620
2203386
2206119
2208896
2211654
2214418
2217183
2219956
2222714
2225460
2228214
2230982
2233711
2236476
2239229
2242004
2244769
2247540
2250295
2253042
2255791
2258549
2261296
2264082
2266844
2269603
2272351
2275108
2277900
2280669
2283436
2286196
2288938
2291674
2294462
2297246
2299989
2302734
2305496
2308248
2310989
2313740
2316499
2319230
2322011
2324766
2327540
2330275
2333033
2335807
2338543
2341289
2344071
2346843
2349617
2352379
2355165
2357925
2360686
2363429
2366147
2368904
2371662
2374404
2377177
2379947
2382690
2385483
2388246
2391020
2393776
2396544
2399296
2402037
2404773
2407548
2410328
2413100
2415858
2418637
2421389
2424148
2426880
2429637
2432418
2435180
2437949
2440710
2443459
2446230
2448989
2451720
2454498
2457251
2460024
2462809
2465579
2468340
2471123
2473840
2476629
2479397
2482169
2484913
2487697
2490460
2493201
2495978
2498710
2501475
2504222
2506976
2509750
2512494
2515245
2517982
2520715
2523515
2526304
2529039
2531786
2534546
2537332
2540084
2542835
2545625
2548348
2551103
2553895
2556667
2559425
2562214
2564978
2567719
2570481
2573247
2576008
2578766
2581552
2584306
2587081
2589812
2592576
2595363
2598108
2600859
2603597
2606351
2609103
2611871
2614614
2617396
2620174
2622943
2625704
2628500
2631255
2634055
2636852
2639598
2642365
2645135
2647904
2650639
2653397
2656160
2658922
2661673
2664440
2667182
2669969
2672705
2675441
2678209
2680974
2683748
2686525
2689290
2692061
2694788
2697552
2700306
2703049
2705795
2708550
2711324
2714049
2716826
2719596
2722358
2725119
2727895
2730662
2733418
2736176
2738947
2741732
2744484
2747225
2749988
2752757
2755520
2758299
2761061
2763829
2766596
2769362
2772131
2774883
2777637
2780411
2783165
2785918
2788653
2791398
2794150
2796901
2799666
2802438
2805198
2807943
2810707
2813472
2816243
2818989
2821774
2824531
2827295
2830041
2832823
2835543
2838311
2841077
2843854
2846613
2849356
2852096
2854874
2857633
2860403
2863184
2865939
2868709
2871472
2874223
2876981
2879737
2882507
2885277
2888016
2890788
2893531
2896268
2899019
2901806
2904562
2907360
2910107
2912901
2915667
2918425
2921184
2923926
2926665
2929438
2932190
2934922
2937673
2940398
2943154
2945904
2948681
2951436
2954198
2956955
2959739
2962500
2965271
2968013
2970747
2973514
2976278
2979032
2981783
2984544
2987273
2990052
2992847
2995597
2998336
3001083
3003848
3006651
3009434
3012165
3014924
3017698
3020472
3023229
3025972
3028733
3031479
3034218
3036968
3039756
3042493
3045232
3048000
3050761
3053509
3056236
3058968
3061721
3064487
3067246
3069983
3072745
3075546
3078324
3081072
3083842
3086609
3089372
3092138
3094891
3097623
3100404
3103159
3105901
3108643
3111399
3114179
3116925
3119695
3122461
3125216
3127979
3130743
3133503
3136253
3138994
3141737
3144501
3147255
3149981
3152753
3155490
3158239
3161001
3163752
3166495
3169261
3172035
3174794
3177593
3180353
3183118
3185905
3188675
3191429
3194178
3196951
3199700
3202460
3205217
3207968
3210716
3213479
3216213
3218971
3221739
3224498
3227280
3230039
3232785
3235560
3238317
3241073
3243826
3246591
3249344
3252152
3254903
3257685
3260464
3263225
3265970
3268733
3271502
3274266
3277048
3279826
3282623
3285376
3288146
3290887
3293675
3296411
3299160
3301930
3304694
3307463
3310227
3312990
3315753
3318513
3321246
3324025
3326761
3329534
3332299
3335055
3337825
3340577
3343303
3346064
3348802
3351556
3354307
3357056
3359803
3362560
3365323
3368057
3370812
3373586
3376342
3379082
3381829
3384599
3387368
3390129
3392876
3395660
3398421
3401192
3403974
3406741
3409505
3412260
3415033
3417812
3420591
3423371
3426112
3428889
3431648
3434413
3437148
3439923
3442669
3445434
3448169
3450916
3453680
3456463
3459216
3461975
3464773
3467526
3470282
3473065
3475809
3478561
3481328
3484056
3486800
3489531
3492308
3495030
3497762
3500525
3503297
3506071
3508832
3511599
3514355
3517120
3519898
3522649
3525406
3528179
3530951
3533688
3536445
3539193
3541955
3544716
3547429
3550181
3552961
3555730
3558493
3561250
3564062
3566807
3569565
3572348
3575092
3577830
3580586
3583334
3586090
3588859
3591622
3594377
3597150
3599918
3602699
3605453
3608199
3610948
3613685
3616426
3619159
3621906
3624669
3627431
3630206
3632977
3635714
3638460
3641224
3643978
3646736
3649487
3652259
3655030
3657816
3660575
3663315
3666103
3668852
3671614
3674385
3677131
3679873
3682625
3685390
3688145
3690871
3693642
3696405
3699172
3701932
3704685
3707459
3710220
3712972
3715743
3718491
3721237
3723979
3726706
3729481
3732269
3735043
3737816
3740555
3743310
3746065
3748803
3751580
3754327
3757080
3759831
3762589
3765371
3768129
3770890
3773661
3776403
3779135
3781905
3784680
3787434
3790201
3792990
3795731
3798484
3801246
3803998
3806748
3809492
3812223
3814969
3817715
3820458
3823196
3825977
3828731
3831508
3834291
3837042
3839794
3842602
3845347
3848103
3850853
3853616
3856402
3859143
3861897
3864645
3867404
3870173
3872957
3875720
3878497
3881255
3884013
3886788
3889562
3892324
3895077
3897808
3900554
3903287
3906062
3908810
3911555
3914337
3917080
3919869
3922642
3925414
3928151
3930918
3933669
3936430
3939183
3941937
3944693
3947460
3950222
3952988
3955755
3958533
3961293
3964057
3966841
3969608
3972367
3975149
3977929
3980655
3983411
3986191
3988966
3991742
3994533
3997292
4000080
4002833
4005575
4008318
4011082
4013814
4016581
4019325
4022126
4024875
4027634
4030393
4033168
4035946
4038675
4041445
4044202
4046949
4049674
4052462
4055206
4057973
4060734
4063503
4066265
4069009
4071786
4074507
4077275
4080053
4082809
4085555
4088306
4091084
4093850
4096590
4099358
4102121
4104896
4107649
4110380
4113158
4115891
4118678
4121415
4124151
4126877
4129603
4132365
4135100
4137818
4140560
4143343
4146080
4148830
4151568
4154327
4157098
4159873
4162658
4165435
4168194
4170954
4173708
4176480
4179251
4182004
4184749
4187508
4190287
4193061
4195815
4198579
4201340
4204091
4206850
4209628
4212386
4215143
4217879
4220630
4223399
4226149
4228906
4231675
4234423
4237211
4239988
4242750
4245550
4248299
4251060
4253838
4256609
4259375
4262109
4264833
4267588
4270364
4273107
4275880
4278624
4281400
4284163
4286951
4289735
4292484
4295222
4297997
4300755
4303515
4306259
4309042
4311835
4314587
4317330
4320084
4322855
4325618
4328390
4331122
4333875
4336635
4339400
4342168
4344915
4347671
4350416
4353172
4355899
4358677
4361452
4364223
4366963
4369703
4372487
4375254
4378039
4380798
4383579
4386343
4389077
4391827
4394581
4397323
4400052
4402811
4405580
4408308
4411091
4413863
4416626
4419380
4422147
4424899
4427652
4430422
4433212
4435962
4438719
4441476
4444228
4447004
4449730
4452475
4455230
4457941
4460704
4463474
4466223
4468941
4471690
4474437
4477206
4479966
4482709
4485456
4488200
4490957
4493719
4496486
4499229
4501962
4504706
4507440
4510191
4512919
4515670
4518447
4521193
4523947
4526736
4529528
4532299
4535076
4537836
4540595
4543319
4546105
4548876
4551647
4554440
4557206
4559961
4562742
4565501
4568277
4571037
4573775
4576550
4579309
4582081
4584837
4587581
4590322
4593088
4595829
4598562
4601321
4604082
4606854
4609582
4612316
4615078
4617817
4620584
4623331
4626082
4628850
4631593
4634345
4637083
4639832
4642568
4645340
4648106
4650894
4653644
4656405
4659150
4661887
4664637
4667399
4670166
4672923
4675690
4678457
4681227
4683996
4686753
4689533
4692282
4695048
4697798
4700563
4703346
4706109
4708842
4711619
4714383
4717141
4719903
4722638
4725394
4728165
4730949
4733692
4736436
4739209
4741966
4744720
4747453
4750214
4752979
4755759
4758505
4761250
4763994
4766759
4769511
4772284
4775021
4777786
4780556
4783318
4786054
4788798
4791531
4794298
4797081
4799825
4802593
4805394
4808152
4810901
4813629
4816363
4819130
4821895
4824643
4827373
4830152
4832923
4835689
4838447
4841208
4843943
4846704
4849431
4852201
4854923
4857686
4860446
4863193
4865948
4868693
4871424
4874171
4876913
4879677
4882419
4885172
4887949
4890717
4893515
4896276
4899020
4901757
4904493
4907236
4910007
4912774
4915547
4918303
4921062
4923833
4926561
4929325
4932096
4934858
4937607
4940370
4943105
4945889
4948650
4951418
4954196
4956951
4959737
4962492
4965290
4968092
4970866
4973628
4976403
4979156
4981924
4984668
4987418
4990193
4992946
4995703
4998473
5001229
5003987
5006753
5009517
5012304
5015066
5017837
5020589
5023340
5026112
5028840
5031586
5034364
5037135
5039916
5042689
5045487
5048228
5050990
5053763
5056546
5059295
5062077
5064852
5067620
5070375
5073143
5075898
5078689
5081446
5084194
5086946
5089725
5092468
5095234
5097984
5100761
5103532
5106279
5109039
5111815
5114560
5117338
5120094
5122853
5125631
5128398
5131155
5133934
5136694
5139456
5142225
5144976
5147736
5150469
5153257
5156023
5158801
5161541
5164282
5167006
5169747
5172526
5175282
5178024
5180807
5183567
5186313
5189084
5191829
5194595
5197366
5200106
5202851
5205613
5208375
5211120
5213899
5216663
5219414
5222167
5224945
5227677
5230431
5233200
5235969
5238721
5241504
5244272
5247010
5249749
5252527
5255305
5258056
5260831
5263575
5266336
5269076
5271829
5274600
5277361
5280131
5282876
5285636
5288393
5291138
5293865
5296646
5299414
5302180
5304947
5307692
5310429
5313215
5315973
5318731
5321476
5324232
5326967
5329730
5332500
5335271
5338034
5340759
5343515
5346271
5349017
5351775
5354557
5357319
5360090
5362861
5365604
5368356
5371099
5373899
5376629
5379398
5382165
5384892
5387665
5390415
5393187
5395968
5398711
5401487
5404268
5407036
5409797
5412519
5415267
5418037
5420820
5423557
5426300
5429046
5431830
5434583
5437346
5440106
5442844
5445618
5448380
5451171
5453900
5456657
5459420
5462193
5464935
5467710
5470496
5473273
5476022
5478790
5481508
5484246
5487004
5489719
5492465
5495227
5497989
5500736
5503505
5506273
5509000
5511771
5514507
5517253
5520005
5522774
5525538
5528300
5531047
5533814
5536596
5539322
5542077
5544809
5547578
5550353
5553116
5555898
5558673
5561424
5564183
5566977
5569740
5572537
5575279
5578072
5580845
5583601
5586352
5589108
5591877
5594648
5597392
5600172
5602911
5605654
5608420
5611171
5613941
5616687
5619468
5622229
5624965
5627729
5630505
5633255
5636015
5638797
5641530
5644289
5647060
5649848
5652615
5655392
5658151
5660892
5663650
5666422
5669181
5671943
5674704
5677439
5680205
5682962
5685746
5688514
5691285
5694037
5696804
5699591
5702342
5705129
5707882
5710677
5713432
5716187
5718930
5721724
5724463
5727205
5729967
5732734
5735478
5738227
5740971
5743741
5746490
5749239
5752011
5754789
5757516
5760302
5763071
5765837
5768573
5771319
5774091
5776822
5779534
5782301
5785041
5787824
5790532
5793259
5795994
5798766
5801511
5804263
5807010
5809764
5812544
5815328
5818082
5820851
5823567
5826366
5829113
5831866
5834644
5837412
5840170
5842941
5845703
5848463
5851240
5854008
5856761
5859494
5862255
5865001
5867768
5870496
5873272
5876052
5878794
5881555
5884291
5887050
5889794
5892542
5895315
5898040
5900811
5903585
5906355
5909111
5911878
5914631
5917401
5920176
5922948
5925711
5928478
5931190
5933946
5936703
5939408
5942174
5944922
5947687
5950461
5953237
5955997
5958743
5961522
5964295
5967014
5969780
5972539
5975297
5978052
5980813
5983558
5986303
5989074
5991814
5994564
5997333
6000115
6002851
6005606
6008346
6011102
6013844
6016603
6019346
6022091
6024844
6027580
6030370
6033138
6035900
6038656
6041416
6044186
6046957
6049752
6052507
6055278
6058062
6060804
6063560
6066300
6069051
6071797
6074564
6077316
6080069
6082821
6085589
6088380
6091135
6093885
6096662
6099441
6102224
6104979
6107768
6110545
6113302
6116082
6118837
6121594
6124344
6127101
6129840
6132589
6135338
6138115
6140880
6143628
6146401
6149166
6151913
6154676
6157431
6160175
6162955
6165712
6168475
6171258
6174011
6176754
6179523
6182254
6184994
6187758
6190517
6193257
6196013
6198772
6201544
6204305
6207061
6209836
6212609
6215365
6218118
6220887
6223648
6226401
6229142
6231909
6234669
6237389
6240152
6242888
6245639
6248411
6251211
6253963
6256738
6259511
6262271
6265034
6267781
6270521
6273290
6276084
6278829
6281616
6284390
6287135
6289915
6292671
6295454
6298230
6301019
6303788
6306523
6309295
6312061
6314815
6317569
6320341
6323086
6325868
6328637
6331411
6334176
6336941
6339689
6342453
6345193
6347940
6350681
6353430
6356209
6358956
6361739
6364497
6367250
6370015
6372782
6375543
6378316
6381080
6383862
6386632
6389371
6392154
6394901
6397669
6400406
6403174
6405945
6408690
6411443
6414178
6416929
6419710
6422489
6425245
6428019
6430737
6433504
6436278
6439059
6441838
6444596
6447311
6450056
6452827
6455592
6458360
6461108
6463865
6466604
6469404
6472160
6474910
6477702
6480467
6483237
6485953
6488726
6491484
6494246
6497024
6499798
6502516
6505276
6508009
6510784
6513527
6516315
6519092
6521842
6524647
6527407
6530164
6532893
6535653
6538437
6541192
6543958
6546718
6549510
6552264
6555019
6557797
6560544
6563304
6566084
6568856
6571630
6574420
6577165
6579903
6582703
6585448
6588191
6590924
6593668
6596430
6599205
6601952
6604680
6607428
6610177
6612951
6615728
6618524
6621236
6623991
6626762
6629511
6632248
6634995
6637743
6640493
6643246
6646020
6648766
6651511
6654288
6657050
6659813
6662548
6665289
6668029
6670793
6673542
6676311
6679063
6681803
6684584
6687343
6690088
6692848
6695627
6698400
6701164
6703917
6706704
6709451
6712204
6714977
6717728
6720485
6723226
6725993
6728723
6731498
6734259
6737012
6739768
6742487
6745261
6747991
6750771
6753552
6756319
6759054
6761804
6764564
6767351
6770110
6772857
6775635
6778404
6781144
6783878
6786643
6789396
6792175
6794944
6797682
6800447
6803214
6805982
6808729
6811502
6814275
6817030
6819811
6822571
6825341
6828108
6830886
6833629
6836383
6839111
6841867
6844638
6847423
6850188
6852933
6855706
6858476
6861266
6864020
6866779
6869510
6872265
6875042
6877800
6880591
6883347
6886101
6888831
6891598
6894362
6897145
6899893
6902651
6905400
6908162
6910936
6913678
6916444
6919195
6921957
6924700
6927451
6930224
6932983
6935735
6938498
6941280
6944050
6946830
6949583
6952343
6955106
6957880
6960652
6963408
6966159
6968927
6971713
6974482
6977264
6980031
6982791
6985569
6988323
6991074
6993824
6996587
6999356
7002137
7004888
7007645
7010454
7013185
7015958
7018702
7021476
7024226
7027020
7029791
7032547
7035284
7038038
7040792
7043548
7046308
7049028
7051769
7054518
7057281
7060061
7062808
7065553
7068307
7071070
7073840
7076585
7079333
7082087
7084873
7087633
7090380
7093144
7095890
7098633
7101404
7104157
7106895
7109672
7112422
7115173
7117952
7120698
7123469
7126257
7129008
7131787
7134547
7137294
7140071
7142807
7145574
7148352
7151088
7153863
7156622
7159389
7162150
7164895
7167654
7170424
7173161
7175914
7178661
7181401
7184153
7186930
7189688
7192448
7195202
7197997
7200761
7203521
7206293
7209050
7211815
7214580
7217324
7220113
7222862
7225617
7228374
7231120
7233890
7236626
7239396
7242137
7244905
7247663
7250422
7253190
7255949
7258689
7261447
7264188
7266924
7269697
7272467
7275197
7277936
7280695
7283466
7286245
7288985
7291743
7294500
7297253
7299993
7302763
7305520
7308291
7311056
7313841
7316614
7319347
7322105
7324885
7327678
7330440
7333186
7335951
7338684
7341467
7344196
7346948
7349704
7352474
7355223
7357969
7360712
7363452
7366219
7368973
7371711
7374462
7377205
7379956
7382710
7385455
7388211
7390984
7393726
7396512
7399274
7402040
7404784
7407513
7410322
7413079
7415828
7418589
7421340
7424113
7426887
7429658
7432389
7435136
7437908
7440676
7443438
7446176
7448937
7451696
7454446
7457215
7459985
7462732
7465508
7468243
7471019
7473769
7476545
7479297
7482066
7484805
7487580
7490365
7493119
7495865
7498599
7501363
7504122
7506856
7509598
7512366
7515170
7517939
7520688
7523462
7526191
7528940
7531700
7534464
7537216
7539979
7542752
7545516
7548311
7551083
7553845
7556590
7559365
7562086
7564825
7567588
7570356
7573118
7575864
7578653
7581423
7584207
7586969
7589745
7592500
7595239
7597983
7600740
7603511
7606266
7609014
7611750
7614511
7617272
7620040
7622772
7625511
7628291
7631050
7633805
7636548
7639305
7642061
7644805
7647549
7650256
7653022
7655762
7658494
7661234
7663997
7666742
7669469
7672251
7674990
7677772
7680504
7683262
7686039
7688803
7691543
7694339
7697116
7699871
7702618
7705378
7708132
7710893
7713663
7716422
7719167
7721937
7724698
7727473
7730203
7732993
7735762
7738513
7741283
7744057
7746830
7749571
7752346
7755125
7757892
7760625
7763368
7766127
7768884
7771650
7774411
7777167
7779938
7782682
7785470
7788215
7790952
7793715
7796485
7799230
7801999
7804725
7807494
7810248
7812998
7815764
7818528
7821301
7824051
7826823
7829562
7832326
7835099
7837863
7840624
7843393
7846152
7848906
7851664
7854455
7857188
7859960
7862719
7865485
7868251
7870970
7873728
7876464
7879226
7881969
7884768
7887534
7890294
7893040
7895805
7898549
7901290
7904044
7906800
7909555
7912313
7915065
7917806
7920555
7923352
7926117
7928880
7931592
7934363
7937147
7939917
7942640
7945401
7948160
7950916
7953729
7956472
7959245
7962001
7964745
7967501
7970293
7973043
7975806
7978565
7981317
7984078
7986832
7989586
7992345
7995096
7997875
8000622
8003380
8006138
8008896
8011611
8014361
8017145
8019897
8022651
8025406
8028182
8030964
8033742
8036461
8039204
8041973
8044709
8047455
8050225
8052999
8055739
8058501
8061278
8064058
8066844
8069603
8072372
8075097
8077837
8080611
8083370
8086119
8088904
8091703
8094453
8097208
8099984
8102746
8105494
8108271
8111012
8113775
8116495
8119257
8122027
8124791
8127572
8130344
8133091
8135849
8138594
8141361
8144102
8146869
8149642
8152418
8155178
8157932
8160689
8163456
8166194
8168937
8171702
8174464
8177215
8179993
8182776
8185523
8188271
8191037
8193792
8196554
8199321
8202103
8204878
8207639
8210368
8213126
8215910
8218667
8221429
8224213
8226945
8229720
8232479
8235225
8237974
8240757
8243544
8246326
8249083
8251842
8254601
8257387
8260144
8262884
8265638
8268392
8271170
8273923
8276682
8279438
8282176
8284958
8287696
8290457
8293202
8295960
8298721
8301474
8304262
8307034
8309826
8312588
8315362
8318138
8320914
8323677
8326432
8329184
8331964
8334739
8337490
8340259
8343042
8345804
8348572
8351345
8354108
8356867
8359639
8362389
8365139
8367910
8370671
8373399
8376146
8378905
8381644
8384416
8387166
8389936
8392685
8395438
8398194
8400943
8403723
8406495
8409242
8411974
8414729
8417486
8420252
8423030
8425797
8428561
8431335
8434092
8436872
8439627
8442371
8445134
8447917
8450689
8453453
8456198
8458972
8461722
8464490
8467227
8470009
8472741
8475500
8478260
8481017
8483764
8486505
8489247
8492026
8494791
8497550
8500305
8503055
8505795
8508582
8511354
8514122
8516863
8519607
8522345
8525123
8527880
8530641
8533379
8536118
8538904
8541662
8544438
8547213
8549964
8552698
8555480
8558251
8561000
8563770
8566517
8569272
8572029
8574792
8577546
8580341
8583118
8585897
8588662
8591386
8594149
8596943
8599720
8602459
8605219
8607959
8610716
8613485
8616227
8618980
8621746
8624496
8627236
8629973
8632731
8635465
8638245
8641017
8643769
8646537
8649286
8652073
8654816
8657590
8660359
8663105
8665870
8668627
8671397
8674180
8676919
8679672
8682446
8685221
8687980
8690731
8693515
8696276
8699043
8701814
8704606
8707352
8710124
8712892
8715635
8718418
8721166
8723926
8726680
8729442
8732207
8734941
8737679
8740437
8743189
8745926
8748694
8751445
8754212
8757008
8759752
8762515
8765284
8768066
8770821
8773580
8776329
8779075
8781872
8784614
8787357
8790134
8792864
8795657
8798402
8801171
8803936
8806685
8809458
8812196
8814943
8817729
8820506
8823277
8826049
8828833
8831617
8834400
8837177
8839947
8842732
8845477
8848241
8851001
8853733
8856515
8859287
8862056
8864816
8867568
8870288
8873080
8875832
8878578
8881354
8884097
8886867
8889648
8892402
8895166
8897952
8900718
8903504
8906260
8909039
8911781
8914540
8917303
8920063
8922796
8925553
8928356
8931149
8933902
8936646
8939439
8942208
8944985
8947757
8950515
8953264
8956002
8958758
8961534
8964269
8967046
8969807
8972565
8975298
8978036
8980799
8983531
8986291
8989038
8991808
8994588
8997382
9000136
9002885
9005615
9008373
9011163
9013891
9016650
9019401
9022156
9024907
9027659
9030396
9033145
9035909
9038642
9041409
9044122
9046869
9049652
9052434
9055195
9057946
9060688
9063445
9066185
9068925
9071684
9074441
9077189
9079918
9082670
9085433
9088183
9090920
9093650
9096401
9099162
9101899
9104674
9107424
9110172
9112962
9115727
9118493
9121266
9124061
9126809
9129581
9132357
9135150
9137901
9140657
9143417
9146154
9148902
9151683
9154448
9157193
9159956
9162703
9165448
9168213
9170982
9173742
9176481
9179217
9181983
9184765
9187496
9190263
9193034
9195797
9198552
9201313
9204064
9206828
9209597
9212375
9215157
9217927
9220676
9223424
9226192
9228947
9231712
9234487
9237259
9240039
9242813
9245578
9248340
9251082
9253853
9256576
9259338
9262076
9264845
9267581
9270359
9273135
9275866
9278624
9281351
9284113
9286874
9289640
9292397
9295172
9297940
9300706
9303444
9306183
9308932
9311683
9314407
9317176
9319949
9322718
9325489
9328248
9331009
9333782
9336559
9339300
9342071
9344824
9347603
9350361
9353134
9355890
9358630
9361388
9364153
9366919
9369701
9372448
9375218
9377965
9380691
9383439
9386226
9388975
9391732
9394527
9397266
9400026
9402770
9405521
9408297
9411038
9413788
9416565
9419340
9422094
9424862
9427624
9430417
9433179
9435950
9438710
9441444
9444229
9447002
9449758
9452511
9455262
9458005
9460804
9463586
9466353
9469120
9471899
9474640
9477412
9480150
9482906
9485672
9488431
9491217
9493977
9496761
9499502
9502248
9505003
9507740
9510491
9513263
9516018
9518765
9521544
9524323
9527099
9529839
9532599
9535372
9538133
9540881
9543635
9546395
9549170
9551914
9554666
9557431
9560197
9562947
9565712
9568489
9571247
9574043
9576796
9579537
9582284
9585044
9587802
9590579
9593329
9596064
9598803
9601578
9604289
9607034
9609790
9612557
9615285
9618047
9620821
9623605
9626340
9629081
9631863
9634621
9637384
9640149
9642903
9645662
9648389
9651160
9653907
9656675
9659470
9662215
9664970
9667718
9670456
9673222
9675983
9678752
9681478
9684238
9686990
9689768
9692515
9695237
9697997
9700764
9703526
9706274
9709030
9711780
9714497
9717234
9719970
9722704
9725480
9728259
9731010
9733797
9736559
9739353
9742102
9744852
9747594
9750363
9753130
9755897
9758657
9761416
9764160
9766919
9769695
9772466
9775226
9777992
9780761
9783514
9786255
9788980
9791737
9794516
9797251
9799996
9802759
9805508
9808285
9811037
9813801
9816548
9819321
9822073
9824842
9827607
9830358
9833140
9835912
9838679
9841428
9844173
9846942
9849708
9852465
9855223
9857975
9860719
9863489
9866215
9868988
9871729
9874497
9877263
9879995
9882756
9885500
9888265
9891011
9893776
9896539
9899311
9902069
9904830
9907591
9910359
9913088
9915827
9918605
9921366
9924123
9926859
9929637
9932406
9935162
9937912
9940652
9943401
9946168
9948935
9951719
9954489
9957252
9960025
9962796
9965554
9968288
9971054
9973809
9976564
9979306
9982066
9984781
9987554
9990354
9993118
9995878
9998636
10001388
10004166
10006897
10009655
10012409
10015163
10017916
10020685
10023470
10026214
10028962
10031707
10034466
10037208
10039954
10042715
10045497
10048248
10050972
10053721
10056515
10059289
10062071
10064848
10067596
10070359
10073110
10075877
10078624
10081366
10084126
10086877
10089649
10092416
10095156
10097902
10100667
10103444
10106211
10108974
10111725
10114487
10117230
10120027
10122803
10125581
10128331
10131074
10133819
10136573
10139342
10142094
10144843
10147611
10150376
10153161
10155921
10158667
10161402
10164193
10166974
10169742
10172506
10175250
10178008
10180769
10183556
10186313
10189076
10191835
10194622
10197383
10200164
10202932
10205673
10208413
10211169
10213929
10216676
10219424
10222169
10224902
10227676
10230466
10233231
10235983
10238753
10241498
10244274
10247027
10249798
10252551
10255316
10258076
10260822
10263595
10266335
10269088
10271835
10274584
10277326
10280067
10282833
10285580
10288337
10291088
10293886
10296637
10299379
10302095
10304876
10307641
10310380
10313147
10315908
10318694
10321418
10324183
10326969
10329705
10332452
10335218
10337952
10340696
10343484
10346239
10349002
10351732
10354506
10357266
10360001
10362765
10365524
10368259
10371028
10373792
10376554
10379311
10382084
10384816
10387572
10390323
10393092
10395841
10398595
10401359
10404075
10406841
10409584
10412333
10415062
10417802
10420574
10423332
10426086
10428855
10431597
10434346
10437120
10439878
10442611
10445341
10448076
10450824
10453611
10456366
10459114
10461883
10464621
10467362
10470122
10472875
10475616
10478357
10481117
10483885
10486639
10489405
10492171
10494963
10497731
10500487
10503231
10505969
10508760
10511542
10514315
10517066
10519808
10522561
10525298
10528071
10530830
10533594
10536349
10539098
10541878
10544631
10547376
10550135
10552876
10555622
10558383
10561111
10563869
10566647
10569370
10572114
10574859
10577587
10580369
10583106
10585834
10588606
10591368
10594129
10596884
10599607
10602363
10605129
10607914
10610681
10613405
10616143
10618904
10621674
10624443
10627230
10630019
10632792
10635554
10638311
10641058
10643802
10646532
10649286
10652022
10654789
10657562
10660320
10663081
10665844
10668573
10671308
10674050
10676777
10679560
10682326
10685074
10687822
10690563
10693287
10696071
10698805
10701557
10704272
10707028
10709812
10712555
10715337
10718115
10720855
10723617
10726367
10729136
10731922
10734695
10737418
10740185
10742955
10745722
10748437
10751214
10753944
10756709
10759481
10762224
10764993
10767757
10770509
10773262
10776056
10778840
10781611
10784383
10787113
10789867
10792600
10795375
10798155
10800913
10803689
10806437
10809226
10811986
10814727
10817453
10820214
10822983
10825740
10828527
10831319
10834076
10836823
10839597
10842356
10845127
10847906
10850649
10853402
10856161
10858932
10861715
10864485
10867214
10869995
10872733
10875487
10878234
10881010
10883726
10886507
10889276
10892043
10894813
10897565
10900307
10903045
10905825
10908614
10911396
10914129
10916900
10919663
10922392
10925135
10927880
10930614
10933360
10936126
10938895
10941680
10944439
10947196
10949953
10952705
10955479
10958222
10960990
10963740
10966488
10969280
10972013
10974758
10977509
10980257
10983030
10985820
10988585
10991343
10994114
10996881
10999646
11002410
11005167
11007945
11010695
11013474
11016251
11019032
11021800
11024523
11027285
11030027
11032787
11035539
11038292
11041046
11043823
11046579
11049333
11052112
11054857
11057608
11060363
11063154
11065897
11068664
11071448
11074207
11076964
11079716
11082462
11085253
11088016
11090786
11093544
11096289
11099028
11101804
11104579
11107329
11110100
11112826
11115585
11118342
11121085
11123842
11126595
11129351
11132126
11134873
11137598
11140353
11143128
11145852
11148582
11151351
11154122
11156897
11159667
11162446
11165206
11167941
11170738
11173487
11176263
11179024
11181782
11184540
11187304
11190106
11192863
11195621
11198390
11201149
11203920
11206697
11209439
11212186
11214936
11217677
11220442
11223175
11225907
11228676
11231410
11234186
11236950
11239702
11242471
11245244
11248031
11250770
11253533
11256286
11259044
11261822
11264567
11267304
11270051
11272798
11275555
11278314
11281090
11283857
11286611
11289392
11292145
11294885
11297644
11300407
11303187
11305939
11308707
11311448
11314220
11316949
11319694
11322452
11325223
11327980
11330766
11333526
11336280
11339046
11341818
11344545
11347293
11350057
11352837
11355584
11358337
11361078
11363794
11366549
11369284
11372053
11374827
11377564
11380335
11383089
11385847
11388604
11391365
11394128
11396855
11399617
11402345
11405111
11407838
11410594
11413370
11416146
11418920
11421677
11424432
11427179
11429945
11432688
11435458
11438222
11440980
11443747
11446495
11449275
11452049
11454803
11457551
11460331
11463091
11465829
11468581
11471372
11474130
11476888
11479649
11482386
11485148
11487901
11490654
11493413
11496127
11498889
11501654
11504391
11507137
11509927
11512694
11515476
11518232
11521003
11523775
11526523
11529283
11532063
11534802
11537563
11540323
11543084
11545822
11548590
11551338
11554102
11556869
11559649
11562387
11565151
11567893
11570640
11573416
11576174
11578952
11581694
11584428
11587230
11589977
11592736
11595508
11598268
11601009
11603783
11606547
11609314
11612071
11614827
11617598
11620347
11623097
11625834
11628598
11631378
11634156
11636939
11639680
11642415
11645181
11647961
11650696
11653474
11656223
11658987
11661741
11664515
11667274
11670020
11672757
11675507
11678244
11680994
11683773
11686525
11689278
11692005
11694747
11697460
11700233
11702951
11705704
11708460
11711240
11714004
11716755
11719525
11722285
11725080
11727853
11730615
11733395
11736149
11738895
11741665
11744406
11747177
11749930
11752702
11755500
11758246
11761014
11763807
11766555
11769325
11772082
11774845
11777612
11780407
11783181
11785934
11788707
11791432
11794183
11796969
11799726
11802466
11805237
11807985
11810734
11813450
11816193
11818968
11821742
11824471
11827231
11829988
11832760
11835496
11838222
11840972
11843727
11846525
11849267
11852045
11854781
11857567
11860296
11863083
11865850
11868619
11871391
11874155
11876921
11879675
11882437
11885219
11887991
11890762
11893526
11896292
11899051
11901779
11904546
11907297
11910051
11912808
11915558
11918317
11921077
11923822
11926582
11929320
11932087
11934834
11937590
11940387
11943154
11945904
11948656
11951410
11954157
11956911
11959664
11962431
11965204
11967982
11970726
11973479
11976242
11979012
11981780
11984520
11987287
11990014
11992776
11995526
11998296
12001071
12003815
12006604
12009360
12012130
12014926
12017704
12020468
12023242
12026018
12028761
12031528
12034303
12037069
12039867
12042634
12045399
12048188
12050939
12053728
12056503
12059251
12061994
12064755
12067511
12070289
12073047
12075829
12078567
12081325
12084080
12086858
12089616
12092405
12095131
12097891
12100649
12103414
12106201
12108966
12111717
12114513
12117258
12120024
12122808
12125546
12128284
12131004
12133794
12136557
12139299
12142073
12144817
12147582
12150332
12153085
12155866
12158622
12161377
12164130
12166901
12169671
12172442
12175194
12177943
12180677
12183457
12186215
12188967
12191695
12194459
12197205
12199932
12202691
12205440
12208194
12210935
12213729
12216460
12219214
12221980
12224738
12227494
12230281
12233031
12235805
12238530
12241295
12244033
12246796
12249528
12252309
12255081
12257831
12260599
12263351
12266128
12268865
12271652
12274422
12277200
12279935
12282666
12285433
12288185
12290981
12293774
12296546
12299302
12302067
12304810
12307573
12310311
12313088
12315854
12318607
12321374
12324121
12326877
12329638
12332412
12335140
12337890
12340633
12343378
12346148
12348926
12351665
12354411
12357163
12359936
12362696
12365478
12368241
12371020
12373797
12376574
12379326
12382127
12384876
12387636
12390407
12393170
12395902
12398681
12401427
12404173
12406945
12409675
12412436
12415193
12417919
12420708
12423474
12426256
12428992
12431753
12434527
12437299
12440054
12442803
12445553
12448276
12451016
12453782
12456524
12459275
12462015
12464772
12467512
12470279
12473038
12475803
12478576
12481331
12484095
12486836
12489587
12492356
12495119
12497881
12500650
12503388
12506151
12508920
12511686
12514429
12517236
12519997
12522757
12525521
12528287
12531059
12533782
12536516
12539266
12542015
12544750
12547510
12550269
12553029
12555799
12558545
12561285
12564076
12566852
12569599
12572339
12575068
12577792
12580570
12583315
12586088
12588832
12591593
12594332
12597087
12599847
12602576
12605326
12608076
12610834
12613622
12616405
12619191
12621949
12624708
12627481
12630270
12633018
12635768
12638535
12641283
12644030
12646775
12649537
12652284
12655044
12657806
12660558
12663327
12666088
12668838
12671577
12674313
12677112
12679884
12682653
12685398
12688147
12690866
12693626
12696387
12699137
12701912
12704666
12707437
12710200
12712975
12715714
12718493
12721266
12724034
12726798
12729575
12732323
12735101
12737847
12740626
12743377
12746162
12748917
12751651
12754404
12757158
12759920
12762690
12765418
12768177
12770932
12773694
12776454
12779184
12781953
12784690
12787453
12790217
12792978
12795779
12798537
12801297
12804043
12806798
12809552
12812309
12815069
12817832
12820591
12823350
12826131
12828887
12831660
12834431
12837205
12839953
12842724
12845484
12848246
12850998
12853775
12856547
12859276
12862049
12864799
12867538
12870291
12873046
12875815
12878548
12881294
12884048
12886829
12889601
12892375
12895146
12897900
12900661
12903417
12906147
12908950
12911724
12914511
12917275
12920057
12922826
12925595
12928355
12931086
12933825
12936599
12939345
12942098
12944862
12947596
12950341
12953093
12955826
12958573
12961347
12964118
12966870
12969648
12972412
12975192
12977930
12980683
12983449
12986208
12988977
12991739
12994495
12997260
13000036
13002826
13005568
13008326
13011097
13013866
13016605
13019371
13022154
13024897
13027663
13030433
13033201
13035955
13038735
13041501
13044219
13046977
13049747
13052499
13055247
13057975
13060750
13063510
13066259
13069002
13071764
13074518
13077259
13080031
13082790
13085546
13088308
13091076
13093799
13096553
13099311
13102075
13104831
13107596
13110355
13113120
13115889
13118668
13121425
13124196
13126991
13129737
13132494
13135237
13138020
13140749
13143472
13146223
13148983
13151732
13154509
13157270
13160012
13162770
13165535
13168342
13171105
13173882
13176650
13179398
13182172
13184897
13187673
13190428
13193196
13195953
13198719
13201462
13204241
13207028
13209808
13212583
13215362
13218129
13220898
13223688
13226464
13229231
13232012
13234764
13237554
13240319
13243070
13245804
13248570
13251328
13254108
13256876
13259623
13262410
13265178
13267954
13270706
13273467
13276251
13278975
13281746
13284519
13287236
13289991
13292773
13295533
13298290
13301055
13303788
13306524
13309276
13312047
13314788
13317557
13320325
13323088
13325817
13328562
13331329
13334070
13336862
13339606
13342357
13345130
13347896
13350664
13353427
13356191
13358952
13361705
13364475
13367245
13370002
13372751
13375512
13378290
13381075
13383818
13386581
13389355
13392142
13394917
13397659
13400409
13403180
13405908
13408643
13411402
13414150
13416930
13419706
13422471
13425265
13428055
13430818
13433597
13436365
13439142
13441876
13444647
13447408
13450180
13452937
13455714
13458482
13461253
13464037
13466802
13469576
13472340
13475101
13477861
13480601
13483377
13486126
13488883
13491658
13494423
13497169
13499917
13502671
13505423
13508172
13510911
13513695
13516451
13519213
13521979
13524748
13527514
13530254
13532989
13535738
13538486
13541241
13544023
13546798
13549549
13552287
13555035
13557774
13560536
13563296
13566079
13568805
13571562
13574301
13577074
13579773
13582547
13585305
13588087
13590818
13593569
13596333
13599109
13601873
13604630
13607356
13610102
13612871
13615636
13618392
13621158
13623925
13626690
13629443
13632200
13634955
13637723
13640487
13643243
13646008
13648738
13651511
13654285
13657067
13659824
13662597
13665362
13668123
13670878
13673659
13676420
13679216
13681982
13684744
13687493
13690219
13693012
13695771
13698521
13701288
13704025
13706787
13709553
13712307
13715026
13717782
13720524
13723252
13725993
13728733
13731511
13734289
13737046
13739822
13742582
13745369
13748154
13750928
13753691
13756444
13759212
13761949
13764710
13767465
13770206
13772947
13775719
13778463
13781245
13784019
13786780
13789538
13792319
13795088
13797867
13800618
13803400
13806141
13808886
13811620
13814384
13817130
13819893
13822624
13825394
13828137
13830909
13833658
13836397
13839144
13841889
13844647
13847402
13850158
13852907
13855679
13858408
13861176
13863901
13866643
13869427
13872185
13874932
13877695
13880486
13883267
13886036
13888800
13891543
13894303
13897083
13899861
13902634
13905386
13908148
13910919
13913681
13916428
13919191
13921949
13924724
13927513
13930269
13933037
13935794
13938544
13941330
13944081
13946810
13949576
13952331
13955085
13957818
13960582
13963321
13966098
13968853
13971607
13974334
13977099
13979845
13982619
13985355
13988126
13990872
13993638
13996412
13999182
14001945
14004686
14007455
14010210
14012972
14015768
14018510
14021260
14024032
14026789
14029548
14032323
14035108
14037882
14040657
14043439
14046216
14048959
14051723
14054477
14057236
14060008
14062767
14065503
14068275
14071058
14073794
14076568
14079338
14082111
14084863
14087658
14090420
14093172
14095941
14098707
14101489
14104249
14106995
14109762
14112539
14115303
14118057
14120846
14123608
14126354
14129108
14131873
14134645
14137417
14140184
14142944
14145720
14148515
14151299
14154064
14156823
14159559
14162342
14165078
14167839
14170603
14173370
14176126
14178908
14181689
14184426
14187181
14189934
14192681
14195465
14198227
14200992
14203760
14206531
14209300
14212074
14214823
14217576
14220355
14223138
14225882
14228625
14231383
14234148
14236918
14239678
14242449
14245192
14247929
14250689
14253449
14256161
14258893
14261651
14264399
14267157
14269894
14272633
14275397
14278154
14280888
14283650
14286435
14289220
14291998
14294739
14297500
14300265
14303027
14305815
14308570
14311348
14314133
14316890
14319644
14322382
14325135
14327876
14330661
14333443
14336195
14338977
14341742
14344512
14347272
14350018
14352757
14355530
14358269
14361022
14363792
14366519
14369286
14372034
14374781
14377549
14380324
14383108
14385873
14388652
14391423
14394198
14396951
14399692
14402484
14405256
14408002
14410753
14413490
14416246
14419013
14421780
14424533
14427296
14430065
14432814
14435547
14438285
14441051
14443824
14446578
14449326
14452076
14454827
14457591
14460339
14463101
14465858
14468648
14471418
14474172
14476910
14479673
14482427
14485202
14487958
14490731
14493473
14496211
14498950
14501732
14504491
14507268
14510037
14512800
14515580
14518364
14521108
14523896
14526675
14529428
14532176
14534964
14537715
14540498
14543257
14546037
14548788
14551551
14554340
14557108
14559847
14562620
14565382
14568162
14570902
14573684
14576433
14579201
14581959
14584733
14587470
14590231
14593007
14595794
14598568
14601334
14604082
14606841
14609596
14612362
14615128
14617893
14620663
14623424
14626216
14628968
14631725
14634491
14637276
14640014
14642759
14645508
14648235
14650966
14653695
14656468
14659244
14662001
14664748
14667514
14670286
14673059
14675815
14678542
14681314
14684068
14686821
14689554
14692318
14695091
14697854
14700633
14703418
14706177
14708915
14711671
14714399
14717153
14719919
14722692
14725433
14728199
14730969
14733752
14736540
14739300
14742080
14744829
14747618
14750390
14753156
14755917
14758667
14761441
14764218
14766975
14769761
14772528
14775282
14778049
14780812
14783589
14786352
14789098
14791868
14794634
14797392
14800141
14802898
14805657
14808390
14811155
14813932
14816695
14819448
14822205
14824964
14827732
14830516
14833243
14836008
14838766
14841545
14844299
14847032
14849781
14852522
14855298
14858034
14860793
14863515
14866263
14868999
14871780
14874545
14877310
14880062
14882818
14885560
14888306
14891068
14893795
14896560
14899312
14902062
14904817
14907556
14910316
14913069
14915835
14918583
14921341
14924098
14926834
14929622
14932398
14935170
14937937
14940698
14943465
14946222
14948977
14951723
14954506
14957244
14959998
14962741
14965478
14968234
14971002
14973786
14976536
14979309
14982035
14984801
14987553
14990322
14993067
14995797
14998546
15001313
15004062
15006843
15009593
15012360
15015122
15017881
15020648
15023409
15026166
15028883
15031649
15034396
15037123
15039906
15042655
15045414
15048182
15050962
15053732
15056470
15059234
15062000
15064746
15067466
15070235
15072999
15075760
15078492
15081249
15084008
15086775
15089516
15092295
15095065
15097801
15100538
15103266
15106011
15108755
15111499
15114238
15117010
15119743
15122482
15125273
15128044
15130807
15133554
15136327
15139042
15141799
15144585
15147316
15150102
15152865
15155634
15158424
15161191
15163970
15166728
15169502
15172260
15174998
15177761
15180513
15183273
15186024
15188811
15191546
15194309
15197062
15199828
15202592
15205359
15208142
15210913
15213680
15216435
15219198
15221966
15224724
15227506
15230256
15233008
15235761
15238487
15241220
15243965
15246696
15249433
15252209
15254933
15257694
15260456
15263183
15265947
15268677
15271410
15274209
15276955
15279701
15282461
15285227
15288001
15290775
15293552
15296330
15299092
15301848
15304595
15307334
15310099
15312881
15315603
15318358
15321077
15323839
15326576
15329343
15332106
15334853
15337568
15340331
15343066
15345854
15348635
15351402
15354161
15356914
15359651
15362394
15365156
15367896
15370627
15373406
15376154
15378908
15381676
15384439
15387223
15389999
15392756
15395486
15398260
15401010
15403775
15406506
15409258
15412033
15414764
15417507
15420293
15423043
15425825
15428578
15431364
15434086
15436830
15439598
15442379
15445107
15447883
15450629
15453394
15456158
15458929
15461691
15464480
15467233
15470011
15472778
15475503
15478270
15481009
15483770
15486534
15489278
15492066
15494827
15497607
15500376
15503129
15505890
15508661
15511436
15514213
15516984
15519740
15522488
15525274
15528060
15530828
15533583
15536348
15539111
15541872
15544652
15547409
15550192
15552933
15555673
15558443
15561195
15563956
15566701
15569439
15572222
15574990
15577744
15580526
15583279
15586046
15588799
15591531
15594276
15597049
15599801
15602577
15605308
15608073
15610849
15613615
15616386
15619119
15621847
15624593
15627368
15630141
15632878
15635644
15638387
15641134
15643922
15646689
15649453
15652192
15654930
15657665
15660422
15663168
15665927
15668689
15671432
15674185
15676932
15679704
15682479
15685237
15688000
15690725
15693499
15696261
15699026
15701812
15704561
15707345
15710062
15712819
15715567
15718293
15721057
15723819
15726560
15729286
15732037
15734802
15737532
15740277
15743040
15745791
15748549
15751287
15754040
15756828
15759582
15762341
15765119
15767895
15770674
15773446
15776211
15778971
15781753
15784495
15787247
15790052
15792813
15795574
15798324
15801091
15803845
15806593
15809326
15812113
15814855
15817598
15820354
15823091
15825852
15828621
15831361
15834120
15836892
15839659
15842417
15845168
15847934
15850713
15853464
15856229
15858953
15861705
15864503
15867235
15870010
15872771
15875543
15878295
15881045
15883808
15886575
15889337
15892088
15894821
15897570
15900355
15903130
15905862
15908617
15911411
15914173
15916934
15919670
15922435
15925201
15927954
15930720
15933478
15936224
15938976
15941715
15944455
15947173
15949921
15952670
15955455
15958229
15960991
15963764
15966534
15969280
15972056
15974816
15977567
15980324
15983084
15985819
15988563
15991301
15994049
15996809
15999549
16002293
16005045
16007820
16010558
16013320
16016118
16018845
16021621
16024373
16027140
16029892
16032638
16035400
16038132
16040901
16043667
16046424
16049179
16051939
16054685
16057480
16060233
16063021
16065788
16068545
16071312
16074060
16076856
16079622
16082359
16085104
16087894
16090630
16093405
16096177
16098934
16101673
16104429
16107181
16109946
16112702
16115462
16118240
16120996
16123752
16126518
16129299
16132050
16134820
16137588
16140334
16143094
16145876
16148605
16151369
16154100
16156848
16159611
16162349
16165101
16167859
16170605
16173334
16176079
16178847
16181614
16184381
16187123
16189910
16192650
16195406
16198147
16200901
16203660
16206403
16209189
16211906
16214627
16217394
16220155
16222905
16225657
16228410
16231158
16233914
16236673
16239442
16242229
16244982
16247733
16250496
16253244
16255983
16258751
16261505
16264255
16266985
16269745
16272508
16275280
16278029
16280818
16283561
16286341
16289114
16291896
16294669
16297428
16300188
16302940
16305667
16308431
16311192
16313946
16316676
16319442
16322194
16324963
16327718
16330484
16333245
16336016
16338748
16341500
16344257
16346996
16349731
16352506
16355230
16357993
16360725
16363473
16366228
16369001
16371755
16374493
16377213
16379971
16382741
16385509
16388256
16390996
16393744
16396487
16399270
16402009
16404743
16407495
16410251
16413013
16415770
16418547
16421304
16424042
16426795
16429532
16432258
16434989
16437742
16440510
16443280
16446018
16448772
16451513
16454261
16456983
16459743
16462498
16465261
16468026
16470790
16473562
16476330
16479107
16481860
16484621
16487389
16490133
16492871
16495621
16498378
16501132
16503875
16506627
16509385
16512125
16514868
16517622
16520383
16523156
16525922
16528682
16531459
16534187
16536950
16539712
16542450
16545199
16547943
16550720
16553487
16556265
16558977
16561725
16564485
16567234
16570003
16572767
16575499
16578264
16581017
16583788
16586548
16589279
16592047
16594813
16597595
16600346
16603109
16605876
16608628
16611381
16614178
16616909
16619689
16622431
16625177
16627935
16630703
16633440
16636184
16638933
16641705
16644467
16647252
16650021
16652788
16655533
16658271
16661023
16663792
16666565
16669314
16672048
16674793
16677569
16680324
16683051
16685818
16688567
16691326
16694080
16696837
16699620
16702371
16705123
16707851
16710629
16713392
16716138
16718897
16721636
16724369
16727149
16729948
16732692
16735451
16738210
16740962
16743726
16746496
16749261
16752062
16754834
16757587
16760363
16763130
16765882
16768638
16771391
16774162
16776929
16779704
16782453
16785209
16787977
16790738
16793506
16796274
16799043
16801810
16804572
16807334
16810085
16812810
16815538
16818293
16821070
16823817
16826596
16829335
16832091
16834840
16837600
16840366
16843135
16845868
16848640
16851406
16854170
16856932
16859646
16862399
16865166
16867947
16870706
16873464
16876237
16879041
16881828
16884570
16887323
16890084
16892806
16895570
16898324
16901094
16903843
16906611
16909387
16912129
16914899
16917661
16920395
16923174
16925941
16928687
16931463
16934191
16936916
16939665
16942428
16945177
16947948
16950710
16953454
16956197
16958964
16961693
16964443
16967168
16969955
16972711
16975456
16978184
16980887
16983655
16986400
16989159
16991920
16994673
16997457
17000217
17002985
17005739
17008503
17011257
17014017
17016740
17019527
17022293
17025035
17027771
17030559
17033311
17036065
17038827
17041574
17044332
17047089
17049842
17052619
17055379
17058140
17060891
17063634
17066398
17069164
17071935
17074687
17077420
17080175
17082943
17085694
17088491
17091238
17094014
17096804
17099554
17102309
17105059
17107810
17110568
17113338
17116088
17118857
17121594
17124336
17127102
17129841
17132616
17135396
17138160
17140914
17143672
17146446
17149199
17151965
17154744
17157505
17160215
17162992
17165756
17168544
17171291
17174062
17176823
17179585
17182363
17185141
17187913
17190672
17193391
17196159
17198917
17201687
17204456
17207214
17209974
17212754
17215486
17218250
17221021
17223748
17226504
17229280
17232075
17234850
17237574
17240335
17243106
17245865
17248619
17251391
17254129
17256907
17259673
17262446
17265204
17267961
17270741
17273482
17276241
17278967
17281720
17284496
17287248
17290016
17292802
17295572
17298329
17301073
17303851
17306592
17309326
17312070
17314831
17317593
17320362
17323104
17325870
17328601
17331355
17334137
17336940
17339695
17342461
17345230
17348022
17350780
17353547
17356306
17359066
17361813
17364572
17367307
17370081
17372807
17375587
17378332
17381082
17383827
17386586
17389345
17392088
17394856
17397606
17400348
17403126
17405900
17408637
17411398
17414161
17416929
17419687
17422479
17425224
17428015
17430771
17433498
17436251
17439006
17441759
17444511
17447278
17450025
17452795
17455560
17458332
17461075
17463837
17466615
17469376
17472104
17474884
17477651
17480410
17483149
17485908
17488681
17491450
17494242
17497001
17499782
17502547
17505281
17508032
17510757
17513522
17516293
17519069
17521836
17524617
17527414
17530168
17532928
17535663
17538413
17541180
17543939
17546649
17549389
17552151
17554922
17557693
17560434
17563169
17565960
17568693
17571453
17574210
17576970
17579728
17582522
17585258
17588014
17590741
17593516
17596304
17599068
17601835
17604587
17607341
17610099
17612875
17615629
17618387
17621165
17623963
17626679
17629436
17632207
17634985
17637735
17640496
17643250
17646019
17648790
17651555
17654312
17657091
17659831
17662615
17665370
17668118
17670841
17673577
17676345
17679098
17681871
17684613
17687362
17690092
17692870
17695648
17698376
17701130
17703869
17706605
17709361
17712133
17714883
17717612
17720358
17723134
17725874
17728644
17731434
17734210
17736946
17739693
17742464
17745197
17747978
17750721
17753443
17756210
17758954
17761707
17764442
17767199
17769969
17772678
17775450
17778215
17780983
17783766
17786537
17789300
17792058
17794804
17797576
17800351
17803102
17805807
17808573
17811311
17814048
17816789
17819520
17822294
17825054
17827829
17830572
17833319
17836081
17838821
17841543
17844288
17847057
17849825
17852596
17855371
17858166
17860907
17863706
17866470
17869244
17872004
17874762
17877515
17880237
17882991
17885747
17888501
17891249
17893998
17896747
17899519
17902257
17904992
17907735
17910499
17913252
17916015
17918759
17921549
17924298
17927059
17929818
17932570
17935333
17938100
17940875
17943646
17946396
17949170
17951934
17954661
17957390
17960140
17962902
17965658
17968417
17971172
17973944
17976699
17979443
17982189
17984967
17987722
17990471
17993246
17996003
17998765
18001506
18004258
18007037
18009777
18012533
18015321
18018073
18020826
18023596
18026318
18029082
18031819
18034571
18037318
18040094
18042842
18045629
18048377
18051152
18053905
18056695
18059459
18062208
18064963
18067716
18070453
18073188
18075950
18078712
18081452
18084217
18086959
18089731
18092491
18095244
18097997
18100747
18103491
18106269
18109038
18111796
18114560
18117273
18120031
18122779
18125517
18128225
18130982
18133748
18136497
18139278
18142055
18144781
18147534
18150292
18153042
18155817
18158536
18161310
18164071
18166846
18169588
18172341
18175113
18177885
18180659
18183416
18186167
18188927
18191668
18194415
18197177
18199929
18202697
18205443
18208199
18210964
18213715
18216459
18219213
18221951
18224714
18227452
18230223
18233005
18235761
18238517
18241315
18244099
18246845
18249637
18252369
18255145
18257896
18260675
18263449
18266222
18268982
18271718
18274498
18277239
18279977
18282747
18285493
18288283
18291052
18293826
18296590
18299368
18302124
18304859
18307606
18310349
18313133
18315865
18318618
18321342
18324101
18326891
18329641
18332382
18335140
18337885
18340651
18343410
18346165
18348913
18351690
18354476
18357207
18359936
18362683
18365423
18368183
18370934
18373702
18376461
18379225
18381984
18384775
18387562
18390320
18393112
18395854
18398609
18401332
18404103
18406878
18409620
18412346
18415109
18417883
18420631
18423409
18426183
18428955
18431737
18434457
18437214
18440002
18442783
18445545
18448315
18451050
18453814
18456568
18459328
18462090
18464873
18467625
18470393
18473144
18475898
18478629
18481394
18484157
18486908
18489683
18492440
18495175
18497951
18500716
18503485
18506232
18508995
18511719
18514484
18517267
18520054
18522849
18525608
18528342
18531082
18533850
18536622
18539385
18542141
18544898
18547643
18550406
18553176
18555937
18558681
18561468
18564238
18567029
18569798
18572567
18575345
18578112
18580858
18583625
18586361
18589106
18591884
18594604
18597373
18600115
18602879
18605649
18608433
18611247
18614001
18616768
18619499
18622287
18625042
18627775
18630551
18633321
18636111
18638857
18641642
18644401
18647181
18649962
18652716
18655471
18658247
18661021
18663818
18666589
18669372
18672158
18674931
18677669
18680403
18683145
18685930
18688702
18691467
18694225
18696980
18699753
18702550
18705302
18708053
18710826
18713559
18716295
18719001
18721777
18724539
18727319
18730083
18732848
18735598
18738366
18741113
18743849
18746607
18749344
18752122
18754885
18757629
18760397
18763159
18765885
18768668
18771411
18774184
18776940
18779699
18782483
18785269
18788033
18790813
18793578
18796369
18799140
18801914
18804652
18807393
18810139
18812913
18815678
18818438
18821178
18823927
18826696
18829433
18832189
18834901
18837673
18840444
18843215
18845980
18848740
18851498
18854281
18857029
18859757
18862522
18865298
18868057
18870806
18873569
18876328
18879098
18881840
18884621
18887386
18890153
18892886
18895639
18898384
18901170
18903953
18906705
18909459
18912254
18915040
18917844
18920604
18923370
18926161
18928925
18931672
18934437
18937186
18939933
18942703
18945492
18948235
18951024
18953781
18956526
18959303
18962078
18964815
18967558
18970329
18973093
18975825
18978621
18981373
18984139
18986887
18989614
18992340
18995108
18997866
19000615
19003356
19006117
19008895
19011656
19014403
19017170
19019918
19022693
19025454
19028192
19030976
19033727
19036467
19039250
19042017
19044749
19047487
19050225
19052982
19055741
19058509
19061288
19064056
19066839
19069592
19072338
19075083
19077863
19080615
19083378
19086134
19088928
19091692
19094481
19097238
19099999
19102780
19105531
19108282
19111082
19113835
19116633
19119414
19122161
19124889
19127672
19130438
19133201
19135951
19138722
19141477
19144277
19147040
19149808
19152536
19155295
19158066
19160836
19163624
19166400
19169178
19171980
19174735
19177522
19180299
19183055
19185809
19188565
19191357
19194123
19196886
19199655
19202441
19205198
19207994
19210784
19213550
19216330
19219086
19221846
19224605
19227365
19230135
19232910
19235672
19238441
19241236
19244000
19246775
19249527
19252297
19255037
19257781
19260543
19263298
19266037
19268760
19271538
19274333
19277109
19279850
19282619
19285381
19288145
19290894
19293656
19296426
19299167
19301884
19304656
19307454
19310191
19312923
19315680
19318437
19321213
19323959
19326700
19329465
19332202
19334946
19337714
19340488
19343228
19345988
19348770
19351540
19354289
19357084
19359871
19362636
19365368
19368117
19370884
19373659
19376434
19379234
19381985
19384768
19387531
19390326
19393117
19395869
19398614
19401364
19404097
19406847
19409584
19412344
19415123
19417879
19420646
19423388
19426142
19428895
19431665
19434409
19437171
19439909
19442669
19445438
19448197
19450934
19453697
19456509
19459269
19462031
19464785
19467539
19470310
19473071
19475842
19478593
19481364
19484121
19486869
19489636
19492407
19495145
19497887
19500659
19503426
19506187
19508957
19511729
19514484
19517267
19520055
19522803
19525550
19528308
19531054
19533815
19536569
19539338
19542110
19544862
19547638
19550392
19553158
19555926
19558705
19561454
19564205
19566963
19569706
19572459
19575193
19577941
19580664
19583416
19586196
19588956
19591716
19594465
19597231
19599992
19602765
19605515
19608287
19611046
19613787
19616551
19619322
19622095
19624853
19627629
19630385
19633177
19635947
19638713
19641464
19644233
19646987
19649757
19652525
19655295
19658053
19660833
19663592
19666364
19669137
19671882
19674646
19677398
19680150
19682903
19685668
19688440
19691197
19693950
19696716
19699470
19702257
19705004
19707791
19710570
19713318
19716109
19718871
19721635
19724412
19727178
19729936
19732730
19735488
19738244
19741002
19743775
19746531
19749277
19752050
19754797
19757554
19760314
19763069
19765825
19768594
19771361
19774092
19776884
19779613
19782357
19785152
19787903
19790622
19793406
19796165
19798959
19801705
19804460
19807218
19809987
19812746
19815507
19818273
19821003
19823748
19826484
19829219
19831982
19834729
19837471
19840216
19842960
19845716
19848465
19851241
19854026
19856759
19859518
19862275
19865043
19867758
19870503
19873250
19876027
19878774
19881526
19884293
19887065
19889831
19892570
19895317
19898067
19900808
19903545
19906324
19909086
19911846
19914619
19917389
19920141
19922874
19925652
19928419
19931190
19933911
19936684
19939437
19942198
19944947
19947720
19950465
19953221
19955998
19958789
19961550
19964311
19967096
19969859
19972642
19975372
19978117
19980872
19983604
19986342
19989096
19991843
19994615
19997374
20000141
20002894
20005648
20008410
20011160
20013931
20016689
20019448
20022204
20024978
20027721
20030432
20033188
20035955
20038709
20041467
20044248
20047012
20049790
20052547
20055296
20058045
20060817
20063588
20066328
20069074
20071830
20074549
20077298
20080067
20082844
20085590
20088360
20091126
20093893
20096644
20099416
20102210
20104961
20107720
20110496
20113245
20115998
20118751
20121504
20124256
20127042
20129827
20132595
20135354
20138122
20140874
20143655
20146412
20149168
20151917
20154684
20157452
20160239
20162997
20165765
20168510
20171285
20174063
20176824
20179585
20182347
20185095
20187854
20190603
20193401
20196144
20198941
20201676
20204434
20207187
20209961
20212716
20215470
20218217
20220981
20223742
20226518
20229276
20232023
20234799
20237555
20240297
20243069
20245826
20248570
20251338
20254093
20256848
20259636
20262390
20265159
20267907
20270669
20273440
20276221
20278955
20281746
20284502
20287252
20290008
20292790
20295506
20298259
20301019
20303783
20306540
20309306
20312066
20314831
20317568
20320330
20323090
20325875
20328634
20331408
20334162
20336932
20339665
20342421
20345196
20347974
20350719
20353470
20356224
20358959
20361728
20364494
20367257
20370026
20372758
20375517
20378271
20381041
20383794
20386542
20389308
20392041
20394807
20397568
20400332
20403101
20405844
20408622
20411347
20414119
20416862
20419604
20422373
20425118
20427892
20430671
20433441
20436196
20438931
20441679
20444443
20447210
20449965
20452725
20455472
20458223
20460963
20463744
20466518
20469281
20472052
20474830
20477587
20480332
20483087
20485821
20488571
20491333
20494058
20496826
20499605
20502341
20505086
20507868
20510628
20513403
20516150
20518912
20521682
20524466
20527221
20529951
20532728
20535516
20538255
20541016
20543790
20546547
20549286
20552028
20554799
20557575
20560332
20563114
20565864
20568658
20571427
20574193
20576951
20579692
20582435
20585188
20587940
20590708
20593492
20596230
20599013
20601769
20604554
20607335
20610099
20612844
20615610
20618369
20621130
20623909
20626648
20629418
20632193
20634973
20637734
20640492
20643277
20646021
20648780
20651550
20654304
20657055
20659783
20662529
20665277
20668026
20670793
20673552
20676306
20679088
20681874
20684609
20687385
20690156
20692924
20695689
20698476
20701241
20703996
20706764
20709535
20712280
20715049
20717811
20720566
20723367
20726134
20728927
20731696
20734450
20737171
20739938
20742712
20745497
20748245
20751004
20753754
20756505
20759261
20762015
20764772
20767552
20770326
20773094
20775851
20778634
20781369
20784145
20786905
20789662
20792440
20795213
20797983
20800733
20803480
20806210
20808992
20811773
20814548
20817303
20820069
20822810
20825562
20828291
20831064
20833796
20836544
20839276
20842030
20844782
20847529
20850300
20853021
20855770
20858520
20861277
20864038
20866801
20869577
20872348
20875087
20877845
20880610
20883385
20886161
20888950
20891708
20894476
20897239
20899989
20902767
20905529
20908288
20911046
20913825
20916571
20919346
20922099
20924869
20927618
20930396
20933175
20935916
20938712
20941458
20944231
20947001
20949752
20952490
20955269
20958009
20960743
20963502
20966278
20969006
20971742
20974523
20977276
20980016
20982808
20985567
20988292
20991062
20993825
20996583
20999367
21002128
21004899
21007635
21010395
21013191
21015958
21018733
21021491
21024240
21026993
21029759
21032530
21035311
21038075
21040845
21043618
21046370
21049122
21051892
21054684
21057443
21060199
21062944
21065727
21068469
21071229
21074015
21076766
21079544
21082327
21085088
21087843
21090584
21093379
21096176
21098928
21101669
21104420
21107199
21109978
21112733
21115506
21118233
21120989
21123757
21126505
21129253
21132025
21134796
21137567
21140342
21143156
21145912
21148665
21151416
21154187
21156947
21159715
21162469
21165202
21167976
21170725
21173454
21176199
21178976
21181719
21184477
21187246
21189997
21192763
21195515
21198287
21201028
21203781
21206556
21209305
21212069
21214844
21217575
21220331
21223086
21225821
21228585
21231345
21234107
21236891
21239613
21242338
21245073
21247834
21250591
21253370
21256137
21258925
21261694
21264479
21267239
21270017
21272777
21275564
21278361
21281099
21283850
21286610
21289386
21292124
21294897
21297653
21300412
21303189
21305963
21308739
21311500
21314289
21317066
21319818
21322575
21325330
21328103
21330856
21333627
21336403
21339168
21341926
21344663
21347415
21350145
21352889
21355672
21358434
21361195
21363912
21366687
21369460
21372210
21374961
21377713
21380462
21383241
21385971
21388721
21391466
21394197
21396980
21399769
21402507
21405256
21408042
21410799
21413564
21416325
21419104
21421848
21424611
21427388
21430131
21432887
21435645
21438420
21441192
21443983
21446751
21449505
21452269
21455014
21457801
21460530
21463275
21466030
21468792
21471567
21474321
21477098
21479831
21482611
21485383
21488096
21490840
21493588
21496356
21499136
21501889
21504646
21507374
21510109
21512864
21515635
21518407
21521201
21523942
21526709
21529476
21532214
21534983
21537721
21540484
21543228
21545985
21548733
21551510
21554277
21557060
21559842
21562621
21565403
21568154
21570898
21573663
21576432
21579178
21581916
21584690
21587465
21590238
21592993
21595759
21598501
21601236
21603985
21606722
21609509
21612288
21615037
21617776
21620537
21623303
21626041
21628806
21631551
21634303
21637065
21639814
21642580
21645316
21648050
21650797
21653574
21656347
21659113
21661890
21664661
21667425
21670167
21672924
21675685
21678483
21681290
21684028
21686774
21689531
21692277
21695016
21697767
21700539
21703302
21706034
21708799
21711569
21714347
21717130
21719893
21722649
21725430
21728195
21730948
21733712
21736468
21739222
21741999
21744762
21747524
21750293
21753049
21755823
21758610
21761364
21764127
21766887
21769653
21772411
21775171
21777913
21780642
21783407
21786187
21788896
21791610
21794363
21797119
21799868
21802621
21805381
21808144
21810891
21813655
21816414
21819193
21821956
21824720
21827480
21830239
21832985
21835711
21838462
21841206
21843960
21846672
21849444
21852208
21854964
21857705
21860452
21863208
21865995
21868756
21871507
21874249
21877028
21879770
21882541
21885279
21888022
21890789
21893531
21896309
21899097
21901829
21904587
21907330
21910094
21912821
21915591
21918357
21921110
21923890
21926658
21929434
21932208
21934955
21937687
21940443
21943185
21945936
21948711
21951450
21954221
21956991
21959749
21962536
21965313
21968046
21970819
21973590
21976372
21979164
21981908
21984655
21987404
21990143
21992923
21995678
21998427
22001161
22003932
22006706
22009462
22012211
22014950
22017712
22020473
22023201
22025961
22028727
22031471
22034233
22036987
22039742
22042509
22045259
22048041
22050806
22053579
22056365
22059138
22061905
22064650
22067413
22070186
22072936
22075686
22078426
22081176
22083948
22086705
22089479
22092264
22095034
22097777
22100561
22103337
22106088
22108842
22111615
22114364
22117103
22119883
22122636
22125415
22128154
22130897
22133661
22136443
22139204
22141960
22144719
22147457
22150223
22153008
22155760
22158542
22161280
22164064
22166859
22169603
22172377
22175124
22177885
22180645
22183386
22186161
22188896
22191656
22194444
22197222
22199972
22202739
22205470
22208224
22210973
22213705
22216483
22219245
22222008
22224768
22227522
22230273
22233031
22235773
22238580
22241320
22244062
22246838
22249633
22252369
22255140
22257877
22260629
22263400
22266168
22268955
22271717
22274500
22277253
22280016
22282776
22285499
22288277
22291052
22293822
22296575
22299308
22302087
22304834
22307596
22310355
22313125
22315894
22318633
22321363
22324099
22326850
22329617
22332388
22335142
22337900
22340654
22343390
22346164
22348946
22351730
22354500
22357277
22360037
22362796
22365564
22368330
22371100
22373878
22376617
22379380
22382150
22384931
22387708
22390443
22393204
22395955
22398733
22401493
22404264
22407003
22409753
22412522
22415309
22418072
22420840
22423604
22426357
22429141
22431909
22434664
22437414
22440200
22442968
22445742
22448512
22451269
22454046
22456772
22459516
22462266
22464994
22467740
22470531
22473298
22476067
22478849
22481623
22484380
22487132
22489896
22492665
22495399
22498166
22500933
22503689
22506447
22509225
22511965
22514726
22517478
22520228
22522994
22525775
22528533
22531312
22534038
22536775
22539529
22542288
22545057
22547835
22550567
22553329
22556084
22558867
22561601
22564320
22567089
22569835
22572621
22575363
22578115
22580869
22583613
22586371
22589152
22591894
22594668
22597437
22600170
22602935
22605721
22608500
22611246
22614017
22616774
22619542
22622259
22624987
22627719
22630477
22633224
22635981
22638738
22641499
22644263
22646991
22649746
22652489
22655274
22658041
22660844
22663595
22666367
22669145
22671884
22674645
22677406
22680169
22682952
22685696
22688457
22691207
22693997
22696798
22699557
22702312
22705107
22707879
22710620
22713391
22716163
22718938
22721729
22724491
22727264
22730017
22732777
22735554
22738312
22741082
22743842
22746620
22749375
22752136
22754852
22757618
22760368
22763086
22765835
22768595
22771318
22774071
22776838
22779593
22782349
22785085
22787842
22790596
22793352
22796130
22798895
22801686
22804447
22807211
22809948
22812680
22815436
22818169
22820924
22823703
22826482
22829214
22831960
22834765
22837539
22840296
22843082
22845848
22848611
22851359
22854155
22856909
22859672
22862400
22865170
22867918
22870662
22873393
22876136
22878924
22881685
22884434
22887231
22890008
22892784
22895565
22898301
22901098
22903871
22906640
22909416
22912172
22914902
22917696
22920473
22923247
22926008
22928767
22931512
22934272
22937008
22939758
22942496
22945245
22948044
22950820
22953558
22956316
22959069
22961838
22964616
22967384
22970175
22972933
22975709
22978476
22981225
22983957
22986711
22989481
22992262
22995047
22997810
23000578
23003344
23006081
23008853
23011605
23014366
23017111
23019842
23022623
23025400
23028173
23030952
23033721
23036489
23039264
23042031
23044766
23047539
23050265
23053015
23055780
23058512
23061265
23064018
23066780
23069552
23072297
23075066
23077816
23080568
23083314
23086047
23088836
23091624
23094363
23097117
23099888
23102646
23105421
23108173
23110952
23113718
23116466
23119258
23122018
23124772
23127540
23130293
23133044
23135808
23138586
23141339
23144095
23146834
23149615
23152374
23155162
23157915
23160684
23163440
23166211
23168973
23171745
23174525
23177271
23180038
23182792
23185553
23188291
23191034
23193834
23196583
23199351
23202107
23204897
23207673
23210391
23213143
23215884
23218646
23221418
23224178
23226926
23229660
23232428
23235207
23237952
23240699
23243468
23246224
23248976
23251731
23254469
23257225
23259940
23262740
23265495
23268244
23270985
23273737
23276488
23279260
23282033
23284773
23287521
23290288
23293066
23295791
23298563
23301310
23304085
23306854
23309623
23312370
23315135
23317879
23320639
23323392
23326128
23328873
23331611
23334375
23337149
23339911
23342667
23345445
23348225
23350986
23353731
23356494
23359239
23362010
23364779
23367517
23370267
23373018
23375767
23378524
23381268
23384039
23386792
23389544
23392282
23395007
23397760
23400537
23403278
23406027
23408749
23411480
23414245
23416993
23419745
23422503
23425253
23427991
23430752
23433507
23436279
23439035
23441807
23444591
23447339
23450080
23452842
23455611
23458380
23461145
23463915
23466640
23469412
23472177
23474944
23477696
23480434
23483164
23485896
23488651
23491391
23494148
23496917
23499667
23502427
23505165
23507920
23510675
23513404
23516147
23518927
23521689
23524463
23527228
23529970
23532724
23535487
23538253
23540994
23543766
23546535
23549281
23552067
23554845
23557593
23560363
23563143
23565914
23568688
23571462
23574215
23576960
23579719
23582479
23585253
23588010
23590769
23593538
23596309
23599098
23601834
23604601
23607367
23610150
23612883
23615657
23618414
23621184
23623942
23626688
23629424
23632193
23634961
23637732
23640502
23643252
23645995
23648764
23651494
23654268
23657045
23659820
23662609
23665381
23668111
23670867
23673616
23676379
23679161
23681933
23684691
23687477
23690231
23692966
23695736
23698500
23701277
23704023
23706769
23709499
23712252
23715034
23717779
23720528
23723261
23726000
23728769
23731529
23734316
23737075
23739826
23742595
23745373
23748132
23750920
23753682
23756421
23759191
23761941
23764698
23767475
23770262
23773040
23775827
23778582
23781315
23784089
23786847
23789641
23792414
23795164
23797943
23800730
23803492
23806280
23809016
23811780
23814543
23817295
23820041
23822807
23825576
23828321
23831101
23833846
23836617
23839381
23842132
23844900
23847648
23850406
23853143
23855912
23858688
23861456
23864210
23866958
23869725
23872493
23875249
23878010
23880769
23883553
23886334
23889129
23891871
23894649
23897415
23900164
23902909
23905678
23908447
23911201
23913963
23916704
23919476
23922261
23925017
23927784
23930524
23933256
23936016
23938775
23941500
23944272
23947036
23949821
23952546
23955254
23958007
23960761
23963512
23966249
23969045
23971794
23974531
23977283
23980050
23982824
23985574
23988339
23991110
23993894
23996629
23999386
24002115
24004867
24007617
24010344
24013080
24015815
24018564
24021317
24024076
24026834
24029601
24032370
24035111
24037861
24040637
24043410
24046186
24048951
24051718
24054511
24057256
24059987
24062747
24065518
24068291
24071058
24073850
24076586
24079347
24082129
24084887
24087662
24090390
24093150
24095902
24098661
24101426
24104206
24106967
24109711
24112464
24115246
24118003
24120784
24123560
24126294
24129093
24131871
24134625
24137372
24140122
24142888
24145637
24148389
24151128
24153902
24156692
24159470
24162229
24164976
24167728
24170472
24173227
24175979
24178750
24181492
24184232
24187007
24189796
24192584
24195361
24198102
24200844
24203586
24206349
24209087
24211839
24214595
24217362
24220126
24222906
24225663
24228440
24231183
24233925
24236657
24239428
24242186
24244948
24247688
24250452
24253184
24255938
24258698
24261470
24264222
24266967
24269758
24272522
24275251
24278024
24280790
24283546
24286303
24289044
24291786
24294531
24297291
24300048
24302818
24305579
24308343
24311102
24313850
24316612
24319380
24322106
24324864
24327613
24330374
24333111
24335899
24338665
24341428
24344190
24346956
24349727
24352508
24355274
24358033
24360817
24363570
24366289
24369051
24371781
24374502
24377237
24379973
24382721
24385502
24388271
24390993
24393770
24396545
24399312
24402064
24404821
24407596
24410346
24413128
24415898
24418645
24421412
24424147
24426891
24429616
24432382
24435184
24437933
24440705
24443481
24446212
24448990
24451771
24454549
24457297
24460063
24462839
24465598
24468355
24471133
24473887
24476645
24479423
24482158
24484901
24487652
24490396
24493169
24495914
24498675
24501400
24504165
24506918
24509674
24512408
24515151
24517917
24520675
24523465
24526200
24528927
24531701
24534468
24537219
24539987
24542721
24545462
24548207
24550955
24553703
24556478
24559267
24562028
24564794
24567545
24570294
24573055
24575781
24578520
24581250
24584029
24586763
24589529
24592293
24595060
24597848
24600602
24603370
24606152
24608909
24611689
24614446
24617225
24619974
24622752
24625521
24628281
24631048
24633836
24636598
24639370
24642128
24644881
24647625
24650366
24653118
24655899
24658656
24661406
24664187
24666937
24669705
24672463
24675233
24677986
24680736
24683527
24686299
24689079
24691837
24694618
24697373
24700148
24702934
24705706
24708452
24711221
24713982
24716735
24719496
24722265
24725014
24727799
24730551
24733308
24736087
24738822
24741584
24744378
24747156
24749949
24752736
24755473
24758234
24760985
24763743
24766494
24769233
24771992
24774753
24777484
24780234
24782960
24785714
24788451
24791216
24793975
24796714
24799483
24802247
24804996
24807757
24810514
24813294
24816041
24818787
24821555
24824344
24827096
24829834
24832603
24835377
24838158
24840906
24843677
24846425
24849165
24851910
24854615
24857369
24860098
24862862
24865661
24868438
24871167
24873923
24876671
24879416
24882179
24884920
24887652
24890398
24893196
24895997
24898756
24901494
24904262
24907037
24909776
24912520
24915282
24918050
24920809
24923579
24926344
24929091
24931870
24934615
24937375
24940133
24942861
24945596
24948377
24951149
24953940
24956727
24959523
24962300
24965047
24967772
24970508
24973283
24976038
24978801
24981565
24984329
24987085
24989865
24992615
24995366
24998136
25000916
25003666
25006401
25009195
25011920
25014679
25017449
25020184
25022942
25025691
25028462
25031189
25033939
25036692
25039468
25042235
25044983
25047738
25050481
25053210
25055959
25058707
25061478
25064242
25067005
25069779
25072514
25075262
25078045
25080799
25083556
25086308
25089045
25091804
25094550
25097301
25100050
25102804
25105575
25108323
25111085
25113850
25116582
25119357
25122123
25124857
25127620
25130409
25133167
25135882
25138626
25141368
25144137
25146907
25149663
25152442
25155207
25157929
25160680
25163437
25166189
25168959
25171704
25174451
25177221
25179980
25182759
25185516
25188293
25191056
25193798
25196529
25199296
25202053
25204797
25207537
25210283
25213066
25215803
25218572
25221314
25224081
25226866
25229624
25232402
25235127
25237905
25240647
25243416
25246166
25248916
25251678
25254434
25257200
25259954
25262711
25265457
25268205
25270967
25273697
25276451
25279194
25281964
25284704
25287492
25290238
25292993
25295757
25298476
25301253
25304008
25306734
25309512
25312255
25315015
25317775
25320534
25323279
25326048
25328805
25331512
25334253
25337035
25339799
25342540
25345287
25348042
25350789
25353566
25356346
25359086
25361862
25364621
25367393
25370155
25372927
25375686
25378449
25381218
25383962
25386741
25389520
25392282
25395054
25397829
25400594
25403351
25406126
25408879
25411653
25414405
25417151
25419908
25422663
25425425
25428180
25430968
25433725
25436473
25439235
25442006
25444748
25447488
25450237
25453011
25455781
25458532
25461310
25464036
25466804
25469561
25472338
25475109
25477889
25480668
25483422
25486163
25488916
25491688
25494457
25497189
25499917
25502638
25505411
25508176
25510932
25513697
25516457
25519236
25522007
25524751
25527496
25530223
25532988
25535778
25538543
25541318
25544088
25546863
25549618
25552388
25555132
25557886
25560646
25563384
25566124
25568854
25571623
25574367
25577124
25579873
25582621
25585394
25588124
25590869
25593632
25596391
25599146
25601902
25604672
25607437
25610195
25612932
25615700
25618492
25621269
25624025
25626772
25629540
25632286
25635037
25637802
25640545
25643299
25646079
25648829
25651601
25654342
25657105
25659860
25662621
25665377
25668132
25670875
25673643
25676435
25679227
25682020
25684785
25687548
25690313
25693062
25695841
25698628
25701386
25704164
25706918
25709701
25712437
25715160
25717931
25720710
25723455
25726210
25728970
25731717
25734454
25737216
25739949
25742718
25745482
25748219
25750943
25753713
25756467
25759210
25761962
25764728
25767496
25770257
25773024
25775780
25778521
25781285
25784040
25786760
25789524
25792278
25795017
25797779
25800535
25803320
25806054
25808840
25811599
25814346
25817103
25819862
25822619
25825379
25828145
25830933
25833671
25836431
25839175
25841936
25844677
25847455
25850222
25852972
25855720
25858482
25861247
25864020
25866749
25869486
25872237
25875012
25877778
25880532
25883291
25886088
25888837
25891589
25894378
25897156
25899912
25902676
25905403
25908156
25910922
25913667
25916437
25919199
25921982
25924719
25927487
25930270
25933058
25935820
25938584
25941355
25944126
25946904
25949680
25952425
25955189
25957948
25960718
25963460
25966232
25968988
25971755
25974529
25977316
25980093
25982861
25985623
25988361
25991139
25993916
25996675
25999413
26002198
26004949
26007694
26010476
26013248
26016007
26018734
26021473
26024217
26026940
26029689
26032438
26035168
26037934
26040696
26043467
26046209
26048916
26051667
26054435
26057167
26059932
26062686
26065481
26068250
26071032
26073798
26076577
26079362
26082098
26084863
26087620
26090354
26093110
26095857
26098617
26101373
26104155
26106895
26109623
26112357
26115157
26117928
26120678
26123385
26126163
26128909
26131668
26134461
26137236
26139992
26142755
26145515
26148267
26151019
26153796
26156548
26159319
26162106
26164862
26167630
26170387
26173139
26175910
26178665
26181397
26184167
26186910
26189641
26192400
26195147
26197885
26200661
26203406
26206141
26208902
26211680
26214446
26217200
26219976
26222713
26225470
26228201
26230946
26233711
26236453
26239211
26241966
26244736
26247520
26250275
26253033
26255792
26258575
26261332
26264080
26266822
26269580
26272336
26275078
26277806
26280586
26283344
26286090
26288844
26291607
26294364
26297141
26299930
26302712
26305445
26308188
26310931
26313701
26316469
26319205
26321965
26324733
26327485
26330236
26332989
26335743
26338497
26341269
26344049
26346821
26349595
26352371
26355122
26357912
26360632
26363408
26366143
26368915
26371676
26374458
26377212
26379940
26382721
26385490
26388262
26391041
26393791
26396530
26399329
26402117
26404898
26407683
26410438
26413202
26415983
26418730
26421492
26424278
26427006
26429742
26432522
26435282
26438031
26440824
26443579
26446328
26449102
26451830
26454603
26457368
26460118
26462863
26465609
26468357
26471102
26473869
26476651
26479397
26482163
26484913
26487668
26490431
26493180
26495923
26498696
26501464
26504233
26506985
26509744
26512535
26515284
26518055
26520819
26523578
26526328
26529086
26531850
26534623
26537390
26540151
26542893
26545625
26548395
26551161
26553917
26556702
26559437
26562220
26564989
26567728
26570498
26573265
26576034
26578800
26581558
26584306
26587096
26589864
26592637
26595395
26598143
26600913
26603691
26606467
26609231
26612013
26614752
26617517
26620274
26623039
26625789
26628533
26631329
26634099
26636866
26639651
26642418
26645195
26647968
26650700
26653502
26656260
26658997
26661748
26664508
26667272
26670044
26672845
26675586
26678371
26681127
26683873
26686658
26689419
26692174
26694944
26697699
26700464
26703260
26706028
26708803
26711557
26714301
26717076
26719858
26722608
26725370
26728133
26730907
26733667
26736464
26739253
26742031
26744786
26747526
26750257
26753020
26755757
26758525
26761282
26764057
26766817
26769581
26772358
26775130
26777895
26780665
26783436
26786203
26788964
26791714
26794465
26797248
26799991
26802741
26805490
26808249
26811000
26813780
26816541
26819281
26822042
26824783
26827537
26830282
26833068
26835826
26838590
26841361
26844136
26846884
26849642
26852408
26855161
26857903
26860659
26863418
26866153
26868905
26871671
26874427
26877172
26879935
26882703
26885449
26888209
26890970
26893734
26896538
26899301
26902054
26904790
26907538
26910284
26913077
26915843
26918621
26921364
26924119
26926891
26929661
26932427
26935220
26937993
26940739
26943505
26946258
26949003
26951773
26954540
26957302
26960066
26962847
26965646
26968389
26971158
26973919
26976651
26979438
26982192
26984963
26987730
26990487
26993250
26996033
26998793
27001563
27004321
27007082
27009853
27012625
27015373
27018111
27020873
27023615
27026413
27029165
27031908
27034646
27037389
27040145
27042924
27045698
27048447
27051211
27053950
27056716
27059485
27062238
27065001
27067780
27070557
27073317
27076079
27078829
27081581
27084317
27087095
27089873
27092620
27095344
27098114
27100885
27103663
27106420
27109159
27111910
27114668
27117450
27120215
27122981
27125734
27128496
27131256
27134034
27136806
27139572
27142291
27145064
27147828
27150554
27153341
27156133
27158905
27161677
27164449
27167224
27169981
27172713
27175457
27178234
27181017
27183787
27186563
27189337
27192101
27194855
27197624
27200384
27203157
27205912
27208674
27211449
27214231
27216998
27219798
27222521
27225280
27228043
27230830
27233587
27236342
27239123
27241875
27244625
27247368
27250139
27252893
27255659
27258401
27261161
27263932
27266686
27269445
27272193
27274967
27277741
27280507
27283249
27286005
27288752
27291504
27294238
27296979
27299750
27302517
27305272
27308021
27310772
27313492
27316217
27318965
27321733
27324497
27327239
27329971
27332733
27335531
27338298
27341038
27343795
27346525
27349279
27352068
27354853
27357605
27360352
27363108
27365874
27368616
27371362
27374143
27376912
27379696
27382450
27385219
27387998
27390754
27393488
27396220
27398998
27401739
27404520
27407289
27410018
27412779
27415555
27418326
27421061
27423793
27426586
27429336
27432124
27434858
27437612
27440364
27443108
27445868
27448619
27451365
27454140
27456886
27459636
27462382
27465142
27467891
27470666
27473425
27476168
27478907
27481675
27484452
27487207
27490017
27492794
27495561
27498316
27501073
27503816
27506568
27509327
27512076
27514846
27517603
27520363
27523121
27525848
27528611
27531344
27534124
27536893
27539662
27542457
27545206
27547969
27550717
27553482
27556241
27558966
27561727
27564489
27567244
27569999
27572778
27575545
27578319
27581064
27583824
27586558
27589332
27592113
27594884
27597653
27600435
27603221
27605984
27608758
27611519
27614300
27617041
27619790
27622538
27625293
27628025
27630750
27633518
27636324
27639055
27641827
27644597
27647348
27650114
27652873
27655629
27658403
27661150
27663878
27666598
27669353
27672116
27674909
27677660
27680412
27683171
27685940
27688676
27691461
27694222
27696995
27699750
27702502
27705276
27708038
27710825
27713580
27716338
27719085
27721862
27724607
27727348
27730090
27732849
27735610
27738374
27741126
27743901
27746649
27749394
27752143
27754883
27757690
27760448
27763194
27765943
27768716
27771500
27774251
27777002
27779753
27782526
27785301
27788044
27790806
27793584
27796356
27799128
27801879
27804614
27807356
27810091
27812821
27815580
27818340
27821073
27823835
27826573
27829310
27832110
27834871
27837655
27840369
27843092
27845805
27848544
27851319
27854074
27856835
27859593
27862350
27865137
27867885
27870659
27873423
27876203
27878951
27881710
27884471
27887238
27889985
27892737
27895488
27898271
27901027
27903809
27906536
27909287
27912056
27914813
27917563
27920346
27923098
27925854
27928584
27931309
27934088
27936844
27939594
27942355
27945148
27947886
27950632
27953393
27956152
27958904
27961625
27964371
27967136
27969868
27972614
27975409
27978165
27980962
27983718
27986462
27989207
27991934
27994677
27997476
28000240
28002988
28005781
28008556
28011290
28014064
28016821
28019572
28022304
28025085
28027852
28030628
28033389
28036140
28038907
28041655
28044417
28047165
28049926
28052677
28055434
28058184
28060938
28063680
28066414
28069174
28071957
28074726
28077468
28080214
28082987
28085707
28088442
28091194
28093964
28096725
28099519
28102286
28105035
28107780
28110510
28113250
28115957
28118668
28121396
28124129
28126920
28129649
28132429
28135169
28137928
28140678
