0.3188124562622087
0.32726745001082036
0.3276880469015361
0.3397657214392464
0.328697488600478
0.33479216055762206
0.34175216820410537
0.3391870414959264
0.3327986356251535
0.33252309658770807
0.3272328283730264
0.3345853724103252
0.3550753551748416
0.33894052428811144
0.3497730474747055
0.33774555771033943
0.33554336878046465
0.34828881088531005
0.3322250965215395
0.3421949883995048
0.32457319038412047
0.346274766429576
0.3364685041906367
0.35528123464736544
0.3332836534505749
0.3410163436986784
0.3355028374106831
0.3318614103502213
0.32512105884024156
0.3274771743314482
0.32057159691873355
0.3380072438421281
0.33087867964340034
0.33082875117650345
0.3499661998328215
0.33430872990097765
0.34338839655174763
0.3476959332778752
0.3329636473062836
0.3337008870351333
0.3284826559607581
0.333351522965991
0.32276742176704576
0.32424868121349565
0.33503175319420453
0.3249850813086577
0.3341613814932909
0.33832391955790875
0.33153894037038606
0.34415449859824543
0.342329787351799
0.33609405132250086
0.34145519992747
0.3270160275578663
0.34350196791889065
0.3541807785435128
0.3389649780434983
0.32969687860733116
0.3297802384088624
0.33940032653465735
0.33465435907217445
0.3562540561914411
0.35453715409268194
0.3500139282481005
0.3380411400233615
0.3524514782176963
0.33968176607489947
0.3196066077647499
0.32696052727870556
0.3267780566076744
0.3284630736284636
0.3214814750776484
0.3244207838295533
0.3263729885726163
0.3259709763665725
0.32558179811687626
0.35496340132246984
0.3397986336923816
0.33277824959877644
0.3511569748475186
0.3420850943654712
0.34500852689032857
0.3299867418614084
0.3396604221304514
0.34553735323192836
0.3328402526368396
0.3404020368185068
0.352138339282986
0.33881960679670514
0.3427014650268213
0.3409118462812059
0.33749192782059667
0.3413867164840424
0.34249077321672716
0.3387310622091317
0.34679569619039413
0.351551419240833
0.34795007321943233
0.3286287234667295
0.33083066518400583
0.34854777950647375
0.3389569414591802
0.33636915825776376
0.31317980340244833
0.32312863309197426
0.329028305367443
0.3302487972749306
0.3325686412434374
0.31492969675965465
0.3223012254769851
0.3277230269991154
0.3394492127306072
0.34495870241957394
0.3428754152196659
0.3336292837757243
0.3460354229315494
0.33976650913661066
0.3400555227748722
0.347989698411258
0.3288906164101769
0.343580265700522
0.3304245227573435
0.3496679688653419
0.337361505570299
0.33829626606823127
0.3357032811930962
0.33841360610512594
0.34396880733829843
0.35911581101022444
0.3716807790637461
0.3473930205636962
0.34763586709306776
0.34250927930974745
0.32415327711495345
0.3270312276428553
0.33302487759563615
0.33409682631091786
0.349579309439629
0.34643975804077587
0.34276919704597486
0.34074511545801145
0.32922789994102575
0.34590184757026854
0.32143489385957136
0.32634221703928956
0.3193393830677756
0.3295666669575999
0.3443902206095236
0.33595892172773373
0.32882046776310375
0.3134556654764555
0.3333838244886824
0.33408977304863596
0.33223967845261315
0.33205765768954193
0.3428407230896145
0.3411496886985824
0.3504122075873215
0.3428381054034567
0.33820497074682043
0.33786240162131376
0.3409618893776695
0.34361896394400626
0.34382201962410563
0.3491208038734888
0.33900239874472576
0.3312314545864385
0.328495720989343
0.3369310702468147
0.340747319595774
0.3411353836180012
0.33533426237149655
0.34345709727510065
0.3410469944605271
0.33487037162338806
0.3448291083863928
0.3366969716940238
0.33806835119163803
0.34369016641979855
0.34083781447567935
0.34840101531142564
0.3445399174186785
0.33724443431904194
0.3389955170287106
0.3343672805403107
0.33529475265675834
0.3359613973853988
0.34265780759993536
0.3537726023290054
0.3419342490702455
0.33498649294920546
0.3453746144196218
0.3283132750889749
0.3212469131174951
0.326495112748424
0.33241215842948757
0.33770198230515863
0.334904534758558
0.32483844948878215
0.3529481929895784
0.34748585130741955
0.32809231787295035
0.3434731531825218
0.32101865226861226
0.33544238188079206
0.3368696541011754
0.343503055485643
0.3407759264022715
0.3319951747741936
0.33230440127005856
0.3287928051632675
0.334805507696033
0.3436566893065844
0.357613011342508
0.3387563434351626
0.3471326572696938
0.3315493069420737
0.3413922118807899
0.3489561169495756
0.349774960421557
0.33776189323680306
0.32489833351140596
0.349007097372252
0.3422262783295824
0.3302583069981589
0.3369755559161049
0.32572962620228185
0.34835088607177933
0.3360523692886472
0.3332077187738439
0.3251163179759857
0.3317874749579208
0.33467455842702143
0.34059808875491476
0.341118556850862
0.33485385759117126
0.344445618791744
0.33557693434263236
0.3346320996547557
0.3598782366148603
0.34866528888022374
0.3510452787697421
0.348216223446581
0.34736757060426715
0.34153345834855464
0.3541907794715331
0.3318527754857756
0.34710703368610774
0.34204143611164095
0.34323354779735316
0.34296886094621026
0.334300492436482
0.3418268974121398
0.3388402916773504
0.3407359520008935
0.35139739407773196
0.3420250917382396
0.3489031750532366
0.34549906175299466
0.34886335914654926
0.34408236316732815
0.3616836463612353
0.34296762533199365
0.33867604238990223
0.3343708952723084
0.3486651844087548
0.33846322212969393
0.34618383970351585
0.34217627457644395
0.3511000569290928
0.3348918373352975
0.3322986568615574
0.330999305691015
0.3336174429435371
0.33865682850001355
0.34239610952631866
0.3319072591826828
0.34765512329691345
0.3225579759595145
0.3327325317052474
0.34032748898051923
0.3308951253976753
0.32038559288163315
0.3275447280015904
0.3323121069066606
0.343206874780734
0.335499559233702
0.3596955365863982
0.33941389197785293
0.32047304681388594
0.3349332282105394
0.33119913193053396
0.3463678045943607
0.3430374921738666
0.34551068741513313
0.33715694705259897
0.346813423790613
0.3456697236155968
0.34078105410781184
0.34048246271147425
0.33971674542117153
0.33051118327235507
0.3435721615385739
0.3504181911606775
0.33670910701725565
0.337457583687509
0.3343103498794257
0.3323007446274998
0.3571616748037705
0.3500330277826642
0.34291326445623366
0.35126249388602726
0.345590403388378
0.3404097200514402
0.32695606940136523
0.3566753819256562
0.34566259588558435
0.3373492236129906
0.3443322027904223
0.33234887319242123
0.33381537698602226
0.33790096839275663
0.3430141795276719
0.34537575281246946
0.333729022537164
0.34370682474139885
0.33970838533380676
0.3294338588675607
0.3406698007584468
0.33969318140812765
0.33524316537218124
0.34269233634918106
0.32792525309236864
0.35110395765588065
0.3293521765896658
0.33942238941649666
0.3373203850153898
0.3377115891625934
0.34411236321022476
0.3386185169879785
0.33809774272762183
0.349240030587339
0.32344670457276925
0.33781644957988965
0.33093262963412073
0.3401212188009627
0.33147830840340264
0.33957145484611967
0.3421101284158794
0.31553621981814495
0.3359882086057884
0.3458971061041952
0.3467863701265445
0.33811260042034785
0.3360519827040632
0.3105255124328943
0.33226239286169446
0.3195735922210737
0.3369385242131223
0.3464554209977052
0.3312756612832596
0.34248585422914823
0.3379779424418457
0.3275941704402164
0.3326414706893095
0.3412641615320645
0.348402495746031
0.3382313299305624
0.3392496341621507
0.33601145852313563
0.3373637598005706
0.33976432813572005
0.339551913799814
0.32918645510717176
0.32349736839779153
0.337431260408128
0.3387413358979404
0.32409507711082913
0.3374035584928004
0.3382568918847728
0.3357134926047265
0.3324131601573429
0.33864362248365104
0.34600456367743815
0.32794993266395545
0.3366195888577015
0.32893527898392877
0.33673697609158926
0.3389734511594157
0.3456202361784378
0.34020764308496215
0.3434743699765384
0.3251918742587344
0.33499379627752
0.342079680188176
0.34663384466653846
0.3373414219115138
0.33106875719217965
0.33695135019714706
0.3303382530087084
0.32460559422666424
0.33667174690335244
0.3327727953872821
0.324975932527597
0.3324499602129982
0.33508108426651473
0.3344432024803684
0.3185338682844615
0.33910762267777783
0.346531122197381
0.3439564176018522
0.35634402644100405
0.3370537165959594
0.34599202003749085
0.3370430802826968
0.3498648808155055
0.3412707362732966
0.3540860578598895
0.33463885471169297
0.3366988267382166
0.33803413520161674
0.33504322432768885
0.33749182951356294
0.3407284718245367
0.32291815947797164
0.32465543683119324
0.3263601472940654
0.3268375054214908
0.3259457159721083
0.34043219857585155
0.32508505188477743
0.34037066137613947
0.3200580378868274
0.34780452530374484
0.3420379060702603
0.3473761391776663
0.3470842568932172
0.3326773067373785
0.34708789914776483
0.3367619128463921
0.3394002317068537
0.3337403898132849
0.33463869994044376
0.32487705635915526
0.33531142683271536
0.34767141435243376
0.32936992387519165
0.3190445068184313
0.3292014499930151
0.33413890089217313
0.333749660837524
0.34429124605081024
0.33784001419301946
0.3287415562894872
0.332909410120409
0.333920241174436
0.3366763840472395
0.3432661670474189
0.32978677949714263
0.3631674958386941
0.3480037961399448
0.33294191853864696
0.3330604092987185
0.35356837692848014
0.3447380688836904
0.3391494994236339
0.34153904799678136
0.3394069973101218
0.3339714878246739
0.3417180097111281
0.3402862100857451
0.34288085287999204
0.3376671356258404
0.3369703950477143
0.3426542101847386
0.3360649459996705
0.34944200278420745
0.33734126622034133
0.35777556559850604
0.3367639153174681
0.34865894864614244
0.34668994508711093
0.35012272870497335
0.35908676647249305
0.3443990118225358
0.3340645657062615
0.3430310899421625
0.3389931910573052
0.3310349392833741
0.33029932871404366
0.34199435568039394
0.3345109348062545
0.3316494072623218
0.33983121080734874
0.3479712680268002
0.3351378149699007
0.3397022151670367
0.35475552978513486
0.3437893776731985
0.3361130927105536
0.32595061460872266
0.3342694009749335
0.3341375679922258
0.33798568249513206
0.34351370777069895
0.3584170096493792
0.34962045016770527
0.34022816414085816
0.34035206518691785
0.3313956393104259
0.32346925456308573
0.3350209991081511
0.3367780921654248
0.34079384777747457
0.341034158730468
0.3389914652308501
0.3260761459715952
0.32947794214588855
0.32711637368978974
0.3326248804082186
0.3299788781023497
0.332697005720045
0.3455409789449009
0.3469120101227831
0.3339599367155026
0.332808000883689
0.31806223593372285
0.33584422298405003
0.35409578826061283
0.33006688077590823
0.33717013093914167
0.31467436409815325
0.31803619616987866
0.32813341785288186
0.3401980585388206
0.32514525014036455
0.3411084364980054
0.3441993740433851
0.33762824392158075
0.3346039491039375
0.3362164670088684
0.34244887360707615
0.3413111507394978
0.3353816507729448
0.3430496079290827
0.3449472378938076
0.3488966452660518
0.3454216068418808
0.3525467035459438
0.34743996275109756
0.3452982968341515
0.34057723177260635
0.34575737140222434
0.3440084723777821
0.33015477066982735
0.3301319953522598
0.3305823588942599
0.3390211723129864
0.34743127161792386
0.3504076846243255
0.35064519625957874
0.335425354265534
0.34427277586281974
0.34022476765034204
0.3355785595486739
0.3445854567517166
0.33440607397551586
0.3352996018940587
0.3424191956134547
0.357658934872941
0.3585382382018344
0.3242163146135115
0.3287930765680336
0.3302466266709166
0.34023310564642295
0.34935599908063186
0.32474815841471527
0.3395819014569177
0.33621455123748295
0.336920822619976
0.34655721173482257
0.3302998771281925
0.3371413898054517
0.326017938123913
0.3359199459785157
0.34010395032920987
0.33225804907361123
0.35408057662331305
0.3571202553938462
0.3639771334831715
0.33493647365938345
0.34416013290162134
0.3395604994410369
0.3547120686052644
0.338118636549429
0.3252764839398759
0.33880739543357236
0.33218948569669
0.3443891741126044
0.33815559880214796
0.3429764340731596
0.33691347628047824
0.36124245807820654
0.3224505894281364
0.33792208886396785
0.3408423357589836
0.3207559883233315
0.3307407205805065
0.34118467727294366
0.33529377310488834
0.34394881913145614
0.3261788857797657
0.32341967965394386
0.3357735045690841
0.3259407699368687
0.3277736200462944
0.3322948556534513
0.34280682327236167
0.33787935688812376
0.35088545839733093
0.3313722330912122
0.3340936504223876
0.34388823500218296
0.34422943868535233
0.3439607546848257
0.34253311934404285
0.3451864358916424
0.3224634516932485
0.33226274924199406
0.34560873440654305
0.35328690007062535
0.32424172050261046
0.3394072946677051
0.33943574439962315
0.3327142066098574
0.34208622033842084
0.35816317875251347
0.33681528016097456
0.33946137157851375
0.3372709340664505
0.340948128051026
0.3360575873053697
0.32794616878074123
0.32546957127684095
0.34418579247861397
0.3404611770049354
0.33987718582624055
0.3543108898487756
0.34819491743852304
0.33716390761353476
0.3333675200152817
0.3563724117457604
0.34164103891545233
0.33958604345635557
0.3619912885878229
0.3512897399201389
0.34247253691234647
0.33182950301661174
0.33857094856729686
0.3316573220892577
0.3465131780096553
0.3454125584173296
0.3434026781796782
0.33804055151173157
0.32646458822538416
0.3370995535564531
0.34423366412341483
0.34700523794322546
0.3350889172823744
0.34110569035427174
0.36062983621900324
0.35119228392010005
0.3320604935849752
0.3255509906877988
0.3314999244648557
0.3321290378120314
0.33069537809140137
0.3003489651646888
0.31180846523251504
0.3214347530910303
0.33070254373845076
0.34171991054312345
0.34332127232090326
0.34804686901289716
0.3447694019545484
0.32983992743775087
0.3424530598118818
0.3493364637543095
0.35645812023971124
0.3498532785755859
0.34279381929562647
0.3560638158994488
0.3483637087956404
0.33765609264809054
0.35045319516125517
0.3404166376980716
0.3250774618821308
0.33945577272309
0.33067405763355956
0.3231761100608762
0.3344317223307387
0.3355067276910654
0.3434368122055747
0.32936965462844525
0.3246064663091933
0.3400142467231623
0.3485581332497613
0.34068489548065994
0.3248844971333583
0.336198305137983
0.33685513905651665
0.3523266750882047
0.3305134484878727
0.3382335668494162
0.3505754741548431
0.3616989825305863
0.34084056118181005
0.32578000277946134
0.33905938420028836
0.3280219080623807
0.3408816002653494
0.34341070546103114
0.3311486221621558
0.3474733441621746
0.3314060933737189
0.3481943319225341
0.36392976805985255
0.33770378559569497
0.32340661292785944
0.3355204552782607
0.3483769837451556
0.3497171042506888
0.33185839271162876
0.3392173011800149
0.3504454446761337
0.3344345290346812
0.32907566956316053
0.3422649685835683
0.34057382170893097
0.3292872561265624
0.34806570683522564
0.34996120034249273
0.3379715613607674
0.3481532854044975
0.3545081429529895
0.35565996489498586
0.3481020315707509
0.3484366520271497
0.3546564855147938
0.3344201650161531
0.3381289243187024
0.32285760000179553
0.34036071249222505
0.33330312636320647
0.32481581207488774
0.34386634356689827
0.34029788212110695
0.3406018638434431
0.35895331884884407
0.34436257928686015
0.33714997493721527
0.32380769252963987
0.3423579352118291
0.3461461285429973
0.3388644953576318
0.3350545904683762
0.33606717806200004
0.33550677451842736
0.33983830077788635
0.3443753078541759
0.3496059161859835
0.3499055617965149
0.34008065783784924
0.3413602081282135
0.3461586321520741
0.34055961634856763
0.33825718442809105
0.35794059662930927
0.36025203964738917
0.35112434511020485
0.32763344675715916
0.34481026892481265
0.33232148829447633
0.339026766912094
0.3217351096613434
0.3342296517707849
0.3282177100187454
0.34039193182749566
0.34031986421697746
0.32531145703306125
0.334083692540037
0.3381693940010478
0.3338394371276625
0.33205203327790755
0.34697807997615365
0.34832918479344094
0.3547182065560629
0.345617696824856
0.3503052720020273
0.33686796103957506
