0.07909396685119219
0.08821972101407365
0.10808787583531254
0.06647793020206612
0.09156518039619028
0.07902930494181695
0.07896153410922509
0.09631958163075044
0.07220840415667365
0.08783752037319233
0.0667784903852291
0.0837017216522832
0.06971290483377826
0.0714264100353914
0.08054979980361883
0.06592240556695549
0.07412471521267841
0.06706367975885945
0.06930626199104425
0.08404476515201129
0.07243589683025152
0.08419643996345255
0.08536629324242376
0.07170250312503891
0.0764176456973969
0.07432641119058037
0.047031834260298694
0.07168135235936017
0.08055434848932871
0.07079726167713828
0.0884364891467648
0.05976386025934508
0.09000223028824814
0.08840343014116805
0.08182514424434631
0.08762982135727979
0.07552214811647595
0.088446751490115
0.08486283493846505
0.08689489456160325
0.07242346805538
0.08616677123921215
0.08078894562729703
0.07290044571860022
0.0953799394594633
0.07478088432327373
0.0785844842280356
0.061964747450917596
0.08701853347976023
0.0952392011297544
0.04442768749530303
0.0880251394995801
0.08076323221836608
0.1007084054043326
0.07633636966851665
0.08092141084721621
0.08744148652179526
0.0975707901097779
0.06954750675202603
0.09169787544130992
0.10074296276325231
0.09070090414087094
0.08232883867339236
0.09394219500320883
0.09965497890453258
0.07618766328265904
0.07621398246465624
0.08552671460257645
0.07355175063243401
0.08084121151820525
0.09278733742411141
0.09144965014978892
0.07058447946331681
0.07371155139527108
0.09947650240193058
0.08642289278637688
0.0937043368906901
0.07228396295080189
0.09053325553330903
0.07130868160366868
0.09292414403888925
0.06049675219613597
0.08045666687728692
0.07436965071657886
0.09591474762873672
0.09097781718618314
0.10113280401428046
0.07793903336456065
0.08392918536931021
0.08219472362799334
0.08069563090648915
0.08246309841988755
0.07377362008006047
0.10234154590014359
0.07910043553843635
0.07382555017116288
0.0754735459634831
0.07664890567577427
0.08335893969465727
0.08549471992556477
0.08950321219365534
0.07948504600440835
0.09477474743318726
0.09908412424729712
0.07415694500502534
0.07889395171777905
0.07276862927203415
0.07608117017316313
0.07297111248253697
0.08434202271181977
0.084803239737189
0.08028073674506109
0.08705283945201142
0.088564954762273
0.0933288027728987
0.06878228997711455
0.08415497395753263
0.0781738864849803
0.10197619841698173
0.09565161710638895
0.08699528262306955
0.07999090562684782
0.08160267988925132
0.09226027378934953
0.07795910735590739
0.06469011350866802
0.0892214734485661
0.08370128624919318
0.07715771696505
0.08046034241827776
0.07529272673073606
0.08470118727405127
0.07858519523828819
0.06857105262386705
0.08125199179417222
0.09475138106130941
0.07499674121185981
0.10547723606394194
0.08666619997980596
0.07624419078946745
0.0797222085892124
0.09035087488023762
0.07263990659458255
0.07684279167609942
0.07535115893787045
0.07713734573615383
0.08224982402801154
0.07337439441334145
0.09434800622332803
0.07817064679852495
0.11763852760947138
0.09238374886823775
0.08993020156080925
0.06682657677995243
0.0826924479623206
0.0885957234737614
0.08906528333374775
0.08501412897491448
0.07724937838305508
0.08989626488918602
0.08404656483959455
0.061272329420240704
0.06888385771664707
0.0871165764359105
0.06095676391350412
0.06997267634219723
0.0921044385271414
0.07334394190894927
0.09277291999414994
0.089951220469784
0.07383102080139217
0.06318402396665479
0.07559086386160926
0.07886893946643231
0.07207314904239881
0.07137738951270614
0.08221024359859302
0.10922752508209807
0.07357156104705084
0.07177690055646707
0.07348765828665926
0.07101737795488519
0.060059110806029714
0.10135995179143664
0.09509313545045625
0.09047923928720945
0.07501715923308264
0.0788665652688797
0.09251688953509513
0.08709572891601405
0.0967261511871031
0.06488078599711714
0.08675803721325404
0.08576764611782749
0.09222796264522772
0.07638385127489253
0.065274695639459
0.09435043382360617
0.08483472781838709
0.09621685144560913
0.06523252702420682
0.07676167021951838
0.07527510300329998
0.060979319548249075
0.07544675614147392
0.07884226376454162
0.06931845273251457
0.09002846408530116
0.06360423601935006
0.06766017648758693
0.104863830485078
0.07216354082194898
0.09129678707162082
0.09297375488892015
0.09905149873339214
0.07819846455031908
0.08232836929698686
0.08766867577989185
0.07509435253304547
0.07047170007287172
0.0853538659888787
0.10201986021470644
0.07411962592995203
0.09372772022903858
0.05983830406140275
0.0700009454430212
0.07909460315279294
0.0709468811253375
0.11237171927804494
0.09734929723185227
0.08960863484643924
0.07717511708496116
0.068561678487006
0.05402814619721726
0.07199936302722768
0.08265127242057996
0.06711800472601646
0.0885009446442668
0.08012986252409943
0.0992682802508225
0.08462724872352725
0.09067523678627369
0.08976471224980016
0.0999349777585706
0.10017532924605545
0.0722586075380649
0.06648327713115072
0.06877848846798809
0.08944884327725569
0.09696309931917158
0.09222933210647484
0.10008659939671531
0.07288405473437769
0.08178860023426354
0.09933404119460806
0.06280036613914512
0.08646919067276723
0.09241553027443541
0.08723438649515285
0.0856507136611622
0.07680911180446943
0.09493404057816937
0.08664935422869595
0.09464775998905084
0.07942060788563488
0.0860389095471165
0.08366416450853385
0.07603533216802938
0.09070582962033458
0.06934354754044877
0.09542356492883478
0.08318928777557422
0.08711195895735349
0.09347473795397665
0.06810359347334403
0.09053424012076075
0.07614390622390146
0.07410748411214635
0.08653574806725686
0.0684891289965968
0.06402681688120812
0.06938761665814094
0.09545121611847032
0.09467185630928246
0.09125797386645254
0.08843805554344059
0.08306745679667873
0.08264966066179405
0.04973799576514691
0.09332083939272132
0.1055242079018948
0.08205874869298357
0.11292234031577202
0.08146356410150166
0.08798432974597846
0.08267341302861608
0.07238858124809096
0.09472229553114002
0.08625777678463256
0.09053617807526168
0.08091582987165276
0.0656633359919139
0.09771013801506001
0.08529019428174045
0.08622943075533858
0.07124493823045047
0.08065108773541903
0.0771666727708851
0.059940677416397775
0.06077068386944324
0.08844185119708736
0.09989358702226869
0.09264229827258653
0.08395505397651867
0.0964171926923671
0.08572430034714229
0.09091394505977432
0.09485385455260217
0.07564482028673344
0.07545673651904229
0.07409983331449242
0.08300478899491992
0.08226396084209747
0.07087642284701313
0.08498675334030321
0.07985989823614495
0.08174552968290602
0.07892132485434364
0.07036898555329799
0.09334905838492821
0.08099236879227283
0.09251682945742053
0.0826343092182648
0.07162569156036278
0.10022805746104509
0.07055995939363291
0.07593356671245977
0.09524571867490321
0.07786859857284224
0.08824099265007333
0.09167442531822237
0.08598835117099912
0.08862293395394197
0.09121001180732086
0.0975860716572139
0.08878049815128064
0.10492331231084488
0.09470805412773166
0.07613664627285707
0.07954707824956557
0.080554351704139
0.10126933325624261
0.08518365799484787
0.07006722505146626
0.09901356995412386
0.08565167502011331
0.07587489238773326
0.09822428701279212
0.062456203416216494
0.06941140789612497
0.07741941825855782
0.084772867401859
0.08851428524047372
0.10089488754260263
0.08949237327337892
0.09025495281754486
0.06305287236939926
0.07935657981198654
0.07735893035830607
0.06335504016244939
0.08733702575745225
0.07188700274482229
0.08798978648956608
0.07331606971241186
0.07536734271324327
0.09672186966590418
0.08935790300074602
0.07142727484522518
0.08420439755030285
0.06395351637179997
0.07614140330809592
0.08835139489841416
0.08727571448574131
0.07921610481118606
0.07755309803681412
0.09880252206974614
0.08411952238490378
0.08304724396309163
0.0700385635851668
0.07193695279835441
0.08598743728223412
0.08222148650625663
0.08573286913699893
0.06930312036534743
0.09030941510819415
0.0733994302653812
0.08882699417017055
0.10011600617631819
0.09117264931084036
0.07151746046776246
0.07788671061667007
0.06351591925485614
0.08021919982110085
0.0938631575070108
0.0688010578788165
0.08449739753224961
0.09293436646884397
0.07530586106828802
0.08674684531885954
0.08630412393600338
0.07708070900149218
0.06551475087180714
0.10267430216041881
0.11177378559607973
0.06668320350931879
0.07475389384667494
0.08400412034352239
0.07123402389028138
0.07932286812937356
0.07738778116453966
0.057950850873955406
0.06287865250743474
0.07418917618493817
0.08258777557751783
0.06318438509240568
0.06449024811503143
0.07615374865203232
0.07721676371317474
0.07581533682532594
0.08291331915465433
0.0609695324590625
0.0824296144600147
0.08013767206151942
0.059228873010954905
0.07156722789813799
0.06808824400443554
0.07096346743863353
0.08330964469005757
0.10577133644556122
0.08550049171909536
0.10971132699589423
0.09770665696302447
0.08085931491840986
0.08791912362815944
0.08166447435477064
0.06815999171914867
0.0969643123332961
0.08547595465659863
0.08708976896879353
0.09225405829566197
0.08894445356882949
0.08974186769273323
0.0726386964861843
0.08173867807244084
0.08390650842128584
0.08413940094164113
0.09229953540917582
0.09269021219802615
0.08562993818491597
0.09424868394740361
0.0747974466254818
0.10044142933905714
0.08674297453933734
0.08625195583147166
0.09167902315499687
0.08228429287911482
0.07782041006839946
0.06184263831878976
0.07991944438145634
0.08950676630129853
0.10000550785063515
0.09259984200452935
0.10143117344890987
0.09102902291708724
0.07201364965469635
0.0648670827557087
0.07777202306887035
0.09626254778707313
0.08382390101356556
0.08050545384981811
0.08348950068018506
0.07518826406560791
0.06492279157363703
0.08857537362224031
0.08767281190175139
0.08013000188188261
0.08631086366619323
0.08450090442001942
0.07241593765458523
0.08033795115974698
0.07906497436622326
0.07380643031258534
0.0728566268012988
0.08682587814271214
0.10168708088645659
0.08062142627444102
0.07843126376797567
0.05842859036601748
0.10500353893104691
0.08729264965170369
0.08221335747463501
0.06843702316547012
0.08997999050793415
0.07898429423169921
0.09286027170464842
0.07055409649313658
0.09492872971118704
0.08799045766593941
0.08310874040134258
0.08037848255237093
0.08618471764216798
0.06893594338855782
0.0637084476698065
0.050770861987699104
0.07769511798188636
0.07367118922122899
0.08089471871389259
0.08599970146765998
0.07505347799685813
0.0736692502510779
0.07784319273122044
0.06355741625388868
0.07549481237063199
0.07587719376142957
0.06813719252612305
0.07636768080040254
0.09626018127301833
0.07881134737936703
0.07079590396824481
0.10328629845336953
0.07809965946933768
0.07878917722158457
0.0784024147093392
0.0771194362447
0.08158617115956385
0.07656114822226975
0.08678040872219353
0.08246328797651617
0.08943973262538626
0.08643789412959633
0.08581683134764101
0.10531332239716859
0.08846852888165696
0.060594821582867844
0.08405184629520346
0.07304867700648812
0.08570941523537032
0.09723623487807131
0.07584134144317155
0.1015614251892852
0.10250474963223306
0.09786585695183016
0.10578236643811952
0.08362840475244271
0.07220594496282795
0.0956742069589836
0.08167071067252957
0.08820999666046979
0.090858551417213
0.07497235695871572
0.08961790541197662
0.09992090097152773
0.06329041161000751
0.07976604582495758
0.06979350448275032
0.06397450370661324
0.09126539081951972
0.0959285927704503
0.09633795389062225
0.08260071339795312
0.07338699312657365
0.0762756512211649
0.07836296081674185
0.06629916618000099
0.08620116295816259
0.07649996631319425
0.0702378477386844
0.06386073588548827
0.08749062022708737
0.08109519134207965
0.09208698137710594
0.08159595610007345
0.07775510601568128
0.10002618723998703
0.06815533004175808
0.10976628548854486
0.0850283232699825
0.05920686053207241
0.08196870379911753
0.09007777379438561
0.07410858019622676
0.08591488917967857
0.05876398842376519
0.06767349192993104
0.08199038888786615
0.06501059788506128
0.09234944162575714
0.09051997494665132
0.07605575133646442
0.09747559194570632
0.09085944039542672
0.08718363895977829
0.06355458334514534
0.07348322472749852
0.0752002715533733
0.05327617478464183
0.09612324021601115
0.08066924631526631
0.07586159868697619
0.059203731979458524
0.06997656170626677
0.08402889849487845
0.10247650880143055
0.08681132529211325
0.06649496117409003
0.07283905775257536
0.0843244553650522
0.0604381225730809
0.08358154259031064
0.07280005550158647
0.07738047933810649
0.11462424276120509
0.0669303543302787
0.07110541137184766
0.08037787570704755
0.06386770856255736
0.08957499511565628
0.08922784377952922
0.0849057188800212
0.07749834174417186
0.07940637667429422
0.06988610260753986
0.07579307709661132
0.0836665954569486
0.09960434911621091
0.08779938311819656
0.06727297420919807
0.0752262987723772
0.09925418512809084
0.08100615310099382
0.0617230235112972
0.06449054332859587
0.08887078785218772
0.09204654662170739
0.08043391298448116
0.10150424165597116
0.0742911747366242
0.07982130779201743
0.07755854947329117
0.08935573085058793
0.10437658348168646
0.08108449548931701
0.08144663020731299
0.08243668916432019
0.06678924987122606
0.09030972544423188
0.07956510654426742
0.07491369008598825
0.08496477719711892
0.0962692442258255
0.08020771612274824
0.09408597068325783
0.1032949408407898
0.09438658879674307
0.08415841307817076
0.09879645703912573
0.07463428889215235
0.08279605974256402
0.07606735614385088
0.08010837382743537
0.08123825114295238
0.09332941322419824
0.08184583148038803
0.07743099103579311
0.07034135652313647
0.0742232685835777
0.09218798058601053
0.06529258457932524
0.08389952335685316
0.07872691475787294
0.09214831238130955
0.08265934741072195
0.08864936180846461
0.08409371646955896
0.07118833653352175
0.08686720636380005
0.09105260015990317
0.09265701811383575
0.0831344407818281
0.08013387352648778
0.07326206539323589
0.0811408575356816
0.08504219097820767
0.10082594310032564
0.1024872618381275
0.07178474802366926
0.07315070415484343
0.0860986165195336
0.08591710894435461
0.09081371611906427
0.08055522088331599
0.09110606294115747
0.07737202891669309
0.09196542000695615
0.08050685819045038
0.07050730243857717
0.09571900421678037
0.06679575605108386
0.0739223782803653
0.07779144460843485
0.06892352197337522
0.10192987747728396
0.08642374045467208
0.0768491641147889
0.09969732311605713
0.07370359939746221
0.07491057709030524
0.06587210356533857
0.09424027252179004
0.06185982403132709
0.0737381210263943
0.08240792358712352
0.06825759640681224
0.06542240410159786
0.08684228076278938
0.07462204950699342
0.08070785691923485
0.06727323190455121
0.08054263604935705
0.0880518163802248
0.09878333416326437
0.11919467532076082
0.08685588248185724
0.08927619261191204
0.07405507422074657
0.06654848421794768
0.10310632670471863
0.0814547411285495
0.06639322556497057
0.07652782022463928
0.07607810697354109
0.08420659608262845
0.0844065855415041
0.08454208308340988
0.07780573840298327
0.09233477645803356
0.0846584313120437
0.08948972822374301
0.0654329865748637
0.08552759357364983
0.09244317776350963
0.09393644326070409
0.09767617929713242
0.08079314135010929
0.08783107700272541
0.0840167434938908
0.09272331228034174
0.08464450129013708
0.062037561457187314
0.079435001765425
0.07764279708377217
0.08258667791594071
0.09939226644218473
0.06953466171707287
0.06869563743868676
0.11159368427586132
0.08339524323553527
0.07098944341262556
0.08293192052242387
0.08308022628544165
0.08788340804595325
0.0636148459198552
0.08536322286140066
0.08266040058136831
0.05527570155177612
0.06280490591997798
0.07676514119991631
0.07211308411224518
0.06713594997140003
0.06216199973455665
0.06453692765229183
0.0667736089751419
0.0772334028070475
0.09887190986429478
0.06913454908313374
0.075579765620715
0.0727631049063231
0.06456611485348841
0.07440136801161085
0.10090678457644983
0.0687463023909257
0.08936247828022185
0.07664354281479625
0.07037098589353198
0.08253910061792685
0.0545985932924517
0.08141827761459236
0.07201067245207396
0.07718281113031207
0.0666240597009424
0.06326508606601182
0.07792118782108147
0.08422793803897707
0.0788425966778808
0.09370560305488874
0.09424027875148033
0.07677960711886841
0.06950137295713674
0.09791079598317803
0.0748608113980907
0.08999881072173356
0.09296765684982666
0.05818804501851112
0.07720229331601669
0.08263314963668718
0.09068906519537394
0.07817195240441378
0.08609965919709431
0.08226554100747367
0.08922307365543725
0.054124596844513734
0.0949815226908482
0.06488479076147846
0.0941554642394623
0.07104670311204686
0.07475710241242312
0.07405363129624326
0.086248873231056
0.06664769372619977
0.06955490342527901
0.09497701299997867
0.09520102007925435
0.07131172507995871
0.05952389418034591
0.07452478856318721
0.09438509048769533
0.09178854192232236
0.07757533006208417
0.056144237251135265
0.06835485598028736
0.08308328380530475
0.08480221666142831
0.11356666268666243
0.07970793570396528
0.08476693157899454
0.07967082856039573
0.08494251755839649
0.07441368808419757
0.08027101297465032
0.07841537980844146
0.06731508717722834
0.09899875157122977
0.08442761135514812
0.09588850107184155
0.08861268816901115
0.06219741639595684
0.07957643362246003
0.08781584529226238
0.09013653271151023
0.07555183032364218
0.07785848396687615
0.07782507495381497
0.08457800026142011
0.09344138194199857
0.08992419149195788
0.11109917007172206
0.08402701082675823
0.0857072445434242
0.07417058405612385
0.08622887642755775
0.07461591888618876
0.08233987463797036
0.07622109009358097
0.07498124508265665
0.07703634676274806
0.07123255250028798
0.06905076135330165
0.06814584241567428
0.09838015152626362
0.07282902797973508
0.072306280306053
0.08251351012533156
0.07277211844502729
0.07786906017496723
0.0692985575070879
0.0756219692814811
0.07293637569133637
0.08485395662383335
0.0821888626752251
0.08539881646138492
0.08391312450897917
0.06940077405838613
0.09796930531815168
0.09935014224619731
0.0764550960999921
0.08291532688003245
0.07911596276016451
0.08310085192596117
0.0781832065569831
0.06339284106073027
0.07485035953880284
0.08531123081842748
0.060174465000590524
0.07661169477954098
0.08109247375658987
0.07543869279480932
0.07670627352016644
0.07360485434589327
0.07408152506844555
0.10498546317257548
0.07674762329111819
0.0927524761764548
0.08591554269172758
0.07338167711070709
0.07658198491451887
0.06942269087151966
0.0645170502110041
0.08145224373432307
0.07442624415452223
0.0863615658347136
0.06687615112952267
0.06990773244444246
0.082331412648584
0.08868643843980731
0.09318333529950115
0.08916934070420751
0.0893055978220297
0.0709824015454474
0.08866599841012346
0.07500535946067483
0.10108067496407361
0.07241513508063335
0.07433383009631363
0.07881407950446162
0.08625848057026797
0.0819843999461285
0.08960914484798893
0.10371692857667413
0.09972312513051254
0.09257877846084916
0.07675940319992194
0.07005171232029597
0.09118246304515404
0.08213390032121547
0.1024420993311598
0.0934432733885418
0.10715415237812587
0.09420469923370878
0.08111406991882412
0.08821401456026622
0.07037705679121159
0.0833887986963609
0.090461138707499
0.08676691856985226
0.10583171642957023
0.09917562881258155
0.07364574867252673
0.09799339103976784
0.09338315081559159
0.07583364099002117
0.07645111458186192
0.08067462704653891
0.0847384915008805
0.08369172113462262
0.08324411072995944
0.07118297240292402
0.1005674188737073
0.08364391472725535
0.08348049825307376
0.07727727051889577
0.08838754792485247
0.08898663880502294
0.08345562041816135
0.07035496922022336
0.07331459378236913
0.08336520795641592
0.09428643921911184
0.06668853877801897
0.08276216325693
0.07567476658827924
0.0897250543954173
0.06722189291101785
0.07905692004839847
0.09060793314073565
0.06219314983129251
0.07598208086536734
0.07195115611297893
0.06708367758465364
0.06924326922909424
0.0885230661206858
0.08975329610921651
0.07636228928141298
0.09464341083177466
0.08584804570221934
0.09421890474044041
0.07937709825958228
0.08681354707312025
0.07966315655891257
0.09385699642295041
0.09020974277600724
0.06828569992751693
0.07725504088144852
0.07060374242671136
0.08132231666047487
0.07605412526752997
0.07027990058835222
0.08077852847327419
0.07441481193361205
0.07816685942566362
0.08087322779845035
0.08463215958550946
0.09292335729777335
0.07642532248716748
0.07552922167897955
0.07645047854470044
0.07854075540611952
0.0549260469670103
0.0778403054661082
0.053748755135826796
0.07416700559302913
0.0639533974750357
0.07505064266235277
0.08800254835663249
0.06018053125690434
0.07932899731774752
0.10475575846245497
0.08155415017422507
0.0755088791086063
0.06814853052103902
0.09997931025473891
0.08290795977165366
0.09114695948768985
0.06953219326231834
0.09174293609418467
0.07571587541920209
0.06774079104873301
0.08548156020821729
0.09500559183059124
0.06937951632608946
0.0713902672695636
0.06279607335958692
0.09862308906582654
0.07384269533004516
0.09329914445799384
0.07124002423267572
0.08232823062158601
0.07203502477941498
0.09881455369678997
0.07543656741078128
0.07206665319900703
0.06426775796240175
0.07317152785888839
0.07471118545256908
0.07680628273994673
0.06455252590640422
0.0747171284984664
0.06467169785649339
0.09088832755830235
0.09058576897465956
0.0867376462712909
0.09942313753391849
0.05988683053481078
0.08885171353002831
0.0734719050916263
0.08273880502112921
0.07760332708446459
0.08422198417984511
0.07493500878881998
0.08484001718482789
0.04768178019052885
0.06160043841641887
0.07460789147622293
0.09844657876032642
0.0859361133752247
0.08317963140562383
0.08284764236452144
0.07124647777364518
0.08184669256082466
0.0686197713703082
0.08568050051973601
0.07236715561293891
0.09786087598019819
0.10664532657388273
0.08698502476353229
0.09826057430444024
0.09030040749490073
0.0804373066911219
0.07910566593646678
0.07442270095767767
0.07873800461374417
0.08251033542322762
0.07317385158066939
0.10419663137006081
0.08776279475247711
0.07655667931215496
0.06840932513159252
0.09319152454553915
0.07130067473277107
0.07634763696943458
0.0950819081763041
0.09899651183156898
0.10792881444868269
0.08059441615450735
0.0842731274869353
0.08217228147408528
0.05655665056870439
0.08171406885723816
0.07144632098385958
0.08990525026231543
0.08445043678221281
0.11489430010266005
0.06399697920482975
0.07477017471049492
0.07619619034579103
0.0924702448374252
0.08200236724028265
0.07123403921730426
0.06457176544315078
0.08142007237608609
0.06283878715434202
0.07428469551622052
0.08763483311314005
0.0749222020133812
0.08691019981739083
0.0829410000816431
0.06933791037400101
0.07165162812136985
0.06729116511191133
0.07776870813868678
0.08468459701771491
0.08427920702021675
0.07804236735586098
0.08291426242923755
0.08790659617452498
0.06474796434851436
0.07062462092398294
0.08775250065970472
0.08436439216149945
0.07402741644924453
0.09638617150341447
0.05944609710490781
0.0942902184099782
0.06501858986789007
0.07790692600242262
0.08586963053507987
0.07947371157269666
0.08955524399746435
0.10964368061102282
0.08865686118011427
0.09566296142495453
0.07206666481566502
0.08574845877275099
0.08445124364734935
0.07673026946189279
0.07367127933276348
0.08475036455202567
0.08614333434622817
0.0906070486047609
0.074026153821564
0.08350520589452119
0.08498956912787521
0.08026246776147805
0.08851686603575401
0.06862159743344581
0.11419362490367732
0.07785282965697748
0.08633599638161583
0.09238663170790229
0.08689292103807843
0.09105161663384286
0.0743747854615219
0.06877428205799217
0.05397389956504867
0.0775249526194171
0.06670610033671484
0.07741823083676436
0.06435971524360688
0.10646989297429937
0.07041585660789058
0.10289287325810456
0.06870577613624648
0.08476733013297169
0.07189370273662252
0.08236802729984519
0.08123479931570389
0.07366284433497775
0.0761134918120758
0.09006427675698547
0.07795231735094359
0.07984688725440106
0.09251390737238772
0.06921660722631848
0.07346350434695195
0.08676217576707919
0.0850079974097889
0.09982534889668479
0.09209837104364971
0.0937902684728749
0.07841765502194212
0.08747794073064517
0.10738469562513181
0.10785727729697289
0.07456287983018495
0.06248035115844831
0.06129412191668149
0.07592126703278554
0.06562283617663847
0.07574012126044564
0.09124825962599903
0.07723377793968933
0.06437947427285912
0.0808250684761852
0.08567099191250115
0.09495957341529579
0.07204978806661623
0.06905357176454191
0.09829093644939599
0.08627663220160209
0.057818863397812566
0.06657428199826476
0.07872917523261995
0.08768634264121286
0.08115470093820995
0.08831518478434296
0.07558001639040529
0.08288040347167758
0.08922508492099175
0.0813989528793678
0.05130013038342883
0.06918583025122611
0.08597960783557959
0.07390436277561274
0.07852079374515845
0.06601303184229032
0.10168954106826206
0.1004821654011941
0.0768059694600492
0.07811353195647316
0.07364021946615815
0.07352251405613414
0.09265728057913061
0.06588656524618958
0.0567796978020885
0.05905989946171017
0.09265194362624583
0.08223060204970481
0.09834491284963642
0.08937306760211705
0.0705141796318363
0.07934202078636571
0.07131022806051923
0.06856611086773481
0.09769950872427502
0.08977244719122246
0.06616269476703354
0.09418187162509642
0.07902846653171845
0.07577763844487592
0.06873671562393102
0.07645009222327992
0.09025876894971377
0.06424812649202286
0.07718658306308332
0.09659605789894316
0.07425246755189316
0.08301366551897153
0.09784497975680931
0.09258341516412127
0.09524095324111731
0.07387968814100024
0.08655312314759439
0.08590476546653279
0.08585397230244977
0.100077164252655
0.08167968571895104
0.0644707847074674
0.09735211919912846
0.08031253273892805
0.07772198653593285
0.06009413257733745
0.09100417854201774
0.09017321401884701
0.10342660026136943
0.07231321680584545
0.0890437675386635
0.0794614813570176
0.05015476202619698
0.08436160104789468
0.10654700308811543
0.0886979482900809
0.06518758240563674
0.06988863848791341
0.10464534893102366
0.08331820155151826
0.07302800259519264
0.07280030361722534
0.053318718464298295
0.09860082295917715
0.08892394657881703
0.09137956037410497
0.07293387201018886
0.08013346696624862
0.08377180095743031
0.06817510688917552
0.0929549491198153
0.107749397729446
0.08198030003135612
0.05946087869036125
0.1015517995210106
0.08368131534627102
0.06160142740747486
0.08489731110724114
0.0672900189456336
0.07316025417156291
0.08545556026870847
0.07953038312953581
0.10950577238402709
0.08546860196969058
0.07221164894440335
0.06924790113320133
0.0711582229067882
0.07383466718298136
0.07544741024298403
0.07890360181449958
0.07885284252800769
0.09599404511849513
0.07209560319580216
0.09929310575216341
0.07680665392676268
0.08492626885639248
0.0917510924321248
0.08863935704223522
0.08554034378696354
0.06261624495010934
0.0651554042441542
0.09218146552124624
0.0734305181470944
0.08514766679836261
0.07384805017006137
0.07206259399721343
0.06779658098568159
0.08128321695126056
0.08223974279169491
0.09953850734555518
0.08004425788155908
0.08336256063552946
0.08679864687905908
0.07933148612717114
0.09461776131422786
0.07317309020485772
0.09657281814103727
0.09997348537598219
0.08759827230594465
0.10053627935941516
0.0887904180251218
0.08148401747959481
0.08499629047356069
0.08535016451346497
0.07634647413768185
0.062117573965953715
0.07418644141448844
0.09549038337404166
0.06280968138589269
0.07927994345560346
0.0846619605503664
0.080690795732799
0.08035123239943373
0.08364132237353768
0.08709556183104117
0.08169841887036028
0.0806734746183316
0.05006614570908981
0.08426539610809361
0.1134385650048391
0.08142808375745997
0.07235700720029718
0.08542201865920196
0.08165618716954559
0.08991416237737854
0.09044328315380745
0.07350954905001214
0.07606921446706041
0.08207432796864081
0.10188215055711233
0.0672955828209969
0.0682724545666825
0.09865506965649987
0.08970044017610895
0.08773341749611954
0.09634559756261132
0.08586470013947958
0.07889777320260957
0.058156838837618505
0.08145054783719616
0.08376225454970598
0.09047251182321062
0.07403998041730964
0.0739076616063416
0.0673968397095134
0.08228719473398119
0.09110481839658036
0.07862542083103977
0.08320393285900463
0.08627663465183649
0.08916820075378094
0.06868647236793356
0.05674637187060759
0.08344391525857034
0.05517096816815034
0.08994313987793268
0.10018505344633999
0.08632303908414274
0.09966973441684923
0.08917349991772108
0.08039420336476708
0.0759309665404741
0.07132623320111187
0.09025495527617516
0.09223776426902662
0.0812113565187792
0.06454481638161383
0.09690279610442953
0.07098775445489644
0.08886084556584908
0.0822955520834118
0.08644689338983733
0.06927595417762611
0.0948463671138027
0.0512208920245565
0.06494712571285649
0.09029310699768686
0.07527756365597957
0.09014984359357356
0.07417189364384562
0.09001649815340795
0.08609568354791995
0.07410393169593407
0.07010835194822392
0.07353292800825513
0.08994470825190037
0.07751104689510432
0.07135203553201863
0.09565536939099842
0.07771652929908941
0.0832411948808687
0.07616281662455575
0.08096727684597955
0.09198693445582148
0.07995949302146098
0.07354428794549658
0.07627738423158123
0.07494341520181894
0.07705835337534758
0.07393100067915143
0.0852074304160186
0.0755571320088988
0.062009300367441525
0.0703402622217476
0.07877561358600155
0.07350443307490655
0.08738129888865621
0.08120545753100901
0.07312957832951414
0.09492923303284358
0.09014532662353979
0.08317936239379277
0.07102701893280963
0.07211328052318118
0.08652681190619078
0.08846757381945342
0.06368530122117731
0.08033050573518494
0.07505022718555157
0.08493367961799907
0.08676865907772038
0.07728227629974196
0.08971076713923745
0.0861358487068373
0.07653063165787206
0.07354147013354745
0.08307450461650508
0.07484711935644987
0.07417694023253049
0.090324691712551
0.08070187592976044
0.0894700075731372
0.07058449220657548
0.0689784993657016
0.07219285715087717
0.10830432018197408
0.0788022912358067
0.07094384489219796
0.07235459201243123
0.07094821597721337
0.08394974463166738
0.08762800583842853
0.08824050590319626
0.07979506236045888
0.08977613437282793
0.09423786393012182
0.08281322223921306
0.0926560023705903
0.07613602658035268
0.05777798441442433
0.07459330100398426
0.06969173693295323
0.08417014723102753
0.07497910472330141
0.08090200444744527
0.08657054025001719
0.06908324007055755
0.07792486047726918
0.07873705076667373
0.09320742220573493
0.07274417336511152
0.08476644050322468
0.0771013961538185
0.08704392997858676
0.0946193631416902
0.08671066094521691
0.0909133801180661
0.09268144389906155
0.10305422593417476
0.06877678379412142
0.08527728304123465
0.09043982459231323
0.11383117741487318
0.07565989935078804
0.07605594992768092
0.0675016579394088
0.07617348504691655
0.07571196994624817
0.0740650929171624
0.07933887458770665
0.05964690409852909
0.08255639625812752
0.08028020961601191
0.08726204877642461
0.09662932583271286
0.1033492094086233
0.06617090014237603
0.07804933657721033
0.09041727222603381
0.06721238570741003
0.07768651669310656
0.08186342397244045
0.074010691591576
0.07660628854541383
0.08342743925237274
0.06587943017963613
0.06951471440757273
0.06379509447623122
0.07025966866203753
0.08017047518486056
0.07626173122984815
0.07342650877127158
0.07951884074526876
0.0800474633682528
0.0895942903556134
0.08868808564715512
0.07126800779472986
0.07686885726774884
0.10936858769458424
0.059115876211587606
0.08443446872527105
0.11209674138860809
0.0836561379013225
0.08643244704281779
0.08388693824912448
0.08950378744168067
0.08552741921060189
0.06582979631965297
0.08326616969959723
0.0958188734014759
0.0971621840216126
0.08917290186947271
0.07015383767133192
0.09196293398799552
0.07884939617516357
0.09225693179837559
0.08749766454942383
0.08087836679730764
0.1010393477319205
0.08668747023063644
0.07557783395844894
0.05821771944563763
0.07917348303524516
0.08385070977726869
0.06728771857504552
0.07839217886090465
0.08524964070319022
0.07704637792814366
0.07357708520317807
0.08007982474181947
0.07225461804051656
0.08904509602903476
0.06754706934135524
0.0801418113795892
0.08818430897748984
0.08524091810799694
0.06276275998584148
0.09654088447162185
0.08658026275400113
0.07963570220136862
0.06094786155396023
0.06243185418696996
0.08252066075855334
0.08232695289706993
0.07457191627052293
0.08008085285736385
0.0792210808693277
0.10189585642834798
0.08689359671843709
0.0816346398221815
0.07337790812675479
0.0759464975057244
0.07952739828136424
0.058587891770244004
0.09061677402674971
0.08421242781001487
0.06976086631626649
0.09319567278713925
0.07662645412183114
0.06865380032825237
0.07778811511781243
0.08650500734425404
0.09052431291344978
0.07362783887114677
0.09048541015441573
0.10542861478453734
0.09954946326580802
0.07913601474052034
0.08641808354317093
0.08814414365942339
0.09168819585987606
0.08889892335366875
0.09202383235113862
0.07056455405916753
0.07785574527110178
0.07516168297531053
0.07038233243198098
0.08418745136414199
0.11224192527834592
0.10086654142857021
0.08625222769132576
0.07644642172241166
0.07553848754945518
0.10306198555041533
0.09840231237297974
0.08687183569752428
0.0790928486820065
0.0877203405829072
0.09103743576576094
0.04986743291048024
0.07763422101520541
0.07641112725923879
0.04847947465580299
0.09377014354640953
0.0523912682699832
0.06972426306394056
0.08468166037423827
0.08163290354415148
0.10740640993230696
0.08172264843043812
0.06259925811222243
0.0759130607140575
0.10381243279238757
0.06894987575099804
0.07424827790059307
0.07492575950894208
0.08590448462404929
0.07538196750256496
0.1010757956320803
0.08803090354227548
0.09801718559026282
0.0976089915024082
0.08540739866559663
0.08764488716865754
0.0808758103093945
0.07304851464992354
0.08839563810540838
0.1040786094757806
0.07095196309752119
0.0878571380811976
0.07695148264808611
0.08019283873914146
0.08772953244213949
0.0806677614733485
0.09297484261335974
0.0994630777367351
0.06766278607592968
0.08979809009051921
0.08187401589577183
0.08585190299053076
0.07379878356038547
0.08522009097649821
0.08251626202180737
0.06511929675582975
0.09823046470187616
0.06185046348282635
0.09097792981662414
0.06995656049883568
0.09121890836779203
0.07710228208631559
0.07149708550304304
0.08006283557913527
0.08151110659391189
0.1083373881271075
0.07214068102590174
0.07277390759114927
0.0705051732625547
0.08502683176269754
0.09523493159145324
0.08602510635217206
0.0940482099319008
0.08352855613962226
0.091327006137007
0.08303661225986053
0.08175764382241082
0.10382964375646546
0.07994281434685652
0.08380680672331423
0.10356684073025162
0.10602703027976293
0.07722083357133822
0.08189404513196041
0.08951597642343376
0.07970583352428345
0.09511357917870392
0.08630810849822997
0.10255085837701244
0.09074727882957062
0.09764446398032955
0.10568592606571062
0.08268015317774025
0.09947006312222906
0.07390630057426394
0.09129171962087848
0.0843529850740651
0.06859279774803545
0.09101744390880179
0.06914033080914304
0.09380354400118406
0.07855072833001153
0.06786781728816996
0.0839867023189169
0.07024587923611855
0.08146869386672223
0.059227183027407496
0.09033014734792819
0.08130885018524733
0.056149930110813956
0.09157733895350509
0.09670868942637362
0.08005879409040381
0.0667461028816807
0.09255595137015288
0.09826700546330411
0.100796032548289
0.07414400664897303
0.10231597622445321
0.08051993665394896
0.07255185396096346
0.07920314988916957
0.07008391539529296
0.07675171660426727
0.07604609441176607
0.07969681300247763
0.07954482753224942
0.07299080006836688
0.0804101760106139
0.05905100095839834
0.0960443195594129
0.08777019790603371
0.08053303752370128
0.06220657433066769
0.09346148111627348
0.08362339771529881
0.06712404277822887
0.0644186699502843
0.1053339340972215
0.10618475980149263
0.09362898271656177
0.07910215664708103
0.08170416086989384
0.09873543393934961
0.08207916422677417
0.07109945247603444
0.07734894256157884
0.08454730410071293
0.09407814629551667
0.10304406666994104
0.10430769973636939
0.07457795934951211
0.0639412260897669
0.08059328368155608
0.06346059776111385
0.10084920122634164
0.076369269574179
0.08585931436592016
0.08158261597985592
0.07374621996510342
0.07767574149330679
0.09162123255776433
0.07184666623916756
0.08684013859038366
0.08661125857887939
0.08750558941109102
0.07704341077318855
0.08245877786222203
0.09446277134429693
0.10405627588131339
0.0673253764207779
0.07872000744542951
0.07330573250396988
0.07020490557296766
0.09743377131851028
0.08928645250566447
0.07380639298466887
0.07463622060745503
0.0868726968700597
0.07216240265336306
0.10282520381983141
0.09253442505461795
0.09583584997051883
0.07672147850111208
0.07886290246958642
0.0849867735581035
0.08032879097275761
0.06146446700614595
0.08523957238337798
0.08538230524162907
0.08415674548214189
0.07468647195062136
0.07847344588572533
0.06558693004494827
0.08555240948725995
0.0792751215725962
0.08969516652874723
0.09002721479414753
0.07172251396069837
0.10264438321101857
0.08509686960953339
0.08802434478855298
0.0915492914180341
0.06847900312826191
0.0918955917001913
0.09032789782389836
0.0854494774793458
0.07515208261613797
0.0650943657929881
0.09487815957201767
0.08478923441504692
0.06678431686443545
0.07611878536309877
0.08196819692959009
0.05691833076860443
0.06711067930414633
0.0856480743763724
0.09448594699764695
0.07850392379297694
0.08837938987681829
0.08335709535205849
0.06907681797117811
0.07445506779171257
0.06885996237998042
0.07575930886924986
0.06320673664948784
0.0807816371550436
0.07258211599143635
0.0755109794672941
0.058352674005742386
0.0847651365253563
0.08451361704755056
0.06605958988168029
0.08232692705016734
0.06327905261467506
0.08940657435880951
0.07606373250701268
0.060895299811072556
0.093004784594377
0.0840319504461835
0.08298292681476654
0.08044268628655946
0.08292931548446475
0.09644575395795718
0.06765573197428115
0.07706613016908555
0.08693570814316978
0.05774563212226781
0.07572985075081265
0.07786930021389406
0.07396647912508245
0.06520882450895446
0.07782053055888002
0.06551028864721087
0.07195190009288857
0.10056821840763369
0.05770157932667348
0.0626264268933813
0.07047388647375412
0.08130223359414268
0.09070285448654922
0.08530827808608751
0.07540588044575475
0.0853571980602173
0.09212393844002081
0.08610001424908688
0.09546754666288618
0.09948776554091289
0.10196287757576111
0.07789105880468766
0.0943456764000472
0.06983913145729165
0.08679910610647726
0.08025073646648112
0.07479955553242354
0.09636401662262764
0.08896118964796627
0.09142979872805432
0.09066508937953469
0.0779837123575721
0.09342252194949349
0.069780972318285
0.09392776338518218
0.08373947657876174
0.08030877543469608
0.07835218038504332
0.0923382319750875
0.08776834821876908
0.0917155810115958
0.08352635578746584
0.09027405062638741
0.09849545169991789
0.07261631853870501
0.07709993081003971
0.08467273599455821
0.08229569770252487
0.09058304495263463
0.09515762359392813
0.08397244819033652
0.07250724775821457
0.08687597490137425
0.07556851349370859
0.09098503515978479
0.09576229141986436
0.07754227641770006
0.055417383512520034
0.08171487821675896
0.08328475857867322
0.07150315491885254
0.07744344725661023
0.09358892229129753
0.07166320829807332
0.07238920067433519
0.0978948815923805
0.061286835201595766
0.06529665136168213
0.0910650099773867
0.09890787188449518
0.07988494969724946
0.09477512576433272
0.08162165972260502
0.09989008220456616
0.06541038551315333
0.08604600448090349
0.06042514939076579
0.08472504601060209
0.09716450297623361
0.08504585397695613
0.08559327618348458
0.08783813489266695
0.0770504817081211
0.09890550878836546
0.07624915195952171
0.09583608872377664
0.1131572904482486
0.08172141554586629
0.061497929221968214
0.08217966068345217
0.09108493439535917
0.07310713000530436
0.07168727003617156
0.05594563984458077
0.0715406925666108
0.07378679191501042
0.06817176811378127
0.10362576499698309
0.09398071443267066
0.08411227443924443
0.06673932551905645
0.08039196089714808
0.09340287893987281
0.09101913401695057
0.08764087005364668
0.0887411503062959
0.07273119436228195
0.08555220048909666
0.09395938432725898
0.09590562752949765
0.10063813282391784
0.08031133527230375
0.056716750168890065
0.08712006721065688
0.058518853841977886
0.08245517935516064
0.07050931529503601
0.08959701924372002
0.0578816397540068
0.07838530402831151
0.08757124843540731
0.08147359962146244
0.0654177080315597
0.0885889863767734
0.08583001946624604
0.07652619224875482
0.0939358749053518
0.07923834073636629
0.09893996536615712
0.07023615928003944
0.06676171953067532
0.07954658721521535
0.09498752090387833
0.06860807678898792
0.0980448695114978
0.08355407278425209
0.1040224611185534
0.07825887794573112
0.08946660769765936
0.1013113259440195
0.08731594143508761
0.08165630848133743
0.08962264178653864
0.09283503175256697
0.10304567151820718
0.07728157392725427
0.08201862146338573
0.060679047496370986
0.06693960792762221
0.08910324072056912
0.08861955322165074
0.09627984389817865
0.1046459346775731
0.08419405906647043
0.08451255516092956
0.08143839600813652
0.08031555956715236
0.08603574578796652
0.08334216210514189
0.07964575021367695
0.06950592982468226
0.04357312633890392
0.07443689955953783
0.07958613599901809
0.055646022264921005
0.08667641522303554
0.08589894188348624
0.0752236874416698
0.08260806310611354
0.08341068934835791
0.08283019408971648
0.08698992421192976
0.08006205947729844
0.06908201294477032
0.07348618895818237
0.08657112103415804
0.07602453912234974
0.08146190214605178
0.07788746650723058
0.058354914666447405
0.06397970421319439
0.06257176891098262
0.08360121681230426
0.10623207581329869
0.08288261675161107
0.06318937844688619
0.0795149678643571
0.059385124917471686
0.08773526847442206
0.07283365972992514
0.07291070864485386
0.07363176483467188
0.0850709522448749
0.0928804845462308
0.06673759603262334
0.08947756316923375
0.08525510995785905
0.08594292118009136
0.09583046295442826
0.0664457574352157
0.08192598614532237
0.0850605816478941
0.06175205987032073
0.10668350033016677
0.09236386941412114
0.09792046117671846
0.10070214592610284
0.0817797367679301
0.06955642574673568
0.08616750436358746
0.09139400088824358
0.08604304952212377
0.09180139832710327
0.08712805101523197
0.06270815715584495
0.08883208196870251
0.08074724619497733
0.07434931423530042
0.0687492681294275
0.06970569762098375
0.08229769079975138
0.0825440619147965
0.08961269740614114
0.0914754824525741
0.07698159548769468
0.10104375889280193
0.09016601514227468
0.07606840014616928
0.08903818785465246
0.07181416520627384
0.08189268665845686
0.09058810788101403
0.11376469391712735
0.08879694768103694
0.05153098839059188
0.06754300392390902
0.08682941245501997
0.06796048495857984
0.0752386494338837
0.061123998116984254
0.08207087710300474
0.07980778744327123
0.07508655798407875
0.10194562086483142
0.07315185437337175
0.08692185718795487
0.0961663668082224
0.10202446408647942
0.07120768130059629
0.05947259263235218
0.06373308429518279
0.07647099378628017
0.06984197938093607
0.06865805537361672
0.08380771210168361
0.08494067566222424
0.08633578155671627
0.07902869085060504
0.07000589882206612
0.0737120572369448
0.08378359357487764
0.06941704714212145
0.07895233981836972
0.08641189327613524
0.08510832529701629
0.09703768418708814
0.07468808368704391
0.07903395496774443
0.09852414155418016
0.08428492566933488
0.09489093785671751
0.07177997015277679
0.06264440192073278
0.06760543305742346
0.0968301360405729
0.07656442810966929
0.0886982073091581
0.08433584805266459
0.0947966145728021
0.06575269587984492
0.10584726535105407
0.06142719758898832
0.08732238190962019
0.0775926178196691
0.08060612126121808
0.06650434259987507
0.08577231611509893
0.08357247304912695
0.059701651353445684
0.07200917511643518
0.04911806607478973
0.06311922014605914
0.10330590883718527
0.08873625295778226
0.08113292447272959
0.0873521555008068
0.08356344960860297
0.076312640244423
0.07804220665563723
0.08988219743465689
0.08219785875672411
0.0801978351637744
0.0700231017659337
0.08312947803256343
0.0899540891712996
0.0849253415924265
0.06618762717598033
0.08078451806125556
0.0890991733926444
0.06588200935864491
0.07675710693999514
0.0788765682953779
0.08952642018624984
0.06578949391911407
0.09141531879335087
0.06379308646650034
0.07145847903902451
0.08431578254251981
0.05721732686660477
0.09554425791744704
0.07243198132317911
0.09601458308739118
0.08542260396063912
0.07092108962230861
0.06737493225879759
0.09366748830600984
0.09579584257840845
0.09798779477531336
0.07869972096733152
0.10792732317809095
0.07571659830447275
0.06663978818897842
0.07924821777642037
0.07945470174287517
0.10468644829885683
0.09074290299098134
0.08273573909200169
0.06697863832704042
0.07835317317735405
0.07456279735544931
0.07683955080182796
0.07921314869083917
0.08727621509383439
0.09095736617552244
0.09150758959355335
0.08182655592264493
0.07047507527954824
0.07858505314760032
0.0806032243014748
0.05420453551704732
0.10531238446920474
0.09338519117548755
0.0791480176192853
0.10205150463756937
0.08890007499700951
0.06789325377028423
0.09813114281245239
0.06528865252286789
0.08828683606076755
0.09628169467370257
0.08960961533465531
0.0725601114400099
0.09063434434036258
0.0802138209362398
0.08026772998358692
0.08277938105959692
0.07612685004641231
0.08461681774196952
0.07061566437363218
0.06490774288758219
0.0840587279181752
0.09358625073265225
0.08397142662248372
0.08062805346702036
0.08554287300734338
0.09878566552721992
0.07711528968283206
0.07531377627274849
0.08063231903819494
0.09382882613885957
0.05057906873431313
0.0855573039218947
0.0669695447747905
0.09682038809314092
0.07979625196672639
0.07759522363839565
0.09471404421633925
0.08576211554275637
0.07049654804174385
0.10347429408567022
0.08984847453664363
0.10286535016760434
0.0918575715864478
0.08103890889551871
0.08380916984939524
0.07179937289731604
0.09592215709421374
0.07986357087240037
0.08445483565084307
0.09448244128697839
0.09116888955623653
0.09062341001988145
0.07885531754687533
0.0766603998304049
0.05592027778177357
0.06787078779916372
0.08402392913563687
0.0942664214988961
0.08225781063586164
0.09309638855572976
0.09294749846378852
0.08452151927332305
0.07456481350573568
0.07549038651354158
0.07086799633118471
0.07300195327751777
0.07363182957310127
0.10068362195103614
0.07805676225838887
0.10242443443102532
0.10297477413768322
0.10111327111442792
0.09293448005624919
0.08368162444834494
0.09082575599024123
0.08332389780746853
0.10587492578097818
0.09303817839865801
0.08581409169048232
0.08694220400995181
0.0717566274547129
0.06666574554884266
0.08559020749891838
0.06992836124612012
0.07261580007522117
0.08830168013155859
0.09174623720753816
0.09386792694539847
0.08833637636733105
0.0612818477667925
0.08909182892496702
0.08779536530816204
0.09618591930016848
0.08715063694269584
0.09121117675988594
0.09605708600735197
0.09875657027477663
0.06524703866997651
0.058403311453374185
0.09472480286402113
0.09522557568177088
0.08752711503151187
0.07332052112280171
0.07751906458273307
0.06928829974966394
0.05803001445005383
0.048362244770731116
0.0888650928339918
0.06339426782066536
0.07823355485325154
0.08275071563905137
0.08459950504995614
0.07633325622515205
0.0842121888576987
0.07228936671460483
0.06992980264982258
0.08622405031258543
0.08510016419856974
0.07484490067022168
0.06533081469398255
0.07038958721469621
0.08573547705572604
0.08446588922903231
0.06662856114047387
0.07179343055210821
0.08489964068894841
0.07084320861536016
0.07059719075396023
0.08709252708857543
0.05076374516315982
0.08045843385575693
0.07907790210547802
0.08327288734954563
0.08810055217034782
0.07242225719759254
0.0644475245556641
0.08362033502437954
0.0669678066519889
0.09551307219775981
0.08023147460277727
0.08484325253978968
0.09639521314940425
0.08068773925275412
0.06716584468498739
0.08031960516957884
0.09799499261523469
0.0944684845866213
0.0938354817138852
0.08103707809223243
0.09740119409520903
0.06520089215193017
0.10239327322706208
0.08979523208471717
0.08989796006783377
0.10038482746484673
0.08729415948055873
0.06276735466367184
0.08403360118248855
0.08615615529822718
0.07555145190753473
0.08237057688077633
0.07152909208008434
0.07419905252145459
0.08570625701687369
0.06313852157240554
0.06693865652895893
0.08345969857943916
0.0545993964414759
0.08702023584738283
0.07727639037548058
0.08163882591962515
0.07195229686336642
0.06542013421802831
0.04711792821020089
0.08709071525674561
0.061878246729595895
0.06692218383643508
0.0926017993138101
0.07649087743158134
0.08879266489708257
0.09788264292983465
0.07527750139649789
0.10554728859057969
0.08196300718596158
0.09590464654343347
0.0827265389330194
0.0964757381582717
0.09143669828606515
0.06972264737720363
0.06518172701583826
0.08724892814568475
0.0726487481789101
0.08780353685255908
0.09449105792927179
0.06362144133249828
0.07661418735586045
0.06880514750304459
0.08606348211207915
0.07589016571858018
0.11602309617101003
0.07624034131504914
0.07428169888026581
0.07761211769993864
0.07841911334147336
0.09410749982355776
0.09072058854388437
0.08188150903233278
0.0838542970583765
0.09197826075616589
0.09662085420734337
0.08231582241565295
0.07145840367082179
0.07114326736809277
0.07842455580881336
0.09094311696815885
0.08753537976802941
0.08404892200307758
0.08070184477970299
0.08668526307625216
0.0858207814733349
0.09831311261959341
0.0934317594877804
0.09603224539147129
0.09757455658731831
0.07624478433451819
0.07483252417664987
0.0755897724075904
0.0797302147498048
0.0880508199423838
0.10489647698602134
0.08831648014751461
0.08170977058758214
0.07589739187261876
0.08455352120558873
0.0645532738059038
0.07060479058057004
0.07904159267448017
0.06937701807798877
0.08853089996518798
0.0944355975342521
0.08316388567468366
0.08280746635728872
0.0754303417937155
0.07461786902748986
0.07538656547655095
0.07290950900377291
0.07787298941143007
0.08208103194734742
0.07642474799288822
0.07751125879178228
0.059811009073315644
0.083547772366363
0.06798212487888673
0.07910119703434819
0.09781327006178006
0.08724763225496177
0.08225864270258443
0.08234524636096507
0.07583826458701928
0.0851906493873156
0.08091863936614119
0.07471651826583153
0.0802548451627471
0.08269374416578099
0.08379392165837313
0.06964259807784234
0.07795585690790963
0.08742583855666308
0.07045201694496087
0.0676867343580439
0.07370361148248937
0.07769346330004376
0.08194217881304033
0.09033939184771013
0.08650869084062476
0.08410288958681511
0.07731035227118052
0.07988197025008525
0.08061644403597204
0.06501129271122844
0.07969996851714364
0.10221147621010576
0.0967958123719199
0.08953781687122417
0.09504532731511006
0.06684139184823555
0.06658798370887357
0.07828477153206381
0.0829846188231883
0.07937154300810219
0.053236882482954356
0.06838253914262103
0.09290312324402525
0.09783424148378668
0.07412213567277778
0.0765511480488815
0.09831839858159899
0.07639699233398953
0.07446852437758847
0.09073810742800931
0.08547603409777099
0.07922199727133492
0.08040797020871818
0.09109968948864144
0.1051209437416645
0.10773634317111364
0.06315082813035931
0.08294360105909306
0.07425454168207477
0.1093946883189896
0.09975314930298167
0.08277704520776491
0.08667622748659208
0.09177806430474961
0.08617938243494061
0.11441349033504813
0.05871909979880335
0.07572660188174173
0.07120351307155184
0.07199097823964637
0.0799562991657926
0.08320067559120355
0.07018166913493505
0.10383170359096397
0.08463224735871361
0.08356443008248371
0.07789948554613021
0.08864778059638607
0.07163391043010153
0.06703229200559328
0.07218907671364223
0.07522046623507202
0.0787772739485092
0.06692966879385172
0.07789686828030923
0.07022728876538065
0.0986417266909407
0.08887947090528489
0.10104058286091869
0.09289524754208887
0.08910710335433092
0.0630565021976172
0.06726396768163015
0.0799310841006092
0.08837936444649659
0.08395813928504162
0.08960893867586382
0.06699576201388546
0.06846730785411478
0.07296285830020978
0.09679707391774439
0.08560128855968085
0.08019171979256118
0.09093100000356251
0.07596765203615417
0.09276847947419162
0.09999522650753281
0.07384376818295929
0.10045924388749672
0.07138467887182859
0.10231011935406695
0.11306436075701025
0.0942364194503066
0.07147684504934948
0.07781826171727022
0.10183200936457364
0.08875094994220453
0.09225282245925104
0.08366423797326591
0.057112200474107366
0.09478373414930999
0.09906593343028283
0.09940101658641223
0.046285798307630965
0.08640356040905536
0.08038940909457012
0.10333087097605256
0.06612379034006573
0.09307527894417619
0.08410942440312916
0.07781170251572557
0.07623882867255538
0.08335196168105799
0.09327377599557168
0.08914916926653704
0.06194084081854269
0.06402811576981886
0.0754897079767091
0.09553680024699612
0.07348603560218095
0.10212729516975344
0.09218972140197218
0.07442777132291728
0.05835070381757691
0.06571988536352755
0.07176100067770338
0.09059943789345248
0.06939370489498972
0.06733979245244504
0.08776491128357633
0.06792547497316141
0.07718855811573591
0.0978458028984191
0.07434925457183508
0.0715879958467914
0.08368216501167944
0.08181311244819303
0.08829592300043562
0.09177609849625479
0.08426442802494441
0.0831859512653717
0.0972156425794673
0.09383177562928208
0.06945769194746537
0.07971377800301746
0.08515037974754078
0.08339729090800616
0.08933193331814325
0.09333496450673238
0.08994081084495222
0.07122453085401594
0.09438583400247812
0.0869646799274669
0.08164110047429735
0.07379751290104157
0.09910867966003899
0.07357408147379833
0.07421121873117614
0.0930304550297277
0.0953904448659855
0.08698662095696755
0.06228259572910387
0.09399870709513791
0.06894267732556775
0.07151128742421914
0.07331094976692515
0.0775918603993887
0.06795060113046747
0.0975202504553346
0.06930028070900723
0.08909016501497513
0.08863955375129484
0.08809660689593055
0.07601228162942977
0.0940456449719051
0.08193157863133166
0.08509884493212523
0.07852460287904385
0.07876141735547082
0.07861445774322066
0.07479349110469734
0.06606208924563153
0.08141969660154327
0.0618678079325581
0.06759469347725108
0.10066346974877999
0.07955803272296505
0.10196768968386323
0.09419656189793084
0.055583559684676896
0.06549582854494856
0.06578734941241837
0.08647667846763421
0.0713562470346581
0.07802280457656065
0.07411298967300234
0.06867980329449941
0.07747650289226705
0.08519895064099342
0.08915490799418241
0.09189990379754195
0.10565749880724024
0.08734652440615716
0.06419238304380308
0.0642135665180743
0.08355668765115688
0.09126837665635283
0.10716427606893542
0.0928149897991245
0.07261345643580155
0.07167964475387133
0.05752582552160182
0.08116254476697932
0.087135960237009
0.09847237745294321
0.08589734555275758
0.06886917003493631
0.09240560484941107
0.08343928408021922
0.11575933934689035
0.08042860961386053
0.06389516015532155
0.06220668594596144
0.08703620808426321
0.08693562480034257
0.08546754365164055
0.09649661222305261
0.052957368409801406
0.07353812823055038
0.08145412747564355
0.06058346202001311
0.10985038503414121
0.08013029693269039
0.06849124258875525
0.08281161837675746
0.06654103545981299
0.07582558501437647
0.08168709056417775
0.08891397136321573
0.05974992141591855
0.06146769510768478
0.08123375969818773
0.07297842016909575
0.09427078240893648
0.06878584135504345
0.09130391908915646
0.08017790335369832
0.07935657234221083
0.09139801438226564
0.07391685390165209
0.07302347658078842
0.0780441007693705
0.0847311155636605
0.08654569263590801
0.07100636802156715
0.06642144244474629
0.07622597578444837
0.08041662660937399
0.09164210653218385
0.07580068715967736
0.08521507430157989
0.07230535839323375
0.06709483264767935
0.07555134648924447
0.08659161957710512
0.08787286061443984
0.09803354665043723
0.08966305747810749
0.06745970489785987
0.06075077243024789
0.06927304009281915
0.07170937008406784
0.0806419254324075
0.06175261987603155
0.06165957119830463
0.07363889557340846
0.09616252274206448
0.08297120714812475
0.07789323668745353
0.07449958693946421
0.08155794454418212
0.07254701800392468
0.0903194230149211
0.06553510898964568
0.06760148021936846
0.07251037739585232
0.07721021085231002
0.09586955803268321
0.09331571681763018
0.07557452996797338
0.08711678898765306
0.08244217446987849
0.06013569251558991
0.0706704606184336
0.06994844134834827
0.07282387245020813
0.05469614561204235
0.07554403162646717
0.06146885790391034
0.08847717189767906
0.07548355222548186
0.08034379053372076
0.08920425831113954
0.07773359090264045
0.07934580624951283
0.07708897499887363
0.08256634727726592
0.06909992198277153
0.07280553226859648
0.09396325144177456
0.06634384954780033
0.09645226483141571
0.07276838643879155
0.09592729258227382
0.05974369362840101
0.08303905189164462
0.08020452235518265
0.09123059352272975
0.07192732892312763
0.07874751683078171
0.0849384676374621
0.09034851488598128
0.08498433619931918
0.09397532279919946
0.0802631812331733
0.10744954834581116
0.07977800162269512
0.08901689396231645
0.08808256702236703
0.07564697043344439
0.09076568759269554
0.08985206046251315
0.06161179003171878
0.08859903687594137
0.08892400293188174
0.08096394966972481
0.07445269953556796
0.08460227335066708
0.07087574252533418
0.07371635821890646
0.05968036185013526
0.07953688310475146
0.0910358483355781
0.08275948251204049
0.07473199508698558
0.07919958029384405
0.07573248908237716
0.08683524592569145
0.06077288761041523
0.08275502480226112
0.07141689940077253
0.09988321716679027
0.06783915157127869
0.08085474878292717
0.09143782018607596
0.08698155688579384
0.0831902379724789
0.07619074605261911
0.07893594880979812
0.08673241575768276
0.0932322366835481
0.06973319028726147
0.08499100432623294
0.07556055686418611
0.09011010327282098
0.08885494448182554
0.09822670767827546
0.07982930542287986
0.06236343374310788
0.08263185507257728
0.07126883228279698
0.09620735268094757
0.07373994559239136
0.07557073015664345
0.07166747336639498
0.08925611996282906
0.08519919741928286
0.09723784393066767
0.09007396281998784
0.09569739867431425
0.08327805050311857
0.09728534977506872
0.10073522144364203
0.08152197163594585
0.07354319565078635
0.0821506134659204
0.0784744025617414
0.08306039049503283
0.07717895965563923
0.08542326693614408
0.09152259844019839
0.08502808850738705
0.08671349785963073
0.07905418130630887
0.0863067475952719
0.07420883456127586
0.07295650485504038
0.08650790869496394
0.08087478374233453
0.08131467722002464
0.08379645553515155
0.07613355777787065
0.07980453693230162
0.097904319009232
0.09113680183594514
0.08013087326235344
0.0979885109086489
0.0945392704636899
0.0968674853806176
0.07411577240577077
0.0959911707428634
0.07820306171150948
0.06834471979669653
0.10015172795990568
0.07876053483963535
0.08285554334344568
0.07856575721968426
0.07268947905891854
0.06763600076875732
0.10256467390082516
0.08572495532884244
0.10655279557754636
0.07956642752685728
0.0771709244583597
0.103975212576707
0.09051613492521823
0.08327155605792941
0.08154290557639987
0.08061147117274507
0.07458333086202541
0.07929235189757942
0.0525139009013731
0.06478157511174655
0.062081866011501556
0.08328955004378447
0.08807370754861293
0.09012063272071455
0.07483100642981189
0.09433674462315259
0.09919285590570306
0.07735009418359745
0.08306344349704195
0.08247008955956404
0.07172125886741867
0.09902819843074409
0.10496516855796341
0.11067269996946652
0.07546807679466824
0.0857526257372255
0.08447586160860127
0.08503971420200199
0.09575106392629172
0.0663354415790347
0.07854941742224988
0.0784368907796848
0.07018320918589263
0.07338756837884913
0.07863408884969758
0.08148027520860499
0.0849762160408283
0.0854810765563049
0.08970910225666424
0.08605569519457726
0.06761008719023312
0.08423897079754247
0.0659655168806369
0.06663511411485644
0.05491438993786898
0.08777578746672307
0.07310648546660013
0.1056507505427689
0.09710107973233295
0.09099049169312412
0.09458860229282226
0.08798986927917468
0.07664235063777347
0.08474749513872198
0.08095163057935573
0.07880564810700441
0.07412116277193903
0.08427973526210233
0.06861476784580368
0.08767985376054849
0.07967373392595609
0.07657007898797276
0.08660139789404192
0.09024352853681894
0.09442605496399802
0.08161685776109984
0.06733584947644339
0.08112561105843127
0.10591365134377763
0.0709713290450085
0.070300855766444
0.07284587233710718
0.0722695082054011
0.0666705927560495
0.10565513095048872
0.0656028761291241
0.07504070674753671
0.06547843620523484
0.08178795006713849
0.08948718036888563
0.0738316323143953
0.09513198772455259
0.06198394267198079
0.08679267506136915
0.08456237439430447
0.07161279495822634
0.08877329314566376
0.08958183383062775
0.08548289683141508
0.08123556157099358
0.08212170243570577
0.08531003612975535
0.057787454960762576
0.08183028481098661
0.05861215326672712
0.0810076433602294
0.04617113715470558
0.09460923145192635
0.07424314725026479
0.06332426969532418
0.08094682458803354
0.07685595492759556
0.07554970461863914
0.07729329509491759
0.09746787570458913
0.10044474760481543
0.07203160407788273
0.08821855961331422
0.07623281544532272
0.08974766892610403
0.06927148527849751
0.07473953270065707
0.06520667171950814
0.05612684631975642
0.07265182380111668
0.07293644833092702
0.07108930658449797
0.08391602894791686
0.08281831011310718
0.07932958553111416
0.06083370981971367
0.06840109337718361
0.09541803192451914
0.08874186548851243
0.07161160610512576
0.10313143924708992
0.08064854492699508
0.08651978842175334
0.07816219547738433
0.09817374741576809
0.0610165389835728
0.0642517486144545
0.08562736822243296
0.10799769339176321
0.10834556669363958
0.08213646554460077
0.06486072900838133
0.07774759125215297
0.09928186648857715
0.09341593934102474
0.08272646660077046
0.08321794436501972
0.08446462471051042
0.07391991781671113
0.07461451592576109
0.07430337191268913
0.06268954215151051
0.0773661483421818
0.0821919818116687
0.08056280477630587
0.08662310027007497
0.08202643378089497
0.09120673778666065
0.08204841699510307
0.09640433935114065
0.08359355957307181
0.0838886512803435
0.09014310601938841
0.08255535777104747
0.09275773584335073
0.09021985824555373
0.08015982344100298
0.064081367667953
0.0940293221276319
0.08671576259962023
0.07317995172106112
0.06882952937908643
0.08461320607744999
0.06724466505975919
0.0667954211910469
0.07245228169081136
0.04573825842626938
0.07068384364822489
0.08899023902606568
0.06926197207620712
0.08944488658798282
0.06411940883455516
0.07670340539091537
0.08922381019956382
0.07753935971318876
0.0901152987456185
0.08782221615990916
0.08178135814955279
0.06790980220498438
0.0689726983565421
0.07998877444027519
0.07122271824504453
0.08121762189395751
0.09062093346498883
0.058697443552503815
0.0713122460716914
0.0762171402990177
0.07572321135390958
0.0971364464813344
0.08282621110514653
0.08434213391907575
0.07650073897175341
0.06410635536860118
0.06881990237077537
0.08399772432021974
0.10120179207287412
0.07955646383299225
0.09324345598284449
0.08542331573955064
0.09329830025787109
0.09557246853160262
0.09148915944548222
0.09105992134183005
0.09186851188205057
0.07370628155656377
0.06639094781123756
0.06557262092863403
0.08710568493472583
0.08943470430456864
0.09485739932607787
0.09274848564400662
0.06883420830818693
0.07469464195938763
0.08159143442462868
0.09220082474628655
0.07846270061908636
0.06277844297857242
0.07522114740780983
0.08434693286035802
0.07338418417390216
0.09857034555480856
0.08651833901416438
0.08422041979793596
0.07479129160755019
0.0866760352896517
0.08414445320771448
0.07445776339910348
0.08820876621784134
0.0784903569271129
0.06906363733406226
0.09074335837265818
0.10476193581738885
0.08267033302342422
0.07755082055740631
0.06996446615438986
0.09165007141671518
0.07570303447055561
0.08881365739822364
0.06796345835372941
0.0767447022728055
0.0782422264519903
0.0812965563434575
0.09618087477288959
0.07683719904938283
0.08906787116650272
0.07825914722857692
0.08407748042439285
0.09764247961401323
0.097759333371497
0.09400952847044455
0.06681032962231878
0.061111796808612284
0.07761750079049963
0.09024858614999742
0.05119218945464128
0.07978979782535803
0.08000815586615681
0.06984618998284536
0.09113908330253229
0.07419796903662579
0.08497826035837283
0.09344131207728473
