-0.005032542161195693
-0.0007688846693296414
0.0019923098524572474
-0.0022201796617631934
0.008539825056265871
0.005534092435978985
-0.005921263106610333
0.0016805007166981558
-0.0002900395709562291
0.007960200085455775
-0.008880760481727402
0.001778807664642449
-0.0004895779132404179
-0.003460138577851221
-0.0014663630136984246
-0.007632996477136698
-0.0015933086259971247
0.0013509088548758564
-0.0033540626601228397
-0.0012113289067400132
-1.6020930225887475e-5
0.0021355033678798064
-0.0022961861956474604
-0.005082080908741477
-3.262967740191901e-5
-0.006470885677762082
-0.0029091473117746434
-8.745690196172847e-5
0.0007575682203748966
-0.002211375860538228
0.006462320256991346
-0.0033550578922727633
-0.0011344492078280495
-0.0037115969029330523
-0.004053481285522716
-0.002512504332557569
-0.001511608788146007
-0.0029021571948018667
0.0002825418580054415
-0.0007698159965410427
0.00706314832107658
-0.002716403738785656
0.003924092855171883
-0.0034068978227041
0.002154179198641623
0.005697208100513157
0.006373103615484459
-0.0037675408482377142
-0.001054475069360385
-0.0013622050645178618
-0.009995186375119492
-0.0015379585885773
-0.002271753296605114
-0.005829341582568949
-0.0035462378832252965
0.0013863042613633549
-0.0066186717301808876
-0.010167441467933845
-0.00302594847622221
-0.0014151302527912854
0.0061030935511304785
-0.004820143110483946
-0.008543486765721782
-0.002904861814239126
0.0030508418763442757
0.001968379611563518
-0.002501069507339803
-2.623699356261869e-5
-0.0010661462867422946
0.002249809302028161
0.0012685801493034264
-0.0024029080361191216
0.004198439759161109
0.002152294040966562
0.0012773415485849704
0.0013396833646922525
0.0029068816838096053
0.005784871817300908
0.006012509700290261
0.005244639740484545
-0.0020684652634017572
0.001816070418629378
0.002419002185679323
-0.00039349547294447156
0.003378139022114604
-0.008136339471697352
-0.0004226649535672162
0.0012802410876162904
0.0029179586227781025
0.002610258667900614
0.003568932310963364
0.0032763850847554463
0.000837988186315529
0.003808519275341992
-0.0019151210397419073
-0.005594044213470383
0.0025701201057912156
0.002240639550544406
0.0034476457828248558
0.0044430727767920675
-0.0013714427960329256
-0.0022468342838061644
0.0015734664350028553
0.0034084531166482033
0.00245085979704354
-0.0066746284075003106
-0.009829643200072093
0.0067922524765620836
-0.005594565484826709
0.007493079819077528
0.0013801189978179286
-0.0026566378263157475
-0.0030849050119067544
0.0042114946517093094
-0.005636555944572523
0.0013364957267861855
0.00022329483583269968
-0.0059887895973563705
0.0009096631757690488
-0.0023703487640374015
-0.002350313235105363
-7.886629434809768e-5
0.005038003922307582
-0.004453268562108002
-0.0037135529339604426
-0.0057815704554785635
-0.00246875676414899
-0.0010003190723668666
0.0052431370541062275
0.006199391923849825
0.0023216583349301577
0.0061880091446221705
0.0035450794383102067
0.0016915510114909548
0.0011717399302782665
0.0025493973482209457
-0.0037475484392711913
-0.003973366949049473
-0.0034692053008546636
-0.001955352587499637
0.0015112045402722579
0.0012728313948731018
0.0017491680337483333
-0.0015751091728585277
-0.0037168030693237033
0.0003558297567601452
0.002219500066281165
-0.004785451203117347
-0.0074801346230791745
0.006658480010107885
-0.001908009003371192
-0.0032622770841559882
-0.0037364166953281043
0.005264707321661966
0.007845441049330031
-0.0005527634275391339
-0.007412119267554332
0.0007600335106608075
-0.005256109378907877
0.0018290006739141585
-0.0029557089897745757
0.005885548126418776
-0.0038799362223213953
-0.0011143497648883783
0.0034010281009823136
0.002845120547472561
-0.003311037791856218
0.0024901823218120957
-0.0010694206434668087
0.0007252565453352944
0.0022623423255888233
-0.005813893642613796
-0.0015243137636500384
-0.005951213378343077
-0.005936416461990915
-0.0009532269198421358
-0.004538082376773221
0.003659587331942064
-0.0030966369130415294
-0.001838034710151541
-0.000122138565119228
0.0013015289573707128
-0.0021369202055381226
-0.001224877547596705
0.001323559650740023
-0.002682312754074884
-0.005731430080197896
-0.0003091473951752303
0.0034726067563968
0.0031984270537478063
0.00346556462840972
0.0021041405077216286
-0.0034047361198670297
-0.006002544663042932
0.004203866215433302
-0.009083486753936243
0.001205829067126836
0.0020632327181718773
-0.0030897537707059285
0.0010528018510065611
