3410941
3477389
3543820
3610237
3676648
3743123
3809633
3876181
3942631
4009035
4075391
4142061
4208469
4274897
4341323
4407783
4474300
4540764
4607350
4673835
4740206
4806721
4873137
4939539
5006090
5072645
5139014
5205408
5271767
5338192
5404606
5470903
5537350
5603701
5670175
5736557
5803065
5869565
5936013
6002384
6068943
6135314
6201788
6268217
6334650
6401077
6467629
6534209
6600715
6667259
6733545
6800124
6866623
6933148
6999682
7066196
7132569
7198952
7265382
7331702
7398195
7464739
7531312
7597853
7664424
7730940
7797423
7863834
7930379
7996893
8063280
8129650
8196013
8262552
8329041
8395520
8461999
8528447
8594864
8661224
8727879
8794431
8860928
8927560
8994175
9060700
9127180
9193718
9259988
9326530
9392991
9459715
9526090
9592565
9659081
9725653
9792163
9858620
9925127
9991593
10057973
10124515
10191079
10257520
10323990
10390397
10456912
10523272
10589742
10656291
10722664
10789166
10855451
10921928
10988386
11054920
11121306
11187870
11254331
11320825
11387334
11453764
11520316
11586917
11653371
11719943
11786312
11852898
11919378
11985842
12052424
12118996
12185457
12252005
12318497
12384940
12451343
12517675
12584021
12650518
12716945
12783270
12849740
12916403
12982765
13049430
13115925
13182357
13248887
13315352
13381879
13448460
13514912
13581159
13647617
13714048
13780518
13847073
13913621
13980132
14046552
14113060
14179464
14245883
14312190
14378691
14445061
14511552
14578069
14644596
14710928
14777442
14843989
14910359
14976886
15043312
15109928
15176402
15242833
15309409
15375890
15442291
15508814
15575200
15641855
15708308
15774845
15841259
15907675
15974102
16040640
16107224
16173618
16239990
16306373
16372898
16439372
16505827
16572025
16638366
16704908
16771366
16837848
16904481
16970888
17037202
17103666
17170002
17236584
17302976
17369388
17435991
17502436
17568985
17635457
17701913
17768412
17834951
17901503
17968012
18034479
18100974
18167345
18233797
18300101
18366526
18433195
18499622
18566160
18632757
18699165
18765737
18832290
18898780
18965094
19031708
19098341
19164875
19231484
19297845
19364330
19430799
19497302
19563789
19630326
19696709
19763333
19829847
19896270
19962655
20029106
20095586
20162059
20228559
20295032
20361438
20427895
20494260
20560674
20627022
20693509
20759895
20826425
20893032
20959536
21025930
21092522
21158974
21225312
21291880
21358416
21424856
21491289
21557767
21624207
21690786
21757238
21823490
21889865
21956275
22022596
22089053
22155430
22221878
22288302
22354882
22421258
22487694
22554268
22620678
22687160
22753624
22820155
22886606
22953056
23019497
23085950
23152344
23218830
23285175
23351594
23418026
23484457
23550873
23617363
23683761
23750161
23816573
23883103
23949590
24016104
24082543
24148979
24215475
24282174
24348554
24415096
24481739
24548270
24614771
24681166
24747596
24814009
24880399
24946930
25013509
25079929
25146315
25212705
25279197
25345742
25412101
25478615
25545140
25611688
25677984
25744358
25810844
25877476
25943766
26010165
26076621
26142991
26209510
26276000
26342449
26408885
26475359
26541763
26608233
26674808
26741297
26807704
26874139
26940659
27007129
27073705
27140197
27206630
27273112
27339626
27406159
27472640
27539030
27605534
27671833
27738391
27804871
27871317
27937751
28004217
28070788
28137237
28203766
28270132
28336551
28403091
28469531
28536056
28602461
28668961
28735304
28801727
28868208
28934716
29001122
29067614
29134087
29200519
29267010
29333541
29400075
29466619
29532945
29599452
29665994
29732419
29798779
29865182
29931725
29998230
30064762
30131160
30197661
30264001
30330356
30396808
30463294
30529799
30596245
30662677
30729135
30795619
30862045
30928666
30995167
31061609
31128014
31194530
31261042
31327466
31394011
31460548
31526964
31593356
31659598
31726060
31792608
31859053
31925430
31991788
32058320
32124705
32191125
32257563
32324012
32390507
32457058
32523469
32589947
32656481
32722858
32789321
32855813
32922307
32988662
33055141
33121603
33188017
33254463
33321090
33387623
33454011
33520521
33586910
33653484
33719884
33786312
33852702
33919118
33985592
34052171
34118649
34185076
34251378
34317902
34384501
34450864
34517362
34583717
34650156
34716526
34782927
34849439
34915960
34982317
35048731
35115222
35181675
35248138
35314704
35381201
35447547
35513855
35580315
35646743
35713279
35779797
35846204
35912740
35979202
36045595
36112048
36178475
36244872
36311422
36377829
36444294
36510855
36577439
36643775
36710209
36776781
36843275
36909810
36976340
37042782
37109205
37175705
37242135
37308567
37375173
37441475
37507953
37574385
37640892
37707282
37773822
37840331
37906790
37973421
38039917
38106418
38172956
38239549
38305917
38372433
38439088
38505571
38571952
38638300
38704690
38771134
38837756
38904271
38970719
39037153
39103544
39170113
39236623
39303104
39369573
39436104
39502532
39568978
39635593
39702081
39768427
39834898
39901324
39967748
40034221
40100808
40167366
40233746
40300193
40366666
40433100
40499512
40565981
40632594
40699131
40765619
40832035
40898426
40964987
41031486
41098051
41164611
41231118
41297486
41364072
41430497
41496905
41563434
41629915
41696299
41762798
41829355
41895969
41962265
42028745
42095134
42161486
42227799
42294285
42360808
42427207
42493728
42560299
42626815
42693231
42759771
42826258
42892803
42959292
43025735
43092097
43158561
43224973
43291331
43357893
43424364
43490700
43557215
43623668
43690020
43756578
43823129
43889594
43956159
44022699
44089149
44155577
44222076
44288468
44355050
44421678
44488297
44554703
44621147
44687666
44754111
44820603
44887153
44953590
45020085
45086748
45153115
45219535
45285978
45352391
45419055
45485689
45552126
45618575
45685040
45751465
45817986
45884474
45951138
46017763
46084355
46150758
46217244
46283763
46350206
46416515
46483017
46549445
46615864
46682211
46748617
46815184
46881713
46948259
47014888
47081352
47147936
47214391
47280940
47347398
47413830
47480326
47546746
47613263
47679678
47746221
47812554
47878961
47945415
48011879
48078228
48144689
48211161
48277723
48344084
48410703
48477113
48543467
48609893
48676247
48742796
48809190
48875783
48942292
49008707
49075182
49141625
49208110
49274593
49341160
49407636
49474103
49540418
49606894
49673200
49739504
49805827
49872432
