0.1601784411055336
0.16479264189089174
0.17591949059691692
0.17797433313535174
0.16249742043221976
0.1680190104290307
0.14200212528123407
0.17091889619424883
0.15581848094439246
0.15647504219232303
0.16197895837185855
0.17168508247047423
0.1616833171570764
0.1485217425045584
0.15976454510902607
0.16761166324299517
0.16969703399787495
0.16200759500813086
0.1786872168700833
0.16836004369860744
0.15979262957891519
0.16710443226095625
0.1581858595854111
0.15184771117481638
0.16734732398492677
0.14867692454013914
0.16482977720712563
0.1656414411417857
0.1726502752051373
0.17208841096055047
0.16888105023773783
0.17341654042657648
0.15809032648476307
0.16394817813922255
0.15777613176625535
0.15012641428814805
0.1469195723508677
0.17277478254723125
0.1652239154029899
0.172769482610978
0.1596466846861946
0.14643022768856648
0.16811986266338827
0.16612338490530357
0.15962723848848454
0.16258583688931125
0.1714201200152041
0.16374663562818906
0.15481922578613316
0.17888347924950812
0.17403241819972834
0.17541084049924807
0.15551406816536179
0.1554770496357731
0.1584682868731105
0.17125218844897613
0.16981568722479753
0.16317040443347985
0.15938094274317097
0.14752977694862932
0.14601822299569187
0.16211627712254947
0.16284260051662947
0.146897894065907
0.1551563508953425
0.1586234548476527
0.1688847408423131
0.16700863476559047
0.1657861453386978
0.16548771978965196
0.14916837695995983
0.18925541836324944
0.18558865936453403
0.1669331271148743
0.16387381773400275
0.1667779799388658
0.16378702465777487
0.15787389013836378
0.1561776950432896
0.16396558768473943
0.16685153192524682
0.16591769409906218
0.18286472910640542
0.16294347025801095
0.16848641686575136
0.1464085517397302
0.1547204257015207
0.15586223924209358
0.15739779753534444
0.1715838275857496
0.16532308187956707
0.14800877011188276
0.15724401709923694
0.16733895404780197
0.17124736027323684
0.17011139791647414
0.1542005192015047
0.15983905809151397
0.15368332223229272
0.16223194139549177
0.17267643134253993
0.19117162356345233
0.16808450814325526
0.16326785868396718
0.16030459808197994
0.1757076016677802
0.17244899809475142
0.16441554750674073
0.15117352258030534
0.1817756913487836
0.1695789153576411
0.1431905589203006
0.15644845180160566
0.17600783871031925
0.15335114570277555
0.14586365209428598
0.15610879515824214
0.1615389537441229
0.16113463583477852
0.16341639806120417
0.163109169576182
0.18124310386486206
0.1732239562442849
0.18602629324148146
0.18286464695796154
0.17459994715973495
0.14405806070649502
0.16528878521136076
0.16177184931094293
0.16215660135788243
0.1806957964473868
0.16132198821806912
0.15472556672680993
0.1657194619548176
0.15989787298071834
0.16164489720419314
0.15063950623381867
0.17723332650709636
0.15976265846266877
0.16713536715734567
0.16487216262011448
0.15905006204140912
0.15402230926591276
0.14361835422873895
0.14744874207428982
0.16404492317309055
0.1651619448181159
0.15351369479937035
0.16587351450916424
0.15186653246568607
0.16210146041879514
0.1578622783126475
0.1603343701614187
0.15847103128964637
0.14938962139798248
0.16435753997828836
0.15860213548006355
0.149341871632989
0.14776919956201223
0.1530962089776138
0.14664455914117178
0.1670207951423421
0.15718828281766975
0.15463356744197915
0.15583157966334152
0.18078317071170205
0.16148491333130632
0.17133486720183053
0.15829014047731002
0.16041065090861392
0.1764103244486018
0.15932989621479637
0.1610389374401146
0.15766037979482897
0.17007599572998908
0.17378290014331865
0.16174623444536892
0.1577305059322752
0.17071657993846714
0.17047911347903724
0.15279811217880462
0.173635487268296
0.17603720345251947
0.16289619470606012
0.17859929563814012
0.15662757893317206
0.1613732160544596
0.17094585246328028
0.16843589231248213
0.16866098744041333
0.1769805413496581
0.16047668508397553
0.15958195095425845
0.1789985436645055
0.16531476631251837
0.15988004763303104
0.1543025421953911
0.1746419125086556
0.17346480449310786
0.165522688679086
0.16963246393689932
0.16354560551190117
0.1754114815967174
0.18180446485556004
0.16333351756601439
0.17207565498553867
0.16046830998218756
0.16007567942696468
0.1729668034744973
0.1668015239604557
0.17018452093704614
0.15698379285650899
0.14178158293794377
0.15779223149012242
0.17600768298123318
0.15588456986040397
0.14630480266944138
0.16881652311821949
0.14696849891519373
0.17059620726316735
0.15742987876658285
0.155817016117152
0.16130738840050984
0.14952228167784484
0.14742299712521487
0.1666781493798062
0.17173059583070227
0.14858355866876277
0.1816455747251311
0.16391174300418046
0.1692034664848062
0.18426153507142576
0.14402457256305207
0.15651836857645715
0.16370400430792875
0.15620235358012105
0.15808525884952498
0.15404465640642742
0.18697004642890916
0.17241405119371753
0.16998623441328412
0.16854735025284381
0.1612312683700181
0.17188243410913392
0.1798440837316965
0.17784938078627036
0.17131753170691424
0.1757434082153602
0.16464956665546007
0.16715148325205542
0.1860665763988848
0.1676833531034476
0.1429221949574288
0.172925516628433
0.16877180189009347
0.16173860647170166
0.19005664442691264
0.17992802912964653
0.171586849762433
0.16437560063794468
0.167008365752127
0.165884136072267
0.1826967181252959
0.14823682653300177
0.15457856081676416
0.16733497558489516
0.15892471786161022
0.16483034607194327
0.1516999594176091
0.16781893456492625
0.15571907678780392
0.17820220460427214
0.16277891207061498
0.16040912230765195
0.16174947469129217
0.16722075627144306
0.16982493834958323
0.18077548031051036
0.16459329488383112
0.16710558586313418
0.16776292836255505
0.17150172456771998
0.15110844549400548
0.1815377137719563
0.16009608326008742
0.18507995995961432
0.1622738281341413
0.1514124065581319
0.16081312111932008
0.15555634816182337
0.1552145449998282
0.14962850880501577
0.1567866444125472
0.1740270434428132
0.1508669657479035
0.17108633575157664
0.16413162511386986
0.16377687140745154
0.16522491279441545
0.1679156516753579
0.15191243181058223
0.15858773500262371
0.14610318764070232
0.16267089052728587
0.17003806064957191
0.144209697786232
0.15101797909543638
0.17061728685403002
0.16424028327918302
0.14619797899073708
0.15381631719982286
0.17785262875387475
0.1607716593562
0.15488210884664402
0.16513722325026658
0.1680400327522196
0.15824411582654463
0.15680683733381304
0.16226251281205137
0.1422132432659735
0.16791033035747202
0.1733395701538053
0.15236231074138687
0.17545861920516928
0.1466980007567542
0.16314631170586463
0.1738411046392393
0.16043074511103356
0.13965666736214435
0.1573351029146352
0.1578806570968271
0.15579023350538215
0.13763617868102376
0.1516900115610683
0.15532913398732512
0.17098946933073156
0.16821465928254462
0.15407790943902455
0.1720006185638062
0.16610910642711896
0.18554653964234455
0.15189293145906232
0.17209482912495944
0.17532370156750765
0.17500766268673942
0.1596299324490337
0.17428445266517742
0.1575075463154262
0.15678488683126604
0.1706855997693707
0.16959320149238796
0.1791467814726494
0.1521853639068822
0.14268131729991276
0.1462982007502042
0.14751377104046645
0.1654583076087243
0.16419997425173413
0.15991066610733837
0.17948746595798704
0.17265992619842163
0.17067934613199978
0.1633321876713087
0.15627049059504294
0.15136601946716274
0.1708161794453785
0.16634605106691122
0.1634900875443303
0.16916849099853562
0.1640458457660998
0.166243095072578
0.17035865772287087
0.15508904610819302
0.15955989467466658
0.15077975401028595
0.1560022894063591
0.16654257691115873
0.17524341430195592
0.17603023871808768
0.1573977793352058
0.16487390940667734
0.1774809733801933
0.15061759046170492
0.16479163782484507
0.15185692610852866
0.18840581522656785
0.18337454520579907
0.17305415897165147
0.16113594833060282
0.17950737728126198
0.16060018321691033
0.15136662136756182
0.1749454537801173
0.18352179661178344
0.16765968280634855
0.184579847176614
0.17174521129946166
0.16761747146866582
0.1700238936090521
0.1704794894713424
0.16447397579263148
0.16951875996564394
0.16837023515272265
0.16995598646572155
0.16180027917764894
0.13992664375142483
0.16918125759308322
0.1629456609277317
0.1486600940177131
0.17673168787617943
0.18301553012119345
0.15208962761957498
0.1646606370198128
0.1443462858328528
0.14251882213591632
0.17378301005277888
0.17417262389971125
0.13450627001001977
0.15975068804579345
0.18633561992246442
0.14310385843567217
0.15774434038117588
0.18270330000706345
0.15199711336470614
0.17302084883094937
0.14675317240720478
0.15730949675562048
0.14873421051351313
0.16311457324168918
0.16331672921554943
0.17791540779488837
0.17332780089503164
0.18375354559895316
0.14686940011169644
0.16314559889085692
0.17048065194614417
0.17277983373601916
0.1699122567923068
0.1574197324170187
0.1851633009166512
0.15204203466068122
0.1671677124461618
0.17975030323286886
0.16131739718499155
0.13013018096492854
0.14891278913854836
0.14261619459711997
0.15164591395453866
0.1872583031211464
0.17094448330556336
0.14074447891648348
0.17717155516128924
0.16736242142298532
0.1493306459104871
0.1426996466557006
0.16227501912301606
0.1574248606691089
0.15845877039794537
0.16950852232367006
0.16367100941835674
0.1631149591543449
0.15015817130683157
0.1944036819596988
0.16610252768792452
0.18966422395630791
0.15765478537578662
0.17950393016353228
0.1718215417173268
0.16628125340207872
0.17886502398889662
0.17544738074763058
0.157780431828197
0.16334736253782994
0.14809910353727956
0.17440218660411044
0.1642057344262327
0.17840086603951144
0.1665897136269691
0.16264937866959897
0.1568508809736211
0.17045073908347644
0.15272208635754483
0.1662503766502567
0.17415770054969507
0.1677988868903039
0.16858091221710392
0.17468087494970608
0.16097335484032058
0.1666196921299723
0.15911634669362046
0.1773813470785994
0.18361292764819362
0.17366508757268265
0.1742275545060037
0.1518239475697464
0.14040504691944325
0.16423857111175555
0.17262841686198918
0.15455234103072085
0.14854165342932632
0.1628631109764745
0.15606803353255919
0.14827845449713875
0.16426295135306396
0.15856397296623795
0.15151821536827526
0.14657141860992126
0.15858374700075725
0.16037606740497615
0.1580031083518115
0.1671167756918415
0.1656662657766212
0.15468139509701034
0.14364938797661672
0.16497013456177698
0.16985110045203003
0.1670750896663105
0.16722788771547747
0.14191757739912608
0.161326665080027
0.1661667623834512
0.16629727851940027
0.1706606562877987
0.15455541650044236
0.18252881152335051
0.1664032591474839
0.17100399803286084
0.1520834163912616
0.1722755239398386
0.14594643907922716
0.1623339549300451
0.16174151990245975
0.15486591877615755
0.1661785522323213
0.16199112894419834
0.16159774755067766
0.1694456462972115
0.1684867238138987
0.14486381214984587
0.17888232232222376
0.16772116502559922
0.1584411191854256
0.15922549882585332
0.16002090868561372
0.14594663998965782
0.1732521261764116
0.16168338912717392
0.14881468872261064
0.1668553332028483
0.15381046515488878
0.1725761288710974
0.17001924987843228
0.1442703179340387
0.16532106543997868
0.17629041113361774
0.1690123780600894
0.1544455791345926
0.17704711350105876
0.17701473896171047
0.15336170965781473
0.14974667989303722
0.15671849311218722
0.1760627844182627
0.15863813199332988
0.16108971680036552
0.14667648995140734
0.1693080405915712
0.15323977527872598
0.17498003094474612
0.1663941426767961
0.15208743151264156
0.1605685842968399
0.16932402141199385
0.1630896262281451
0.17835430998944043
0.1667388453609794
0.1433393191467752
0.1634695169326326
0.1508049471572622
0.15359246405213556
0.13165488058166439
0.1395340712477293
0.15948948277805572
0.13840973226535605
0.16908204865056162
0.15863327299177327
0.1534323873216669
0.17261216409449595
0.1616563448204989
0.1689900981165121
0.16457305910533787
0.17389892915474078
0.14663376435793332
0.16832743142220408
0.167334695705179
0.18527102149529803
0.17765064249118548
0.1549553151770549
0.16984961837608034
0.1726757329197378
0.15377824671370846
0.178663771413072
0.1708717066822065
0.1839901995191164
0.18380015770806235
0.16443013487613595
0.16565340540276682
0.15339376351972697
0.1521403878583236
0.1621672278598377
0.15909951036929182
0.17933274711393757
0.18524600555600468
0.16365664882330724
0.15070970497163574
0.17400385645191319
0.15736481257050686
0.16272763599908188
0.15769981542049422
0.16206076740798578
0.16141189253127056
0.17468609258815826
0.16416031634865705
0.17811886563523585
0.1544313646813346
0.18735897864766485
0.15807490527665244
0.16615264402534471
0.15818995154634422
0.15868671149288494
0.16155785978076903
0.16257236396669147
0.14201966863629314
0.16624450212150804
0.17438560334972017
0.1756208009862933
0.17538711598823822
0.17413678710685462
0.15694894920763694
0.1604715894799313
0.1492509203744923
0.15389356448055574
0.1741742110142864
0.15645031759619465
0.17653272922131913
0.1987837278874485
0.17526152650725355
0.16097379671782733
0.15787187102377218
0.17244819336510495
0.18142246965208242
0.14459085412622213
0.17409259943482583
0.1591865346896833
0.1725091297339348
0.15764693171716657
0.1570354476122589
0.164788040049837
0.16157844435808952
0.16491774659880956
0.15441550414135477
0.17030073219855055
0.17682280983219323
0.17620511600207658
0.15826066658986632
0.16726066690639144
0.15577632796582028
0.1729480413069453
0.15580891486891138
0.15472848066311745
0.15156175625955753
0.15477201264676296
0.1573124682226524
0.1491236173835982
0.169762298603404
0.14149974185888148
0.15529626570712532
0.1480511142332199
0.15130263513716322
0.1745064444601753
0.16891160072524758
0.15337490235576995
0.14697338388316963
0.1674769614867211
0.17404880327750574
0.17401540711928454
0.15925994702976265
0.15079294927983686
0.16216528918022108
0.16416756248283623
0.17238048695758823
0.16272146032971538
0.14453810371166798
0.16617232401022622
0.16354298008870063
0.1685384340528717
0.15832337932781956
0.17807563569334617
0.17022553698118573
0.15645764031711937
