1.408344276163137
1.4008081883682342
1.400373625565319
1.4028513138356378
1.4036024659995918
1.402540068725127
1.390792733253515
1.4042335398639088
1.3982041714122948
1.3909154881094825
1.4001046519047557
1.3990435791215843
1.4008908968964595
1.3914633669684624
1.4032279022718177
1.3989038811177963
1.3906536483993752
1.3957186673260662
1.3973202911901585
1.3974278372166251
1.3880558626802673
1.395786151010616
1.388225437844526
1.3923621309462364
1.387798555962246
1.3886008229381497
1.3974433180486718
1.3919440967427974
1.4048430860343013
1.4001508957971245
1.3978433877722738
1.4014364406581168
1.3948827800761459
1.4026207465172489
1.3935463743785517
1.3974922556207072
1.3837104203434178
1.3988494935658962
1.3956029292914771
1.3962018346235714
1.3905307973938228
1.3972868721968206
1.3931220838543314
1.3977736347141418
1.4023990896777905
1.4022166000010754
1.3981060432194015
1.3934182037707308
1.3948116125212773
1.4024503733516573
1.4052820559349817
1.4045056599156036
1.3885810658587676
1.3890753045240432
1.3895149888191989
1.396831456819813
1.3972324411588952
1.3956822480204432
1.394673816538937
1.384781656461847
1.3896491245369138
1.3896122782694518
1.3883389195051128
1.3875800443469422
1.3893734085896705
1.4014313016719422
1.4066851843410417
1.4030349946859015
1.4055279167307038
1.4058362565322733
1.400265825305736
1.4042034389027511
1.4133223088925373
1.4000203161696279
1.395696381987655
1.3934149584800883
1.3959060777642733
1.3884298716288643
1.3864165911409982
1.3923816991374098
1.4000190787210693
1.3992176204828228
1.4008991820907397
1.3952869989332235
1.3880985178929441
1.3916681995657976
1.3950811063008073
1.3904873086319582
1.3900017485805198
1.3924858984761102
1.3881786581228612
1.3938036478329072
1.3892479662961223
1.3910058029133046
1.3927249277921174
1.3995980989873322
1.389859527590274
1.3934130486292562
1.39048938957724
1.3988179623642967
1.3975214028896703
1.4026423215283694
1.397951595953381
1.3899504519034664
1.3943404353608102
1.3919019194393487
1.396100146104117
1.4030921854253455
1.396578953541847
1.4012735466599688
1.4020605203505154
1.3936219766477977
1.401164499771571
1.3981028990304092
1.3915396217566232
1.394617727382502
1.3838742395846875
1.3900841807060227
1.397440876849557
1.3958195292383702
1.4050792684580016
1.4057428083116295
1.4055708160836107
1.4126065280550613
1.4073652906303773
1.4026803761271438
1.3910628409993901
1.3974709528235627
1.3931218226879472
1.3879950866464403
1.3933433085814364
1.3928594619878265
1.3907309015758154
1.4002749308551803
1.3963345976575638
1.3915214978934787
1.3990267521783954
1.3983038606200828
1.391914960233593
1.3900733900673883
1.3938623376777917
1.397900305739568
1.389307340819647
1.3880773112419218
1.3906179901185125
1.3889430007178587
1.3896106013163214
1.3990862411683906
1.3943014188843657
1.388456438026301
1.392517319317857
1.3936861827347908
1.3923043115993599
1.3945823425022954
1.3969624372152454
1.3972322311208236
1.3923006346899431
1.3936121753646413
1.3981331072253556
1.3935518959714681
1.3834683159066818
1.3914307012390383
1.3914472329586396
1.391566796741538
1.3937516307489082
1.401793946614963
1.3965534614243873
1.3973702057246238
1.3966341528851858
1.3969493550448144
1.393354337550499
1.4042977919212782
1.3966108000538602
1.3967584037403802
1.3919757287591341
1.399847541771682
1.3964554307899537
1.3924976292937712
1.3965320930652128
1.3977670667424642
1.3951447475220473
1.3995172065749448
1.3952720255980315
1.3989375514052822
1.4043492311118762
1.3935641484980332
1.3993908989570523
1.4005994008907263
1.4036681231510808
1.4019762599322014
1.4007566967933645
1.4007491451198104
1.3916248109262754
1.3987326739199888
1.391011183405473
1.3956598711319996
1.397220921488714
1.4038697618025509
1.4026215963988653
1.3930503399489436
1.4017665210350332
1.3961970052413095
1.3961277832997598
1.3989539468436012
1.3961521811980673
1.3920136924667161
1.3947282972768817
1.3938480677696907
1.4007961684570434
1.3970298310408393
1.3925588561011562
1.3963161504806492
1.3865002286659005
1.400354755985262
1.399660366538688
1.3971218381786648
1.3902216883239131
1.3902099219588244
1.395606085701
1.3952635043912638
1.3966327147131319
1.3841560572260756
1.3979469971158442
1.3990597928097719
1.3904833714493778
1.3891894633225226
1.3888508036414544
1.3966524730588896
1.40106695481951
1.402011243612345
1.4023924070401377
1.4085830414944214
1.3932295877699656
1.3907161106992278
1.3991329866050677
1.403435876887457
1.3984196923443681
1.3904706366710957
1.3935602692316211
1.3931451395201586
1.4082797319210545
1.395932453415709
1.3974624279238317
1.3975174180109786
1.4035032564822314
1.4035678046689999
1.397149479955493
1.3956188285683309
1.3957584261907012
1.4012910797111156
1.3969260977402085
1.3984231013375654
1.3972665074218902
1.39891450412329
1.4010930220301645
1.4071073343326317
1.4050375959788093
1.3975490602733662
1.3941251221785365
1.3967261158999802
1.4011511282273441
1.3939994019452309
1.3995052884484538
1.394561274336964
1.4029910409773
1.4023838274849771
1.3948007509204075
1.3941525569870912
1.3947288155742619
1.3962624465555658
1.3947328576568603
1.3898117223126139
1.3921198233102354
1.3909143983066248
1.3888194483261997
1.3960303219542263
1.395855694757092
1.4077219989135896
1.3962979251662402
1.3961905993273858
1.3981632978181848
1.3943579695565045
1.395560522460382
1.3999291565708056
1.397666395367332
1.4064120273860932
1.3989323513113534
1.3863836287922295
1.397110596915754
1.3951019774389426
1.38658349258938
1.3921083284858515
1.3898942064072541
1.3887892011099618
1.3885317715722463
1.3932668419952583
1.4006536286049538
1.397429359917754
1.395439809368875
1.3970875655511474
1.3914777728178898
1.4039176322400044
1.3901935837695956
1.39963422786165
1.39763827102997
1.3980654773553427
1.3917360368703662
1.397544313030213
1.4069352279722045
1.394813399949802
1.4017858869787938
1.4027850849646375
1.3957813936818344
1.3943415349987722
1.3989591486242476
1.3948847065939225
1.3874202458218283
1.3938814953836358
1.3961633381230583
1.3978381769043964
1.3948700435159298
1.3941428801257418
1.3957165023872913
1.3950511463289885
1.3880599341423119
1.3897830523603327
1.3966547103236218
1.389011938312277
1.3833498421718582
1.3970786229947068
1.392334307457155
1.394551988234012
1.3920299640458216
1.3887372857718852
1.39138893221799
1.3963565435234495
1.3994347643892704
1.3968473108460915
1.3964403741932523
1.3976330975739517
1.4007155767261656
1.3929964636844747
1.3992393398982037
1.3983831104678615
1.4051468993403933
1.3976787982065002
1.406541726655947
1.3997444589970849
1.391973012637183
1.3988824576250176
1.4013883046556987
1.4001976890938452
1.3954894632730477
1.385569263922755
1.3793390743646023
1.395480120934588
1.3971443398068046
1.3999493393034046
1.401298008926468
1.3985487130227232
1.4028674753616295
1.3985587982717347
1.4067099271097543
1.3963904987728026
1.392596245740241
1.3930182691620718
1.393498531733455
1.3949154071827017
1.3931663163643735
1.4008332627026314
1.3981646102578438
1.3937774932845057
1.3958632772819604
1.3967370751596595
1.3885793178093833
1.3886992996306764
1.398584913424268
1.4017199890476135
1.4025763948682883
1.3949256896484208
1.3947886381300796
1.3964812970570042
1.3938255698484479
1.3951460798891733
1.389724537155644
1.4085170202709587
1.3993159977120164
1.401278358229076
1.4009007072644206
1.4062856451012076
1.3964359907523471
1.3933255632174608
1.3958817198252165
1.4054515877829783
1.4051174406601439
1.396485213213201
1.4013579459665122
1.4009355752254764
1.4013021562209909
1.3942291372962472
1.3968784254965565
1.396264044052234
1.4006870844344899
1.4018181604027828
1.390741708893248
1.391460851783856
1.4031156691653914
1.4019820952464066
1.4040638487300698
1.4079802535706571
1.4000232934943975
1.3971994456505985
1.3927540685857218
1.388526054809908
1.390418013802665
1.3928850258200451
1.3898000944944011
1.3929461823426819
1.3883705888413092
1.3906085930452592
1.3913865653472348
1.3904040281748093
1.3994288631859912
1.4009490026252382
1.400414974237686
1.3915443368028428
1.3879121075419592
1.392383573119442
1.3953228134062419
1.3958705927859159
1.3964957324304341
1.4060887029470719
1.4081312437657265
1.4002736789028678
1.4012379445412753
1.398266695295976
1.4048044341666979
1.394291865622513
1.3954612119823782
1.4031422034040493
1.3992620249512877
1.3988529871904778
1.4048592091142982
1.3962833912723154
1.3881056074558733
1.3926737168715582
1.3962398056024183
1.3951049389784131
1.404729132001165
1.3957776114770049
1.3869620291899085
1.392591068580778
1.3879034614236618
1.3893438364554138
1.3885780878574678
1.3902229851724783
1.3990543558937754
1.395732207357457
1.3941943657782787
1.402681039363826
1.398688624308674
1.3929794895867016
1.4015000261282518
1.3921992798322715
1.3973196747029395
1.40154543813674
1.4054721239357686
1.3927651296483639
1.3943101966941558
1.4030982399481824
1.4090594953396989
1.4055485276747748
1.4001838209698134
1.397801020700233
1.3994001050783114
1.4034900887603643
1.4034049855050652
1.4081143753069931
1.39714383925557
1.3940905845154736
1.394183897307432
1.3990785832064712
1.4008693700594297
1.398846382671412
1.3950420751166324
1.3992830890783574
1.4027501715254547
1.3948438413476711
1.3948060958576731
1.3886934486758482
1.3976846003815613
1.3943475910063714
1.3956423334731929
1.3969797796898005
1.391824669562495
1.3931665478437456
1.3895131959774456
1.3917711655767027
1.3947320557329155
1.3989602033903747
1.3950442638548604
1.3930238364175163
1.3882478531184235
1.391103747217149
1.3941361738861373
1.3975285880743318
1.3884683340674853
1.3917250504012673
1.3962582806720212
1.397219960135259
1.3972582475857112
1.3998849564840476
1.3979265839156447
1.3864752312875444
1.3928484992598003
1.3988208588495665
1.3913507945935208
1.4002051989536832
1.386529799503836
1.3893353640506036
1.3924262964220488
1.4010772828427431
1.396884400192044
1.3957601267392095
1.4009236434597643
1.3941384916878328
1.3937265773218526
1.3867168091299036
1.3988823701019557
1.3892005109693508
1.396665367548666
1.3907182689044812
1.3997037586703254
1.3906303413027497
1.3917265062915651
1.3927821039677453
1.397229862077416
1.3994394480275465
1.3906643910688885
1.4045709414326415
1.3985969864877743
1.387522313908032
1.3878182445123597
1.3878011093558913
1.3946640936144936
1.3948967817929308
1.3929000580746538
1.3954409438032405
1.4001821841469813
1.3991658447551956
1.402603719828836
1.4015557502945912
1.3979045978430424
1.4039729999372395
1.4026886166398518
1.392733936618087
1.3952258800489001
1.4021400128212749
1.3951994503275786
1.3893097266513583
1.389855622663099
1.3910686809706698
1.3937464540553581
1.3884332017142331
1.3971121569794709
1.3932029059182665
1.39877552857856
1.4018792511829474
1.3947140306684176
1.3977296293143813
1.4005596149342017
1.3986382998612241
1.3930315596647054
1.3876497235909835
1.4003461860821973
1.398861272971352
1.383053081460659
1.388552132844102
1.3908712339102671
1.3924241416036551
1.3845967640931438
1.38860297923845
1.3960777799316952
1.396728858940013
1.3951813411793317
1.3860106242051058
1.3952373054898135
1.3927541501493035
1.3916407533744586
1.396872589284647
1.3917824758363244
1.3905243573453392
1.3945566957284967
1.4043527614228
1.4038019546773493
1.397088408604722
1.3939492823321515
1.393262865850475
1.4035475298611002
1.405359891087767
1.4018364565547277
1.4077596544892714
1.4064562365841449
1.4112244037050188
1.4059793976792412
1.408130854964097
1.3989069939052097
1.3954886850183839
1.3903773286646979
1.3906594738278022
1.3990926063672202
1.400432878597136
1.4011698522323977
1.4019786186602294
1.4006311724072598
1.3963745848041986
1.3943554351137974
1.4014365887752354
1.3924060864277161
1.393164291154667
1.3959585942330657
1.3962649629157957
1.3996136362513718
1.4026495499892695
1.4030821270067617
1.4015309321583287
1.4042168413593341
1.4022253077924265
1.3952157764237938
1.3908102265377262
1.398145275097079
1.3948100796399858
1.3946408298286859
1.4023789188767617
1.3973477981597842
1.3951934728653201
1.4022014056267134
1.3965954908776927
1.4015784378177634
1.3916155811747624
1.3945832728444143
1.39637620618387
1.3981164327657336
1.3985030355025394
1.409296509208299
1.412208907682668
1.4020656512571508
1.3963713840440626
1.3942608880180705
1.3952398172197922
1.4063506083179584
1.3947114947748551
1.3982322209000138
1.3968435572246323
1.3898081936470728
1.3903856138309247
1.3957818686914505
1.400327345363641
1.3914442310083304
1.3965234859439886
1.3920242695901093
1.3914402832281996
1.3893102674127193
1.3985874895760784
1.400591099704794
1.3979373297560558
1.396635995573324
1.3956443342379252
1.3991590435850496
1.3950976911166402
1.3910038089839742
1.3964538030546556
1.3923148881224108
1.3852216106520159
1.3871641231234977
1.391261367611129
1.3899633851210653
1.3941454615981235
1.3820492482458933
1.396115967597462
1.4012145889343797
1.4073156582521165
1.3968300813481151
1.3996493253533915
1.390498673916522
1.3940363972314136
1.3952080649828387
1.3957040040304376
1.3966969271162182
1.3949253568996294
1.3969898070392779
1.3955526653335824
1.3848316538940173
1.394188214743373
1.396003979523577
1.3920476239313784
1.3930554913673117
1.40230041236906
1.4004928024181365
1.413410264310131
