0.9767390365890143
0.9788964478066186
0.9893805636241405
0.9874774432923638
0.988706677888829
0.9827060820270036
0.966247392094863
0.9866577628126035
0.9759488096487314
0.9617316688762666
0.9679152105391574
0.9853314173461603
0.9712160143603022
0.9650618366700042
0.9815280685731517
0.9792483661373091
0.9721307589718694
0.9770346252930019
0.9758456468574314
0.9775807480938362
0.963401668666629
0.9816828872466208
0.9742581740120221
0.9686242501413903
0.9618046025739454
0.9696057829680448
0.9844629675887925
0.9784771644412111
0.9842191029648583
0.9872955118919585
0.97864956390589
0.9789785709004898
0.9684838347773655
0.9782199221119025
0.9684165926494948
0.9648503968898261
0.9511160954160455
0.9775002817075963
0.9790683547117028
0.9909541409831152
0.9711189872533939
0.9628149425377122
0.9826894017654274
0.972680672043238
0.9735415612759394
0.9811514123987813
0.9872961898727931
0.9682222743321188
0.9701386719214184
0.9856316183165714
0.9965603950213259
0.9807073374303692
0.9630879808825265
0.9630741798047132
0.9724870361530885
0.9832868135293649
0.9747709548898009
0.9735619760488009
0.9614309365485624
0.9540766364486077
0.9598279052883588
0.9625329454614366
0.965203302062693
0.9619795958523926
0.9661228634400723
0.9825433063931572
0.9839831999953096
0.9912412057280573
0.9847657297802191
0.9830127227426492
0.9710061912831011
0.9989441934352574
1.000138643749054
0.9865551048114841
0.9777061639605554
0.9704277832878733
0.9742774914380145
0.9605172370735322
0.9657926198619583
0.9641886091801607
0.9761661122745172
0.9889956326426611
0.9883033717507522
0.9777645806437382
0.9732120674108171
0.9632262731283726
0.9632890710660486
0.963835506632051
0.9636351253796387
0.9715853830099083
0.9598292504690021
0.95981533896234
0.966397037496482
0.9720318022343775
0.9693116002225111
0.9824437169499064
0.9667711252024982
0.9666791731498224
0.9748808568455689
0.9769131068181736
0.9795247216068378
0.9928785258807967
0.9812848538548716
0.9689326419801572
0.9759491494426249
0.9714585493125282
0.9853759593155847
0.9795151335126243
0.9644320364528096
0.9900507635747476
0.983739048564254
0.9622680092282175
0.9813013777485823
0.9852303525040332
0.9643880618288508
0.9602676193920071
0.9590831956174265
0.9605648179296141
0.9746537827998915
0.9734313565353842
0.9824239877093025
0.9899346421636364
0.9938802210504064
1.0005555572069273
0.9971964420870295
0.9915817870074757
0.9594261140604566
0.9746297271576437
0.9669763842181504
0.9625291123906584
0.9848315764980534
0.9768604242754785
0.9581983305968774
0.9828061203545168
0.9800554773238604
0.9611560352040885
0.9790506572219878
0.9738559441095044
0.9747541716083572
0.9685708224382782
0.9693731548792471
0.9734765198639512
0.9601123759824192
0.9649705788959437
0.9620067302970413
0.9625219280789415
0.9620483132840056
0.9814557374075067
0.9770715692164712
0.9737928687994568
0.9709565473440117
0.968309423123443
0.9713584581285576
0.9618804149750058
0.9720382587587532
0.978173280850024
0.9793180399135674
0.9691753162893041
0.9622844012033968
0.9714680192666919
0.9596643606757888
0.9710593368077446
0.9710124656588425
0.9695959548549271
0.9681684143533786
0.9829167672177893
0.9659778246451703
0.9788488830031703
0.9637854978761579
0.9781288263766048
0.9815960892592289
0.9933427180148059
0.9754292665311652
0.9826757322672397
0.976566606150394
0.98079125135424
0.9707387886085149
0.9777755963934367
0.9758232186312618
0.9768235512264738
0.965464321825018
0.9766875487115172
0.9740715378071455
0.9863696532037446
0.9921118361675751
0.9642532332030331
0.9751912668993009
0.9804180349920162
0.9899610746531873
0.9808603569350057
0.9782135323808379
0.9844159942389337
0.9648070477640066
0.9794519393656635
0.9710659222330561
0.9810246557284157
0.9775414000923407
0.9869227022135264
0.9894002374339254
0.9747116680439115
0.9936492886687494
0.9706195607371141
0.9820678507899802
0.980390873478053
0.9784715989240419
0.9727913825845982
0.9655499122398278
0.9662523202597678
0.9839512177417672
0.9773627632887104
0.974393736212317
0.9712935590650661
0.9548817669221852
0.9744411429685816
0.9774383452095693
0.9657938290400255
0.9710337777893767
0.9767541786230521
0.9595471330137859
0.9695358091768589
0.9699814879669576
0.9647279240750121
0.96611918965554
0.9834135702480352
0.9604271688310658
0.9744619318657589
0.9707420939252333
0.9606708142490383
0.9865327495178294
0.9837699026205384
0.9871633165916575
0.996877620057156
0.9601277741998234
0.9693790078932066
0.9737623323351033
0.9762962315861082
0.9797905239839021
0.9702082649322198
0.9772991618950297
0.9748503817804273
0.9901084713075986
0.9761080871570061
0.971538346669052
0.9845347618223405
0.9878033099309976
0.9951139978948208
0.9822919380287751
0.9734679303002385
0.9758051441793735
0.9767581660925416
0.9849628268791258
0.9806724368413442
0.9671982818254103
0.9815198908315833
0.9838144460066723
0.9758409100575963
0.9883435815477714
0.9904045982777517
0.9789253500230465
0.9805372471627128
0.9886035895607436
0.9637116741940474
0.9822962551254425
0.9657599377199145
0.9677708870575003
0.9801696122036945
0.97371712284636
0.9747104497851756
0.9711222419307807
0.9719394677133373
0.9742633094317164
0.9772064424194831
0.9600090282718949
0.9651507225128358
0.9615863121336686
0.9811763540775225
0.9673388793779965
0.9898566902293441
0.9691261912667338
0.9707855815292864
0.979827253266309
0.9736242368701659
0.9634723478855073
0.9835107485912502
0.9836547607650937
0.9945251169622976
0.9757597025530563
0.9625342962104888
0.9653555946894934
0.9644487020468429
0.9558981577936129
0.9615214050834946
0.9714062589159357
0.9719244665950831
0.9624605688036283
0.9770485156555483
0.9744756657562803
0.9695006021542317
0.9680453896319684
0.9889513143770804
0.9733108572821325
0.9828773926776856
0.9647088063386066
0.9739741498644362
0.9740300732781856
0.9589777797804538
0.9526133813926391
0.96832235180199
0.9905178987156398
0.9578308186418757
0.9878746246698303
0.9894313727297678
0.9782637958635417
0.9784663610502146
0.984707718273309
0.9732183853126508
0.9646717523624981
0.9691179578637872
0.9734567516522693
0.974688521597249
0.9713125571346582
0.9823213279103714
0.96844491436158
0.97857833637012
0.9530504594916024
0.9682377225040734
0.9793713405334556
0.9680692503321447
0.9491635443653698
0.9696842777775806
0.963674501092089
0.9699131498997171
0.9549153150577362
0.9545811963608366
0.9722900537105214
0.9766301669509877
0.9708322632084424
0.9667439105921886
0.9728984599107678
0.9750097782222654
0.9948032836544797
0.964945558439219
0.9980079314802185
0.9777253406784396
0.9924108420677406
0.9766980746777167
0.9933426010358866
0.9799489464154477
0.9682183222604994
0.9858794401687008
0.9797313521979406
0.9868177747930761
0.9645914603934345
0.9647076925667851
0.9459604500602429
0.9620838155325532
0.9729145062463801
0.9776358536295883
0.983729036272497
0.9843940327295561
0.9926701543537081
0.9928630318460873
0.9853298394527724
0.9685065560866737
0.9578653966012732
0.9856901859688959
0.9681459962080621
0.9722032616058104
0.9727545661801892
0.9794132894248796
0.9773006340092126
0.9790853689258423
0.9817769809503702
0.9689664721699779
0.9595093142905995
0.9706666991138412
0.9824434549099345
0.9876926766863097
0.9863662366000336
0.9716770236614546
0.9776521814972333
0.9871125458713136
0.9674065261115506
0.9806873356202103
0.9703584754121408
1.0084963841218624
0.9841318506570768
0.985398036742721
0.9812825540765492
0.9974762287373871
0.9740154792511149
0.9610402109000721
0.9900160477327492
0.998037187010815
0.9875877066411197
0.976608821463684
0.9821985038572999
0.9789626042843488
0.9882767776183754
0.9764828211961643
0.9739439246485561
0.987976176539136
0.9754600338539897
0.9838992417101436
0.9652283500546233
0.9595152583270511
0.9878327482173265
0.9722686732905438
0.9755298410874809
0.9909493027150659
0.9847895490732567
0.963555942453397
0.9614424217893126
0.9661844941732368
0.9559437436575785
0.9763110553083744
0.9704923286914219
0.9623821800885407
0.9649391189810745
0.9808170215480293
0.963876483099951
0.9703999350639528
0.9967359693658125
0.9815020064428631
0.981430595973689
0.9584015205555612
0.9672874467117386
0.9689171168216547
0.9770585534654997
0.9732465267201064
0.9721232699130257
0.988821559535814
0.99747529439352
0.974486998287238
0.9768105690726093
0.9886978576656412
0.987333877912937
0.9717205655591813
0.9680793295117854
0.9815359071886469
0.9770788747937185
0.9826153826717327
0.9974503174049955
0.9690957047979261
0.955827405269901
0.9671899228849997
0.9690599921581572
0.9681365293404122
0.989929711921251
0.9861508875647181
0.9523267013820719
0.9812745772088062
0.9713751224348198
0.96526045297957
0.960006563848499
0.9713868640879558
0.9848555567095661
0.964285775632686
0.9830893746126268
0.9776319452918796
0.9774493820062441
0.976112680616153
1.0015950727697451
0.980426001171745
0.9809978011043259
0.9758839024552436
0.9969865825807406
0.9663850632557636
0.9722616681463213
0.9815301638901328
0.992870932955297
0.9885454537362498
0.9805344109553596
0.9780639315543426
0.9865516335683876
0.9821719060528106
0.9892580919922488
0.9835509936243111
0.9780554561786524
0.9692389379636531
0.9733271703718924
0.9796228520979864
0.9807652523931835
0.9911047735303468
0.97384876511682
0.9737743798452042
0.981070858452724
0.9655261197219135
0.9781086547130341
0.9798366901494083
0.9803211007835739
0.9853934191680156
0.9766312891635369
0.9851195171076205
0.9648917970381459
0.9499606915693802
0.9705630908963521
0.9695930665748524
0.9742592513545697
0.971957260335147
0.9776848912928545
0.9683354450707458
0.9665487503151439
0.9667387363631595
0.9689209572645999
0.974686037881786
0.9615026473071363
0.9701225685990225
0.9768984210438406
0.9692868739920034
0.979766937142441
0.9797338862751358
0.9731310062781903
0.9591405520763764
0.9752532180478709
0.9745084453223285
0.9749860213774136
0.9786805389313802
0.9609839146747395
0.9722192811502294
0.97983528572993
0.9828231781582795
0.9870314055547483
0.9641875961507185
0.9927225956664371
0.9752071355021368
0.96951236552942
0.9576072143240334
0.9791005150596573
0.9555477248091626
0.9770154597287579
0.9624893761439878
0.9789800291786469
0.9685242514694443
0.9610678130394721
0.976715705973934
0.9902702745930844
0.9745985347276201
0.9680577552784975
0.9932088198232959
0.9868154653411144
0.9684387865869563
0.9601939389987524
0.9648339724773477
0.9678088839069261
0.9844561018263333
0.9799535066241573
0.9709609420814442
0.9801437483570096
0.9701663401799698
0.9806054951375214
0.9891039472151655
0.9716594677322613
0.9784722610655656
0.9853675346421885
0.9776787288176524
0.9598066594046174
0.990681304035205
0.9782928358167359
0.9679977296035497
0.9560452820661139
0.9723061554334448
0.9794768501282213
0.9632833398187022
0.969136522113164
0.9567915021870902
0.9963835189361968
0.9755604900803713
0.9670323790357472
0.9762776371726946
0.9787414470789959
0.9667236313308969
0.9732977120536752
0.969749887824947
0.9830682196657663
0.977345742758489
0.9525570436564538
0.971394248140884
0.9660199916007368
0.9804604598413431
0.9522607890881302
0.9635404307768205
0.9745497059930561
0.9634095754923071
0.9692529014772143
0.9593188729069416
0.9673534467394175
0.9699300207661233
0.9652665142786833
0.9757189881008977
0.9636760648965286
0.9724492328453546
0.9647965821567982
0.9965296003139
0.9850331612220327
0.9924184815634938
0.9675978608800496
0.9749581534751545
0.9892467064849234
0.9846045565178291
0.9730934832565717
0.9856989733057181
0.9916603446970877
0.9875794371975091
0.9828341387602736
0.9942181337525954
0.977732371272039
0.9754593015650767
0.9661356073838144
0.9690777805355294
0.9725894995778556
0.9867022059080366
0.9978655341085
0.9702343524468588
0.9734625401222113
0.9814512768306933
0.9749034608603483
0.983650010390538
0.9670151550172187
0.9756165210564512
0.9764395494914907
0.9878411567434936
0.9739608245602182
0.9885945399664825
0.9883630483439606
0.9846342636428354
0.9864918047377341
0.9800647189159043
0.9612511246552887
0.9732477036618437
0.9801526337427003
0.9642360377079456
0.9681943185872725
0.9790691385986179
0.9805907387193039
0.9773037245892814
0.9860495541121175
0.9824628562665313
0.9793784894081976
0.9528598410381339
0.9638789204143561
0.9737957408701144
0.9701561263592194
0.9754888544936114
0.991886387146444
1.0032447944894003
0.9923655746484096
0.9797312001923899
0.9695484168020682
0.9849419144555647
0.9977007198201275
0.9706923542815002
0.9795634935426724
0.971985478288338
0.9725820456279864
0.9622140217697678
0.9693417725573256
0.9750162531955434
0.975307950151911
0.9650475622330664
0.9655120369805205
0.9736320359904945
0.9698025026989843
0.9808637330012542
0.9787410868385055
0.9790777328004702
0.9740064427535641
0.976837258507489
0.980751363423901
0.9753806995468746
0.9717509050149165
0.9738219539376275
0.9743559557909358
0.9544916399912117
0.9587394978248908
0.9482954258308851
0.9698408296762017
0.969253594822641
0.9591602957696015
0.9818562329431221
0.9853178043436834
0.9850338867730551
0.9643750464935376
0.9751809040481514
0.9728726543811312
0.9886212701379146
0.9761430434485175
0.9819889926259471
0.9838514441894458
0.9808764626861476
0.9848283392907663
0.9730434860644949
0.9518590388915885
0.9754919293081555
0.9757989549166797
0.9725254888529938
0.9677863954781768
0.9775344111641263
0.9821029833848193
0.9887555098079157
