0.037758116714715885
0.03758810125303486
0.04013898959556524
0.03330909344159202
0.011948054470762684
0.031372701695799886
0.038990704758297905
0.03819998286675723
0.039857729147833476
0.05317676146672895
0.058488057063266256
0.03641323788140981
0.03719843371748462
0.03054759769324575
0.034001316026223846
0.030173164511848507
0.04440308996252428
0.04217086832665901
0.04219829549336191
0.0525343812233238
0.036329188352812326
0.030598409144117822
0.0322704911540353
0.043761744205029644
0.030130238506285337
0.03710993109151734
0.023206420638840552
0.02858993315971292
0.03885265009136228
0.022494230644626915
0.024067242439376413
0.0253220138487897
0.024450612035990863
0.03861492205215406
0.04503887120949824
0.034538068983804605
0.03381842368212059
0.04666057439806059
0.03953180895445264
0.040068447644761786
0.04093309642938092
0.04006106646122664
0.03666532058308495
0.026633088541233942
0.03502475079946983
0.027595560455517917
0.023553351565986605
0.026156884832947393
0.028116128000807022
0.041608634287587966
0.03564870471001894
0.03106714010280537
0.02797763471124431
0.032184474122931586
0.03953676980279726
0.03286962735515496
0.031045922866836415
0.0330857165079446
0.03126784627475267
0.033508240570815584
0.033535382511503266
0.031709013098348636
0.038976056516117505
0.02559108110704528
0.02582717050183005
0.039824602219172466
0.0428154770535094
0.049155816445906005
0.029674672697599328
0.031713877070527544
0.024431593262669044
0.03168181231869671
0.038813125280599596
0.0199960352771761
0.030689623517712792
0.04645861136775967
0.032192725514518385
0.037384556680939034
0.040084677108972774
0.02494434106190707
0.0339196457592558
0.02269210970480873
0.03995289150742173
0.030154328208320518
0.04065614891291406
0.03162272349077797
0.022856468742534455
0.03551354464577471
0.030252435251647728
0.03166931222446961
0.028537979027538986
0.030739549309782937
0.04653153448910754
0.03310526614686401
0.036235488946741785
0.04606489005981947
0.033249226908387754
0.05262109536340251
0.042585195694166716
0.027612728387398307
0.04115176655437031
0.030764542550493584
0.043581389387335995
0.02707625537154353
0.041461011086541176
0.04923947182135288
0.03915866145065254
0.028916402374614864
0.029862258710575993
0.02758663184718663
0.035809662079092544
0.04133057961837908
0.03895874888964329
0.038122785279871306
0.04958451987632701
0.026433363345931146
0.03219302508283623
0.026818053867390116
0.02992115650423238
0.03273551301987045
0.05440157639296694
0.03319721029216196
0.05077918154903879
0.025420777909823746
0.038870212377150194
0.02828486127131992
0.04337001032055984
0.04092870565607666
0.03255779620785839
0.031317036264313654
0.032879252426917756
0.038765901172202515
0.02810038364765324
0.04299422137142502
0.047041973452646296
0.03094243429100359
0.04086713358725169
0.024201796118153002
0.037507785249220174
0.04045718378153953
0.035334881801605364
0.045528074274487323
0.031950671144291586
0.02422928147355574
0.031207722849718598
0.036637441828524554
0.034333101707771506
0.03752634191450916
0.03731379564739349
0.03489523347925622
0.047010409982236455
0.036625186986317816
0.03750501782711332
0.034130348896211506
0.04726233738772953
0.033724481007719444
0.037324734008850786
0.03721301845374978
0.028162843565962627
0.029206609444613355
0.040731745440870736
0.027615949803713166
0.03595655877882765
0.03266120498629806
0.04596758376681826
0.03655692622484409
0.028035307845839717
0.031499651572486
0.03767272269263063
0.04032929970970019
0.044565903356097676
0.02895231318214522
0.0276519924622949
0.02674702469274968
0.04386922850214763
0.01925670345298194
0.03776360213297174
0.030843413419883368
0.03907884626793071
0.024254479441886148
0.029741678005277064
0.039077470209365785
0.03948734434640634
0.027970072012576244
0.024923709877675334
0.040153517610084434
0.06017560010518438
0.03410716684456324
0.04041711036129588
0.03540004568300117
0.030310137047177485
0.04374355195361768
0.02295979010298639
0.04287743864444626
0.02969725006787857
0.032338457999852306
0.03275429354063112
0.03393062543168359
0.03746897412967205
0.031314024172018506
0.04027854735974956
0.048362966689645376
0.022954929562264147
0.028482658872585307
0.02694321054012226
0.048372056439462637
0.04012873374666115
0.054194458147679286
0.0348703233224648
0.03663678839431738
0.03321198571300094
0.03766668024053293
0.033172815600090826
0.015324653474481685
0.04457915418199331
0.026039203197420816
0.03833691386610389
0.02429790257047841
0.030444903201099546
0.041735091263933065
0.038985284271261224
0.03877899949689756
0.03296653482779082
0.03671040273940474
0.028693850949134084
0.023629597470605394
0.04136959739228432
0.03899069425197137
0.03372237724541801
0.030047442495057655
0.026945157792505798
0.024234124550772226
0.038303612002437405
0.04176216226592173
0.03643011483955997
0.032954329139861814
0.03482610607682294
0.03583682837336668
0.022030118884599773
0.04197262306971949
0.023624601138174578
0.04767216705565844
0.035077200334234414
0.03969368240042017
0.041091106492503846
0.034360733772500866
0.03871668796761237
0.042858609411147636
0.03036630400025284
0.027399667900070077
0.03960104526038757
0.03036602417095961
0.043594653985555926
0.0445881988003467
0.02218827623184905
0.034972125600712535
0.04882652098349802
0.03637584747632575
0.034833609095518636
0.03223215294442324
0.03414928630870385
0.02667335123897081
0.03548928610365882
0.047476226151942885
0.043912801982328754
0.038407424513625284
0.034463775303192314
0.037360289935435734
0.029528771868454137
0.045156079891226185
0.0459038904168848
0.04626768919759977
0.029644077378491507
0.03704295493663127
0.0346521635522301
0.03023663453068542
0.03033935519131867
0.032550605388434954
0.04841549049618644
0.0307862966523311
0.03544568166839616
0.02536567871975076
0.036208521026885036
0.037667016967964616
0.03089125978764012
0.0359253685267504
0.03418061296809496
0.033222950456975535
0.03138154802076396
0.04361619912243348
0.025154703853034824
0.03161868740164677
0.028767442077413035
0.044799537266808916
0.04842801473801416
0.03613093381059843
0.03329907729431122
0.0345260929277803
0.03368630974797012
0.023554129398995705
0.04190813565809875
0.03466874596119042
0.02319359487506255
0.052304774390352575
0.04046933048993288
0.03494795672622112
0.03958005472669376
0.038160942372508354
0.027308733982821114
0.03666055157029374
0.03435949575913265
0.029663505950425512
0.036684554500306485
0.045021787113974414
0.04917577730909566
0.019178906843409827
0.04096082357157539
0.03513028200378366
0.045411705329209934
0.050893427383518736
0.02000894074258901
0.03586405802311451
0.039445171677531234
0.032698744724954536
0.03712292445353936
0.037126749800458714
0.023926999961991307
0.042244145127639264
0.02931979613494594
0.03572617309445135
0.028320130036651976
0.02976664845173231
0.04459181195861701
0.04994898185058108
0.03092418294093341
0.030740350688891818
0.024249229231038505
0.025127922897634172
0.030445282894059844
0.045315300830598364
0.0439956305060453
0.03725548399250738
0.02561359285333691
0.03182901087151129
0.02988122087162633
0.03600978482003695
0.02208646957266204
0.034478365089544806
0.03633229327387597
0.027156799449842214
0.03236788496166306
0.03652735382539462
0.023186455150949
0.032412844349766455
0.03704966383514522
0.02668774803616367
0.03451438670933924
0.033572157482915886
0.0370151330897391
0.04480529090133956
0.029233666700993352
0.04233523606113832
0.04109007520003929
0.04717457320415622
0.02844904499111692
0.03671872631277743
0.037102666356136085
0.045652235144797326
0.05420733468000776
0.03438747401010519
0.0352988507287435
0.01685077047397527
0.025219183223619403
0.050135339579400896
0.03806630656151405
0.03563212556103989
0.03684837803197942
0.04472294370462585
0.030320389805142275
0.034930663295208074
0.03297737227766492
0.028877518625962623
0.03449976501388637
0.035440803575429614
0.041307809312841885
0.029677105696446646
0.04165520491614689
0.04007431331659252
0.035686932839885346
0.03799524435138842
0.03551290897387185
0.017163784962937967
0.033325899921568744
0.03460028409508163
0.036047575854301996
0.050582140532150315
0.025007846781044177
0.024730862858838572
0.031052912694861448
0.03772496789131376
0.03161700317245185
0.041291313903294415
0.044975116160484156
0.029854117221673766
0.037917511529687746
0.03599550065767276
0.02183501472378418
0.04256932146053715
0.034679886123974255
0.021177452648514047
0.039345310799183034
0.03913996261825222
0.039177618013505375
0.03683986645187747
0.03694202532745922
0.047287727348092834
0.02444052631496843
0.04775915344036808
0.03818707142547192
0.04843771144762624
0.0272650784234798
0.027834129002984456
0.036372294247736976
0.0435870291974082
0.025389782153220353
0.023504332344917635
0.03155699228504872
0.03913733266231344
0.0492510456041016
0.031859569981654734
0.04877926544671291
0.04394577456305518
0.032873173306988225
0.041937522263567235
0.04319970672517715
0.040133439174038464
0.02076089650672852
0.03502169045365471
0.03409861172829084
0.03505489800076557
0.039478688528728996
0.028435406857529207
0.04814207680309565
0.03221300574975194
0.031375642303781995
0.036494452128828125
0.05876122300822314
0.02897773253761277
0.03967959957927737
0.030718890896040314
0.036269134886335146
0.02126704262103526
0.02633302399639288
0.034420548340523945
0.029612069674111466
0.03909541671380862
0.04214854675630064
0.04401566949975563
0.041649029767885135
0.043699703690770704
0.039426332588681244
0.02172511864169463
0.029760252698956716
0.03709929560284326
0.034378508680393306
0.027477484053307525
0.04616449466102532
0.021977643098897433
0.03412610881743502
0.034311862131396885
0.028715915951384105
0.030331815233714126
0.0338111892084905
0.02983346708246812
0.017100631483839057
0.031953998975479646
0.034293964898959285
0.02874386961096019
0.023073355696383076
0.05180316916341259
0.028834452148603935
0.031244763411049887
0.04226791192997422
0.03745740771326637
0.050367196666430136
0.03777143615449113
0.050562967498420354
0.02691960088298835
0.04260092887200206
0.03514610889384963
0.014409159710248733
0.0355899198309737
0.01901151545277553
0.039433959674260534
0.039183017238405886
0.03572816447708584
0.03559723101746098
0.03661839745074015
0.02892523111922446
0.024299673119170875
0.04307224544152844
0.03855870420317726
0.04113341761055352
0.03133347473067775
0.03546538424339918
0.03982229302605663
0.04090749698082801
0.03436493515910583
0.03410307977333777
0.042979648206336644
0.03923146509294852
0.033002754300422175
0.028491551318273297
0.03347000151893975
0.03078578587452901
0.03308987650745017
0.038144223698494094
0.052618288109595464
0.030306788472202376
0.035771228337788515
0.03788327106205837
0.029521268019579758
0.02715373111724356
0.02379962686253134
0.04506467272705993
0.03765687474895436
0.04290744586266875
0.03606724169284603
0.040051808623852624
0.03623455392443945
0.03332735593228755
0.030053555555456798
0.0363748314210728
0.04391780872402939
0.029104248035523524
0.024901460862800127
0.030301300307111683
0.034062231797168226
0.02454187792256231
0.040193479698477655
0.022580479091037328
0.03186694801515645
0.02944308513936013
0.040440680239792894
0.031517865943489286
0.024516231637271676
0.03832002443128304
0.044927544769966556
0.025963746601495998
0.03532443376213688
0.026823527199661964
0.04685653201313075
0.030862349603702058
0.03894988638370709
0.039137361491500454
0.04157664141405877
0.04126188046071264
0.026960695429774636
0.0433703065688176
0.030643657402190286
0.03473557284615825
0.04301866879108384
0.04399263071008406
0.042125164359858254
0.027106225804532254
0.027994718675040147
0.03279131295886652
0.05041429563018247
0.0508201122672661
0.015932061441978885
0.05170799355852362
0.04000270198206487
0.046644013607871064
0.024922223689934783
0.04465174688213349
0.03640572344296703
0.04430116141408577
0.031714411391509253
0.03144464948479118
0.03940941710667887
0.02151949949363006
0.026719012258890326
0.03571846845617469
0.01288169301171759
0.04509424991549826
0.042803850925907
0.027545299411121257
0.039473662371202936
0.04988663501505891
0.029331534207369257
0.0350952160549941
0.034696731490262325
0.0350790029743292
0.029639099382481646
0.03088075227804882
0.041268762819327724
0.03634782755386743
0.04253171430781802
0.027304771049223936
0.03597136502363596
0.04563905856249533
0.035945157950269424
0.03415382385274322
0.04971423464663898
0.03550315964014377
0.035699385186088554
0.041259660653405375
0.04187310288515524
0.0219556052409511
0.04128883928001857
0.03216367392166107
0.03583846988626844
0.03800099735349545
0.04465540458410544
0.033675763751529315
0.023841638587282974
0.029407653064767055
0.041791297950906824
0.03268745244484818
0.0386867028359108
0.03595671228904145
0.04450020788684348
0.024177517245430376
0.032643188929121845
0.03941243708225765
0.029756030045065735
0.027986331217483673
0.03490956028146245
0.04546214019376026
0.03779636092009333
0.04089284221482981
0.03119512565779564
0.05037870326187608
0.03014681963089659
0.04502264129409277
0.025763748992228403
0.036503364554168916
0.03400181840511499
0.041092550927000246
0.037150886226519374
0.03613509302401459
0.03965741772073539
0.038753786836708055
0.03246833630041414
0.03787504061924237
0.013713536399363084
0.03178832437686744
0.027372397534694278
0.037589218916590124
0.0289778097357619
0.04086175800420857
0.02637183639501474
0.023919141775929163
0.027133541000505083
0.026080781891250047
0.05017514249447564
0.04789131067482843
0.03597530392856967
0.0409813200615773
0.04624528442627803
0.02521400758986632
0.04763781933941014
0.01918184544598478
0.03921136171502395
0.025722650852536114
0.032882930271961874
0.01344084181314415
0.031841721932166965
0.047830638343854696
0.05491833687139932
0.04680001754967828
0.027165224881944523
0.04413885528349298
0.022131905395670726
0.035481466014748726
0.03584444775322171
0.04113015468957916
0.04171146053229941
0.027519406727696153
0.04443452820553215
0.037089544460218456
0.033578399345590884
0.03610475428731722
0.03373322872144291
0.04158236831540884
0.044645844667872824
0.040098857383866995
0.04484448697437929
0.04120208669514793
0.02509277430400163
0.04985949472255934
0.04176770188068172
0.031959927584638205
0.03878407061849307
0.03927852613493759
0.04139526887592019
0.04075630012445014
0.03917693125104311
0.03762619114110075
0.0403986468115095
0.03724796440714291
0.04789986399510493
0.0355358274286983
0.02490805460807508
0.024877224926678623
0.04053761795305217
0.03147022616181722
0.03926844296621069
0.041867325200504256
0.038587141553533065
0.03452735166392016
0.04341299504205673
0.020831560833975193
0.04015293533681743
0.037737948431180404
0.030756952549203118
0.030591123255387657
0.026873578646155513
0.03439605657402187
0.01927454329276306
0.03526951992273477
0.03726655078132736
0.026989292149911293
0.04293554289919235
0.03248274719512391
0.03482544480631327
0.031948591101180625
0.02680365206248256
0.028690243136154907
0.036040667940692515
0.03645761809432429
0.034831156495715235
0.03286244863251501
0.011359561971872404
0.03950172493348671
0.04126870867771989
0.03212546705004675
0.02506727492228754
0.026590792678892628
0.047626705221159575
0.046137052179247025
0.03490765576408975
0.026311261635220393
0.0406801982114917
0.032408886757003555
0.033320978057088856
0.030478076819284692
0.033160817119105325
0.024241612468801854
0.03726079946666177
0.016233625800338675
0.03234617767808542
0.030010735073228045
0.04269976368906186
0.04378886400249826
0.042166447658175794
0.032288820393397887
0.04038487342619864
0.03765639021297984
0.03599049320025151
0.025680342937893976
0.028032062201398037
0.04102164892183343
0.043163789281863485
0.042739989227453735
0.03272555052951155
0.03744741916950646
0.05009709077714709
0.027520131144440938
0.02989983650682632
0.041083687303335385
0.033222444231993255
0.052597850348317106
0.033177341177179645
0.03456400378125218
0.03407592460393411
0.05307379914071834
0.041362818817977286
0.04169534655056289
0.053591318925702264
0.04616953909575933
0.027039545227695968
0.033432723200387614
0.041350061925359206
0.037619998592899176
0.017561279383724614
0.03499209174305718
0.045013727377169695
0.04317621712391098
0.02806867157796575
0.05260898869403934
0.037336328691905285
0.03226726141735381
0.053737857379806304
0.03359442230056166
0.04319563684831703
0.034182713681006005
0.027385017180373856
0.026851829459105487
0.037076801032143836
0.018072610656530708
0.015450878242217444
0.02654731917174372
0.03075163346302408
0.04526343075465316
0.045466790023844565
0.05828812543998654
0.051482528830315614
0.042100798018058265
0.03508921153311064
0.045515787266165314
0.028354798763862196
0.029575006210109347
0.031323380662213726
0.02705884877637264
0.04681003218426764
0.03326984202558394
0.03009712978256063
0.027246780574719815
0.038968315864482884
0.045380537809014417
0.04730982439402795
0.04139209965963372
0.032253713557251575
0.02700921804242042
0.03149877007555792
0.018744862335356587
0.03768927351898176
0.031521425210495294
0.037764115577749426
0.04274450928952914
0.0393596416055759
0.024837382833284113
0.04008338801063379
0.027423513792878714
0.029147727864099804
0.056233395770495825
0.03996638163501841
0.03638210304983814
0.030113367903371293
0.03207063137610578
0.035994332704545974
0.026752764094577882
0.03959964298861448
0.02591970838882347
0.04106921430709904
0.04419704351541653
0.03400011809949082
0.02252695459069196
0.04005296483856868
0.039423777359267324
0.03944818422041326
0.0428273600509829
0.05577721486608092
0.022941981272237635
0.04211832845829367
0.03628997487566049
0.04177710531327495
0.044427658199786176
0.03260851748941606
0.03990171636049685
0.042075166176889084
0.025059666200163106
0.03984974666359727
0.025153549919260425
0.04226829017820951
0.030581220629531152
0.0607774587201538
0.02987101239273068
0.04395133590244313
0.034667002807040534
0.0438942526460639
0.02502492001680169
0.04112320406509692
0.03926384437481435
0.03655576437102025
0.027851990659821326
0.030637250036039107
0.03191228839003316
0.033246638152493284
0.04067399736024233
0.021794679957804538
0.03144874208351778
0.030641611143276907
0.03526077209983922
0.03786848606114566
0.026090731331218628
0.032477863612078404
0.025335315613353605
0.04476704530861028
0.02497163005997401
0.03356420290001481
0.0321872023565992
0.02020539456563818
0.04261140082467458
0.036760782451698094
0.02887683449568682
0.02674300255703335
0.03465302413614497
0.03130503885321017
0.036989860619123106
0.028519547524594954
0.027856148204934265
0.02325884194107854
0.04538210398900395
0.04621339107617913
0.03633870685124544
0.02410104993981368
0.04095230857183623
0.03654111802355686
0.03415396043157222
0.028390663298840105
0.031737215160430564
0.03519968707957349
0.027776202078767118
0.03163527015757788
0.024682970332048314
0.035430066723425545
0.025172267377579216
0.03172477058092481
0.029203147004874794
0.029142096525595605
0.029849439168091255
0.03414052929985604
0.03802873931731261
0.03354299180622489
0.030844909942625603
0.03233037832268445
0.04746325763384593
0.04331482298203279
0.020488988975240995
0.0419283124248322
0.038055901656331416
0.030950354877026204
0.03651800693938872
0.04377110932163006
0.02762523100886242
0.03887524980732602
0.033065296719475876
0.04936590949379563
0.034678646440430554
0.03813239263611374
0.034011449133999894
0.040040169796017926
0.0378050535869492
0.03177858911940033
0.04612546928582734
0.03950206467309248
0.04014082367978936
0.03852860776128036
0.016336812478787877
0.029690257363693125
0.04322353174225676
0.029702264729876263
0.04216285020812097
0.04042295494173287
0.041682989522290055
0.026332315939076978
0.04157617509257896
0.0320469950366385
0.042136143416778876
0.03334910549098798
0.04535004980653894
0.03285436329990716
0.03357284061546871
0.03251968950145113
0.027021214528232005
0.019119416218099743
0.046201088527650695
0.03556276675646627
0.02781659193853893
0.03694780528745144
0.036534258191784144
0.03532791159868918
0.03728040316155484
0.02734806766342955
0.025750720811128825
0.04446403662714397
0.03177476313389303
0.03659673744892045
0.04651598803315287
0.02083851282705798
0.04048554828697158
0.022379770956037326
0.04313129859200485
0.04088856016281459
0.03847339931667183
0.03532995562843432
0.05311435240887095
0.019689939763180644
0.04060769581349445
0.042548583074277856
0.029884940180910372
0.027526748770535268
0.04313172546950194
0.032424321959028876
0.0464119498053455
0.039189386900716765
0.03493097129687235
0.039385143901330404
0.037005887097553626
0.027597850661678327
0.035327738303505475
0.0358296540429849
0.03652998086101731
0.02885004889135795
0.04870295600550504
0.056013026095638734
0.04368388365900486
0.032649680230175344
0.043453922901622956
0.025670452682961628
0.040755900223852524
0.035339166021722664
0.036482019840559286
0.030136213835419066
0.027866785882947002
0.03408922297418537
0.0291079929078786
0.020442553466648455
0.04298951838053789
0.03382527770998394
0.03872122042152136
0.03186840565476746
0.019222809470118347
0.024866765202141445
0.03759673097743283
0.03501818997986798
0.031081017621695572
0.03549773075012944
0.04758033556365877
0.0376996822127014
0.038096801936814466
0.03359103570486689
0.04708288555064687
0.03579678235424665
0.03807105035769103
0.045245317372526184
0.040278096530034134
0.0442123045522492
0.029806068079777318
0.041349155387304264
0.02827300491360751
0.037117734567731854
0.024619039954730762
0.04148982508743052
0.05059336997612016
0.024538606580762814
0.0302027564887945
0.049056385809123824
0.039902125478812354
0.04036790868520062
0.02463065458194111
0.04023760318548326
0.032745497755686546
0.0330209716577834
0.02370393400943129
0.038151488055207024
0.032400074347120576
0.03881643807791757
0.03869441195645668
0.020471781325143972
0.022311319819547152
0.032431808223737923
0.03948191027985829
0.025485561674970528
0.04141215629561845
0.04164775631951271
0.024028071550336958
0.037702329175760864
0.034570140729196765
0.02493700253865333
0.030544130664839606
0.013693389584117975
0.034519043187629474
0.04036670880868178
0.028625386115894238
0.024176506408420603
0.033266334417236906
0.03266540866858594
0.025284735778938236
0.03140092231603858
0.03681863601669185
0.025610854840913896
0.028948152078456028
0.027420145820486522
0.0220988599331025
0.03477047936269394
0.02900071208197844
0.028315156361120416
0.04217076305727107
0.034673885965403016
0.04571674137270213
0.050514374038017514
0.04816187793170135
0.029021412627214156
0.0214556169805625
0.030271273833714026
0.037731282736441774
0.03008431471798972
0.028278286699797286
0.02968422743671886
0.03291047186984831
0.04054345870271724
0.03784601748076973
0.03459530566009513
0.031114835427401472
0.04816272320295518
0.038179774075567365
0.04804366496390838
0.04605612943544996
0.039533631937154375
0.018053429650837415
0.04143607538745708
0.03542918435739025
0.03402472732627839
0.03994128843902892
0.043433912841769055
0.035901829685890306
0.0465016064407125
0.03270051497846825
0.029172266606509328
0.040494458534325636
0.04015956796758202
0.03440802833283423
0.026484577877911128
0.047822860840924575
0.035129466425727056
0.027020820705838236
0.04072251060114255
0.025128390763394962
0.046249594326562275
0.025596882562658626
0.026258620749837248
0.034920234761454734
0.019300281601835823
0.035143952865945106
0.04832235049894351
0.039729812369838004
0.0366592916891932
0.022570517888246835
0.04558182384131462
0.04368469621855813
0.03414882538326399
0.027725794548461306
0.038113698879896706
0.04348746768758486
0.03138897696897821
0.041077136991278886
0.04105487981275592
0.02699090297466283
0.03611051579844856
0.022760349035895817
0.041452009111626234
0.032703761222671913
0.035230725077183514
0.03501065844402843
0.037848972302250615
0.0383097064487551
0.041664026648014975
0.04047474683973821
0.030735164511839497
0.022801908159763323
0.0423184270889937
0.03245579997057972
0.03206178101343771
0.02820195478661976
0.03697096910843003
0.028262509385871232
0.038893597577758454
0.027891356366677136
0.03258345956147636
0.027693034384610026
0.042836264280809666
0.042472305001113646
0.03270474248171472
0.03379758508402555
0.0397740019375501
0.04278590725253233
0.02299299069306071
0.03022318975000912
0.03996785398974102
0.0248564367504984
0.02144788892625868
0.0421211603433936
0.029300800692525608
0.02012970227519897
0.053813839488212695
0.03116400288670483
0.03561616172547828
0.02310579432177934
0.0407166269621981
0.03547372227350284
0.028233649464100025
0.031699785085669056
0.0460103033160268
0.03383756879861435
0.036245872860729896
0.0328945537764625
0.025787955124895148
0.03713029276517954
0.03809116546168456
0.033825088619810595
0.025228075495308963
0.046670012935025464
0.048330610320304244
0.04231694424019125
0.028633216475829264
0.03752296427878864
0.028734369054688683
0.03721085486928174
0.02281430912819585
0.03223218165846383
0.029228560729514467
0.03537061692328837
0.04386501137636489
0.041913117570771985
0.03580178358712723
0.029714513197559526
0.03639982668118548
0.03766155589571276
0.03212119810080661
0.032026354178295934
0.04250601601336184
0.044900416322275795
0.024894352749615562
0.04362935364785243
0.033892858682366335
0.02866938182568576
0.028187641080578238
0.04239469397948122
0.04228428540674333
0.044699898272456344
0.04236995207598488
0.04370052082976824
0.026061577359528573
0.046808909921474795
0.032288076326664375
0.03905552988956624
0.020669114556841228
0.03501622889580793
0.033325897117969246
0.022608132017831906
0.03434918929031748
0.04956621535118696
0.035619068030425596
0.042430523706621044
0.0378716366267168
0.04255192758408425
0.036430060925799
0.0360884332385936
0.05468505360321465
0.037073447891143085
0.033432266423617504
0.02657247713934417
0.03565360894815125
0.040566068466206306
0.03289117032108358
0.043313003829031756
0.043090489211066424
0.02765579733283916
0.04181520835484809
0.03182646051737058
0.0429050243230105
0.03790200988643736
0.038567434548675006
0.026616499223968446
0.029895076914088107
0.05006372540114897
0.04819657292054314
0.03264292763676473
0.040029077619980334
0.025881529485232254
0.027901847323934123
0.04266137166194634
0.04488089425524602
0.03160480051316873
0.029971318574163092
0.008490374125451047
0.030747796024604607
0.031839394905681696
0.0342134107560942
0.030439374986957316
0.03706926593100289
0.02073233676044962
0.022159887418115934
0.02570125066935205
0.03820829766163563
0.042785806020374996
0.033709485730283796
0.03668870614225296
0.028970661924140148
0.02856786615476975
0.03683352604746613
0.033992030606816215
0.024355000350064052
0.032122971876004665
0.042626990048797435
0.03405227132244607
0.02899671396007183
0.04314668479804142
0.036330352107869515
0.027102634813769986
0.033803247577610766
0.024148698659936605
0.03130401927013564
0.0423363066377011
0.034517013529644834
0.023136854114696608
0.040719946373420704
0.04912682850849472
0.02954191381595889
0.029888328028042935
0.04151297585040482
0.029891152550277
0.039385890143529355
0.03211464600529609
0.029626418586258405
0.04492541793084042
0.04283189398232617
0.032218584872101184
0.03340211071575009
0.04382015952043423
0.023965757341995006
0.03749334027756912
0.021508174104787812
0.026585858946485862
0.03566897017312296
0.03664743553026401
0.033264853070026724
0.03491430648638107
0.04983098762421104
0.03453192156836988
0.04171447086244537
0.036019872310747054
0.034642682089029195
0.03226093127263215
0.03180706736835959
0.030323080923411242
0.0394224523938212
0.03370622564774777
0.05011314571314246
0.027711929095572893
0.030688612932338082
0.03548684456885637
0.028963843422084325
0.027047505532763586
0.021182012690140858
0.03899033651855053
0.03678491550308132
0.03149183701265542
0.03332351573474877
0.041096221087003414
0.0285839785502742
0.03442506637643904
0.04524613999042792
0.042882238594179785
0.04116538233748975
0.017001292824767374
0.03592853243360642
0.039819999527491566
0.04262794262669947
0.038944024462697624
0.02628610070545598
0.03450076949012335
0.04426747869636616
0.027531453288676958
0.034153607441386895
0.029200905931018397
0.022873772476111578
0.040861894134584506
0.03694167932341352
0.024834639067052088
0.02322648367189216
0.03267429065950966
0.038999518478701235
0.041759543945754755
0.037374883988069936
0.03832374354014772
0.03185198531685684
0.038970367381177526
0.04787109490183536
0.043484243500194274
0.03335384854031385
0.041836641764825204
0.029602845839609277
0.02075790438421306
0.02924145394755208
0.042386072050854005
0.03773334311145201
0.03632829206627543
0.03710676086445852
0.02173690164206082
0.030076751281658456
0.030595063539282614
0.030298440426263198
0.04251431351680998
0.03446896643047587
0.04048736143486414
0.036698867766439845
