0.010755332140028327
0.02394360426399923
0.0239079987635057
0.0014774734200669929
0.016804915964343612
-0.02155972642989786
0.009512154742655848
0.003292241893283187
0.017506382858639164
0.02418508228668246
0.02946337516413504
0.0003835541791726921
-0.012800006620098028
-0.015550449663103419
-0.015494239984208652
0.027151155837485418
-0.01109004390837071
0.02758389220972765
-0.011047017015497498
0.039689626287215535
-0.014731037449164684
0.005187824242557372
0.0219266812997447
-0.0197026633833619
-0.02961307874673494
-0.005227263208171857
0.020378551182769832
-0.008975519893874491
0.01099609538678828
0.02815696411142352
0.0033895572684954716
-0.011487817385013699
0.018573918813476597
0.028205097883998557
-0.048750712940367376
-0.0068788259616595375
-0.028015173824134564
-0.007991649516155585
0.01031311357452168
-0.0022179541159531163
0.03194396535850688
-0.028955178928348566
0.003884456523245022
-0.018920664968422502
-0.027697494228049954
-0.009775301534413697
-0.011802599435803947
0.0031767515192831545
0.005755215805352024
-0.02299111098547052
0.05605218506827434
0.0054607971389359754
0.04433386264289035
-0.029300410358790132
0.005039186843296258
-0.013126665827742556
0.010775172421912673
0.0025272707947803837
-0.0323810630343161
-0.02444167062026837
0.0269766213247142
0.013021190498296165
0.01406273138590511
-0.0001640381107790506
-0.03566891539448085
0.01714928049848148
0.013336728659621395
-0.007179666529095684
0.03187223702928795
-0.009394812111192311
0.010185717031544058
-0.005947732453637658
-0.03857583220181504
0.018000418043004875
-0.005202518957309728
-0.015181787729667435
-0.00713380747989028
0.0012265864623637742
-0.018881611543752997
0.009277919155943597
0.028785975187866374
-0.010932355872385655
-0.019493534814228556
-0.012504743958285908
0.006887472708994877
-0.03328392537996384
0.01218080597302072
-0.024687872761525325
0.02349088736122136
0.038401238422450364
0.02353347980725535
0.07653561888631105
-0.054176579887574364
-0.0017419476196274515
-0.01225714481456672
0.025814203934224685
0.03482753955295743
-0.00790582334072185
0.026145817293802387
-0.010061986934741703
0.07045026833818305
-0.04018086246604804
0.03489620451575907
-0.005302774504437807
0.016421246396636977
0.02076688683003525
0.010176763271444862
0.08453436544356599
0.021295727163230867
0.02238961135012688
0.026174655645049553
0.008141865441644882
-0.011972045071078989
-0.011855943076535853
0.036408521749025625
0.0030047757853785477
0.012420081628372857
-0.02406994966012581
0.031083912198849154
-0.013948958032681674
-0.02049373392214071
-0.018457775374361496
-0.00854556982728032
0.020655671483536246
0.024956477648219604
0.02806468714343885
0.01319940056569516
0.046673723995869575
-0.036227677248341666
0.009610163738583009
0.023504342990172376
-0.042583329736351885
-0.009144714157023353
-0.04372380770696938
0.04414616571561613
-0.012398179254646868
-0.03046291222620166
-1.0785463676786143e-5
-0.014740931121799587
-0.08525433696615392
-0.07309214546107606
0.03011962565783311
-0.042875697447735145
-0.03496895297623273
-0.03643015850317726
-0.08315680879779454
-0.0013475657494451594
-0.007375283879712077
-0.020994420574377178
0.03478879945110557
0.03614408491846317
-0.025005309811130905
-0.05244704334177284
-0.05090064985313921
0.04064739925731214
-0.012319265336801692
-0.007779740051434315
-0.016452458156857447
0.057315051926308105
-0.017013171842013817
0.05641622227368889
-0.008409646892724533
-0.028004541079089385
-0.0030320054148431246
-0.00638681432130634
-0.01731015147062729
0.08023706437859286
-0.08406807008268552
0.008591131189995597
-0.008465938946456234
0.010185814720511555
0.02971067259550852
-0.021564503853927188
-0.01720491301395637
-0.06795988079924949
0.025349861964282554
0.08231064333754858
0.21421709529125366
-0.08857018755782384
-0.058128772506400916
0.16120842154519038
-0.0712118359732681
0.18117542133357992
0.12551034114085044
-0.20343436911890708
-0.017402949992064123
-0.019168733135771908
0.062237228567736946
0.11011589282120057
-0.195947014539885
-0.03133623014317515
-0.009942283923803816
-0.057916955165481655
0.08711390501219739
-0.1621588356669279
-0.10522360217171245
-0.5234585874765479
-0.42779273914835597
0.43192965302686825
