-0.002122992488087453
0.0047855837360748525
0.0384232164293868
0.014578969249119032
-0.04078906304312585
-0.01406298034374065
0.0003015097227965877
-0.02252455701598195
-0.005299842205628317
0.018282934013354034
-0.033752951582979265
0.06579229428864478
0.04049322840083964
-0.028514049639889506
-0.0031909463486097926
0.011873695183461312
-0.013326864765188358
-0.010789406198706246
-0.015355105354412167
-0.014782508847747712
0.009990145710109977
-0.0009540351786912663
-0.016955471236755115
-0.0016120664557682143
0.06449241233188935
-0.03372265176111713
0.003107822186453361
-0.01990115509503281
0.010728169271218778
0.02034926397200569
-0.007413560294504039
-0.0493216974821687
0.004167430007735741
0.019946989605514477
-0.016935231402269265
0.005805535171187036
0.02685349834640041
-0.0043520840918920625
-0.0014675613544699784
0.012595176424735033
0.05005727284445234
-0.015449633924865624
0.0036955752190588114
-0.014703376738564358
-0.0006375501558468483
0.05434499616321402
0.0004479428857433961
0.0107856189749817
-0.009437388350401808
-0.007471872053174763
-0.05483052074341588
-0.027428272777053557
0.0047604478832851595
-0.01853692839056274
-0.02781810028402161
0.04018383487896707
-0.02592657402038548
0.031450697434306965
0.019994829445235587
-0.003014937502036449
-0.04625924256240706
0.036614358412429916
0.01283918588526911
0.005822027971309711
-0.006008552573228774
0.03713744633289743
-0.022983240019228676
0.007143589421959974
-0.02035104780284394
-0.0024691656408258565
-0.01126445629141121
-0.012004786340375873
0.0009507937607636169
0.005962141493251172
-0.01934296326218601
0.012098235742405986
-0.012982993172209481
-0.0066606620188753764
0.007651809476224541
0.02592926136879891
-0.026074642585371136
-0.007960140836960776
-0.004014760224157604
-8.152275059332248e-5
0.0015591711419003938
0.02911445955866202
0.02253500579901172
-0.01594709466589617
-0.03834170724837952
-0.0355192018275338
-0.03935284768839025
0.007479340881317362
-0.0010362206465478283
0.009865040856213122
-0.0034354367069465005
0.023080696998330163
-0.030866336368499538
-0.0050770481078711415
0.034288854277204954
-0.005388621291940426
0.057276706935096004
0.01799666695480686
-0.031133326664987457
0.042900410274680334
-0.015518271905726577
-0.0014290702222817875
-0.022293235742256785
0.03922019929158638
-0.0024973701379744227
-0.06510436322308183
0.05921851961209875
0.056435081477712964
0.023139372215690464
0.02534192163026702
0.0023014994515518756
-0.013337619528423694
-0.016122045311435018
-0.04265755727803325
-0.0038012856993593883
0.009063546838768513
-0.022100061753681375
0.02619528919422912
-0.03224809483064401
0.029995369214769585
-0.0030501521254974137
0.04593169526939941
-0.07583966039346447
0.015167756420206737
0.05982898055741304
-0.09734793833142019
-0.01570683656859402
0.0793117967269236
0.010518401673457342
0.012875530872779378
0.014379669121173205
0.023312375645055568
0.04206581825452832
0.05669937071276689
-0.030447673143117325
-0.044171840495480834
0.031116563792036728
0.02569950559516564
-0.030508880806673327
0.021863384301833023
0.07275550918185672
0.0325297138050002
-0.04758989561862269
0.03994458181884257
-0.003427951208045512
0.02866358638229783
0.002380566345246336
-0.03784407590136261
-0.027290702938959625
0.03163816487302929
0.009637610547887672
-0.057585768760323224
0.004826201374620695
0.07283547752735928
-0.0206599886049026
0.04121579540730183
-0.0014622938290593931
0.10485464812798155
-0.049251388812228826
-0.031131810407356512
0.027790031430418707
-0.04461703753837702
-0.04037129585478398
-0.0609366843434493
-0.009598987003526007
0.10283501741108125
-0.041360105571546395
-0.022612272829401012
0.034204223479781554
0.04461602489795524
-0.02411950293770298
-0.024056030979149528
0.010398195177852407
-0.003704819985332216
0.09822645914835253
-0.02772041264813688
0.05613807998501037
0.06713425483783761
0.036539526098864454
0.10424823636225691
0.02051540717890929
-0.05526345157882617
-0.09331222609208316
0.0766213896987962
-0.01528386141406677
-0.12501744414446095
0.06547936459150584
-0.0661832928852276
-0.10842189509159877
-0.19865678043730434
-0.12292867103793588
0.03883250141475494
0.3148667065285696
-0.006090842139112281
-0.06954987766648009
