0.8939722375081325
0.9088644738710284
0.9102320692523674
0.907795121277339
0.8939227474875415
0.8956833914748169
0.9142032754850002
0.8864741783051452
0.9006118053728649
0.8987490702927978
0.8958504100547101
0.9009058983521331
0.9014429858118244
0.8789712948061118
0.8910790891219426
0.8966237773771671
0.886266556679775
0.8824117787604601
0.8962265829153805
0.8929799592344475
0.9022889541916247
0.8873004060117106
0.889047950037508
0.8917153193872687
0.8924306973256181
0.8921391012446898
0.900382231661037
0.897532945965724
0.8912951686605624
0.8850358066067939
0.8861248839792594
0.8952980641409288
0.8929473323814044
0.8863511487226702
0.8820181417433858
0.884620849940894
0.8755667029474506
0.875992590632568
0.8777995565526063
0.8835728511575341
0.8896946727588874
0.8774735613617417
0.8854291452211792
0.8890836928683657
0.8783871226261705
0.9025392711238328
0.8903279723769896
0.89510873834609
0.8951640848818708
0.896182670806179
0.8980619346000925
0.8859378763031623
0.883994061144218
0.8783728285703328
0.877119354663627
0.8873148716538765
0.8962058424466934
0.8918338950352863
0.8845840778256372
0.873090108985142
0.8752233564073227
0.8781734577731063
0.8867138126118631
0.871547068996326
0.8781315573265099
0.8777930284657778
0.875293152824359
0.8865300913287494
0.878423060229018
0.8771598124656051
0.8877474020487429
0.8794760950521904
0.8781658852900404
0.8901407680422208
0.9011397031472114
0.8838741810558068
0.8945246523710199
0.8977609634006026
0.8992150882888758
0.8804862514446047
0.8882371919483593
0.8839900638892974
0.8797419855182494
0.8877060924557774
0.8979362331647837
0.886200094675952
0.8984051629238566
0.8819186947493436
0.8912040667542208
0.8947819469285977
0.8795281104105603
0.8867117724198912
0.8787891512652206
0.891289900321884
0.8789575933350338
0.8778898252708868
0.8802369815504977
0.8733506118032962
0.877687730372238
0.8820268957796937
0.884845666172763
0.8775681726314287
0.881902343684049
0.8707798080418091
0.8788607077996259
0.8808311586143946
0.8909976149515728
0.8876328985413027
0.8925375727394665
0.875014886719415
0.8862529575072694
0.877296145650146
0.8922018459135296
0.8790159305999644
0.8722826734596026
0.8851194631164758
0.8759437362946142
0.8785103401220892
0.8869196760190268
0.8938627605772353
0.8839142185934228
0.8874358505143717
0.8980719737722566
0.9013274076353266
0.9077377657536368
0.8808691731255046
0.886888481563434
0.8594474560350882
0.8807557636750855
0.8620161570100522
0.8831427649880168
0.8783090063534247
0.878205495144961
0.883942091579866
0.871069956174678
0.8942719489361036
0.883894039508327
0.8735472898304363
0.8777224622078089
0.8802063980675975
0.8741231369780776
0.8627366678204723
0.8625941739653796
0.888059465149451
0.8670600458141785
0.8728255604886727
0.8627132663462699
0.8623545965593714
0.8818144371950437
0.8775972942339654
0.8873043309403544
0.891922954599418
0.8805641690191682
0.8809767511138848
0.87334912267142
0.8786804635517504
0.892103464257906
0.8921320517472565
0.8903775823842216
0.8950247540246316
0.89775026436976
0.8813122565903293
0.8851540486262444
0.8944876297988019
0.8920402449265156
0.8914157501391085
0.8903940693673285
0.8968246930927365
0.8827597217808626
0.8937494309357104
0.8685926796941393
0.8806783985474564
0.8801665009094676
0.8864576300243822
0.8923901257431118
0.8809507418606427
0.8935690876263429
0.8876431766675763
0.8766413019843612
0.8826067118643651
0.8971965031369044
0.8824012587359141
0.9039265862212899
0.8912106108666191
0.9002295813146707
0.8849503100466011
0.8912337439112217
0.8824917236340201
0.8746745106905243
0.8896265632853783
0.8647956742251721
0.8719996205924764
0.882286681150338
0.8777258905072203
0.8776973361086425
0.8880354568402846
0.8877867739476569
0.8876674838036056
0.8967533399284219
0.8851809550833246
0.8839549242625925
0.8789648402161704
0.8827744868999962
0.8980944267837349
0.884898199571139
0.8935231624801759
0.8962690196406471
0.9019832442242305
0.9132368449289513
0.8872651525647458
0.8909198669293671
0.8917357350824441
0.8947607823182957
0.8748239944932013
0.866269290010051
0.8932362754435063
0.8829036901358891
0.8725665236139698
0.8761657910278783
0.8846022577009198
0.8785363732764763
0.8703107364837277
0.8768701780710092
0.870197795856885
0.8848105540948352
0.8833301395323172
0.8836430475843501
0.8837508742708464
0.8949795916869553
0.8821647879513121
0.884704921211176
0.8915161351307385
0.884296917510463
0.8900796620864025
0.8802710417821155
0.8814354994761652
0.8880393949474801
0.8741851956553295
0.8915218663955152
0.8860250228250074
0.8630433664493059
0.8885496557303609
0.870689289818923
0.8766962115086533
0.8766640386677783
0.8888799729943169
0.888618050615196
0.8801839360700261
0.8777766045541391
0.8860837169676685
0.8891425691400799
0.8824642381358611
0.888251331849741
0.8883838777118972
0.8817624977326445
0.8847607288108899
0.8985836972499541
0.8997914073757296
0.8906805955070873
0.9061869306991368
0.8878035709548263
0.8818563943531917
0.8911409449458537
0.8725142102166488
0.880999223969066
0.8595165218681884
0.8677783114868712
0.8708112169502686
0.8830186548986264
0.8795310301959919
0.8768449458062625
0.8748797505767695
0.8758592771996635
0.8808220843637762
0.8858433537611435
0.905259301801811
0.8898006326362148
0.8968510624336873
0.8878966897336169
0.8763665296521999
0.8821880612474486
0.878806584033989
0.8864950370806314
0.9010367891106777
0.9055331305074253
0.9014256404589419
0.8973165295178593
0.8917250059708247
0.8850751160623095
0.9007225171755961
0.8997814266252026
0.8909712809010486
0.8882016948616026
0.8950277940190724
0.8963299314032219
0.8949921569458871
0.8905945338171773
0.8898320517589321
0.8861938055580136
0.8729241576499853
0.8881276395681765
0.8977510069125043
0.8963239040770369
0.8941777799228071
0.8916719902630293
0.8869925476715727
0.8865743151309128
0.8889399420369214
0.9014700706283721
0.8932578458727961
0.8842188998546111
0.8897098675236793
0.8984067232327805
0.8942823810744311
0.8884372146418321
0.8824472374378343
0.8822706963532986
0.8770306769637326
0.8840643913539658
0.8946993312112591
0.9081609141088772
0.8852056137636395
0.893353402524936
0.8870898185538044
0.8921269394473482
0.9080908719153974
0.8890574635828159
0.8961543021527577
0.8864506164741898
0.8840953936647993
0.8970056437133328
0.8876836956378341
0.9009839016875932
0.8935138830798586
0.8859789301089979
0.8898473320096074
0.8800782532057513
0.8877565023147779
0.8867156170096675
0.8911748510354068
0.8786548568725746
0.8961282178511224
0.8845333365383053
0.8810450500068089
0.8922665401366174
0.8812702252857153
0.8826312010759493
0.8744274999702694
0.8866637853144943
0.8914242703453343
0.9054485411170154
0.8950204958226303
0.8946898217450697
0.89501362047584
0.8861419640795519
0.8868677914716261
0.8699736893192864
0.8795805677634855
0.869330349378224
0.8751062697174743
0.8821014547542733
0.8793151089336066
0.8805023424665813
0.8835967254574117
0.8864175815547539
0.8817176986619416
0.8861251277223002
0.8858713658077755
0.8899915562477538
0.8802379797214438
0.8857847441815715
0.8789539456404811
0.8845062378711538
0.8759125364158783
0.8780833695053362
0.878009262452049
0.8886231443394684
0.8799548182100042
0.8931320760250893
0.8877470053822393
0.8926256667058531
0.8903726388410397
0.8810367345950524
0.880306557820234
0.8889377522039991
0.875328392261424
0.8715550178403624
0.8805851804070666
0.8775038368516928
0.8735240588618028
0.8753098122662258
0.8746928555589046
0.8630907201965665
0.8752356430016555
0.8755111483005465
0.8853095297650154
0.8747916401106771
0.8847866079068086
0.8876701078820569
0.8731716407325808
0.8874786510910574
0.8797932955635832
0.8750225456863219
0.8847502344977047
0.8942807091522759
0.8825392651932001
0.8808727822804733
0.8752246421475823
0.8871786029973947
0.896080520879316
0.8822975919234577
0.8822663069156742
0.8744810262800436
0.8790949101687153
0.8749142209151626
0.8739388888354829
0.8833855495862507
0.8862090214856396
0.8975526762079836
0.883078305155003
0.9057099560453863
0.9003629042764186
0.9047607404083323
0.8910267235224191
0.8976126530019434
0.8850939909860428
0.8971193602512515
0.8893545681606972
0.8934529907238992
0.8794452450298514
0.8867973395505727
0.8891369328563439
0.8928324774343565
0.8932377252426744
0.9011348527549998
0.8931392046051184
0.8854024817748015
0.891748410073617
0.8850630873938866
0.879723232329066
0.8785196462405475
0.8801978406276425
0.883192028200081
0.8833165245961644
0.8772986235459456
0.8889275267872526
0.8941613505989471
0.8836790766209338
0.8782825043316964
0.897703541091592
0.8949841671568781
0.8921319563978467
0.8778503490173031
0.884645398298881
0.884048222319572
0.8887109458504802
0.8922247615188149
0.8891241077967552
0.8812839218890028
0.8829129696082597
0.8948598709230485
0.8912658873689243
0.894400481133418
0.8870686181293751
0.895494559737693
0.9032731144262313
0.8898420334328555
0.8886456963310359
0.8921237554675289
0.8884129793890092
0.893287724211381
0.8840571365077362
0.8931698084653195
0.8850456065221187
0.885925350901931
0.8915350199407311
0.8876914063300821
0.8940668693266605
0.8919837975277732
0.8870421068093095
0.8849594112705557
0.90360480408072
0.8944163765199558
0.8945100812291851
0.8986960955020199
0.8872820505308096
0.8871510538289452
0.8680368033029305
0.8707796657812737
0.8764383476797328
0.8726109641627535
0.878123445658738
0.8880171326656949
0.8604599830682876
0.8802777158724996
0.8820594403203721
0.8815832519867715
0.8883205069764072
0.8850946062863847
0.8808751868934187
0.8970539163989627
0.899079117019114
0.8946321130173008
0.8942587513077568
0.8890597921335908
0.8914996089052042
0.8843376613663184
0.8901185292813092
0.8767307689374286
0.8932056577607396
0.8824351222717158
0.8914850185615452
0.9020841813541965
0.8944479804808544
0.9007940237678066
0.908109771698003
0.8970095000669214
0.8944851693572217
0.8976097952957841
0.8937602336872726
0.891627036382562
0.8982226945243111
0.9052951325475836
0.9012843560747138
0.8913408903943694
0.889777591472448
0.897043564599438
0.8982954401019229
0.8898835544920304
0.880307136111298
0.881000795367651
0.8785105916155813
0.8719479578101198
0.8870210420874604
0.893249167572855
0.8915428752277367
0.8982200158837581
0.9019568439209683
0.8930848041022282
0.8916106095864934
0.9082460831636282
0.8692608949388886
0.8776135827079544
0.8859836822497059
0.8906087663747901
0.8994666004464903
0.8911459026155892
0.8787293810909879
0.8563250679037583
0.8704350772847055
0.870390048620792
0.863715430878886
0.8678262053367957
0.867073784763332
0.8751961031678266
0.8714925832241106
0.8902224347126313
0.8732026745892991
0.8858298502380525
0.885540342891766
0.8774420141829752
0.893157825901433
0.8755866532622618
0.8924282782381812
0.8831461453408117
0.8875543941164113
0.8907850735351985
0.887140743130301
0.8930805538992002
0.880704286707643
0.8957979910503598
0.8978688457176051
0.8856761550027384
0.8818212470685034
0.8765746081431343
0.8796276978758856
0.8994738700855183
0.8867102358759875
0.8845258905698684
0.8934757544568619
0.8929651907664847
0.8922321557054236
0.8981840114651436
0.8880988456953122
0.8829148100917039
0.8888316076143687
0.8770930084973437
0.8588623521578401
0.8880752150536776
0.8866737830303029
0.8886815164359528
0.8740099314706007
0.8836726952468216
0.878648843306399
0.8693940939329061
0.8856682374085011
0.8525727334796364
0.8819183958729181
0.8824963276541368
0.8833516258943686
0.8877352568001817
0.8841582357844548
0.8728811090002302
0.8811982134336355
0.8890031894157757
0.9032591692616876
0.9021491217293062
0.8955998108841682
0.8796296685434558
0.8939516741276319
0.895017505065578
0.907818869129395
0.8906824596138142
0.8983136001106734
0.9006626584388524
0.9025692347148642
0.890097632901144
0.8910111087944101
0.8840294853852545
0.881588098464002
0.8871295724729601
0.8920160107570886
0.8713536216165383
0.8772221334644711
0.880641323687721
0.8722213128752704
0.8888292090809399
0.871237402075267
0.8727186238364726
0.880244078408253
0.8939285336275731
0.8874789910986252
0.8785863719375189
0.8787689212110728
0.8926234898889286
0.8841094019575851
0.9068669559083465
0.9013433927676715
0.8930538083129282
0.8863448214617683
0.8853716645130537
0.8949290182279586
0.8807247327303614
0.8831001476303962
0.9040156815124202
0.8757612318254059
0.8858788482682719
0.8918283931288585
0.8898819927070764
0.8751176595698501
0.882881431547156
0.8768016444438055
0.8718503796278666
0.8816115054610408
0.8812185111391702
0.8693897077000652
0.8796773443180381
0.8764136159181398
0.895390176330487
0.8983122837185297
0.8971318498610187
0.8809140547167077
0.9008583211894603
0.8951228559605582
0.8971206545915824
0.8826289524847062
0.8778227379202179
0.8742341504069105
0.8747095199314779
0.8821689581469755
0.8832584049745148
0.8953054086124893
0.8831755523778729
0.8809934395979794
0.8793166804104781
0.8816259622812196
0.8841016498313504
0.8880426140607453
0.8750139272298388
0.8902046850186944
0.9033032771618407
0.8966317810507983
0.8872940740286488
0.8765692151495833
0.8936438397767827
0.8987725932695523
0.900064970953072
0.8817618356222794
0.8815098946527695
0.8848387443546865
0.8769640942840605
0.8826938413791781
0.8890150719283317
0.8812138512818634
0.8812242793337108
0.8888031232711439
0.8894876898271128
0.8900468864143302
0.8777952768509363
0.8967651155252643
