0.5523127860425939
0.5509085242790767
0.5522060576675055
0.5550949656301677
0.5556431840207672
0.5518189282179036
0.5504100221591737
0.5468052513066306
0.5459733336821404
0.5479206580502676
0.5467667195846806
0.5375270753583302
0.5410865387184145
0.5415117586825782
0.5444893420897225
0.5395806818057356
0.5437659733926083
0.5475078244042015
0.5464880865981814
0.5411746782716165
0.5496674772919186
0.5500502195648184
0.5532311850333401
0.5482101990981821
0.5516959610059345
0.5481866604640189
0.550953134515008
0.5500318438499098
0.5503211215927146
0.548594567316433
0.5474079446201614
0.5465348655152322
0.5505728011651169
0.5529977293822304
0.5459837119273727
0.5497113559003006
0.5434122964959136
0.5412850683954553
0.5436499020796274
0.5483779301124233
0.547733970490854
0.5545455188333032
0.5561524646148389
0.5534861302917947
0.5453646143772239
0.5525318376678748
0.5520095137801936
0.5413390846702744
0.5496485745496459
0.5512314869002015
0.5516679434733127
0.5502627254960681
0.5447505736416446
0.5443811882528263
0.5469227352393063
0.5509862429793673
0.549946897305325
0.5442734964517884
0.5561542626197564
0.5513714603956359
0.5487460175111365
0.551667260351114
0.544766778493838
0.550856918689848
0.5512558484277742
0.551894657389063
0.5524092186522167
0.556194465051106
0.5532912404543887
0.5543605358366279
0.5489991055675797
0.5491091102664973
0.544486518342163
0.5450895651838734
0.5500995478310307
0.5459227808341234
0.5533721533039334
0.5529790050839554
0.5464100487868937
0.5526320171493962
0.5548926100082221
0.5540405915889481
0.554763038881069
0.5456948052075703
0.5478281442115343
0.5477192449707537
0.5528887496928927
0.5539596725011504
0.557063980007866
0.5520337654437094
0.5462005318575276
0.5486813864976282
0.5515267391676358
0.545806882953104
0.544748113161972
0.5427781866754962
0.5471466602269996
0.5423065237570133
0.5516350789270789
0.5481261751734959
0.5536707411420481
0.5557703167678117
0.5609187879823035
0.5602453677839488
0.5512698552785131
0.5532127404670376
0.5526218171786923
0.5524928193997654
0.5520280980410173
0.5515984032562626
0.5528854921815144
0.5526681148234343
0.5540699152295496
0.5494004755117872
0.5452117930941649
0.5519818500514706
0.5472828120744324
0.5548127382166139
0.5521366948038104
0.5476194124154665
0.5404989665715318
0.5460583329394504
0.539586983361328
0.5414686670525718
0.5514869085208138
0.5573313770845265
0.5561807280838447
0.5600534231182499
0.5496403446254382
0.5525978686132487
0.5569771564908605
0.5517199731622158
0.5511640908352444
0.558937597568084
0.5551620363574448
0.5554055222307656
0.5556941503750186
0.552430379219703
0.5478585248296688
0.5461292558008372
0.5451354387419249
0.5490661576258669
0.5459014300004115
0.5442187218526173
0.54936449074048
0.5431204655471077
0.5458619250361948
0.541211004714899
0.541625592496607
0.5457373851957823
0.5356545291135586
0.546797990520536
0.54971364118341
0.5408749945917082
0.5381077590537099
0.5461993039353714
0.5463516592904774
0.5501046410371866
0.5476068400904439
0.5417932696890575
0.5490479830515137
0.5496893665807026
0.5457983499300695
0.5521189520785574
0.5519610149046925
0.5533072564200555
0.5511972156542502
0.5529728870810281
0.5542192781427655
0.5524639104913116
0.5518107461662116
0.5485405636802297
0.5571943773425974
0.5567745008358658
0.5525367862991536
0.5540651585363426
0.5481031910755437
0.5543693244644077
0.5604487737237265
0.5616883125663111
0.5544593572529612
0.5543599352439632
0.5512158982532569
0.5517635103756785
0.5530855528773642
0.5564965005905372
0.550875022167705
0.539664792772328
0.5473415351275821
0.5508995333906136
0.5513816995523118
0.5464323477850161
0.5537877972987282
0.550172370672087
0.5522934258509324
0.5514129053929719
0.5524512779050301
0.5420213122524784
0.5511502164465721
0.5454375449603693
0.550712237651857
0.5466688892823144
0.542405983320856
0.5507232667021473
0.5459283630670819
0.548669734158945
0.5564336911455738
0.5504175128431886
0.5547588646354193
0.5477865665034434
0.5480592721175053
0.553694281553267
0.5463987441429768
0.5511115308234638
0.5466804198544298
0.5468461258814677
0.5438935714411037
0.5472719206444242
0.5515171759327657
0.5488626368097782
0.5466608056034779
0.5452719960120708
0.5482728857972217
0.5449270375836545
0.5431133382458491
0.5440012452755002
0.5511510139369107
0.5506568252778579
0.5502476176494904
0.5495851627162756
0.5406302776160674
0.5519449905532805
0.5505417361663943
0.5509535808358619
0.5474155785138619
0.5495491698430068
0.5505317961903763
0.548788922997398
0.5542784786701551
0.5387045203102209
0.5403732837082132
0.5416549133312678
0.5477078241748408
0.5437604603228718
0.5494258453176114
0.5495052112998093
0.5562925275493575
0.5507491978849536
0.5565470730743708
0.5461809152605951
0.5476465739190702
0.5470005962220104
0.5562301215847301
0.5458635221967169
0.5496981263235667
0.554252750228448
0.5548672322122051
0.5490560390844549
0.5482149085060072
0.553579269592017
0.5548677245365423
0.5509023640558661
0.5533599511407787
0.5524147279213781
0.552990603629867
0.5539144121088626
0.5499230378374503
0.553650646547526
0.5560009944829241
0.5567404430664705
0.553764447256027
0.5473917379671012
0.5428982929038784
0.5529221507627319
0.5500123968915742
0.5493399512408617
0.5539009929997902
0.5520177087664486
0.5510552228723171
0.5497125572340191
0.552987181937693
0.553409162099213
0.5541570206295776
0.5478180197801003
0.5482179166769887
0.5450303246600583
0.5482320566457772
0.5435501816574617
0.5487940359258054
0.5509430017824251
0.5497245914444036
0.5556934664864459
0.554941284874613
0.5634695236439093
0.5583169243993756
0.5533867606768369
0.5442864302022392
0.5469698710202959
0.5523241394018157
0.5478529729503876
0.5509127550045393
0.5458718775895677
0.5528834799117969
0.5492379638507704
0.5510467845538153
0.5443463099914954
0.5510388972209015
0.5511772816819118
0.5493941648935603
0.5476971352587936
0.5513165075675528
0.5521981632768189
0.5533022579256272
0.5569740589217838
0.5562094511065951
0.5566227152288106
0.5533764743190601
0.5515659162882658
0.5539756851241129
0.5503940469118116
0.5454758482286388
0.5455216464094668
0.5460183917740411
0.5493505511010468
0.5550707452837983
0.5526070947546472
0.5479678224103052
0.5527470699385244
0.5485158713884248
0.552540627868233
0.551892870863983
0.5489467471576893
0.5478070400640271
0.5511850046258805
0.5500666348552301
0.5481358240888083
0.5472208719977532
0.5473834025466645
0.546405515146974
0.5482148395171689
0.5478635817817409
0.539406500905401
0.5511433051436856
0.5457060466169434
0.5539958218326476
0.5495950999392825
0.5592318656555073
0.5514818392570986
0.5501550928699073
0.5403386197227747
0.5439630644871809
0.5426403353759969
0.5501907304183316
0.5522854414439304
0.5482918925430076
0.5542022960133852
0.5495616376870893
0.5501005627035938
0.5565704949334984
0.5462083672497896
0.5559253189455449
0.5597603164681855
0.5623273314206532
0.5560892041565402
0.5539025564490188
0.5475330018258384
0.543925437863326
0.5513591323711937
0.5535052606013466
0.5488493126170015
0.5486296798737798
0.5493720421067302
0.5564861034625018
0.5524905817738863
0.547583670958798
0.5521911480721269
0.5464116072824654
0.5472595781767463
0.5480615389598724
0.5445159718625843
0.5436953750162462
0.5503371770144532
0.5415709424483779
0.5430730444955776
0.5470180732814005
0.5504965330724974
0.5430851550615032
0.5446585206732197
0.5509376384595647
0.5534804432228788
0.5540453719414522
0.542891144583567
0.5519676906236038
0.5516361201449159
0.5544360431136302
0.5428706889963828
0.5452644518477856
0.5369583092790794
0.5452423525092367
0.5496421756252892
0.5542152846498205
0.5576929860406639
0.5473894563698302
0.5555512375310596
0.5506078048813101
0.5562151622382683
0.5564879037432948
0.55120243990126
0.5535413185040218
0.5476749240288818
0.5550840434268902
0.5546553417063361
0.5487906022906903
0.5528385991349972
0.547988711465647
0.5556789179543922
0.5540414744891127
0.5490356471088715
0.5467594894451304
0.547794089396581
0.5515522803294841
0.5430897890739027
0.550825764053319
0.5455572571962909
0.5511877003497361
0.5512531950537782
0.5538391239010143
0.5537933327121093
0.5550475155523023
0.5523519074407703
0.5516026896272721
0.5461729627954874
0.5541144998693253
0.5475149253503488
0.5539702916078721
0.5543383277079394
0.547329401151567
0.5495076868219078
0.5484705025419536
0.5548242719863156
0.551739568996704
0.5562147885315956
0.5517997171012122
0.5526732499922836
0.5496251787152064
0.5521366038131106
0.5523309697986238
0.5478012625841376
0.5541535507172373
0.553137883019566
0.5382214150783171
0.5462043607182681
0.5467516611728351
0.5518312548679588
0.5407214575205888
0.548254340513932
0.5484561509910557
0.541523770561279
0.5508428827318569
0.5568923313260778
0.5594317412144558
0.5555024817977716
0.5585432614923638
0.5534438620783075
0.5525923122564851
0.5498570893151868
0.5502120497050625
0.5534932859832967
0.5557927726289958
0.5561522714523246
0.5528299322832906
0.5501806571708088
0.5467482060505412
0.5463213577109426
0.5508081848138083
0.5536611794838862
0.5527070688938867
0.5497789036225353
0.5530007360053206
0.5492233737736101
0.5465567503974367
0.5464312568471966
0.5491241016892016
0.5549707824942093
0.5494177074972987
0.5521168771150736
0.5520242632456396
0.5552070597719573
0.5503535910287037
0.5565772274025608
0.552473079416888
0.5501802963278101
0.5570345303501641
0.5478865335571153
0.5481815045619449
0.5478763900659116
0.5416328349777203
0.5492490108348689
0.5476639096570575
0.5497566613812688
0.5463799918719928
0.5506036368862713
0.5454396877713334
0.5500757780307759
0.5505712875410371
0.5490567167600728
0.5503903984362339
0.554250638754093
0.5513774557942499
0.552867284235306
0.5565437529079647
0.5534070225308487
0.5553506710610843
0.5500653224659788
0.5452400560317564
0.5489707089760861
0.5454948573796193
0.5519454426120517
0.5484246612808663
0.5491940201861701
0.5508160359152658
0.5492057730178758
0.5494302135883394
0.5471482390225736
0.5493665082983654
0.5500765083876626
0.5548328022204305
0.5560771076057782
0.5526920643460491
0.5529936350054269
0.5474844154442846
0.5593792070140333
0.5497744342971624
0.552442423259881
0.5532986202749899
0.5546535432474143
0.5517145408181551
0.5460852969240991
0.5512601130606085
0.5546929995984688
0.5476655843361895
0.5504221252163952
0.5517072882463131
0.5443342451679902
0.5500912146074437
0.5494538975082466
0.551158354187592
0.5489213507578177
0.5378978738395431
0.5483640520351512
0.5447925760112078
0.5421003589186962
0.5466734288877148
0.5438415313239718
0.5448841196965051
0.5487584267775378
0.5499559804868333
0.5453968311398585
0.5440342032047121
0.5465181739514358
0.5398679114253617
0.5452301939110307
0.5445789078296245
0.5459472512699005
0.5486975026082297
0.552562851491669
0.5620225124937105
0.5508570505168551
0.557448174969564
0.5518468935257884
0.5512670919901275
0.5508415577369914
0.5481827080927723
0.5507937239513678
0.5483229529548954
0.5552449144663707
0.5532277781292264
0.5500175968207552
0.5488534776639511
0.5480823358374505
0.5577524008257027
0.5558479844821238
0.5557797824751627
0.5538992956822046
0.5545984524977163
0.5503364741757492
0.5542813502272773
0.5517364604659445
0.5527905906690438
0.5547784561915639
0.5599130131688559
0.5525654607146588
0.552139328582839
0.554733533687345
0.5480230442407882
0.5504206926111068
0.5550574986155556
0.546436926863272
0.549527945922052
0.545230482031133
0.5485966737923966
0.546770194575562
0.5502627315106612
0.548428186815262
0.543259558790046
0.5438290157515696
0.5558797292719608
0.546312296107728
0.553641324347403
0.5466847231378031
0.5461066448901042
0.5499873462862783
0.5504411836505845
0.5522245348615009
0.5448981568937132
0.5545456818157575
0.5555525576569371
0.5463236090216788
0.5482963814417958
0.5467980888319739
0.5513301517407904
0.5546183795727503
0.5394582677725405
0.5395470164028567
0.5366535422923656
0.5433168937440398
0.542900483899762
0.543830572934659
0.5514364109927443
0.5537043949431887
0.5619521141701584
0.5505211573033519
0.5550950854113225
0.5583869114045903
0.5597286680534088
0.556734695085686
0.5504690781852783
0.5529966750430138
0.5483764810749016
0.545664745135799
0.5499912428716651
0.5427920512449715
0.5441762870245661
0.5423780316383
0.5473509459454607
0.5448606026350185
0.5479663765606295
0.5503325685181716
0.5528691814836397
0.5501465407739003
0.5422723630620798
0.5462650042867278
0.5525062765710052
0.5501526038209293
0.5451520686010225
0.5618036137301312
0.5489943311552996
0.5523090704417497
0.553965070035656
0.5595573131546209
0.5581617398582062
0.5545799680586552
0.5564910534996278
0.5530476383879865
0.5513954845567315
0.5538397314631851
0.5528306743760197
0.5619597639376583
0.5559144196091083
0.548276750768905
0.5490523489598311
0.548276854523779
0.5524221498010614
0.5533468465116118
0.5534851705829101
0.5545067307987918
0.5567755116705806
0.5527240812711326
0.5514753959665208
0.5557503985407077
0.558592179064788
0.5517033771666051
0.5595592197828818
0.5575095538711838
0.5535138524593146
0.5503135785919168
0.5495357418864822
0.5528166480811455
0.5501899792897141
0.5502321670958861
0.5512137393823249
0.5438492363131946
0.5520690739728268
0.5532381617557699
0.5564180349519103
0.5530357991402806
0.5448388274137198
0.5472407740460341
0.5540944402157619
0.5568188123576633
0.5488690834207496
0.5507808215236942
0.5460999946409455
0.5431385493473517
0.55161305877949
0.5513778597306105
0.5523540000207294
0.5545887058485373
0.558889585059205
0.5498738179113918
0.556565280762642
0.5482998191709426
0.5481947945086644
0.5423206517299277
0.550443749853248
0.5464772076463056
0.5541709777697651
0.5499545901591691
0.5472006686789842
0.5473672734801373
0.5479849121353004
0.546484175579579
0.5465218489934216
0.5471409419308424
0.5567527796517117
0.5589474442873064
0.5523111297449153
0.5566715589562446
0.5479852675400771
0.5460245731685027
0.5494414907146985
0.5509830003551355
0.5557226010396531
0.5489442954240171
0.5566359080394315
0.5507154112363439
0.5512881821442474
0.5511165265467718
0.5528737376323795
0.556086340412438
0.5547609456862531
0.5436636829033478
0.5476046857963468
0.5473677400220952
0.5548221759711904
0.5485622821655367
0.5438368879296597
0.5405903060341952
0.5525180473184581
0.547189902872238
0.5476445545193169
0.5511189225175632
0.5457014959570559
0.5506436449830436
0.5494176632691773
0.5539843198759794
0.554328682686194
0.5434027345284083
0.545712161863591
0.5449448368512346
0.5454768259785241
0.5445904993105284
0.5436260289119965
0.5516348951496701
0.5418962773915548
0.5504351846916418
0.549504927292722
0.5506321913632974
0.5466592989044512
0.5542545621987496
0.5547067510814517
0.5568235166185191
0.5513640528348491
0.5473170677470978
0.550020300376405
0.5489075595361201
0.5470323343862553
0.5547427583832709
0.5559694489146811
0.5537696820592976
0.5502946306614116
0.5458161793128407
0.5447388845020301
0.5436344624750357
0.5449235811738973
0.547747944041675
0.5435066910499112
0.5451104786950932
0.5538009375008077
0.5535875087095402
0.5521701250963458
0.5512108126201553
0.5534482105750971
0.5559366574895582
0.5533677142173116
0.5572035999024881
0.5482007421436556
0.5542426085402714
0.5472094151860697
0.5539285297797172
