1.6359045622450803	1.3435641113624206	1.3402557162519173	0.906792446016059	0.6154816407868222	0.6122509023968195	0.3432569077338038	0.18854798289707697	0.20284548392940233	0.08323418724561162
1.6353537540397478	1.3361623558284201	1.3342267864194217	0.8857271351947476	0.5879982795658395	0.5751268469069415	0.30736895292639405	0.17311981142989272	0.17259369984551717	0.08901362578164553
1.6315004493509215	1.3309831072906881	1.3312837923653396	0.8827529371083451	0.5775866689896505	0.5882079382418423	0.31244578171093423	0.16885051436963827	0.1631132537312248	0.08532775970373524
1.6377323686485556	1.3424584181858852	1.3385187382389496	0.8984638498421506	0.6021342099617425	0.5923648128700896	0.3285951156347544	0.17040863007720988	0.1707149464135092	0.06272969214436655
1.6374401033833654	1.3370524119696359	1.3435907433265863	0.9031971296179344	0.6162944001604934	0.6081969885939158	0.3382332043557023	0.19196992477032887	0.18766022980976033	0.07631104116172507
1.6366527739576897	1.3334058028253604	1.3398073277764526	0.8903308108436863	0.587524882465375	0.5924288832131321	0.3108174300481873	0.15384074470295644	0.16503059641448822	0.06421697298311602
1.63627310417794	1.3387236622029288	1.3422808621432067	0.9033304591275417	0.5993133215928323	0.6074850026111416	0.33090440429885615	0.18217945767766583	0.18352714694154879	0.07509023841725226
1.634719217044377	1.3308314363500575	1.3401214473941936	0.8943209767966201	0.5977038973036083	0.5963207319714431	0.316836495285046	0.16923560925576833	0.17512433613473855	0.07110973894553767
1.6315973364642358	1.3248021512645778	1.3365650573629655	0.8841606362088337	0.5886740359632134	0.596935273805338	0.32145715202317743	0.17742770594612298	0.17951203935811044	0.08880763204400341
1.636542274658654	1.3382457791432387	1.340808809847046	0.9019007190872804	0.6138173278137429	0.6082120811357357	0.3447079897071965	0.1848166894229175	0.19475866102453557	0.09241892981364781
1.6327255372288538	1.3380587597064222	1.3339313171493243	0.9027036187937872	0.607916170041487	0.6211071203388924	0.3572164582538185	0.1958503157291543	0.1904891308931459	0.08927757245417477
1.6426495771410794	1.3429354638966844	1.3497830590956996	0.9018830921500339	0.6029408900102017	0.5988188159911897	0.3308559514297547	0.19988647039729968	0.17350445105013984	0.086774941599271
1.6428792337184934	1.3409321662591018	1.3545511272124893	0.8947402087630612	0.592771876492094	0.597670567090598	0.32255609608283103	0.18528312201142347	0.18964189232398818	0.08767373572530941
1.6374146271592156	1.3386063190385766	1.34051278779598	0.9015641795988236	0.6044533138255702	0.6176961067107885	0.3478788741866603	0.18554138817080157	0.18833691537047426	0.08827914689770165
1.6451468235578797	1.3519590282396747	1.3598020041190848	0.9211681899035895	0.6302758212476842	0.6271346137981406	0.342788618905884	0.19044725255642206	0.18782837015313295	0.0947536382828856
1.6410356333801697	1.3453112107858785	1.345219281821815	0.9022570333498321	0.6044718751180871	0.59559847525834	0.3147222081189113	0.15754402006273224	0.1811209270205706	0.06998259076482571
1.6381485487859246	1.3419563859402703	1.3412758292963582	0.9077358299004599	0.615745894066695	0.6070524213588122	0.3426190623770425	0.19676987608875007	0.2055268266368456	0.11108966342677709
1.6349915009397549	1.3410894094670143	1.3374392463263856	0.8964731970593766	0.6192897479504634	0.6053347840026289	0.35540009023230895	0.21751285495928105	0.19519188106030114	0.10906022458028496
1.638912410072275	1.3438338595321795	1.349137990072904	0.9084734605442052	0.6115235439622004	0.6102551033605933	0.335921386595379	0.1741520366001236	0.18656702423973673	0.06553320588824192
1.6400522998702212	1.3501248807133015	1.3388743103489322	0.9052768451858095	0.6087752178509785	0.6044831295666658	0.32285410995265923	0.17601252373873263	0.1818341933227007	0.08339507602245541
1.6371531140285487	1.3497454127654978	1.3414862653911217	0.912871479527717	0.6146316370800111	0.6276947942026161	0.3566065055493619	0.20359363376541792	0.19813801206724307	0.0916404956884862
1.635605209684393	1.3381544140912267	1.3395669588187522	0.8963818629273952	0.5918604541133468	0.588805690370952	0.3039208232233129	0.1550565078946661	0.1537433419549673	0.05365850221984763
1.6365078238213977	1.3329510854055933	1.3474885187255166	0.9008186076402119	0.5974550983455451	0.6073192973139027	0.339090132047704	0.1906851971461799	0.19524870612202774	0.09949929614286326
1.6342277307865363	1.3339414281531765	1.3383786151159516	0.8916316245674251	0.5947324446059619	0.5785524256469183	0.3137296832250751	0.1682635558255709	0.15784292166661495	0.052764090064350073
1.6364893206936855	1.3479430225763507	1.335985559255509	0.9056829895357686	0.6038356978375149	0.6039465894831085	0.3239898364274998	0.1856654273893901	0.1710762839353469	0.08722088392008102
1.6395691033278295	1.3492077400892588	1.3455052865762143	0.9105585455547653	0.6075207685044511	0.6282030448572902	0.3528130177460283	0.19405539096991606	0.1921699968448073	0.07556694083948934
1.638960034833916	1.3441028129482573	1.3421732842395826	0.8895933463859045	0.5867574043304756	0.59158700584637	0.3095406740344749	0.1538357327458421	0.13693683182462296	0.057691340031484545
1.6387451127413513	1.3442375935047484	1.3428416594033061	0.9024213551724701	0.6179181181572956	0.6176167621784768	0.3443878528764542	0.19375528803474676	0.1929854606428943	0.09000023792784734
1.639844286438998	1.3432666914152678	1.347998156666848	0.9005845901949527	0.5978413560046301	0.613842446381693	0.3375103890749519	0.18742805454725164	0.17339136318775586	0.06415378077656257
1.6340815508844373	1.3354082472339543	1.3319081221277183	0.883576500912208	0.5770012112383814	0.583174664040064	0.29511850492069186	0.14135539795700172	0.1545465791476817	0.06340909482274291
1.6390435428852375	1.3448988045427623	1.3441491058513921	0.9100812454914199	0.6212542965853514	0.6219956006504437	0.35060152114957854	0.20276469318481988	0.19011039200733892	0.08709290668354724
1.6389218570312645	1.3443431205582579	1.3412064354828237	0.9105561776798249	0.6161298764579609	0.606461917857588	0.3272264209281974	0.19209557924566312	0.16721033026488602	0.08259009976269482
1.6391836140106808	1.3409764383533822	1.3499241186006348	0.8991948967309276	0.597782187997709	0.6027826740702857	0.3333361134535556	0.1813573650555425	0.17636293837154127	0.08491334226778727
1.6349252583139016	1.3325679976857085	1.3335434000990218	0.8843911648955912	0.5843604039929787	0.5823882968959455	0.30562734022686605	0.1614850876480053	0.15948953987697567	0.07805071457072296
1.6356464713228853	1.3429639724477265	1.3336140555454823	0.9063531295974552	0.6234965350179379	0.6215905643353463	0.3601463950938556	0.21182418983401577	0.2074680936083575	0.09846926832436077
1.635099680725679	1.343443285959744	1.3363572983232739	0.9066815851495877	0.6008307170050191	0.6204674955942052	0.34639719083342324	0.195291553016344	0.20772353350054923	0.10134964160376483
1.6373690304891189	1.3402557589181185	1.3353274696731372	0.8860242186213845	0.5751924834961585	0.5820780114484473	0.3009841390118751	0.1450520759455186	0.16582873081213045	0.05935349562371343
1.6352610551590532	1.339563497229058	1.3374092850080397	0.9015883804523717	0.5951509487581098	0.6010765128982521	0.33133591433413895	0.17589643939895588	0.18660795723912818	0.09262336608715557
1.6339474150085973	1.3345032326803015	1.3326810685340555	0.8813951247604326	0.5945065382523738	0.589262767157929	0.3291155364622785	0.1760287442876177	0.1831864423986625	0.09865974392961738
1.6338766756111007	1.3306634054264255	1.3333289234256465	0.8887229940310001	0.5896489106431623	0.5932711213677057	0.3345641897975519	0.18905539073420752	0.195702608302117	0.0909564580961883
1.634665687788159	1.3342074658396577	1.3372648660520798	0.8955235091506315	0.6088253646462354	0.6013121551342214	0.3405971705217858	0.1917114260506256	0.18380195961572252	0.07833120260545447
1.640411049929812	1.3486714283012406	1.3498318574756512	0.9138702313525084	0.6145362651434547	0.6252597387288019	0.3442600715729118	0.19375657275630523	0.19707572533342196	0.09717583192196039
1.642993068677164	1.350640686729585	1.3458165280311827	0.901511126452283	0.6026513159006167	0.6075808341655796	0.3206385081481924	0.16276470100784915	0.16633725335629415	0.05905669755180782
1.6408193938403624	1.3418546117180778	1.3496528370320755	0.9056449307592351	0.6050591880347699	0.5974256318420373	0.31943311410054737	0.16331251114668066	0.17757558365697287	0.07208530267571714
1.639184541634319	1.3450207760224593	1.3391481342174874	0.9018592680468629	0.6028968948334033	0.6138483639054887	0.3445370835667416	0.20652226208347096	0.19164755621552512	0.11056224569265898
1.6385505309249688	1.3438249898561265	1.3393352012699367	0.8973062347182628	0.605989823014164	0.5956577542161132	0.3244597642975996	0.19994323243974954	0.1783861544045828	0.09227721205383516
1.6375090086368511	1.3391633279067436	1.3433386822531912	0.8985050151560006	0.5968457167280752	0.5858438533191873	0.3116504813854216	0.16360297136641178	0.16134153293925488	0.06852607808454093
1.6350645833445705	1.339481589132304	1.3368479030522142	0.8916698884732226	0.5979556867578601	0.5931399866253807	0.3258812202552245	0.1859319113083885	0.16735530446685368	0.0664410974117115
1.6404577625296206	1.3463328382338813	1.344007342344021	0.9099194988377537	0.612916701919645	0.6200701397608029	0.34986268046585445	0.19199683528820932	0.19835791319852014	0.08126901071001978
1.643378634024525	1.35503752853402	1.342240658305868	0.9087059053943389	0.6177631569032666	0.6100516195252399	0.34411824747611464	0.19337718153221278	0.188596966692222	0.09851095305677378
1.639444188955562	1.3427879661565718	1.3445345320938844	0.9058163239517957	0.6087918635121912	0.6194689778265011	0.34919982817935336	0.19013710522356814	0.1985998526098117	0.08634144502212261
1.635788289728855	1.3402215066876184	1.3291471921564801	0.8876165258578381	0.5936360228806327	0.5945550500730818	0.3345086774914114	0.17532877380550552	0.17731538281277778	0.05602868134885007
1.6324342267700518	1.3354518979676684	1.3257857039572574	0.8805348246784129	0.5824999022529423	0.5922526359721252	0.3223117232725433	0.1732572339767673	0.1872929906555988	0.08559496897015557
1.6389709992658177	1.3484626402651638	1.3425737979715204	0.9079965079262458	0.6135551239534381	0.6094367080860335	0.32867910520941707	0.17297520405818995	0.17283549289428934	0.0664791081104691
1.6412339283700703	1.3494341977837239	1.343152259090346	0.9073935544067583	0.6089793734399811	0.6127143814356217	0.3344450182512398	0.1717721123920312	0.1898967708788186	0.07593668736640165
1.6435661877028402	1.3477320473940342	1.3542006778631546	0.9083915248877916	0.6079839638912236	0.6046476951125146	0.3244264132225758	0.17255027576578408	0.18559713818943338	0.08479682801897087
1.641534869161418	1.3424500898143943	1.343934451976499	0.8968180425133006	0.5872375832797139	0.6031119068458235	0.32046589629908	0.17037968520868607	0.17154545242229147	0.08162546624090726
1.63567309827231	1.34370880587651	1.3356683125343531	0.8953097894065122	0.6064842322389254	0.5956473870099432	0.3138963100180635	0.1686502902971529	0.16645266789104146	0.06608407958500011
1.634622394963096	1.3332003102627599	1.3377370451344124	0.8953250784585328	0.594857471668161	0.5999381370780381	0.31958266446554934	0.17405403187667656	0.1614706659174515	0.0718318994373075
1.6412016945147885	1.3436732001547038	1.352748765552899	0.9024321680008041	0.5959991760467962	0.6050711620494137	0.3185638601195618	0.17103993598864653	0.17430134108273965	0.08835759794426004
1.637259723166307	1.3423803879606915	1.3366969165042202	0.8936762802405966	0.5993637150856816	0.5999557363273372	0.320750510108624	0.16245691739437826	0.1811690211934662	0.08666014683639023
1.6348457676932728	1.3401698851482824	1.3378178333561714	0.9026915000709492	0.6052548394128614	0.601151854684895	0.3228884593715955	0.1777987756535523	0.18085945402863537	0.08261444806769383
1.63820857643328	1.3439715525507854	1.3437401707113024	0.9198824607033865	0.625451992094892	0.619330053987794	0.3537585213033616	0.1970692925080352	0.20519910569662342	0.09463502309406777
1.6384709136354176	1.3375748518397854	1.3415485706427046	0.8934310687083789	0.604596023718988	0.6019996606174238	0.3508348373367462	0.21037403875187582	0.19923673458773639	0.11950777478076313
1.63580518311684	1.336728337521426	1.339051979188043	0.8987686326875561	0.5946147832456753	0.6065764352284161	0.32422700463841914	0.1751150943749073	0.16283972601363164	0.06435913350876649
1.6358769768904469	1.3405157115444675	1.3420480073054932	0.8991309883405035	0.6084480451348403	0.5964593209660097	0.3199810346209962	0.16898255335497628	0.1704205487852316	0.06234637228348045
1.6414054284426296	1.347079452108102	1.3445547834559297	0.9056311113840488	0.6140699543491644	0.6051512766493301	0.32311679806417487	0.17882521396347548	0.1636088156221005	0.06580537983353969
1.6382102369116986	1.3389591599863464	1.3425640202531426	0.8935303331788746	0.5912784139919463	0.6033719877304009	0.32552262620027556	0.18723830410862627	0.18251325365947413	0.10124669637491035
1.6347536322865066	1.3293001657889505	1.3388487146475643	0.885138773756347	0.5852222888532528	0.5802090490341184	0.31144384226231053	0.177562013867956	0.15237594428356324	0.07375965383572496
1.6374920336077452	1.346619761325419	1.3455477749389877	0.9120167110087058	0.6225754887058945	0.6138998882701386	0.336024117037373	0.17951070455697593	0.19010957334646067	0.07967004063302799
1.6383523052235567	1.340894324561301	1.3367159824583221	0.8918716491781843	0.5879204158990335	0.6008705388139894	0.3142882599905355	0.17416382938834232	0.15182438623698463	0.049545753888790026
1.639631168892934	1.3467960649452384	1.3366916385832734	0.8998322383139568	0.612274761434803	0.5848009055169778	0.3220355899846356	0.18802046038887424	0.17531648102812758	0.08581920518125033
1.6392667543500647	1.3399469457454127	1.3478686711334205	0.8992117130388176	0.5881899182850369	0.5936889312373348	0.3160656482210966	0.17355756949418577	0.16967944814299274	0.07223777064834958
1.6412900932035812	1.3475904564090462	1.3453242303981254	0.9051567237564768	0.6116136998550039	0.6257871898439967	0.3515854660310176	0.19976086352663236	0.21046070161590866	0.105580347411309
1.6429242534033701	1.3489827170243733	1.3477241704720986	0.9083630914800066	0.6200008283654349	0.6129613791412605	0.34557980895395557	0.19307626071125036	0.18582196266272344	0.08939444127106394
1.6355242827110446	1.332664425165941	1.3357610922751786	0.8912958677263298	0.6018601982132017	0.603289187297126	0.34021009194512963	0.18009410090871597	0.18937507250713378	0.07565360334972082
1.6366667088563542	1.3383468529582068	1.3450518387230919	0.8906513599698679	0.5812986269397656	0.5816887673200848	0.30970353403514167	0.15383505435003592	0.16668957586182115	0.06147676724744217
1.6360487818762255	1.3383508330838312	1.333743871039137	0.8898055006673447	0.5870119492983571	0.5895855440904884	0.3169207705540835	0.17452537615841437	0.16750395159422618	0.07537787624827492
1.6389537106798018	1.3446043592322683	1.343302588371055	0.9143489909675667	0.6191934692392587	0.6236955019958869	0.3559549722720634	0.20182057476569037	0.19937760101349708	0.08809910837760127
1.6433154758659225	1.3558827278375285	1.3479692992997707	0.9167783782277703	0.6225451334786004	0.6143606622122445	0.3383148402900242	0.1875640122012119	0.1938756926293837	0.09733702081862496
1.6408221389198898	1.347076785767238	1.3433425904310796	0.89893806742417	0.6025014694957687	0.6014223769744836	0.3484882914164056	0.20106425937958	0.18117421766810332	0.07922300161909848
1.6419167522436997	1.3490716675918162	1.3406625239804275	0.8943005623462579	0.5980034467188443	0.6065851987588624	0.3437905687417601	0.19110718467220988	0.1970183022263561	0.09993120813027986
1.635414326401936	1.3361827823232433	1.33737905202407	0.8984953647839594	0.6101917814565462	0.6114196900862391	0.34296998502001697	0.18859514647926245	0.19675659299581644	0.1001943717989177
1.6412698678581183	1.3459619288774496	1.3465384425782623	0.9129593076308559	0.6210995854033933	0.6100606728718697	0.34401027740205375	0.18448635447471537	0.18144602015118047	0.07925743812695853
1.6404238597294722	1.3494336315449813	1.3506651118687318	0.9222498343692861	0.6326063079193135	0.6251429280549806	0.3658712681128696	0.1993401086920708	0.20622217211053273	0.07722640939376763
1.638744526954007	1.344158290769122	1.341934488338235	0.8977618441326634	0.6021036087606024	0.5984877940532706	0.32889259995284675	0.18483849003614014	0.17832380066533368	0.08744181294784638
1.6361816540909164	1.3426589271798113	1.3368247730313654	0.8997785326041967	0.6177917078464622	0.6208086778650914	0.34451488344175984	0.18518424743036085	0.18732058298779522	0.07801258372092756
1.6320760455691776	1.3255367296607323	1.337060814352436	0.8837902936497325	0.5940174524289816	0.5888457692457376	0.3274932044845362	0.18241232300392785	0.1835380393886895	0.09011992256324751
1.6330797430411326	1.3357558190367722	1.3328799405910514	0.8893609933864641	0.6067843674702594	0.5923563030577745	0.3262321120851147	0.1780403787581142	0.1705367432587309	0.08168902779154094
1.6332292753189488	1.3333969040221154	1.3330673890552813	0.8922793554887739	0.6018170045543103	0.600963349092034	0.32714650255264943	0.17952942476490102	0.180137867952051	0.07420016697772178
1.6407522436716804	1.3428014541837487	1.3430586768075559	0.8947549287251376	0.5868139438399437	0.6050246875562577	0.3237152754504169	0.17372066149302118	0.19270255123426577	0.09507385192151985
1.637291321727732	1.338065529975157	1.3385584500194352	0.8856546463812107	0.592519996886598	0.5938977056836877	0.322001302106314	0.1752458680207498	0.17989056812874848	0.07260956745200306
1.6369133296458902	1.3402008102082803	1.3354501309899958	0.8961838707147491	0.598461166636687	0.5955827342337371	0.31496367371522205	0.1618540833915464	0.17242670743722194	0.06127585184458116
1.6382521759436401	1.3388291459747432	1.341899616798641	0.8991503680601185	0.6070997576391465	0.5990134017583785	0.32931350378075197	0.1746866397542252	0.18650660109363984	0.08482321776004197
1.6355011049587003	1.332574177643576	1.3434733980609659	0.8868334758300203	0.5826999390883807	0.5859641502575244	0.3056938865889586	0.16598152008090342	0.17592950415380249	0.07112289100695524
1.6405637027896076	1.3450288273553177	1.3490898104688727	0.9146695132259285	0.6138924856355599	0.6141300983883953	0.3316139316172695	0.18919981076532733	0.19880611645141397	0.09237688647137579
1.6427297950362711	1.3511513901277195	1.3507393089572244	0.910254740986402	0.612576430629718	0.6078966125755833	0.3369733110300517	0.1901449554617719	0.1993165512387458	0.09478554330964256
1.6392229658983646	1.3438384475527898	1.3449183594023926	0.9050867712991286	0.606475542386168	0.602842517844592	0.32477633773421855	0.17358307449226906	0.17715312206715797	0.07379576112823874
1.6380814149296192	1.3475079815845552	1.3437785012013315	0.9088028316339136	0.6147721885700379	0.6121957970438832	0.3323669082154152	0.1844828196221986	0.18825873337293245	0.08180967960090431
1.6379574319515102	1.3469692588771387	1.3332926771470666	0.8980453934931047	0.5987524984642435	0.6019623057602147	0.3265805073663024	0.17844882482399896	0.17971125964774368	0.08416415285227959
1.634982267000201	1.3311197954181424	1.3366947014510444	0.8853902125276885	0.5819090849967102	0.5937003451251421	0.3140335228268171	0.17638818641077658	0.18243454972278128	0.08373167607374782
1.6356301079398028	1.3314608164009352	1.3381332128648014	0.8993684327292739	0.6129260871287583	0.5980455443033816	0.32780492872505157	0.18005837814774692	0.17415577344630814	0.07084259251669223
1.637663578527703	1.3390987486705117	1.3361302735317393	0.893799139282736	0.6031230599117922	0.6010953599730979	0.3387216283551633	0.18199253876953525	0.1835022232063676	0.06579238258355923
1.6375182100311938	1.3302826016171185	1.3425436212223807	0.8838683793403002	0.5692759008773179	0.5821130578925607	0.29883843383140596	0.1505755617073576	0.16097606293203082	0.06250871840304445
1.6320537284132624	1.3275714880587002	1.3305819410441646	0.8769467638875514	0.5972925152412394	0.5797705651454207	0.3192318697327365	0.17698701019347823	0.17578649833140883	0.07930356095915841
1.6372595757133166	1.3413651181644426	1.335023155172191	0.8919921954413214	0.599016203369865	0.6161944997425957	0.33416180144260454	0.18513903704106444	0.18057611890206232	0.08260262660944119
1.6393912311925634	1.3464766922910076	1.344046292999172	0.8999154610890933	0.5940354585463283	0.5935450463592342	0.3177621110111942	0.17036165652501387	0.1665138433046647	0.08240806255043388
1.6366636758636153	1.3401483952269837	1.3454253382565744	0.9131381153008741	0.6131633882732189	0.6101228390609292	0.3338749137647928	0.17782231449791305	0.18894139935244672	0.08260840224383056
1.6391198563712284	1.3427021422221417	1.3401841922158917	0.8955929613715566	0.6033606117342807	0.5950873525988679	0.32844938543389623	0.18752944923180218	0.170232476211725	0.06981362167440645
1.6412251855566904	1.3487745457570461	1.3489236876902109	0.9084538328842304	0.6096397086017267	0.6214518888046102	0.34492134103743527	0.19453665291392935	0.1941518704697159	0.1074876061052657
1.6420824164448442	1.3459109474519044	1.3469130611716853	0.9023534626894636	0.5972948173851822	0.6019782742775344	0.3106743620463644	0.1651128142161323	0.1563625430200396	0.07320927477418555
1.6376729786017785	1.3385508504367754	1.3448552765352615	0.9065995339523679	0.6077730728031406	0.6135061676444805	0.3299759854801996	0.1746767966880363	0.18918954031723784	0.08900735234912667
1.638060217460079	1.3383676823491384	1.343396781456422	0.9002210916526217	0.6031095437510378	0.6004557405934845	0.32846703545281497	0.16949529403623165	0.18495311099608158	0.08731339372296922
1.6357110294535893	1.3366580985145242	1.345289738711602	0.9029547615918526	0.6048355667350833	0.6078779781801135	0.34479047934284857	0.18922593551882302	0.20738267464577842	0.1105772744134424
1.6396520991594978	1.3402176422392278	1.3472479421252561	0.8976217706503419	0.5998024036360775	0.5931079891644098	0.3235342519385224	0.17563048395985026	0.1838931752980847	0.09266286502244145
1.6371077647775967	1.340270534298529	1.3369540422198631	0.8935273956081898	0.599882478651101	0.6055138272697606	0.3455458365730179	0.20111254358562336	0.1866888682059088	0.09327792284270754
1.633549658664454	1.335465651799917	1.3328823655856734	0.8868585589196329	0.5992487898605107	0.5801866970848377	0.3232846899074142	0.1788839135227272	0.16500593514950285	0.07704264900973895
1.6328501421181856	1.3359826634492236	1.3331853601858104	0.8919546672208123	0.6040397287914353	0.6049123392900823	0.33636775458109897	0.18630931847542456	0.1954977194145605	0.08099869822690071
1.6342419747915085	1.337186899845818	1.3340102786475887	0.8887418835523998	0.5883818161405002	0.591393097917658	0.31659032760585154	0.16581940012939342	0.17035586112444648	0.07269286392270656
1.6406203304286275	1.3455663445288815	1.3486992164387648	0.9045191378938627	0.5984264687129025	0.6067568038286189	0.33656024551694347	0.18706233186968307	0.18710531581808787	0.08406240938836779
1.6427450173190272	1.3430176744032098	1.3458681453499008	0.9075188680737717	0.6053260944214279	0.6048103689062513	0.32584941252401645	0.1807503485465884	0.17859692294952909	0.09178951894850064
1.643424481525553	1.3510026558753419	1.3498462726576155	0.9138177249270021	0.6227672650897009	0.6231739051271541	0.34777964466875144	0.20881496551971968	0.21682764713507266	0.11621345577189496
1.6379383149270685	1.3355285226888551	1.3431767497177511	0.8893878376806524	0.5814648583487342	0.5886462780832222	0.30738986016667436	0.1464050850925856	0.1612035176028567	0.05263055621700504
1.6433857803265575	1.3504687594718006	1.3475820790573438	0.9055812156148547	0.6110067448463082	0.6127664062088335	0.33590202695339993	0.1856249547137962	0.1897138971799943	0.08518051429228068
1.635437154520798	1.339946010898964	1.3349721916085113	0.8981461956276134	0.5999316446012103	0.6033801098570319	0.32784985196534855	0.17481212583565744	0.15962124090995877	0.04732081774546155
1.6357291579520734	1.3387746338244046	1.3393324355788419	0.9006300378721043	0.6146990914750453	0.5932735836875613	0.3268382992634933	0.17098173338295972	0.1695532805554429	0.06374910822443901
1.640873792699163	1.3525758738464018	1.3506542094753122	0.9270546500534392	0.6301592962828193	0.644685218384168	0.3699326679057908	0.21677439607038065	0.21395361345058939	0.11647379240818065
1.645009528378479	1.3602991488867688	1.3556226082512552	0.9315825016833341	0.6365214611392247	0.6257207340337163	0.3501640692814037	0.19680442849108368	0.19209316820080935	0.08546883947125596
1.6393525960656778	1.352088933363426	1.3443706321114892	0.9269911815299676	0.6341093733429369	0.6287197170656815	0.35920298222757047	0.21904290334008777	0.20525349920734265	0.10396640550951027
1.6391165199238082	1.3484301638950817	1.3368493171924607	0.8958843442573732	0.5999978905662666	0.587648882131919	0.32123520821081647	0.16924107330907157	0.17181106928682097	0.0828191379518319
1.6372393637576554	1.33701050256048	1.3430364941485315	0.8988476931726184	0.613934678490904	0.6056102727686589	0.3371886134044513	0.16601334817654706	0.18798068573439375	0.06839190012651113
1.6380234852820634	1.340281268591769	1.3443879787908584	0.8962137106758673	0.6035873793648961	0.5941297535516353	0.33574806351276276	0.18163442901400384	0.1951223750700047	0.08298610513527954
1.6391039990140945	1.3515084626369311	1.3484326720837894	0.9181555931104811	0.6336961450556213	0.6235139780239498	0.3531418133698476	0.20096420242961696	0.20258510844656616	0.10901440094737029
1.6449021673047848	1.3518717417285755	1.3579918937455393	0.9246699803126331	0.6256031492379845	0.6358429893088423	0.35146034752541283	0.18685800358401375	0.1905578631127668	0.08611661024927197
1.6401751964767513	1.3433086349392986	1.3487142155975471	0.8998479966070102	0.6039151531583727	0.6049386054825278	0.32334121921468484	0.18385358516529085	0.1766772866321007	0.07978223312991642
1.6381964433939584	1.3369366665653268	1.3401242370122146	0.8924468925594934	0.5855255761256504	0.6022509135155989	0.3271121396246446	0.1718513081167566	0.18304868427259213	0.08057146810393798
1.636650829035317	1.3401712904524195	1.3378321510355147	0.899877920220301	0.605493781123712	0.6144111171964516	0.33623218245194614	0.17454908450835638	0.20215251831039896	0.09070369148929343
1.6430723181813935	1.3448955490971377	1.349414326275706	0.901933219599893	0.6050707298481651	0.617629963272222	0.33877682402823567	0.16799608262421126	0.19648652759243979	0.0840773851479917
1.6435316855679492	1.3485637537559116	1.3567149167775583	0.9290885685359177	0.633254111846085	0.6353972106938401	0.36814280166710245	0.2132320845158985	0.2166279632418777	0.11150519859948137
1.6428920917342704	1.3459187858320532	1.344126592993642	0.8915627781060638	0.5965396850581709	0.5960491589866082	0.324006006214283	0.1805803895822137	0.17977022759945904	0.08126958793981054
1.6407264760596065	1.3515288851703555	1.3507604686250199	0.9168463527144688	0.613740619521232	0.620384886556651	0.35138992903007404	0.2043661786917593	0.20290999550025546	0.09117790392249973
1.6377809576180633	1.3351467428049197	1.3414793227373787	0.8955784448610099	0.601929294150976	0.5918846460331162	0.32095729498033	0.1770769849919246	0.16418268126630906	0.07263431374600844
1.6354897398497583	1.3307385776691687	1.3355226801434295	0.8816799279375894	0.5723655876844612	0.583556799787346	0.3137475318561502	0.1602398491608274	0.14924633780494787	0.05696298452375862
1.6389957585513093	1.3408977023143251	1.3486405341258587	0.9088868507195136	0.6234546135874226	0.6070421938190009	0.34339792646302325	0.19955447475683347	0.1862555264021241	0.09351284034896133
1.6367263711769082	1.3447329068545815	1.3433951966409643	0.9134909589444713	0.6258331558115849	0.6311316108524313	0.36537926425614803	0.21448071700943916	0.2033398370687251	0.09555124208147345
1.6386552027789867	1.350042830458535	1.343684565103868	0.9080070553237959	0.6150469326676347	0.6269497202815983	0.3558554289625185	0.20176119310189675	0.20162131907945827	0.0882822641662448
1.6422602014581626	1.3461237815048834	1.3498141835440771	0.8942929488537317	0.5929818039156801	0.589191086835266	0.3120149258567105	0.1694231978556677	0.16170139027887284	0.08113393813447631
1.6399997755286049	1.3429062011725639	1.3527249125732275	0.9127580704844208	0.615663884176842	0.6194099909376809	0.34010005863840126	0.17610264418874105	0.17205075241927592	0.06634526244549294
1.6363691836641512	1.3416815116471192	1.3379182139354902	0.8969049876750803	0.5952895889274041	0.6078594462912377	0.32934851307231255	0.1641376285733261	0.1656405943157866	0.05222324842080992
1.6356971447403152	1.3403981364404614	1.3383766434684563	0.8910476284487169	0.5947183197177596	0.6018273624245662	0.3309718406266208	0.17972772087622402	0.1911256932162123	0.08353507972717934
1.6363383858709564	1.3384263720734129	1.3397521693352639	0.883875876332382	0.5814519305035952	0.5868958886835138	0.3087905143728014	0.15571821722229492	0.13917025995432777	0.037302435375481585
1.63750454337634	1.3324213100250097	1.344664006754903	0.8939417878422277	0.5967760746065321	0.5992628922046973	0.3264342065390461	0.17416005990088743	0.1909355496066667	0.09010418822111348
1.635500276701542	1.3421817757756263	1.3371483524800654	0.9044448116862891	0.612088455630251	0.6080193309374557	0.3401579336034151	0.2023660229024601	0.2010245940748267	0.1126731484554983
1.6378183089343923	1.3482349528797293	1.3407873222304683	0.9074054092059927	0.6188995578041381	0.6152730714931727	0.3516527092747238	0.2144593064562549	0.20005384589646505	0.10729168047494857
1.6383405213254725	1.3428187917659047	1.335264838986885	0.8970246135791441	0.6096668390935535	0.6117767223915778	0.3478453406276405	0.20145333235196355	0.17963310562550547	0.08725999628537623
1.6367257415360261	1.3403346379575598	1.3331016637257744	0.89282684429769	0.6005322763712573	0.606767955933488	0.33935600402830657	0.178341397608017	0.1787498798223478	0.07786096279444293
1.6319456744046943	1.3328916638254595	1.3300067595678482	0.8886674021070723	0.5905862136190403	0.5893549470555505	0.3133044300707177	0.16599252893588126	0.15445922134390175	0.06206222815037283
1.633898205713345	1.3327734436877643	1.338832840874784	0.8939062012161537	0.604132826630316	0.6075402697678649	0.3456607837050208	0.19897190602956957	0.19662720772339537	0.0970597320043
1.6393971730586996	1.3450433512769422	1.3413354539067568	0.9037979048007097	0.6075498282760261	0.604413485998346	0.3245781216903404	0.16640041608257314	0.17598795814628168	0.06573712920700553
1.638212564869385	1.333179356408672	1.336056404228019	0.8850468133293027	0.5786626126747417	0.5928994658676494	0.3070804658231225	0.1556792178585979	0.1718341711839163	0.07765216559859771
1.640832013774645	1.3444879085204566	1.3526997777239507	0.9210813309252165	0.6152783938622778	0.6306294665161916	0.345119146506009	0.18375967948519623	0.18601565511811594	0.08540376589236048
1.638287240237435	1.3495874997456088	1.3348627344614155	0.9033407708366958	0.6021206876668105	0.6074196048336106	0.33329972509351674	0.18617955296121216	0.18905132520513757	0.09494276443419387
1.6371626162140858	1.3441275915785167	1.3440933705773135	0.9111602747168068	0.6257560352294648	0.6267019148214515	0.3534579930631147	0.19882028187834483	0.2021370748868417	0.0953549983549035
1.6400220481714687	1.3447175676588046	1.343524847043156	0.9041329803152757	0.6042060807563086	0.6116122106291182	0.33851626528379813	0.18478256079666958	0.19933558385603112	0.10430956566316518
1.6408458495231824	1.3428521397831745	1.343561910282822	0.8976380424350913	0.5936066977791595	0.6140310858048448	0.34997453805265694	0.21240511281657673	0.195901255767875	0.09277299050613468
1.6377886575385843	1.3433506164481517	1.3367852498373862	0.891934805863857	0.5917435431552671	0.5950806625651707	0.3185538066767837	0.16971803837068603	0.1846888073751995	0.0798200591327632
1.6371281129836959	1.3405567015326654	1.337446002484532	0.8891555541638634	0.605468828681243	0.597962809544106	0.34819169764595875	0.21020132697946725	0.1971271388531689	0.1131832819322053
1.6337781675155916	1.3295622468292636	1.330114211011729	0.8877750338597821	0.5889273094461589	0.5978234680674844	0.32087217065959245	0.1660067727602417	0.17861692234338647	0.0753126566458509
1.6374717071415097	1.3445481160590562	1.342560105909853	0.9056281089238148	0.6002487003145031	0.5970905232632833	0.320450619055833	0.1606839696628833	0.1642627491764746	0.059366018283341954
1.6409264649134427	1.3403767487488127	1.3364237908173964	0.8923366620107104	0.5987226132926522	0.6067282301653221	0.3456999903386007	0.19585312636209537	0.19669067657893743	0.10473583468213635
1.6399776079415043	1.3485521768067255	1.3423029731910827	0.9076835770600538	0.6184003572474833	0.6161560637249315	0.35102006797901947	0.19504542444821732	0.1977834929759316	0.09860223754891752
1.6405168389617353	1.3469564216328247	1.3516063762583828	0.9136381078233308	0.6236959615076033	0.6072140018179277	0.32091226211496643	0.17397095281280167	0.16566887639800812	0.06914985688424657
1.6362533571700757	1.3457879683176996	1.3363421913601738	0.9060358726351782	0.6112381589110678	0.6037021001075867	0.3214684688908027	0.17332430914915448	0.16762332329055832	0.06897065383486206
1.6399939503234877	1.3447114956353938	1.3412070632426736	0.895393333138822	0.6030198697793789	0.5979009589429091	0.3264787781298717	0.16849302212720887	0.1767211237940309	0.07113201273067739
1.6365695615553502	1.3382354372245353	1.3408829931259967	0.893562426486092	0.6004499110559769	0.6038583019051533	0.33575267175254414	0.19415638136341762	0.17106615538538805	0.07114899232387978
1.643156091758625	1.3507598552476847	1.3507973028875684	0.9201325709016754	0.6318277296185899	0.6159841076848493	0.3477080260036611	0.19604127093838364	0.1824121479304575	0.08233948086317125
1.6361371330349934	1.3421043033096889	1.3321358672702877	0.8912466406518789	0.5908279645737762	0.5875357576411501	0.32322341381278946	0.17784663983102064	0.1792621154049934	0.07831207058007093
1.6389864129016258	1.3398477243565154	1.3431422007537412	0.8937733036204994	0.5942848074417578	0.5964051144595577	0.3322875556860489	0.182460174324382	0.17647962477763113	0.07402108956195168
1.6381384724203132	1.3508815309485023	1.3396412029889346	0.9107759450783346	0.624751459704188	0.6158698585621443	0.3401391667974348	0.18707043382588914	0.18322222630994112	0.08054441655095373
1.6368906513863335	1.3376737389478552	1.3448189209498105	0.8988501876817926	0.5949545606631681	0.6036000057511386	0.32774801606940485	0.1727510317651113	0.1781381894132622	0.07680196505671366
1.6432749705442058	1.3546272240550188	1.3503280870045258	0.9142172024452704	0.6175511010193265	0.6238290172568175	0.35184045330887215	0.19521434847472305	0.2101102143211892	0.10208350589790609
1.638563949036796	1.3491848075410522	1.3388422746724642	0.9073043284954773	0.623760680690046	0.6137239870204539	0.34218278020571724	0.19048675426512338	0.205583563267036	0.09893200186593216
1.6417144427460661	1.350873235432552	1.3469766674899628	0.9106563006096324	0.616860006484743	0.6053109368282212	0.32697857478903497	0.16694859010654772	0.17149786659252841	0.06283594744729594
1.6426550890194882	1.349646413292818	1.3488445089050733	0.918139881066089	0.6289870581121182	0.6209194592769184	0.34395060050805526	0.18608527053284224	0.1927507405575015	0.09566209114428276
1.643463454970696	1.3513613474121533	1.3510861869182433	0.914705175208818	0.6125914051916194	0.6262816096780554	0.34690375724891936	0.1905688746544668	0.1944452701005611	0.08294211999947063
1.641584354879235	1.3469147827193177	1.3562315065334651	0.9199686868300149	0.6189524169903273	0.6142092310892052	0.32046940828365017	0.15640829946766555	0.17376957247604619	0.06418700971797499
1.6394456570800278	1.3489024530018563	1.3448891341918332	0.9105887381679589	0.6277980477448223	0.6154084188788643	0.34717477922749285	0.19712773549884424	0.19747350115446527	0.0987683535467028
1.6322616320029164	1.328630251863847	1.3291085788541552	0.8693147578924805	0.5817119315483542	0.570581097915042	0.3030424121009891	0.16853062881809466	0.15047693844723964	0.08231621556339021
1.6374080609011823	1.340679184178796	1.3400613678835032	0.8924494505270254	0.5820708131282023	0.6026243458014765	0.31004671039444354	0.15631950437564446	0.1890224269055929	0.08610448847295349
1.6402799275960658	1.3352367934331997	1.342118274710891	0.8905185881807411	0.5899353173033047	0.6021559499703554	0.3244302066817759	0.17306154541734436	0.16406586789421482	0.06855609916599265
1.6334785668214593	1.3388852310242123	1.3308715723037592	0.8985858891418805	0.6045525947693045	0.6106050004968527	0.33643460469225595	0.1904419719038535	0.1930423116358707	0.0890151759984165
1.6394030672594024	1.3514638750668067	1.3437524726256715	0.9134584317103831	0.6255083998534208	0.6401386305707335	0.37735755059205484	0.2206733291042834	0.22410699435859815	0.09878377540646367
1.64363827083066	1.3476014913839005	1.3493560520805699	0.9069126953586674	0.6129362354185212	0.6130908382437412	0.3436393052262552	0.19506932041511346	0.19845839296049916	0.10580010925300083
1.6406298365028984	1.343665982472655	1.349476014281504	0.9036788954417183	0.6061938136808533	0.6076665591757648	0.3384753928313754	0.20188746176404365	0.19008662130978232	0.11336362440808033
1.6386953646201583	1.3462467111400884	1.336230530310364	0.9021783898349381	0.6160446226565448	0.6125238808778294	0.34693320493943036	0.19798245229525838	0.19317510805478397	0.07904339179288168
1.6386248697405335	1.3412621348241798	1.3413025067210083	0.9074792429205788	0.6018819976258235	0.6038376856750394	0.3202021461211615	0.1603071244324961	0.16041130287785788	0.05051674033294497
1.6389605663809397	1.346802129479843	1.3444987520982734	0.9046106395298561	0.6067425184220182	0.6167492102366346	0.33683388130887487	0.18379471491686564	0.1692486864194965	0.06790146378782719
1.6379100395636463	1.3379216507778644	1.3465116326302622	0.9102378399147302	0.6116338574609094	0.6187284356526801	0.34729226168300265	0.21457156281555306	0.2008503456438334	0.10537982805055902
1.636141101184907	1.3390720109166692	1.3343718202878794	0.8977821103241731	0.5945837826352	0.5977136038372961	0.3197464302730231	0.17412390156221946	0.17198330993139305	0.07138753836848112
1.6392447371761074	1.3402155623840564	1.3406463929118373	0.8957449822933001	0.6067747449222977	0.6024387278840485	0.3422867031654325	0.19170824501147765	0.19234623262897171	0.08717297691797106
1.6363451158947888	1.3403345948038008	1.3322643714765707	0.8937496866178927	0.5922544892342618	0.606191546270172	0.3364571825335847	0.19256825442157566	0.1872743187947586	0.08511504506857734
1.6377008640906667	1.3407772525281447	1.3464651023343035	0.9110156579394394	0.6261321639977458	0.6199766657061273	0.35344187106969444	0.19461443940789147	0.19097709727762704	0.07918781276599011
1.6395839763542908	1.3377524482468397	1.3413845505608237	0.8905307849788269	0.6042439719375656	0.5992532263841112	0.34454509293260266	0.21289944665288743	0.20405052234515092	0.10681372069466527
1.638465225450318	1.3403592608640849	1.3450032955888787	0.899537652157008	0.6089588914975538	0.6060922629677521	0.335108794872907	0.1754435588561621	0.19426380360855888	0.08091690866308501
1.6394191433156102	1.3437929516031444	1.3439961587924696	0.9106284457092002	0.6165429013704422	0.609287319537574	0.33757076187546553	0.17993881879954626	0.1745261501225971	0.08052439728739662
1.6364068037284791	1.346514906106271	1.3409238266011014	0.9150309895311408	0.6217840880341265	0.6274849128400831	0.3543449676645787	0.2098968936864137	0.18502800802007194	0.08467308289807465
1.6406779142565915	1.3438702586273812	1.3405347148899311	0.9014462283319884	0.6085094161798081	0.6104504458246353	0.33781537617261687	0.1858930744029761	0.1705260713871181	0.07749481674720074
1.6385484615582822	1.338190328166477	1.3447204905309857	0.8899336057720871	0.5822378533380014	0.5967621277359308	0.32237529763493555	0.18906965841234102	0.176878919706811	0.08125915640042307
1.6381781585054556	1.3378228803191974	1.3394888068207595	0.8882933082431381	0.5813331111929849	0.5965626453770754	0.32319753678309515	0.16630504531145573	0.18909323992639038	0.08291597802089504
1.640999319246899	1.3431559081352715	1.3496684357043538	0.9133227436761874	0.6192428396297719	0.6216018947175285	0.3486570068824268	0.18653308967483367	0.1913505059417165	0.07508379280506544
1.646446145407275	1.3562097646396476	1.3575240169385017	0.9243713109273065	0.6299771517706103	0.6352563386120987	0.3621604006744168	0.1913972492542253	0.21360885555976206	0.09743839917677449
1.639138587048616	1.3435008552590215	1.3426181832518571	0.9036004514595114	0.6000058982615455	0.6159923499555052	0.32422166699368066	0.1777414286282489	0.18492190175689455	0.08187503190372697
1.6395509410237794	1.3421183963359544	1.3548719160155476	0.9069275661212396	0.6082000549970152	0.6058521428230014	0.3293517143019944	0.1740452833588092	0.17703536517137175	0.06633244434292718
1.637039140168283	1.3484724840351718	1.3424022284383863	0.9156014855338223	0.6227213066942912	0.6309681678881537	0.3579485326335133	0.209187521000871	0.20722833444017186	0.10650829990586308
1.6374160237382742	1.3467254266041901	1.340239261131001	0.9009643602039105	0.6036465526819416	0.6075736722817089	0.331623784713308	0.1776250609512719	0.182378519625695	0.07640849425143646
1.6364055376526114	1.3377355780637126	1.3375565544247987	0.8934119740802061	0.5973414912479031	0.5979168833763596	0.33128684274310605	0.18349451098379377	0.18013044869665754	0.08143041823991505
1.6350266482355578	1.3362403199413149	1.3353742776797635	0.8937830941763953	0.5981448094209938	0.6038230029886331	0.33762435326274653	0.20443976887889048	0.18776710378491637	0.09262796308422543
1.6376062370516196	1.3377199854415303	1.3393102484370472	0.8939255861725839	0.605676411169696	0.5999882463033352	0.33949151407574846	0.18424717975866878	0.18889961295501936	0.09173830596477343
1.64114534542813	1.3467186188656919	1.3449929268701446	0.9060068142082626	0.6091875967180962	0.6219466191943344	0.3416742368442049	0.1857851484042726	0.19436609663697194	0.06998827320348497
1.6353412096542057	1.3387723936542981	1.3366928961390667	0.9060005118918598	0.6227376740438058	0.6196867963202677	0.359465313381339	0.2021038936100772	0.20663676897716077	0.10266408915469137
1.637474956081226	1.3464978602399558	1.335730723437064	0.9002264936855209	0.6151798146377673	0.6074821182621961	0.34411053394381574	0.1940857826022983	0.1826402082178251	0.08742630274329574
1.6376849474662085	1.344383534880752	1.3475916189125352	0.9186056851941912	0.623937468089596	0.6190278669439616	0.3536142650141694	0.20190807963061036	0.18249344732240014	0.09436262174784898
1.6398197129087737	1.3514138912780402	1.3454638613473537	0.9108328271536004	0.6173458350449375	0.6054930600928624	0.3364416024103529	0.1819462217005704	0.1757116666574496	0.06789352557890417
1.637401986866887	1.3448876616428385	1.345025777869064	0.9188175985828421	0.6282807624850648	0.6240288294779365	0.3571856538629734	0.2058745095521735	0.20779261824816944	0.09939375863433579
1.6463170454712666	1.3559621566041657	1.3581266293051024	0.9265263672978286	0.6423989018650282	0.6336866010583813	0.3546736954806313	0.2040407977067081	0.20008725183931542	0.0878416995269986
1.640788007500646	1.3453587708631967	1.3483674944851654	0.9264811776418838	0.6401470292713323	0.6368347264590057	0.3677732837353308	0.20155384788132572	0.2094989210094373	0.09076747806502931
1.6453518480821818	1.3557539919043253	1.3538210243548272	0.9132049777451401	0.6103330528330775	0.6044445098677591	0.33897632125645516	0.1961751779701375	0.17594130455634335	0.08524917370470063
1.6398399389394074	1.3429508971999495	1.3470426213310895	0.9120472548374574	0.6158242931794743	0.6113636536954297	0.34991402324046195	0.18695799683219683	0.2072701429498057	0.08264677393754144
1.6391376174267849	1.3465035008908457	1.3410173790307296	0.9046651227093565	0.5989245048441789	0.6117490947732152	0.3340491604018744	0.18241792373968096	0.1926467869770026	0.0871245085092492
1.64390898237291	1.3527891007812656	1.3515570667814574	0.9174734987246271	0.6208411548307504	0.6122418594868221	0.33735634998312336	0.17662574386087104	0.19823219535252468	0.10267559475757057
1.6421633448265556	1.3479079203413211	1.3462025332243062	0.9027625376435486	0.6066977083510289	0.6053789197559524	0.3354907992032943	0.18285218318157298	0.19312707086572525	0.09223639476738082
1.6381312551895262	1.3448104883734315	1.3390787309768317	0.9022211735287975	0.6035481558394543	0.5983415463486654	0.32403246346188236	0.16792701542049598	0.1745288615752916	0.07073901277856084
1.6378116082218384	1.3408941132193446	1.3444494575389527	0.9023033072945614	0.6014613899506771	0.6106876570872052	0.3306397919854397	0.19278598969491564	0.183766692288047	0.09738163094943925
1.6346685412613717	1.3274015142040279	1.3379574646530736	0.8819844076464864	0.5816469680306836	0.5867442121714599	0.30513281485625704	0.16001101586680344	0.16682537709030443	0.07205888980635576
1.6305475775751788	1.3326479470558563	1.330661113869519	0.8836523325912303	0.5838885994219916	0.5943300109033455	0.31921099851606943	0.17952104520521756	0.17492101463710766	0.07729620985842586
1.6387192854893375	1.3371004019834396	1.344249743029428	0.8910903422285963	0.5915506962813679	0.5944883904306909	0.307518677527984	0.1511775678300346	0.1666521814108675	0.05629114502323692
1.632525382210206	1.3383584736098326	1.338445052288097	0.9061888242037419	0.6090449736988393	0.608728854861564	0.33475825024591643	0.18180492268157294	0.17822091861284892	0.07534444904861176
1.6336193522330649	1.3408281418600083	1.3310264358339265	0.8904870229884582	0.6032924093793441	0.5927455628131142	0.3169717581565572	0.1795935661092314	0.16991994586221576	0.07748982202327657
1.64095785575036	1.3455081301807899	1.3421145181471161	0.8958033894891495	0.6064267824091139	0.5986889816913334	0.3371480135159019	0.17767979424961963	0.1921286087117754	0.08140771616322894
1.6377694906103284	1.3416460868642832	1.3475578232091898	0.9168045123739472	0.6200425032779666	0.6322574681574689	0.3558222604689267	0.20994633279771438	0.1859705221853507	0.0919710136344523
1.6372174522214715	1.335848101557517	1.3387731365856188	0.8904187793472814	0.5845634156697272	0.5938076209770795	0.3312123844534898	0.18167648964907115	0.1708509066000017	0.0812726482897269
1.640107192699915	1.348723910737525	1.3416040072388513	0.9040466898280867	0.6007573331540135	0.6171748613712992	0.3471497746845889	0.19346669885216838	0.19761755381578297	0.09976163113238681
1.6391529966216334	1.3427650340484831	1.3405686588418229	0.9054104749948522	0.6155524683130923	0.6204472286999191	0.33597359347338934	0.18311111655652032	0.20160399780917027	0.08870348891720947
1.63804196743717	1.3476723561551347	1.3432579032240937	0.9140452547499552	0.6318404052499628	0.6151316662160907	0.3591300598117477	0.20746504518115494	0.2009818290583122	0.10274807625046825
1.6385269054507592	1.340017370068669	1.345524548158978	0.9040356831149983	0.6090792642393422	0.5992322101016921	0.3249157051289597	0.16743933453985946	0.18355342762085533	0.06364405075216902
1.6409658120032773	1.353731017054946	1.3437286791084457	0.9082021750369127	0.6188760557475644	0.6233379036465853	0.35097485149982516	0.1902633845945415	0.2069138523140667	0.09788381715943978
1.639727905244782	1.3357872613103814	1.3509350147304737	0.8922004531492048	0.5876076515726198	0.5830551839300409	0.3022932028802031	0.15805763700832529	0.16123745636737774	0.07243646787427536
1.6383042948049231	1.3411570932510004	1.3409965844704208	0.8939990252637686	0.5945240928478904	0.6052404362967021	0.3373425738515515	0.19438790786065957	0.2006554137757181	0.09341433175694858
1.6376100445995636	1.341074732789201	1.3409716797584592	0.8993436956347044	0.609723743494113	0.5954517077944893	0.3207823156959957	0.17584805447680107	0.17925236498841512	0.07856125220214619
1.6381990310157348	1.3367743786843467	1.3431488268607898	0.899704656219975	0.6075401886384599	0.5966215956496208	0.34219989381489274	0.20768520276382385	0.18852197880356	0.0923148643409104
1.6377781590072154	1.3413703090748905	1.3433128291541618	0.9025050806173665	0.6049578901287596	0.6042977439635837	0.3166926050509525	0.16405104948735094	0.15866842141644677	0.05778648224581584
1.6386702932395207	1.3462309630660259	1.3455943296240727	0.910483659531539	0.6154306174444272	0.5973749916639264	0.31735374979868736	0.16731943532844604	0.17426123430261806	0.06941995439706157
1.6334528257892462	1.3362140219816037	1.3324814860679928	0.8875261068393675	0.5891001527583372	0.585803114656241	0.31828733715823243	0.17812645571928087	0.1622477638940414	0.07892119062390811
1.6327840153058133	1.337400015796245	1.3380254106159548	0.9028377691186713	0.6168169715926519	0.6155671480244218	0.34831965435787615	0.21110843194189213	0.20099808574466924	0.10631133791311426
1.6401178199029696	1.346821789671731	1.3399888817037104	0.9033020899174906	0.605794585096646	0.599794625786449	0.3232832929934786	0.18729966949376628	0.16256366864171645	0.06520701671405188
1.6380205404102943	1.3431897040694842	1.347023785083512	0.9117285152774652	0.6221763550872561	0.6058920649705333	0.34521861999751063	0.19547383665783713	0.1836106890308859	0.08427397427866512
1.637514693810841	1.345270080444668	1.3428427920225987	0.9232158339636413	0.630246774275613	0.6385301808730492	0.37585463059388974	0.22074653794463492	0.2262296869436371	0.10516556647188212
1.6407836648014944	1.3528732253541866	1.3465048094072312	0.917211438154236	0.6241707988399146	0.6129430609847564	0.3357790400602038	0.16751168122332058	0.19154414124467123	0.07741370111707502
1.6387514655462758	1.3438095928883595	1.3427028277027955	0.9090275250019736	0.6133883418644367	0.6179192048527818	0.3530475170137641	0.19175140894352355	0.20706070528502638	0.09677600136406718
1.644436805990043	1.3447100019263125	1.3519969720170435	0.9081330232626397	0.6187034028638624	0.6061194101500839	0.33780994690908794	0.1969396682529153	0.1909412830514999	0.1029326027441951
1.64155174335331	1.3412382736232429	1.3474534659155202	0.9067368737690202	0.6166565212864292	0.6119111774689971	0.34057802456447583	0.1882679136024272	0.1905540830240099	0.0946230125469638
1.6364431283759286	1.3374308899266918	1.3343308526226016	0.8757416231592534	0.5672763399016252	0.5847078202107118	0.30865803956436255	0.1722472801300055	0.15782517100447585	0.06282572906549592
1.6378133844278508	1.3464623590095635	1.3393746029294071	0.8974914583656494	0.6061656738038896	0.6016729289185545	0.3430978237140116	0.20669145009651613	0.1987335304926009	0.11638444561677676
1.6379506735872509	1.3435941705297982	1.3376009157327422	0.9067319092820435	0.6160195344440897	0.6199740514747716	0.3469084577870533	0.19227746819555214	0.19668267295897626	0.08164541132675332
1.6401675411685925	1.3502578353605752	1.3495064953616216	0.918807495561138	0.6202488258558437	0.6203194979078818	0.34305050308762497	0.18862804103276945	0.18587784565786558	0.08016954306128664
1.6445981433939114	1.3509637386645827	1.3543776763479967	0.9193083233353845	0.6289322293158407	0.6250901147883696	0.3549056493251751	0.21158265540772014	0.18942687071164707	0.10188249275285376
1.6451877383749591	1.3531737119622658	1.3509256072401326	0.917726364906145	0.6337953968038232	0.6465754482574423	0.37606484803124096	0.21938593110173324	0.2354278332627699	0.11535928537066525
1.639456089386784	1.3467820217777815	1.342101228039652	0.8972248577304904	0.5956361190271431	0.594997691019644	0.31915829487983316	0.16123868281850653	0.16699810559828754	0.06938135267369168
1.6401808843301657	1.3415520854840535	1.343372655106986	0.8892412414132193	0.5919760750080267	0.5914174822063842	0.3143869135025221	0.17348002230209725	0.1633753783421598	0.06772394181133229
1.6326247775960685	1.3298556529880428	1.334477179069425	0.8793877538138047	0.5808266821805833	0.5723637064253264	0.3041835908344528	0.1647687498331585	0.15519113406569862	0.055063346370314056
1.6336095805634963	1.3281890766606221	1.3319006444584092	0.8763466967997903	0.5767068168605468	0.576775293698057	0.30958763204838724	0.16314415592064607	0.17072639338429393	0.07089813537804697
1.6314835072182161	1.3306245719367769	1.3261907361495857	0.8828023901430372	0.5850634024937994	0.5777177649557947	0.32233833415355606	0.17573812978613276	0.168683871341763	0.07550744495886974
1.6384457702441924	1.3458096875252865	1.3385538911953607	0.9063679811278413	0.6141768762413998	0.6174609210631063	0.3469185584487642	0.20028327107521288	0.193947978105156	0.09624022600354264
1.6384553051383504	1.3348627527543275	1.3475333277534751	0.9007081052941541	0.6079008848702663	0.6114172837604026	0.33990945579629206	0.18077505724544818	0.19490210923555631	0.09027783425962292
1.6432311198764538	1.3501066011704128	1.3505348353538578	0.9119598369577291	0.6153890537118356	0.6173311182859385	0.3529834086413064	0.20148717628160823	0.21285377121151178	0.11234774752736881
1.6427693497352414	1.348818687716864	1.3480203752255429	0.9067165139600541	0.6110471861985124	0.6147902063906536	0.3421817999713086	0.20809028863681145	0.20162308865530662	0.11034421093436042
1.6419714747928122	1.3478029890661727	1.3426176350758918	0.9009278027094365	0.5954029314172867	0.6097412244525106	0.3158961132146181	0.1674652879299705	0.17171116588572433	0.07190289673805622
1.6412967985644302	1.3419874186782068	1.3480451610706683	0.9072473453237259	0.606263652450401	0.6215620074841601	0.3433051310786198	0.1939033120742654	0.18485702981742433	0.09201362983760247
1.6416217301903533	1.3470747127550038	1.3465217675055865	0.9042218470817959	0.6090983044962708	0.6087968585701911	0.32811324528532554	0.19339875755838049	0.1842964405549966	0.0983199750105044
1.6419096812821434	1.3453071511830539	1.344927223847021	0.8962925526503097	0.6018753605963179	0.5806939901663609	0.30263651640269695	0.15539546398997192	0.15249813985488003	0.06037126811329209
1.6418282807518507	1.3480556346666037	1.3481604008327635	0.9039743088344715	0.6061348480745972	0.5996433227319025	0.32825420711473385	0.18802504955746224	0.15731422468587256	0.0664372800410071
1.6416691715283642	1.3436912296770498	1.3458627886861643	0.8984562192544627	0.6123603354776859	0.6141056362295035	0.3571033048231017	0.20686028786616287	0.2120019948433592	0.10120393704369193
1.6400089535754085	1.345296175053961	1.3401752354146839	0.9003996398523921	0.6094693464283829	0.613701602600639	0.35101328588501507	0.21562566656995688	0.201225917616379	0.1154225536733645
1.6392440618287631	1.3445525633857058	1.3477034524518932	0.9170017923672178	0.6297588232510392	0.617625180291585	0.33737751832836177	0.18025370779595823	0.17012306851296372	0.06362447840133262
1.6459256990047093	1.358626496499822	1.3524865008876095	0.9219160848289891	0.6205735534377106	0.6250172126608328	0.35385928936910027	0.19702413044320977	0.21050846213984192	0.10486953371010078
1.644035144267375	1.351620410426351	1.3491751384508766	0.9077786437023067	0.6085451297838895	0.6011976928009819	0.3153959972487652	0.15838355730116216	0.1562059597924309	0.06195005013310755
1.63518796004844	1.3403126443319264	1.3289524447032315	0.884746098893426	0.5961409051323153	0.6014320388571036	0.33421321712496327	0.1873136733104996	0.18425486968637161	0.08412666409034214
1.6352744203947367	1.3388575414421497	1.334056517078545	0.8927266924786387	0.5997598583360324	0.5950732635066358	0.3238676794488613	0.1787803602317952	0.1719596682506811	0.06745194673154073
1.6389243250891075	1.344890721128003	1.3408616498645567	0.9033565850233748	0.6118233557193131	0.6046475308704449	0.3368449739290056	0.1750147099568695	0.17538844481270555	0.0612505834628542
1.6378184489946779	1.3435261839288357	1.341757844135888	0.8993091645654788	0.5960582652356008	0.6023277518648755	0.3257474315174672	0.16207855835666019	0.16783549822052532	0.054625451271737485
1.6441804736013648	1.3511114798348487	1.3523762489258655	0.9161223732218919	0.6114783952743114	0.622523760663809	0.32462473789184837	0.16292182808477762	0.17402730012453194	0.05595359420183518
1.6403691002835703	1.3536342861803772	1.349586568036067	0.9312729302541689	0.6485210096029039	0.6361218412118723	0.37038587832664605	0.22182820717312587	0.19968961196334695	0.08917010085225083
1.6425440218980332	1.3534738382449685	1.3558513412519178	0.9247749013486531	0.6347652267891273	0.6242703291187612	0.34657440213901836	0.18904328500046452	0.20017060046123852	0.09049926885404638
1.6413173141299187	1.3443422525608426	1.3525593493590973	0.9022591446106374	0.606442993179364	0.6082844699015363	0.3409759990650346	0.1955394383820038	0.19263099207145384	0.096203931137246
1.6399829689239793	1.34380319534256	1.3459492377982083	0.9112228565884265	0.6100421801597372	0.6220669272627148	0.33566530498549607	0.1910769695842512	0.2012323288999803	0.099050549893087
1.6432872215493946	1.3504468026971364	1.352497792802229	0.9224555293272257	0.6391859787722086	0.6244889871487234	0.36776680362014164	0.21580660551533326	0.2102788503557266	0.09838886262152356
1.640242353940279	1.342046512834435	1.3373091076107482	0.8822416820136672	0.5921557238846725	0.594714027370671	0.32292000804148857	0.18024771145842125	0.1785893067132852	0.08508267990934601
1.636149350964294	1.339559792531024	1.3409051173876714	0.9009768731631193	0.6114452285817569	0.6041392059395889	0.3536751150082105	0.2069507977146344	0.20445241557877347	0.11066984797900738
1.6404272671163325	1.34437140553656	1.3490497948025082	0.8989874391480287	0.5981396768585314	0.603217856630711	0.3311975757727096	0.18100395569403394	0.1750623672536794	0.06383799153923347
1.6412106432189448	1.3413627525935266	1.3490622571544064	0.8996205745859088	0.5986157191717819	0.6001980853245846	0.3290471451517617	0.18107301114197838	0.1806405494449969	0.08024212160306139
1.6401674253890948	1.3384938517438119	1.347498558896506	0.8946057480467745	0.5983960553861545	0.6034494379420077	0.3256596955540978	0.17752526835123097	0.17027230617563047	0.0687481589672105
1.6391820204458853	1.3399218753518285	1.3452233739154424	0.8986906817594345	0.5990147389875915	0.5994693611559812	0.32302241356788225	0.17194905368702149	0.1729613197912977	0.06563478667979158
1.6447556036276412	1.3473129599655802	1.3520490476685807	0.9064790474965991	0.6070711973217762	0.6153950180629314	0.3334504582658124	0.1743244450809377	0.18248136855239144	0.07522383632466327
1.644188211830284	1.3545407012108326	1.3543690753941826	0.9186399263734049	0.6211702933628074	0.6113733088402397	0.3408165563863688	0.20147966132931988	0.1964497003967014	0.0984993434861654
1.6400396215320365	1.347981435409421	1.3434576333374697	0.9072288246577437	0.6078846995634036	0.6051981616779665	0.33024046477998903	0.18169869488422896	0.17769315062902927	0.0757836266127698
1.641682696594282	1.3511910638120925	1.3461842321813693	0.9127914921977849	0.6074583757025938	0.6229674937498886	0.3306302270407542	0.18312843364422665	0.1757643520611369	0.07022808630891714
1.6387236589069738	1.3389640427121903	1.3387977257252173	0.8938918334076487	0.598460499550095	0.5915879539563897	0.3327478229474035	0.18679183773651264	0.18532615357910537	0.08949571124501755
1.6402479361474143	1.3487061087058483	1.3488122466760986	0.9136436603449793	0.6141145612626979	0.6149453864497825	0.3362874819936972	0.19253484804286491	0.191649293473715	0.08997545506649013
1.6379724242411935	1.3431770816311361	1.3431724523253625	0.9040372807677007	0.6053913845727825	0.6046484568439331	0.33147059223071246	0.18162455199829466	0.17164117339851837	0.0669020905978783
1.6369160872130988	1.3377216960316705	1.3399211791135361	0.8952602407794292	0.6033176524420575	0.5895116060849768	0.33587301267026254	0.195133175544161	0.20444918040149948	0.10268088003933212
1.6381130059174014	1.341659313379381	1.344476340477855	0.896908728405942	0.6058393883727429	0.5959777303666149	0.3209689192438547	0.17400564007596916	0.17174334449550477	0.06241761649543151
1.6445642607561486	1.355175763732599	1.3494475528616965	0.911085589241031	0.6208515553352156	0.6108992173647265	0.3394275341879103	0.1751456567918786	0.20518826086991585	0.09341106396425941
1.6421014215667862	1.3451922264761444	1.3452325543056824	0.8936736387410187	0.5896790999883912	0.5961712464650828	0.31662402370707443	0.16541466785010514	0.15669979554755697	0.050353759616319424
1.6442143156202564	1.3496407328681823	1.3484099082852101	0.9103432595416313	0.6135782107202856	0.6153355058509444	0.35111256054215484	0.1934161729337832	0.21046482082981466	0.09690200617486969
1.6371778771574914	1.3360617542260618	1.3380603024904802	0.8862468987724469	0.5826135363127324	0.567854917272314	0.29678051660890514	0.1582288221527424	0.14892327254899737	0.06351034461752719
1.6336179326572977	1.3360876615151387	1.3442382172588365	0.9081229326921287	0.6047621829721689	0.6165524296594476	0.3441930347360139	0.18727901679673709	0.19868763287991772	0.09153240990240298
1.636490562942319	1.3413365561817452	1.3391115520465333	0.9054816044984412	0.6044409202153553	0.6233436236448114	0.33891006888632735	0.17742609346965738	0.17453855962911927	0.0703358549019985
1.6366635865732906	1.328765384762998	1.338964146836765	0.8652457925270991	0.5549439414115944	0.5710799745801874	0.28553269810608584	0.1475523829750217	0.1596907897697496	0.07236561819698102
1.638681314714139	1.3371548935623943	1.3442277226716668	0.890391688953112	0.5938548404645796	0.6020436811831282	0.3219556286430124	0.1707823490702031	0.18433438333665178	0.08375899968976284
1.6379505306311497	1.3402506945001382	1.3401565471720636	0.9043831774905665	0.5968233988471453	0.5972720599038088	0.32319156478010347	0.16777742381170832	0.17161113791477522	0.059345784457174276
1.6429891692842418	1.3524822676554655	1.3508991427203842	0.9137919184192624	0.6221746515969827	0.5988065713747005	0.3312566086835607	0.2016406141928645	0.16100397745970965	0.08877190359272645
1.642696382470751	1.3471032771180285	1.3421094560230173	0.9013799427977117	0.6142672306525043	0.6026446638781212	0.32884023030609816	0.17322143628348907	0.17551365561875035	0.0754912938559239
1.6418963070007004	1.3501588644510354	1.3512938007659654	0.9174584445335429	0.6197160493098571	0.6238845756198519	0.3399006763487321	0.17786204962910399	0.18766428644829988	0.08821823169623627
1.636113099274325	1.3403632285365026	1.3337798704418473	0.8925499400793413	0.5924602852591629	0.5944374047518269	0.3209323188527484	0.15974415256598462	0.17404308471752217	0.06916061436632638
1.6383368255681268	1.3393153881015227	1.3431057917048543	0.8983585339479373	0.5970392483193204	0.6000719792210897	0.32168954524468507	0.17374168014801447	0.16540274331097288	0.07112061624004176
1.6405219144588479	1.3401945278746044	1.349934969148534	0.9114844089212037	0.6070696471431991	0.6082857699523027	0.3356340658647197	0.17484293344285423	0.1935056398701984	0.08470081605268168
1.6400959852756598	1.3445079414731242	1.3495376817845097	0.9127249887811265	0.6184141127342312	0.6162827784765272	0.34498552210164957	0.1958899227818963	0.2014557837466403	0.10780392147350175
1.6378963114502487	1.3392856970806004	1.3433305814823993	0.9027398052842296	0.610312913681804	0.6205212655290901	0.3464678540130127	0.2038467217775653	0.2010876638529607	0.094715790827245
1.6371787209471427	1.335770698575018	1.33729216288134	0.8862382358087234	0.5884291611589495	0.5765447400771192	0.3063794117761195	0.15852694703271092	0.1458132742114565	0.05344917991441059
1.6413462738168632	1.3443073083678176	1.3456568413345829	0.9011988009928342	0.5898429342618632	0.6037193093846107	0.31947286074789566	0.17266452472776356	0.1900882803942977	0.08132815712800305
1.6398730032904452	1.3426665731383887	1.3407262632691885	0.9011268244939821	0.5986377283489941	0.6001307159413835	0.3199605759567656	0.1696965960022116	0.17602838397139534	0.0679431681700741
1.6390416550247975	1.3432714494737157	1.3453756666748626	0.9119027555254584	0.6084638157748713	0.6160373133193726	0.34031369146100826	0.17629236794203057	0.17561177489917087	0.059359568404563544
1.6376452973202065	1.3338311324482897	1.3420084277108304	0.8956991859716018	0.5947335411119345	0.584855610399245	0.31009032576365086	0.17056060995935857	0.16093753790069704	0.07071533952863159
1.6357004470447025	1.3361782544833163	1.3444785811567481	0.9002410516966499	0.6010133785460214	0.601974458462114	0.3226416150200683	0.17023297833276127	0.16971245858817768	0.0584328460979191
1.6332068814493232	1.338489819636138	1.3315079426128218	0.8976276089265256	0.6053404994018766	0.6144009529051849	0.35235972334662	0.19522489654407613	0.19632120335786402	0.08564227887190322
1.6396538549984052	1.3362702319350699	1.3469841529479551	0.899347669822068	0.5924494873203532	0.6111494088845076	0.3223768125147893	0.1722925877064843	0.17433515284315584	0.06585000423401842
1.6412972913428792	1.347032659851235	1.3480837053776136	0.9037611081254097	0.6075606262476355	0.5973293550720656	0.33419716101090674	0.18786737365027728	0.179672851935897	0.09352668258990166
1.6366807983577198	1.333921398749021	1.3427845666816127	0.8944232713702438	0.5916159901657887	0.58955767732806	0.3189795214475531	0.1637380862718923	0.1743906801622691	0.07261049675783705
1.632269558057438	1.3261189566400584	1.335033390769346	0.8777966197720234	0.5763335633781237	0.5955161946767235	0.3311282543973664	0.2031294362745555	0.17388447979629876	0.0877872988722362
1.6361411097396887	1.3364868446423515	1.3378129664295395	0.8947974460867647	0.6030308079412536	0.6004642852155272	0.32020913820732727	0.17431722352329557	0.17435763709153013	0.07631901562661196
1.6363062531878017	1.3313129592514454	1.3363998728707291	0.8804036442958894	0.5864924270045758	0.5920481162945117	0.3236511740281616	0.163609172647076	0.1744349385018931	0.07593201980407176
1.6401240924473823	1.3491072668808266	1.3540805987958824	0.9172654999953535	0.6204276916486052	0.6313187427329254	0.361174649134195	0.20211235940124997	0.20280242299184353	0.0897327473433271
1.6425811557586174	1.3465978870993494	1.3507177877138166	0.9083223736681446	0.6143916942843198	0.6261680399112532	0.35517808268775614	0.21054938785309102	0.20502315050906922	0.10313408170521322
1.642148706072968	1.3472772174202972	1.3429922832625532	0.8981967895144353	0.6111361781794147	0.5975902384995282	0.34301264552661553	0.20508029440933592	0.20463024762616958	0.10942768800887481
1.6397960842020147	1.3434529533720745	1.3427713500236953	0.896674819877883	0.6049990547328216	0.6150829790413291	0.3382058482959701	0.19766437167815226	0.2045735883934633	0.0957523404004459
1.6389149695596867	1.3417167563431707	1.343092809398686	0.8975976126688745	0.6104093648126522	0.6020035851127162	0.3437796208101441	0.19071753592748544	0.17924711943803054	0.07960414872296988
1.641204311189522	1.348005823847997	1.3467230087977882	0.9092574165831167	0.6277358847716639	0.6151950230115748	0.34690347756144585	0.19336462183901815	0.19411176967341234	0.09101590298631047
1.6414965340560717	1.3493471643924033	1.3467963792023683	0.9110982591554344	0.6076606844645409	0.6073763537983192	0.32417277963617364	0.18706408699598948	0.17489021310221656	0.08780070994577192
1.6400818257720238	1.3459511134114825	1.3445333733790181	0.9049877137173544	0.610584532555115	0.6091099814082265	0.3297956030681871	0.1672338279604681	0.16840064132832827	0.07165236301219352
1.6423080119399838	1.3482960775078983	1.3432772950278615	0.8999150588222918	0.6071267276615105	0.6099655910039407	0.33506997790094495	0.17953874036949008	0.20519800594217516	0.09353987728007117
1.6440200290292029	1.360621881181276	1.3509719888135523	0.9239359833723072	0.6231904906268537	0.6366931489328921	0.349469165848791	0.1927843117423893	0.20699926304437605	0.08279615812151388
1.640621352085485	1.348771913673517	1.3496633483825446	0.9095583665261577	0.6276075144718818	0.6195719258116689	0.3531737486275825	0.20980022834589768	0.2004668582264659	0.10236190456967842
1.636486741322174	1.3376482201720465	1.3384567356964805	0.8972122961158581	0.6024925669343957	0.6046508047904385	0.33792134824336867	0.1904864667056353	0.20909329879281444	0.10965636774159632
1.641523267449289	1.3523852176884263	1.34194187955187	0.9009376579631644	0.6107223470760648	0.6101071452613132	0.34336949156832625	0.18881054615194254	0.19420757671368843	0.08978766515641753
1.6404307168643015	1.3493247103676476	1.3418422463843263	0.9117053033815014	0.620264301717908	0.6096583915454805	0.3503400168502953	0.19818166317685545	0.19601755658003406	0.09078870554531722
1.641745463429114	1.3474348892361911	1.3507762507594352	0.906368619063508	0.6066870111819971	0.6108318898451415	0.32653066108394824	0.18237468213345934	0.1683433875048819	0.07416698681945653
1.6387873368641381	1.3451705066718378	1.341292189256853	0.9013965415243609	0.6137272237266145	0.604265732401126	0.32495660170024293	0.16828196183086525	0.17845260832951382	0.08122409443415941
1.6364147074363815	1.3363022913836575	1.339580751510332	0.8897772761399878	0.5850725058969317	0.5916694445665728	0.3111439597220651	0.16691745623991613	0.16941665289389954	0.07438379444930551
1.638763061096191	1.3417937675349028	1.3403221670935048	0.8917851098284972	0.5988938279219632	0.5915172743992948	0.31290050665870245	0.14821366531964297	0.1661082301565032	0.05062561417292349
1.63942233573803	1.3461039484136101	1.3457503075371116	0.9182137340807591	0.6343124292721404	0.6282420597162276	0.36145482881152385	0.2127227355816129	0.19743893205236948	0.09435931667825945
1.6411207283787825	1.3442242051058233	1.3472893035408395	0.8944034139150487	0.5974656788614352	0.5993466680458819	0.3285263715232799	0.19232921872963582	0.17368703126033921	0.0747633104154422
1.6402314379966312	1.3426702835343034	1.3496644143026566	0.9066738301177631	0.6029428327921672	0.6029758837879668	0.32826732578234913	0.17735734352721608	0.18746833900931237	0.08291577778857173
1.6402988735041204	1.3455114351564719	1.344544360306799	0.9099018252310392	0.615797768294004	0.6121646324195307	0.334569482834147	0.17498476973728216	0.18800811393161015	0.08233772583511573
1.638065742680833	1.3425449984514926	1.3432512413650473	0.9000025712988879	0.590750809153977	0.5958618686660154	0.31511008529480633	0.16283634460650293	0.16627999384737943	0.06724424169788387
1.6394878912014754	1.3476587926808539	1.3424396664805396	0.9048427788645825	0.607624625732204	0.6054677534760557	0.3300031027266693	0.18906233363949024	0.17627578512369763	0.07979779872035464
1.6403743865412554	1.361744890224097	1.3499609573941374	0.9275639697335905	0.6339334923029646	0.6357479506334118	0.3609100777290789	0.20617635673352083	0.20565634297086224	0.08906111070101401
1.6433262850291652	1.3498980866070285	1.3460923880330127	0.9040309067475801	0.5999646142942259	0.6047270064320157	0.32651818256554654	0.1795595497920105	0.17180126024048917	0.09156645844398141
1.6430773700447137	1.3468495562416978	1.3517355665557709	0.9092648249900088	0.6114278749172125	0.602315111066275	0.32079678653029586	0.1764223238114941	0.170938562163797	0.08507151187051822
1.6410740296047694	1.348444912565906	1.3486953658352443	0.9186367386929662	0.637928663565316	0.6171299942569439	0.35354778634425604	0.1954504875356046	0.1983164702248222	0.0978235595305757
1.640299987983885	1.3492362691749973	1.3485009953461227	0.9070833536304284	0.6047873122935018	0.6092612339634246	0.3227397745495824	0.17378755142974503	0.18139777504788304	0.08399111252484351
1.6407066173874132	1.346634634790205	1.3451537887029552	0.9086476829104362	0.6028139980109493	0.6224011006794026	0.3421262193169563	0.19211959482608096	0.19152392743795663	0.08978688536606323
1.6402972456699965	1.3422443850061634	1.3440453812235362	0.8978470056775395	0.6083753989714867	0.5938398091188891	0.3222936310627096	0.17221442561055836	0.1717521695905175	0.084181985900257
1.6389127507439736	1.3446671931440437	1.3402138883638282	0.9057876694363812	0.6074628718531709	0.6128320471805032	0.3445452141562362	0.20671522056356859	0.18296634012269342	0.09673961457947468
1.6378040219005017	1.3412315595685618	1.3382442737841902	0.8962235809283592	0.6002192264109314	0.6021882829303031	0.32896805056783535	0.17624061277151495	0.17541777326391608	0.06955910615577937
1.6357969955225782	1.337746602571272	1.338730596166916	0.8946786107203264	0.5853310427337889	0.5976640809983688	0.31452249085460077	0.16728848202215044	0.17401107906333502	0.07157240434688696
1.6360394672513898	1.3423911647451123	1.3440197940663097	0.9043151609622995	0.5985287488535485	0.604908473221579	0.3181816039015589	0.16773731435149367	0.17182565635244554	0.06489472298570467
1.6383085855616635	1.3398345689231923	1.3371177583602138	0.9001184779680442	0.6009298439675907	0.605119204908187	0.3325930913467536	0.18245187416129266	0.19198193824621132	0.09046614641539781
1.6393077778550118	1.339538464071258	1.3449915860731687	0.8919633937672715	0.587822800075862	0.5879104864291587	0.30563077996291216	0.15671967407058415	0.16006055835697028	0.06374177926023131
1.6362133660010643	1.3361451717347013	1.338225367387707	0.88548664484404	0.5860889489321727	0.5769960061993882	0.3013095111005448	0.16294142495482308	0.16306518604722414	0.06194551532739718
1.637963105456044	1.3408626162344106	1.340606423146959	0.9028587606180438	0.6119764000603695	0.6156153850381988	0.3410371805310424	0.1949387367584283	0.19792502089026037	0.0974800675802916
1.64102279568836	1.3516423249234966	1.3441256315188228	0.9084538501561971	0.6062073720993025	0.6174980484313795	0.3462099571755315	0.1894971374838742	0.18677280660285822	0.08359962780643806
1.638611466857459	1.3423816745546644	1.3437680101667226	0.9039744127187359	0.609152836634552	0.616494786939716	0.3446087975635308	0.1960921873349291	0.19241582379475922	0.09387681424090943
1.6372236332958994	1.343145008906995	1.342149254873962	0.8984186819578434	0.5988354276700135	0.6000312876715738	0.31841796406080136	0.16473368661300258	0.17715427940342285	0.08584265119663301
1.6399335312436376	1.3434228110557322	1.3418933530564938	0.8983612741265566	0.6028547067929559	0.6109581741452349	0.3253622047271657	0.17689872423331046	0.17036736301645738	0.0696021051342647
1.6396362498471428	1.3450354260355235	1.3417173924512735	0.9019918549437372	0.5996366962234385	0.5988683340347052	0.3107674737229684	0.1627014734705149	0.171446984980373	0.07043096757136318
1.636222445857641	1.3443077363201417	1.334220054380386	0.9075735736524292	0.6077366073451372	0.6121767940318339	0.3291905067654216	0.18385990121938056	0.1989969771677692	0.08680934201328688
1.6372660743196858	1.3400197085198766	1.3473645659809859	0.9060939853893046	0.6029692229383277	0.6061266336186115	0.3212998772514201	0.16771282339188326	0.17200623460892603	0.06758349610326532
1.6423340846779295	1.3516419294242097	1.35179096643269	0.9077616109551323	0.6099221505191869	0.6201495651098236	0.353280903894078	0.20015588576152787	0.20147666535559589	0.1065118498748109
1.6403915888418215	1.3397668340704678	1.3474543072577252	0.8999782242965831	0.6047042725476839	0.5905648498323723	0.3226350652780268	0.1810240404908707	0.17152964437649001	0.08234318951739834
1.6450052477511727	1.3539487787032698	1.3532839779785872	0.924524679473292	0.6327194374493402	0.6262773575500886	0.3519960042242049	0.19299912907271113	0.18573399824797254	0.0789976861622193
1.6452812747258703	1.3453653267628851	1.359645038758922	0.9179451155125515	0.6244960129403812	0.621206557439878	0.3438902769639177	0.19313451580104546	0.1931533219933577	0.09281077297492851
1.6396892916642338	1.3456602116912633	1.3426531244887205	0.9039371072065783	0.6116565362454874	0.6130457739952635	0.3349579852356468	0.17569530287126955	0.1703761689181558	0.08103827810490496
1.6380467824215363	1.3409630489162658	1.3412809614346253	0.8964366457567591	0.6025406387461655	0.6046239971808456	0.33967206856655735	0.1958326674980563	0.17971153122493322	0.09191618012722151
1.6408996132494371	1.3428140990813968	1.3451848132654611	0.9085597737482539	0.612280657916037	0.6193802614991594	0.35591973917159603	0.2060025463370659	0.21493024706369201	0.09819288255368486
1.643471093103472	1.3535096145995156	1.3527639387850032	0.9223815881069242	0.6261481525851443	0.6235307690390912	0.3556388792244833	0.19893816996160815	0.1899208781576159	0.09645219846383123
1.6416263269712903	1.3468539084488242	1.3405940588748004	0.8963595836891068	0.6038888368035669	0.5927566916936025	0.31887370560218925	0.16810936010604538	0.15562686551553984	0.047234105286007216
1.6410600812328715	1.3464165783691664	1.3546870282444472	0.9119306242948488	0.6106529005248112	0.6054297353415863	0.32829119453770583	0.1775875654610481	0.18841808098227328	0.08606883978294087
1.6360625843851562	1.3300479587522602	1.3353862188724304	0.8708757492633558	0.5588399807739051	0.5672467433104618	0.2941434369921191	0.15748380467451376	0.1495473491532765	0.06942163193766433
1.6380133004410249	1.3407134759155608	1.3433456077660473	0.900386210134368	0.6049650436220444	0.6061513489925362	0.33585428605046264	0.18050628682577005	0.19616641425378523	0.07530778101425756
1.6411751645293182	1.3445606253977131	1.3464751917949604	0.908788615470572	0.6110159993343037	0.6267349664005002	0.35277321955008256	0.2098538469369226	0.20102591796885994	0.10281658400793384
