1968259
2006880
2045480
2084045
2122634
2161252
2199781
2238378
2276890
2315419
2354011
2392700
2431227
2469878
2508338
2546976
2585566
2624169
2662712
2701354
2739946
2778539
2817143
2855893
2894585
2933129
2971760
3010344
3048843
3087602
3126144
3164695
3203351
3242062
3280512
3319080
3357530
3396232
3434840
3473458
3512077
3550693
3589308
3628002
3666608
3705221
3743873
3782435
3820860
3859594
3898043
3936694
3975395
4013934
4052470
4091044
4129642
4168336
4207014
4245509
4284111
4322813
4361373
4399854
4438485
4477120
4515794
4554416
4592905
4631450
4670198
4708839
4747513
4786209
4824875
4863684
4902337
4940821
4979486
5017899
5056616
5095210
5133767
5172291
5210803
5249643
5288176
5326840
5365451
5403875
5442492
5480838
5519493
5558123
5596753
5635282
5674035
5712506
5751102
5789600
5828184
5866781
5905487
5943894
5982466
6021070
6059521
6098226
6136867
6175457
6214063
6252503
6291087
6329737
6368270
6406997
6445487
6484119
6522546
6561179
6599805
6638211
6676867
6715624
6754082
6792748
6831266
6869904
6908550
6947107
6985666
7024166
7062745
7101189
7139707
7178409
7217040
7255682
7294451
7332902
7371448
7410002
7448543
7487279
7526005
7564567
7603164
7641870
7680411
7719109
7757556
7796082
7834532
7872987
7911617
7950046
7988825
8027365
8066010
8104440
8143063
8181472
8219952
8258500
8296982
8335764
8374399
8412975
8451444
8489929
8528516
8567149
8605868
8644366
8683023
8721693
8760412
8798955
8837697
8876313
8914817
8953497
8992030
9030616
9069062
9107605
9146074
9184604
9223350
9261844
9300531
9339042
9377498
9416206
9454920
9493508
9532026
9570806
9609369
9648107
9686738
9725371
9764053
9802685
9841266
9879811
9918423
9956880
9995384
10034109
10072797
10111427
10149968
10188603
10226963
10265609
10304153
10342553
10381115
10419661
10458240
10496792
10535269
10573946
10612484
10650879
10689618
10728103
10766612
10805087
10843544
10882203
10920705
10959480
10998087
11036706
11075270
11113712
11152181
11190918
11229592
11268186
11306792
11345388
11384003
11422499
11461121
11499708
11538337
11577234
11615933
11654613
11693292
11731685
11770191
11808755
11847297
11885900
11924443
11963024
12001654
12040250
12078797
12117412
12155972
12194590
12233204
12271823
12310365
12349067
12387596
12426111
12464854
12503539
12542213
12580847
12619427
12657980
12696605
12735241
12773899
12812453
12850986
12889574
12928064
12966744
13005303
13043781
13082301
13120768
13159342
13198002
13236532
13275098
13313739
13352196
13390824
13429388
13468087
13506690
13545203
13583741
13622267
13660966
13699634
13738249
13776698
13815302
13853839
13892386
13930762
13969173
14007554
14046154
14084664
14123312
14161914
14200570
14239148
14277728
14316150
14354656
14393351
14431951
14470451
14508939
14547640
14586245
14624821
14663405
14701957
14740428
14779022
14817666
14856243
14894918
14933501
14972180
15010701
15049236
15087933
15126502
15165173
15203863
15242489
15281199
15320020
15358661
15397302
15435881
15474606
15513263
15551734
15590221
15628916
15667439
15705903
15744528
15783119
15821678
15860096
15898753
15937234
15975839
16014432
16052981
16091619
16130152
16168765
16207409
16245931
16284461
16323051
16361648
16400242
16438777
16477305
16515884
16554482
16593106
16631659
16670176
16708746
16747308
16786022
16824518
16863251
16901838
16940583
16979158
17017775
17056588
17095114
17133803
17172343
17210999
17249630
17288172
17326866
17365424
17403959
17442616
17481206
17519959
17558475
17597085
17635619
17674420
17713125
17751705
17790289
17828864
17867545
17906140
17944761
17983325
18021853
18060342
18098855
18137486
18176022
18214645
18253199
18291920
18330554
18369225
18407894
18446588
18485291
18523975
18562612
18601159
18639775
18678269
18716995
18755536
18794160
18832680
18871127
18909732
18948405
18986995
19025648
19064093
19102564
19141147
19179443
19217925
19256583
19295312
19333846
19372350
19410870
19449508
19488126
19526799
19565361
19603903
19642456
19680860
19719361
19757899
19796505
19835076
19873643
19912202
19950844
19989531
20027999
20066745
20105318
20143853
20182525
20221037
20259434
20298132
20336747
20375373
20413831
20452489
20491051
20529573
20568229
20606913
20645539
20683984
20722542
20761137
20799877
20838435
20876984
20915579
20954096
20992838
21031464
21070022
21108556
21147179
21185669
21224354
21263016
21301574
21340285
21378776
21417068
21455761
21494352
21532904
21571565
21610097
21648564
21687150
21725758
21764496
21803078
21841729
21880430
21918963
21957569
21996057
22034653
22073440
22111940
22150642
22189127
22227724
22266312
22304977
22343450
22382050
22420682
22459405
22497927
22536611
22575165
22613795
22652271
22690808
22729245
22767968
22806638
22845355
22883949
22922521
22960990
22999460
23038022
23076746
23115233
23153878
23192590
23231321
23269954
23308653
23347179
23385784
23424392
23463095
23501629
23540233
23578897
23617360
23655867
23694487
23733042
23771697
23810349
23848890
23887593
23926229
23964666
24003326
24042044
24080556
24119014
24157621
24196090
24234565
24272956
24311692
24350256
24388950
24427601
24466043
24504466
24542953
24581644
24620295
24658848
24697432
24736002
24774518
24813189
24851777
24890429
24928998
24967669
25006208
25044785
25083338
25121908
25160514
25199213
25237838
25276355
25314836
25353310
25391968
25430500
25469026
25507626
25546163
25584808
25623292
25661833
25700439
25739099
25777635
25816267
25854860
25893461
25932113
25970586
26009192
26047781
26086415
26125014
26163560
26202148
26240587
26279214
26317906
26356468
26394951
26433638
26472162
26510693
26549279
26587914
26626464
26665048
26703689
26742296
26781001
26819808
26858409
26896968
26935567
26974141
27012861
27051425
27090130
27128770
27167157
27205683
27244325
27282792
27321422
27359971
27398579
27437077
27475734
27514319
27552648
27591179
27629843
27668443
27706980
27745698
27784226
27822685
27861300
27899878
27938489
27976963
28015615
28054291
28092696
28131241
28169816
28208450
28246926
28285512
28323967
28362452
28400980
28439435
28477886
28516499
28555189
28593777
28632312
28670933
28709574
28748200
28786913
28825350
28863910
28902397
28941096
28979417
29017982
29056462
29094919
29133428
29172041
29210381
29248940
29287488
29326021
29364485
29403070
29441600
29480045
29518705
29557265
29595976
29634578
29673136
29711563
29750018
29788661
29827296
29865879
29904433
29942871
29981408
30019917
30058570
30097280
30135978
30174539
30213042
30251642
30290169
30328634
30367424
30406064
30444645
30483429
30522075
30560587
30599082
30637815
30676296
30714816
30753513
30792086
30830755
30869312
30907889
30946492
30984982
31023550
31062158
31100651
31139240
31177844
31216414
31255073
31293713
31332279
31370774
31409398
31447965
31486599
31525043
31563578
31602012
31640738
31679239
31717887
31756501
31795039
31833750
31872431
31910948
31949453
31987980
32026596
32065128
32103804
32142429
32181032
32219622
32258138
32296866
32335385
32374106
32412577
32451120
32489691
32528215
32566729
32605326
32643871
32682547
32721156
32759784
32798337
