0.5630682849331877
0.5542561458758871
0.5472296874769845
0.5516282801873552
0.568352678380754
0.5592840408796846
0.5496669616229286
0.5516461108649497
0.5342291537830122
0.5499069932667883
0.5545176750956485
0.5573651856668196
0.5477923200318289
0.5379571003628931
0.5491265008378313
0.5476381611162903
0.5395932203342563
0.5500417952972014
0.5584299152226436
0.561397633352225
0.5524980650936037
0.5542449548349181
0.5428195160144407
0.5456658999503479
0.5491821692192076
0.5531880907727066
0.5484545921930086
0.5511503712311088
0.5553218652708873
0.5575480843861074
0.5635663066874398
0.5535523273811164
0.5482060448802428
0.5454627572542201
0.5509723390517289
0.5507360100839697
0.5468706276957951
0.5499163753359523
0.5467308019515573
0.5594686540049004
0.5566201274745168
0.5479715631486926
0.5527445121882602
0.5511269959682433
0.5465628070641085
0.548990618561028
0.5444934170269116
0.5493774540880687
0.5514007003576382
0.5476116365587803
0.551434480232861
0.5465430310056794
0.5506241144010557
0.5476229489511641
0.5424467852412536
0.5563795308183109
0.5532197603996811
0.552500777106035
0.5590084059897734
0.5557900953060073
0.5525738405195462
0.5517477227104867
0.5436179412487221
0.5325000349249984
0.5408563867276928
0.5445733006841367
0.5402017263974654
0.5508335485087719
0.5455724541287675
0.5538785107668489
0.5483188284744359
0.559936470047365
0.554080883820879
0.5476257678844318
0.5440358499249295
0.552751100134879
0.5495995342702604
0.5512601116143647
0.5539131755611932
0.5482595533279682
0.531500968793576
0.5382449120047181
0.545578704031344
0.5555114077692486
0.5537381601565605
0.5522723260258419
0.5482696717951685
0.5520979024345949
0.5502084589340933
0.5475715346338861
0.5425932448496888
0.5469681290854466
0.5648840506413584
0.5537326997416654
0.5613322657046229
0.5439776944557078
0.5445751044755548
0.5545390401173966
0.5645074561078357
0.5559183974740138
0.5576466631630872
0.5503007906424962
0.5553943711278246
0.5552478094353619
0.5621409073977397
0.5519079535193679
0.5512785956020063
0.5411721133060086
0.545871695465926
0.545637454737651
0.5470688308467297
0.541234279096323
0.5530664917289262
0.5505816830847859
0.54263538255393
0.5533030074977588
0.5417227064613286
0.5501728205328537
0.5376286588715513
0.5481902522933924
0.5453614097841433
0.5555357152383971
0.5527957528455352
0.5556773056071117
0.5528050672543634
0.5412538802571901
0.5381184233163694
0.544551777778991
0.5573346563671513
0.5537132066693631
0.5461304029034053
0.5491668389199761
0.5444868448357666
0.5525660295558378
0.5502378235253751
0.5398446791742035
0.5514063035302312
0.5318185209271014
0.5429671337527101
0.5504007788023003
0.5469157685279687
0.5480755208634173
0.552458204836328
0.546360660494436
0.5466318856809798
0.5490655457013294
0.5509810430711435
0.5511641609846576
0.5503584214771826
0.5460927141855747
0.5399734328178254
0.5481649852805484
0.5488719835485754
0.5409813401286921
0.5514209581882255
0.5534214684456731
0.5496865384447103
0.5605761791056382
0.5520760605626107
0.5400161549668606
0.547601405770564
0.550742834094613
0.5526767624219638
0.5473437998992466
0.5463592586167034
0.5616233302626716
0.5660849511529764
0.5470115465898044
0.5386248693892606
0.5574341496593622
0.5426386304098325
0.5424159147953994
0.5355652493517412
0.5474188045629509
0.5481768813641759
0.5490745170812548
0.5598494288193046
0.5490401072675064
0.5540337883906563
0.5481450275357106
0.5513156478178218
0.5470904356482845
0.5486666996400734
0.5476368263557095
0.5439124687022643
0.5471744764455149
0.5500474592485363
0.5518224010820703
0.5520488684593581
0.5503291352522344
0.5466008735141992
0.5388944048162854
0.5422585710231713
0.5378893206601673
0.5588198261044695
0.5576684795824711
0.5469113856984404
0.5673186284293402
0.5493891440027945
0.5617459692021566
0.5481890347993911
0.5615507003023997
0.5623730014629738
0.5483671704602283
0.5371085350797402
0.5351594570348597
0.5427972608927276
0.5402460465149975
0.5514182018208997
0.5563061346109808
0.5458287999219534
0.5518056910868698
0.5559526693857069
0.5422343056929821
0.5432547699015196
0.5466887709888766
0.5544709238699723
0.5584025099610845
0.5597314999810669
0.5488762539698431
0.5463397569070623
0.5482992247372425
0.5451855119801388
0.546390313678027
0.5410066036650032
0.5377219817373151
0.552988014316254
0.5497906809279506
0.5491533106513069
0.553256840696668
0.5484090789176301
0.5455412024964763
0.5492281180363947
0.5512023796823284
0.5497497518326466
0.5564216350881519
0.5479993662590872
0.5530722251794706
0.551223877173297
0.5565676387663223
0.5533868812114868
0.5529198516456655
0.5556548391477019
0.5603959654321813
0.5552228488999994
0.561096156625473
0.5514498702152815
0.5462036684009405
0.5381420855459422
0.5443916685959369
0.562822164114146
0.5431825932292323
0.5367877442599284
0.5446698330616901
0.5602197832820668
0.5406184577921261
0.549265929690377
0.540885768793147
0.5536781500233146
0.5506361520532459
0.5581348251994814
0.5580856295152576
0.549975116831358
0.5537230530464794
0.5497830293384611
0.5478778284618784
0.5556196114352199
0.5505577347926772
0.556694829804931
0.5414786280145871
0.5494989287005847
0.5534574200584745
0.5481642746503461
0.5511418177287629
0.5504820928614718
0.5499566899203959
0.537955498481187
0.5504246398703931
0.5426922702340524
0.5548625990572261
0.5507089075151634
0.5543717165738733
0.5516271612005036
0.5417615095110588
0.5566096408842438
0.559191579738145
0.5498106203781423
0.5508175970116358
0.5423328566303582
0.5562009420835302
0.5617918412598489
0.5541747101568353
0.5467625296632413
0.5566730143068543
0.5498903592484522
0.5565999053328257
0.5514366137342175
0.5523202956966314
0.5499335912252055
0.5437537511562801
0.5446438637526692
0.5479084678247054
0.560207259830001
0.559219374013691
0.5583862233333183
0.5363963405156835
0.5475114209325433
0.5551089925885799
0.5615015406815193
0.5555912179815085
0.5454146484979999
0.5405421339392816
0.5451737561195463
0.555768551129605
0.5590534853366491
0.5456566644005502
0.5445309338869309
0.538743205002551
0.5555752472447537
0.5461690406700576
0.5485290278856172
0.5543893388651056
0.5503649320862966
0.555326723545375
0.5549040559723272
0.5550849771768428
0.5476133678623085
0.5534535693973479
0.5513494295361367
0.5595233377464222
0.5533586260828878
0.546871714610791
0.5608614300393886
0.5595024231916188
0.5616203985913064
0.5555887694853885
0.5519327758080717
0.5505925747077767
0.5543449246080009
0.5549731357522923
0.5486055971817829
0.5554686976792227
0.553604152948151
0.55758256002351
0.5507925537309389
0.5533271460528506
0.5563828358940612
0.5583737535124507
0.5642720565462649
0.5536098302177258
0.552453214194802
0.5539342767667635
0.557717646753363
0.5526613938593613
0.5486235383639402
0.5588539718305954
0.5573987557671587
0.5409610404365216
0.5486324977158452
0.5557699080645536
0.5472929813489252
0.5502429645538959
0.535195409992519
0.5315631793118476
0.5392341999760677
0.5502042130647238
0.5453058334211589
0.5500833075394239
0.545162245818873
0.5475230112673912
0.5515857126114891
0.5565529882234832
0.547668713368236
0.555384478147871
0.5507234876622367
0.5451509311412579
0.5617243078304905
0.5658294120599654
0.558847361914636
0.5511590618167278
0.5530662448661985
0.552776635425186
0.5516604611753023
0.5526249511936037
0.5633658819166198
0.5549576029290938
0.5433086046758311
0.5457482321270182
0.56248689624102
0.5507475300678926
0.5500229561077594
0.5445272811283852
0.546231692229081
0.5466560228719998
0.5548021294053216
0.5510186078237778
0.5488266224262426
0.5372361773866513
0.5409627160365897
0.5506749480432367
0.5572794566571553
0.5491782986626037
0.5562867123652617
0.554609819633724
0.5543148517179075
0.554979339532232
0.5562530167242745
0.5479590192376745
0.5531475645221638
0.5498900848578712
0.5499730375504999
0.5522459133750959
0.5417383852034448
0.5488476616305186
0.5369112759239562
0.5378380912602532
0.5502716831876331
0.5370683726531456
0.5439222083416719
0.5434714479285067
0.5446833025385851
0.5529229272683314
0.5466207860952507
0.5605078784555755
0.5526314312467722
0.5397827835066
0.5496224518086745
0.5473943953115472
0.5437668074019866
0.545663888956214
0.5547396418845099
0.5610498830216367
0.5616233619313908
0.5553109436608759
0.5579674956871177
0.5604099627017305
0.5444525573161201
0.5481966897106589
0.5503859599313781
0.5501073680799087
0.5519417179189625
0.5456643986498398
0.5622678496818256
0.5520512394948234
0.5528291910495189
0.5466365745610696
0.5484939587262403
0.5561024710601266
0.5566990577404
0.5474652299211975
0.5449207065310236
0.5403848010122738
0.5369363270306851
0.5460421668562787
0.549973125982924
0.5507905952021102
0.5464043530426418
0.5549752291487552
0.5469359655120969
0.5471840583171286
0.5486456530122001
0.5400969279703112
0.5447706801236196
0.540735438087605
0.5507243562851105
0.5509856034944731
0.5476463553597339
0.5420932440115978
0.5473031331312812
0.5400993357245099
0.5421618445230171
0.544091308059744
0.5562686415563005
0.5496470773769003
0.5473082915241865
0.5440629344151512
0.5471678739760087
0.5417751675226774
0.5460518948774555
0.5484642539776075
0.5478153385043504
0.5523243610827115
0.5434455073308117
0.558168939174779
0.5568329728672955
0.5408634528061151
0.5578667293495478
0.5635869980859274
0.551061756432706
0.5513139108316362
0.5538199970088181
0.543544278997887
0.54512333313565
0.5453555878116978
0.5421939977514441
0.5384421003842939
0.5524590781600868
0.5411741490159692
0.5492033902930901
0.5453192932693123
0.560507242418727
0.5601753650327597
0.5528453733570238
0.549993755732534
0.553594638690444
0.5533902397064986
0.5541807799667531
0.5564274400949141
0.5615215878279525
0.5488473474638498
0.5525278604802841
0.5518516603713597
0.5528420808647116
0.5415481877252422
0.5438387483207368
0.5526227170724716
0.5533771161517348
0.5534739764651476
0.5405956753210864
0.5481697456761428
0.5504880583490233
0.544307851133339
0.5395685492935867
0.5560452797539841
0.5535015057522394
0.5535038175534379
0.5489460077043566
0.5495673192283576
0.5449029252932106
0.5427078163752213
0.554368969975216
0.5510582984568606
0.561318009100643
0.5548625931239596
0.5500577805483409
0.5603474843821026
0.549641839633007
0.5428657310043867
0.5457835791765195
0.542627039535731
0.5411703933254879
0.5468676570890354
0.5537802697140677
0.5405100421964307
0.5560257407219896
0.552369581975682
0.54692062712756
0.5493338205925533
0.5507147675949322
0.5445818990650246
0.5474166509537534
0.5523214871453269
0.5518462423465267
0.5403169887711965
0.5499811582190611
0.5438603518674472
0.5511347879585411
0.5552665392895378
0.5344895239476521
0.5522869764785153
0.5503616750176594
0.5430800092068643
0.5502195832296961
0.5535685212889984
0.5471866049641195
0.5559756190148644
0.5513137163414419
0.5468465071506534
0.544068544676378
0.5411879475746856
0.5436930393768784
0.5502052120414467
0.544742107392062
0.5592794793546392
0.551390287361622
0.5469284014972617
0.5535461666144894
0.557275951358007
0.5500014411481817
0.5578391868852983
0.5476023138564989
0.5528652801188082
0.5452775857900648
0.5364604110669671
0.5448574135783502
0.5490622036396862
0.5548039342470191
0.5528086411372184
0.5503943243228668
0.5440489272481545
0.5442363583447127
0.5509869755449697
0.5454644343789257
0.553315457448455
0.5542638222680936
0.5481455881075854
0.550100422989112
0.5530674872994636
0.5609841427323782
0.5597110910400185
0.5456592878305819
0.5403771802474095
0.5454662264200444
0.5483930663767096
0.5569023316620356
0.5421869429242818
0.54787801208575
0.5454239064017267
0.5481007277703702
0.5433150229079307
0.5493427791378656
0.5488163668219084
0.5519562576012582
0.5564931789553165
0.550688678977662
0.5507766011728021
0.5544617209897285
0.5493966973543271
0.5553330836015196
0.551725824099501
0.5552385555451167
0.556072728148193
0.5422497819288561
0.5408622524864599
0.5473273926710633
0.5410827704306778
0.5510059855154122
0.5442305071815556
0.5436161834836846
0.5569408861002322
0.5513330183204519
0.5584066515696786
0.5561539000494977
0.5438665487100756
0.5515025707779353
0.5510715328655418
0.5379570489956268
0.5500122617394001
0.5320724059534058
0.5513396955784021
0.5630172903547035
0.553067557718832
0.5591626184280288
0.5622439521902385
0.5472449257509231
0.5563594859042094
0.5603010870324303
0.5504679567734021
0.5389721291040144
0.5419172390093818
0.5472928997987181
0.5594945212654134
0.5501466228183947
0.5480758895300937
0.5447915063808079
0.5524265470455776
0.5528819071773868
0.564353209408426
0.5591157704818323
0.5459309158442567
0.5551800888814862
0.552892245889826
0.5479630965630331
0.5661192689431673
0.5563201305636147
0.5513911294884537
0.5437975951236542
0.555723640396505
0.5552645020559824
0.5489947932627212
0.5580367755748228
0.5577894003166066
0.5543390664572188
0.5510967016037339
0.5564927233461456
0.5564313510285093
0.5497676606330487
0.5550976127383436
0.5516327468526554
0.5560536110676243
0.5548275219737561
0.5509439060440892
0.5537534893742755
0.5525643049348032
0.5480894244942254
0.5493188884544744
0.550185410846348
0.546432550362476
0.5458990535129737
0.5499636323708749
0.5499787291900986
0.5436627762773283
0.5450645986585849
0.5477156810140064
0.5567773771061741
0.5578078995858174
0.5542639525243269
0.5548957570986237
0.5528900574586388
0.5544855862575624
0.5513999893853292
0.5441883903791277
0.5597437620954924
0.5637378431956039
0.5521303182083144
0.5585798863825118
0.545380540218347
0.5597263334107807
0.5354202647752007
0.5414693744010393
0.5417845795256786
0.5515760875997344
0.5488061211501134
0.5501130659245421
0.5536451392846775
0.5522388492581328
0.5487572672419891
0.5474720537796597
0.5513302574098986
0.5517834566927509
0.5481886610119481
0.558767210243416
0.5544422788942971
0.547981718918656
0.5373682322045646
0.5480412746781415
0.5468023711699789
0.5452386201874547
0.5487300976568733
0.5509455398747791
0.5367252314519861
0.540171385597817
0.5411228372351268
0.5465477837927933
0.5500259432238606
0.5522738501045014
0.5483844714443394
0.5468096622807146
0.5464263812056613
0.5548102664969308
0.5500160024893456
0.5597189056881822
0.5535981989283766
0.547384012551691
0.543374639444766
0.5463328629412291
0.5486196115977939
0.5490442133761236
0.5466798344643979
0.5419188426229677
0.5460649083724195
0.5540009061997966
0.5455620724905634
0.5510011208806285
0.5554389436031726
0.5493999487833048
0.5457890713764432
0.5524529182735698
0.5474660365150408
0.5460976822416641
0.5535945037048098
0.5516123384684546
0.5522688536000899
0.5444397156620686
0.5525805544526022
0.5458922138207275
0.5424215464838422
0.5509033406808419
0.5543035789848032
0.5441799488489802
0.5449503829003438
0.563941076096184
0.5509962763539037
0.5455007477175662
0.5459311032985936
0.5466200989260561
0.5456096346436196
0.5430926895906074
0.5436021772417635
0.5471114242143968
0.5454172193193372
0.5482456689900668
0.5541538373561203
0.5450919607825193
0.5475989911601238
0.5494892455147906
0.5440334276645866
0.5513077693765029
0.5606214055920158
0.5621029122480363
0.5519599017364705
0.5536388889181618
0.5516067655226036
0.5489862090339832
0.5490485980291773
0.5477538457845399
0.5525777349982282
0.5495712264660717
0.5522854716100853
0.5518909707611453
