21091
42216
63292
84414
105481
126540
147528
168622
189662
210652
231723
252732
273709
294713
315688
336670
357653
378701
399691
420630
441545
462494
483491
504526
525459
546337
567207
588144
609096
630019
650853
671832
692685
713682
734553
755556
776325
797140
818020
838914
859779
880620
901546
922465
943365
964273
985176
1006169
1027085
1047987
1068909
1089811
1110580
1131531
1152428
1173323
1194257
1215116
1235958
1256806
1277653
1298583
1319511
1340392
1361190
1382111
1403022
1423727
1444461
1465347
1486230
1507098
1527967
1548859
1569763
1590628
1611470
1632320
1653120
1673998
1694888
1715723
1736677
1757544
1778375
1799247
1820193
1841031
1861911
1882741
1903656
1924565
1945496
1966325
1987227
2008084
2028974
2049849
2070703
2091516
2112434
2133343
2154213
2175078
2196028
2216877
2237723
2258594
2279435
2300341
2321185
2342140
2363054
2383887
2404745
2425676
2446565
2467446
2488320
2509195
2530044
2550967
2571904
2592743
2613667
2634639
2655647
2676510
2697309
2718257
2739073
2759900
2780806
2801590
2822437
2843237
2864053
2884867
2905702
2926594
2947490
2968281
2989212
3010076
3030998
3051811
3072654
3093430
3114303
3135193
3156058
3176950
3197848
3218689
3239642
3260521
3281289
3302053
3322943
3343936
3364769
3385694
3406605
3427511
3448406
3469243
3490153
3511043
3531842
3552691
3573584
3594470
3615361
3636188
3657012
3677819
3698709
3719573
3740340
3761220
3782092
3802990
3823816
3844646
3865499
3886372
3907316
3928192
3949056
3969948
3990777
4011675
4032528
4053436
4074303
4095224
4116037
4136873
4157649
4178373
4199313
4220226
4241174
4262064
4282953
4303783
4324670
4345578
4366410
4387248
4408072
4428933
4449769
4470641
4491574
4512484
4533280
4554222
4575113
4595849
4616605
4637415
4658239
4679095
4699940
4720727
4741508
4762375
4783302
4804174
4825098
4845954
4866793
4887647
4908478
4929449
4950443
4971298
4992160
5013104
5034033
5054893
5075694
5096534
5117385
5138318
5159239
5180030
5200994
5221792
5242784
5263693
5284554
5305418
5326281
5347140
5368051
5388906
5409741
5430519
5451447
5472312
5493239
5514173
5535019
5555876
5576670
5597609
5618534
5639422
5660238
5681106
5701962
5722778
5743652
5764538
5785424
5806350
5827191
5848130
5869027
5889837
5910719
5931676
5952590
5973421
5994203
6015028
6035859
6056765
6077641
6098413
6119204
6140078
6160893
6181823
6202651
6223570
6244383
6265235
6286033
6306829
6327645
6348457
6369313
6390212
6411203
6431998
6452761
6473609
6494483
6515410
6536330
6557109
6577948
6598872
6619788
6640634
6661369
6682161
6703101
6723944
6744902
6765786
6786733
6807562
6828478
6849432
6870295
6891171
6912138
6932969
6953920
6974851
6995723
7016622
7037573
7058452
7079338
7100119
7120975
7141923
7162868
7183711
7204586
7225489
7246358
7267147
7288006
7308839
7329699
7350659
7371565
7392561
7413426
7434274
7455226
7476035
7496785
7517687
7538524
7559387
7580252
7601131
7622031
7642881
7663654
7684549
7705364
7726200
7746948
7767809
7788644
7809560
7830344
7851241
7872069
7892980
7913838
7934800
7955639
7976457
7997223
8018115
8038988
8059836
8080753
8101564
8122466
8143312
8164143
8185039
8205872
8226774
8247631
8268442
8289316
8310227
8331019
8351918
8372760
8393663
8414529
8435393
8456228
8477134
8498040
8518873
8539656
8560546
8581536
8602421
8623309
8644132
8664996
8685866
8706744
8727691
8748639
8769517
8790298
8811164
8832014
8852890
8873790
8894635
8915533
8936332
8957161
8977976
8998921
9019783
9040603
9061509
9082403
9103212
9124121
9144997
9165902
9186833
9207569
9228438
9249354
9270204
9291013
9311918
9332794
9353693
9374531
9395503
9416449
9437305
9458086
9479038
9499956
9520846
9541744
9562663
9583490
9604360
9625147
9646095
9666960
9687794
9708640
9729532
9750361
9771172
9792066
9812951
9833822
9854763
9875565
9896566
9917506
9938333
9959258
9980206
10001108
10022012
10042933
10063696
10084523
10105368
10126282
10147163
10168145
10189015
10209974
10230789
10251622
10272504
10293410
10314268
10335178
10356053
10376938
10397832
10418715
10439594
10460424
10481339
10502231
10523074
10543984
10564906
10585727
10606649
10627512
10648493
10669367
10690266
10711211
10732159
10753009
10773821
10794716
10815665
10836448
10857330
10878228
10899152
10919994
10940747
10961604
10982469
11003373
11024251
11045124
11066038
11086937
11107753
11128412
11149180
11170092
11190851
11211734
11232701
11253599
11274445
11295346
11316148
11336999
11357907
11378835
11399622
11420534
11441361
11462279
11483134
11504035
11524868
11545647
11566432
11587278
11608153
11629028
11649794
11670648
11691623
11712551
11733402
11754160
11775020
11795868
11816816
11837537
11858473
11879323
11900207
11921179
11942069
11962940
11983774
12004656
12025642
12046461
12067351
12088162
12109055
12129911
12150853
12171724
12192681
12213598
12234503
12255433
12276332
12297145
12318014
12338875
12359822
12380730
12401522
12422351
12443227
12463994
12484776
12505713
12526506
12547262
12568027
12588799
12609738
12630660
12651505
12672359
12693281
12714061
12735026
12755834
12776745
12797559
12818394
12839196
12860052
12881124
12902046
12922841
12943785
12964643
12985467
13006323
13027148
13048054
13068943
13089860
13110789
13131680
13152592
13173511
13194371
13215166
13236050
13256839
13277714
13298665
13319492
13340397
13361320
13382192
13403065
13423861
13444776
13465733
13486630
13507479
13528374
13549225
13570079
13590990
13611859
13632754
13653596
13674460
13695248
13715967
13736818
13757715
13778605
13799420
13820265
13841106
13861995
13882847
13903619
13924517
13945395
13966276
13987121
14007981
14028792
14049690
14070590
14091446
14112303
14133184
14154051
14174952
14195899
14216702
14237565
14258411
14279303
14300135
14320992
14341885
14362853
14383793
14404620
14425564
14446471
14467264
14488126
14508926
14529848
14550676
14571481
14592353
14613127
14633965
14654843
14675767
14696621
14717455
14738305
14759200
14780080
14800857
14821746
14842634
14863557
14884403
14905364
14926229
14947122
14967997
14988935
15009721
15030614
15051456
15072347
15093140
15114055
15134886
15155797
15176643
15197569
15218436
15239347
15260331
15281226
15302089
15322961
15343897
15364646
15385606
15406576
15427514
15448387
15469261
15490089
15510998
15531852
15552692
15573667
15594621
15615581
15636502
15657410
15678221
15699177
15720085
15741040
15761877
15782626
15803467
15824368
15845240
15866094
15887048
15907874
15928698
15949581
15970439
15991259
16012105
16033001
16053842
16074674
16095606
16116483
16137403
16158183
16179153
16200128
16221123
16241972
16262722
16283587
16304560
16325437
16346302
16367073
16387875
16408741
16429610
16450528
16471260
16492241
16513014
16533851
16554827
16575664
16596564
16617406
16638232
16659168
16680010
16700873
16721805
16742650
16763555
16784408
16805301
16826154
16847104
16867930
16888812
16909696
16930569
16951350
16972206
16993105
17014011
17034835
17055729
17076589
17097434
17118359
17139212
17160059
17180846
17201791
17222697
17243483
17264388
17285293
17306204
17327010
17347845
17368711
17389639
17410510
17431448
17452333
17473143
17493928
17514741
17535607
17556550
17577377
17598249
17619173
17640078
17660899
17681767
17702706
17723532
17744332
17765247
17786077
17806844
17827704
17848503
17869361
17890111
17911018
17931800
17952646
17973503
17994418
18015257
18036157
18057031
18077911
18098641
18119514
18140365
18161305
18182242
18203082
18223976
18244947
18265896
18286784
18307717
18328532
18349346
18370120
18390999
18411906
18432855
18453720
18474503
18495313
18516300
18537258
18558128
18579018
18599942
18620846
18641746
18662592
18683447
18704250
18725146
18746003
18766779
18787690
18808509
18829383
18850234
18871038
18891953
18912785
18933611
18954422
18975257
18996063
19016977
19037863
19058690
19079571
19100358
19121186
19142033
19162855
19183739
19204626
19225428
19246339
19267215
19288152
19308966
19329916
19350856
19371739
19392594
19413444
19434382
19455175
19476019
19496920
19517808
19538647
19559461
19580312
19601189
19622031
19642971
19663868
19684671
19705585
19726449
19747313
19768043
19788889
19809713
19830589
19851354
19872237
19893159
19913983
19934753
19955655
19976411
19997276
20018179
20039061
20059899
20080734
20101507
20122301
20143171
20164010
20184914
20205788
20226706
20247545
20268383
20289260
20310107
20331021
20351885
20372775
20393542
20414384
20435229
20456043
20476879
20497785
20518648
20539498
20560331
20581222
20602098
20622935
20643872
20664776
20685643
20706464
20727283
20748140
20768954
20789925
20810858
20831750
20852460
20873311
20894197
20915213
20936030
20956925
20977846
20998754
21019635
21040420
21061258
21082157
21103044
21123868
21144698
21165592
21186396
21207332
21228165
21249079
21269911
21290793
21311676
21332552
21353354
21374276
21395084
21416048
21436946
21457805
21478671
21499523
21520409
21541241
21562024
21582849
21603739
21624651
21645444
21666249
21686995
21707842
21728744
21749602
21770545
21791411
21812294
21833182
21854112
21874939
21895852
21916759
21937703
21958598
21979407
22000266
22021055
22041860
22062790
22083685
22104470
22125392
22146212
22166993
22187802
22208652
22229560
22250398
22271334
22292188
22313085
22333885
22354759
22375557
22396397
22417296
22438269
22459103
22479977
22500860
22521742
22542619
22563496
22584417
22605360
22626216
22647049
22667930
22688776
22709697
22730549
22751527
22772392
22793274
22814146
22834986
22855935
22876681
22897484
22918340
22939225
22960110
22981034
23001871
23022845
23043641
23064473
23085369
23106194
23127072
23147887
23168822
23189717
23210580
23231443
23252399
23273282
23294218
23315097
23335917
23356832
23377721
23398567
23419496
23440348
23461312
23482206
23503114
23523872
23544820
23565746
23586598
23607493
23628299
23649238
23670076
23690999
23711975
23732780
23753619
23774565
23795422
23816261
23836984
23857871
23878683
23899541
23920461
23941362
23962210
23983017
24003947
24024881
24045725
24066621
24087465
24108417
24129302
24150288
24171124
24191949
24212746
24233633
24254493
24275364
24296227
24317108
24337983
24358928
24379725
24400641
24421533
24442453
24463352
24484186
24505149
24526007
24546872
24567641
24588571
24609476
24630288
24651137
24672025
24692905
24713807
24734695
24755592
24776367
24797321
24818159
24839065
24859981
24880806
24901686
24922518
24943305
24964192
24985091
25005987
25026821
25047736
25068581
25089492
25110401
25131197
25152062
25172941
25193731
25214600
25235519
25256371
25277312
25298196
25319035
25339895
25360786
25381668
25402551
25423335
25444277
25465117
25485953
25506922
25527850
25548769
25569597
25590440
25611345
25632197
25653052
25673942
25694899
25715694
25736513
25757310
25778297
25799201
25820113
25840924
25861771
25882621
25903527
25924351
25945236
25966098
25986930
26007955
26028844
26049726
26070605
26091564
26112384
26133274
26154095
26174999
26195936
26216775
26237574
26258386
26279256
26299968
26320885
26341756
26362724
26383583
26404409
26425346
26446226
26467185
26488082
26508916
26529891
26550811
26571649
26592544
26613434
26634345
26655159
26675972
26696905
26717782
26738677
26759569
26780375
26801306
26822181
26843021
26863967
26884746
26905574
26926405
26947342
26968233
26989107
27010018
27030882
27051724
27072600
27093469
27114367
27135114
27155983
27176981
27197857
27218703
27239545
27260508
27281431
27302150
27323043
27343857
27364761
27385606
27406469
27427296
27448082
27468928
27489820
27510657
27531627
27552586
27573449
27594291
27615122
27635935
27656856
27677619
27698483
27719326
27740136
27760981
27781830
27802769
27823664
27844552
27865431
27886283
27907201
27928050
27949030
27969946
27990756
28011675
28032590
28053521
28074470
28095341
28116134
28137040
28157920
28178772
28199631
28220592
28241478
28262320
28283165
28304082
28324975
28345902
28366800
28387665
28408490
28429355
28450243
28471209
28492019
28512857
28533726
28554602
28575528
28596345
28617242
28638121
28659004
28679816
28700626
28721494
28742321
28763115
28783982
28804892
28825841
28846762
28867599
28888473
28909298
28930176
28951109
28972046
28992810
29013735
29034692
29055522
29076375
29097291
29118252
29139070
29159833
29180709
29201574
29222513
29243311
29264110
29284915
29305748
29326605
29347515
29368274
29389049
29409981
29430782
29451688
29472514
29493439
29514320
29535150
29556033
29577022
29597905
29618758
29639546
29660342
29681187
29702040
29722861
29743758
29764634
29785470
29806341
29827151
29848117
29868892
29889774
29910710
29931508
29952376
29973313
29994172
30015019
30035920
30056752
30077585
30098354
30119216
30140176
30161061
30181814
30202738
30223605
30244436
30265243
30286046
30306815
30327759
30348624
30369509
30390418
30411269
30432190
30453155
30474083
30494921
30515804
30536644
30557554
30578367
30599374
30620109
30640875
30661690
30682578
30703385
30724219
30745136
30765957
30786815
30807660
30828583
30849427
30870364
30891228
30912035
30932872
30953747
30974639
30995486
31016406
31037266
31058156
31078968
31099873
31120684
31141586
31162547
31183383
31204265
31225137
31245919
31266875
31287795
31308648
31329601
31350417
31371357
31392203
31413133
31433947
31454877
31475751
31496575
31517443
31538374
31559234
31580126
31600932
31621756
31642608
31663479
31684347
31705254
31726080
31747081
31767973
31788851
31809732
31830482
31851405
31872353
31893129
31913900
31934829
31955751
31976664
31997501
32018331
32039139
32059981
32080932
32101835
32122775
32143584
32164518
32185308
32206097
32227005
32247862
32268669
32289526
32310424
32331336
32352109
32372919
32393832
32414670
32435575
32456314
32477139
32498158
32519000
32539865
32560813
32581708
32602527
32623442
32644207
32665071
32685927
32706804
32727734
32748660
32769565
32790426
32811340
32832159
32853060
32873996
32894874
32915697
32936559
32957406
32978267
32999137
33020032
33040852
33061685
33082652
33103514
33124427
33145338
33166196
33187140
33207973
33228909
33249733
33270631
33291454
33312245
33333134
33354063
33374864
33395655
33416557
33437417
33458222
33479125
33500051
33520943
33541937
33562856
33583751
33604661
33625531
33646396
33667296
33688184
33709106
33729973
33750776
33771640
33792466
33813438
33834239
33855098
33875915
33896767
33917712
33938551
33959436
33980294
34001154
34022046
34042856
34063750
34084620
34105456
34126336
34147181
34168037
34188836
34209658
34230515
34251458
34272252
34293119
34313928
34334797
34355686
34376577
34397491
34418344
34439152
34460074
34480943
34501861
34522752
34543567
34564394
34585278
34606106
34626943
34647859
34668684
34689519
34710395
34731407
34752249
34773041
34793965
34814869
34835825
34856684
34877564
34898454
34919379
34940341
34961184
34981963
35002881
35023722
35044611
35065494
35086323
35107183
35128124
35149001
35169851
35190720
35211487
35232406
35253249
35274172
35295129
35316048
35336985
35357876
35378629
35399530
35420426
35441349
35462193
35483020
35503907
35524763
35545606
35566506
35587385
35608220
35629039
35649978
35670852
35691734
35712535
35733280
35754207
35775137
35796169
35817099
35837895
35858806
35879591
35900392
35921225
35942047
35962847
35983640
36004479
36025431
36046321
36067262
36088109
36108998
36129892
36150738
36171609
36192474
36213347
36234191
36255116
36276018
36296881
36317813
36338759
36359562
36380454
36401330
36422217
36443097
36463962
36484855
36505789
36526632
36547475
36568353
36589198
36610031
36630770
36651681
36672548
36693497
36714382
36735267
36756140
36777123
36797973
36818932
36839799
36860719
36881699
36902502
36923452
36944343
36965237
36986063
37006935
37027738
37048605
37069403
37090307
37111211
37132128
37152946
37173866
37194597
37215471
37236339
37257175
37278133
37299018
37319916
37340729
37361533
37382347
37403234
37424095
37445032
37465903
37486745
37507620
37528546
37549395
37570297
37591171
37611979
37632811
37653671
37674523
37695438
37716288
37737123
37758011
37778832
37799698
37820629
37841563
37862505
37883250
37904208
37925024
37945978
37966885
37987712
38008530
38029336
38050281
38071256
38092098
38112925
38133902
38154766
38175613
38196542
38217477
38238355
38259242
38280140
38301022
38321939
38342798
38363703
38384607
38405489
38426402
38447210
38468096
38488993
38509922
38530744
38551671
38572511
38593343
38614122
38634882
38655745
38676544
38697560
38718459
38739384
38760310
38781037
38801815
38822770
38843630
38864376
38885210
38906152
38927046
38947993
38968816
38989657
39010539
39031406
39052265
39073154
39094018
39114960
39135893
39156724
39177665
39198608
39219385
39240265
39261198
39282048
39302931
39323820
39344680
39365548
39386400
39407227
39428216
39449109
39469916
39490632
39511492
39532369
39553286
39574243
39595061
39616009
39636909
39657747
39678638
39699575
39720417
39741323
39762172
39783123
39803980
39824832
39845742
39866546
39887424
39908391
39929253
39950089
39970915
39991795
40012637
40033480
40054459
40075363
40096218
40117062
40137991
40158870
40179674
40200607
40221612
40242408
40263317
40284275
40305157
40326076
40346993
40367806
40388609
40409454
40430361
40451282
40472130
40493041
40513988
40534879
40555703
40576564
40597512
40618281
40639279
40660153
40681014
40701817
40722722
40743611
40764477
40785369
40806171
40827089
40847842
40868785
40889640
40910475
40931269
40952266
40973238
40994110
41015025
41035938
41056749
41077626
41098453
41119281
41140107
41160991
41181821
41202646
41223573
41244456
41265300
41286297
41307139
41327941
41348860
41369729
41390631
41411470
41432317
41453160
41474086
41495033
41515994
41536897
41557818
41578736
41599619
41620519
41641494
41662373
41683255
41704159
41725041
41745863
41766741
41787683
41808658
41829568
41850338
41871173
41892023
41913058
41933885
41954825
41975662
41996545
42017370
42038289
42059120
42079979
42100937
42121769
42142567
42163396
42184374
42205240
42226044
42246863
42267775
42288620
42309477
42330336
42351296
42372181
42393117
42414026
42434873
42455712
42476528
42497378
42518180
42539071
42559993
42580872
42601660
42622559
42643393
42664248
42685135
42706057
42726913
42747881
42768759
42789749
42810605
42831541
42852457
42873247
42894082
42914978
42935860
42956757
42977574
42998476
43019359
43040298
43061232
43082141
43103041
43123881
43144784
43165570
43186425
43207133
43228013
43248969
43269808
43290656
43311582
43332544
43353374
43374291
43395144
43416048
43436916
43457664
43478571
43499439
43520255
43541102
43561943
43582775
43603570
43624502
43645463
43666264
43687152
43708172
43729060
43750001
43770862
43791784
43812676
43833475
43854328
43875225
43896002
43916938
43937804
43958704
43979667
44000517
44021314
44042196
44063123
44083998
44104886
44125794
44146790
44167605
44188449
44209357
44230251
44251184
44272165
44293028
44313891
44334897
44355677
44376612
44397480
44418236
44439122
44459963
44480812
44501635
44522489
44543318
44564130
44584900
44605758
44626465
44647256
44668163
44689168
44710003
44730964
44751809
44772752
44793628
44814568
44835494
44856329
44877248
44898202
44918988
44939799
44960591
44981438
45002323
45023202
45044055
45064969
45085800
45106703
45127616
45148410
45169438
45190305
45211172
45232063
45252858
45273711
45294547
45315377
45336223
45357064
45377955
45398805
45419684
45440477
45461354
45482272
45503212
45524096
45544927
45565698
45586545
45607462
45628311
45649145
45670007
45690943
45711733
45732589
45753444
45774413
45795314
45816201
45837118
45858135
45878849
45899767
45920700
45941583
45962463
45983311
46004280
46025155
46045971
46066899
46087797
46108626
46129572
46150459
46171373
46192297
46213243
46234024
46254851
46275640
46296403
46317306
46338206
46359114
46379959
46400798
46421648
46442462
46463397
46484263
46505174
46526045
46546859
46567671
46588490
46609388
46630206
46651041
46671893
46692652
46713459
46734332
46755224
46776121
46796913
46817772
46838710
46859636
46880479
46901359
46922254
46943117
46963908
46984862
47005691
47026492
47047392
47068242
47089071
47109964
47130789
47151644
47172579
47193494
47214313
47235173
47256001
47276851
47297745
47318609
47339455
47360321
47381220
47402102
47422942
47443813
47464658
47485504
47506390
47527256
47548056
47568962
47589753
47610647
47631467
47652351
47673181
47694053
47714927
47735843
47756618
47777485
47798406
47819222
47840165
47860970
47881822
47902731
47923689
47944539
47965395
47986358
48007233
48028059
48048967
48069882
48090754
48111625
48132522
48153372
48174231
48195107
48215892
48236827
48257622
48278562
48299416
48320257
48341070
48361861
48382812
48403780
48424717
48445576
48466436
48487363
48508217
48529005
48549834
48570653
48591431
48612268
48633100
48653924
48674813
48695693
48716689
48737595
48758585
48779482
48800416
48821289
48842285
48863175
48884071
48904951
48925846
48946665
48967662
48988629
49009515
49030360
49051267
49072165
49093002
49113881
49134798
49155598
49176465
49197342
49218286
49239236
49260032
49280871
49301801
49322688
49343621
49364628
49385509
49406371
49427242
49448135
49468950
49489718
49510607
49531467
49552417
49573357
49594241
49615038
49635982
49656868
49677774
49698594
49719544
49740426
49761212
49782082
49802962
49823875
49844806
49865684
49886574
49907376
49928257
49949165
49970110
49991106
50011942
50032760
50053702
50074605
50095430
50116338
50137192
50158098
50178936
50199774
50220642
50241439
50262291
50283095
50303960
50324836
50345792
50366677
50387504
50408398
50429248
50450071
50470949
50491757
50512659
50533488
50554269
50575224
50596022
50616762
50637626
50658567
50679424
50700204
50721020
50741820
50762628
50783479
50804322
50825173
50846043
50866916
50887754
50908693
50929549
50950441
50971237
50992033
51012978
51033750
51054651
51075553
51096359
51117146
51138098
51158931
51179910
51200827
51221702
51242633
51263592
51284447
51305305
51326192
51347021
51367826
51388679
51409586
51430493
51451510
51472354
51493256
51514141
51534993
51555839
51576577
51597434
51618376
51639267
51660126
51680966
51701712
51722621
51743442
51764296
51785133
51806064
51826991
51847858
51868639
51889531
51910356
51931195
51951995
51972814
51993783
52014564
52035466
52056324
52077223
52098072
52118928
52139920
52160780
52181727
52202573
52223442
52244330
52265198
52286035
52306881
52327730
52348676
52369454
52390352
52411145
52432052
52452924
52473783
52494587
52515441
52536409
52557222
52578142
52599012
52619815
52640687
52661587
52682432
52703276
52724070
52744912
52765758
52786642
52807498
52828298
52849170
52870042
52890879
52911769
52932604
52953522
52974413
52995313
53016237
53037125
53057869
53078811
53099665
53120531
53141455
53162313
53183097
53203890
53224778
53245659
53266476
53287349
53308115
53329018
53349885
53370749
53391622
53412452
53433225
53454155
53474997
53495920
53516791
53537635
53558593
53579517
53600394
53621406
53642330
53663123
53684048
53704924
53725905
53746754
53767646
53788628
53809474
53830362
53851188
53872017
53892879
53913789
53934635
53955489
53976364
53997183
54018064
54038871
54059740
54080601
54101503
54122319
54143233
54164241
54185130
54205915
54226742
54247699
54268619
54289485
54310341
54331174
54352023
54372877
54393712
54414600
54435407
54456221
54477076
54497885
54518679
54539563
54560484
54581341
54602244
54623091
54644034
54664952
54685785
54706639
54727614
54748509
54769376
54790173
54811101
54832092
54852925
54873864
54894763
54915676
54936503
54957413
54978181
54999089
55019895
55040818
55061638
55082471
55103292
55124173
55145066
55166041
55186897
55207757
55228600
55249419
55270254
55291062
55311902
55332776
55353606
55374493
55395371
55416200
55437056
55457914
55478767
55499672
55520527
55541368
55562297
55583109
55603955
55624782
55645634
55666543
55687302
55708190
55729046
55749940
55770880
55791735
55812657
55833560
55854409
55875285
55896152
55917094
55937943
55958760
55979653
56000508
56021304
56042146
56063000
56083945
56104855
56125699
56146608
56167407
56188155
56209047
56229895
56250777
56271582
56292598
56313430
56334317
56355245
56376168
56396899
56417785
56438720
56459565
56480480
56501341
56522093
56542983
56563830
56584697
56605416
56626337
56647255
56668088
56689000
56709784
56730730
56751501
56772367
56793264
56814134
56834926
56855748
56876569
56897455
56918341
56939227
56960021
56980910
57001742
57022631
57043502
57064423
57085355
57106246
57127111
57147977
57168852
57189766
57210625
57231546
57252442
57273261
57294090
57314930
57335677
57356523
57377445
57398290
57419201
57440103
57460997
57481930
57502799
57523668
57544485
57565346
57586197
57607156
57628035
57648920
57669791
57690710
57711526
57732413
57753235
57774165
57795023
57815905
57836777
57857665
57878503
57899335
57920184
57940977
57961949
57982858
58003593
58024350
58045235
58066153
58086956
58107776
58128664
58149627
58170474
58191283
58212219
58233060
58253890
58274690
58295561
58316434
58337341
58358234
58379049
58399902
58420758
58441711
58462629
58483509
58504431
58525302
58546106
58566939
58587851
58608837
58629768
58650663
58671475
58692377
58713211
58734103
58754935
58775815
58796679
58817579
58838433
58859270
58880093
58900908
58921780
58942743
58963537
58984413
59005168
59026027
59046894
59067734
59088703
59109606
59130560
59151442
59172329
59193145
59214018
59234891
59255787
59276541
59297422
59318225
59339151
59359976
59380910
59401750
59422589
59443491
59464403
59485317
59506162
59527050
59547953
59568786
59589577
59610546
59631326
59652210
59673005
59693869
59714664
59735585
59756381
59777238
59798109
59819098
59839986
59860851
59881816
59902703
59923643
59944463
59965260
59986125
60007054
60027886
60048719
60069574
60090400
60111272
60132121
60152973
60173923
60194865
60215803
60236702
60257553
60278448
60299218
60320082
60340971
60361754
60382629
60403487
60424311
60445310
60466108
60486972
60507841
60528565
60549479
60570408
60591361
60612212
60633178
60654062
60674846
60695667
60716628
60737488
60758451
60779262
60800112
60820979
60841895
60862768
60883617
60904493
60925371
60946165
60967013
60987937
61008800
61029708
61050457
61071249
61092167
61113033
61133920
61154851
61175763
61196613
61217481
61238334
61259169
61279996
61300809
61321678
61342589
61363448
61384421
61405384
61426275
61447138
61467947
61488887
61509790
61530632
61551458
61572294
61593108
61614049
61634874
61655650
61676456
61697327
61718173
61739025
61759905
61780883
61801894
61822796
61843723
61864541
61885430
61906232
61927042
61947949
61968752
61989565
62010550
62031443
62052304
62073256
62094170
62115013
62135909
62156813
62177722
62198578
62219446
62240346
62261167
62282088
62302966
62323892
62344765
62365684
62386588
62407507
62428353
62449145
62469999
62490879
62511721
62532596
62553410
62574309
62595121
62615970
62636897
62657636
62678524
62699405
62720284
62741196
62762105
62783053
62803875
62824827
62845684
62866603
62887393
62908256
62929016
62949948
62970771
62991703
63012614
63033432
63054482
63075301
63096182
63117051
63137889
63158737
63179583
63200411
63221255
63242129
63262979
63283858
63304785
63325677
63346565
63367477
63388348
63409179
63430010
63450913
63471770
63492634
63513530
63534347
63555190
63576075
63596923
63617708
63638523
63659376
63680281
63701158
63722052
63742887
63763832
63784692
63805476
63826341
63847166
63868058
63888885
63909787
63930754
63951620
63972450
63993377
64014287
64035133
64056068
64077030
64097909
64118790
64139632
64160365
64181283
64202099
64223017
64243816
64264674
64285551
64306429
64327326
64348196
64369051
64389948
64410878
64431729
64452514
64473439
64494272
64515100
64535936
64556697
64577568
64598435
64619330
64640162
64661058
64681941
64702772
64723572
64744377
64765312
64786227
64807136
64827935
64848852
64869692
64890545
64911492
64932327
64953281
64974133
64994910
65015805
65036629
65057486
65078382
65099178
65119985
65140961
65161850
65182659
65203621
65224489
65245303
65266255
65287139
65307999
65328904
65349791
65370650
65391582
65412412
65433420
65454195
65475083
65496027
65516847
65537699
65558514
65579474
65600343
65621224
65642070
65663016
65683822
65704577
65725375
65746138
65767008
65787867
65808672
65829557
65850498
65871347
65892237
65913111
65933920
65954847
65975760
65996635
66017604
66038664
66059563
66080419
66101353
66122174
66142951
66163795
66184662
66205527
66226350
66247276
66268166
66289026
66309916
66330861
66351702
66372566
66393506
66414326
66435103
66455952
66476795
66497622
66518507
66539350
66560198
66581043
66601992
66622881
66643766
66664569
66685420
66706286
66727125
66747998
66768816
66789744
66810668
66831502
66852406
66873242
66894129
66914968
66935774
66956604
66977409
66998226
67019114
67040022
67060956
67081837
67102681
67123554
67144338
67165114
67185955
67206906
67227792
67248715
67269497
67290388
67311323
67332212
67353037
67373907
67394767
67415660
67436529
67457377
67478133
67498986
67519840
67540753
67561693
67582480
67603360
67624211
67645058
67665948
67686728
67707619
67728551
67749383
67770192
67791123
67811884
67832729
