0.29731833913938727
0.2787821074925839
0.2750718366739246
0.2982668579658576
0.2772721366619727
0.2892477762039438
0.28963040875112045
0.26143755223678056
0.30360056394169366
0.28989327138315624
0.27791307349860994
0.2910154253067876
0.28983904839241403
0.29434207892355707
0.2917943486042279
0.2747208395472899
0.2993385760216234
0.2906010832575846
0.2761690681841693
0.2766692745505932
0.2800892803828752
0.267159455153668
0.2727911765896074
0.2999415149032224
0.29084875193043097
0.29032397650512415
0.30914697334269814
0.28468822909757646
0.27104798478592285
0.2791858872706642
0.29926762462111894
0.2804487723325231
0.28559495418250963
0.2732220073619561
0.2883916119981769
0.29343959310235196
0.27994814665546364
0.28674375533462937
0.2863166333026967
0.3093455214400979
0.3051241858510916
0.2878271910731637
0.32226380377495034
0.30616575024643367
0.28781511649762725
0.3081186485514155
0.29341800830162457
0.27739414370223126
0.293183137495319
0.29569292016168824
0.29255664892048405
0.28584298291327426
0.2859507610063591
0.2948298365605938
0.29205389206718907
0.27865389744309543
0.2956169435654661
0.2929140304486193
0.2771060294762935
0.2805792478164397
0.2728680663574226
0.2928989445782457
0.28991872355427584
0.2752128841392714
0.28402987756409903
0.27810722159009027
0.2978525724796778
0.2700808746614098
0.2855364633696359
0.2854449366596863
0.27553677114807895
0.2794162520146709
0.27602611986145836
0.27186845804048654
0.2676000353309766
0.27576978412328035
0.28256795375919697
0.28462120763098797
0.2700414993434982
0.268620517896533
0.2794913215559751
0.2782985543703358
0.2823805234146852
0.2758493090743973
0.2948858801548324
0.2657435788955663
0.29663282815506514
0.3082736803014599
0.2926940780455879
0.2853790248263195
0.2895878722178794
0.28208535796471984
0.2937443120486517
0.28925617622497607
0.2850281540092667
0.2818015975621203
0.27164765513032685
0.2664651978582766
0.2774098147283932
0.26853681868802903
0.2698325362869797
0.265294835092429
0.27914480752918036
0.2662733153906586
0.2809572206793528
0.29317351957076565
0.2682200493158553
0.29445911097106536
0.26857324607297856
0.27807064981225
0.2742176222465611
0.29244444861686036
0.29319646533909133
0.29349395989463845
0.2850743430999315
0.2840909856725391
0.2690295301215231
0.30477252898912777
0.29344606153583475
0.2705739091490541
0.29238896514944823
0.28978643709234064
0.2769410520681183
0.281319350975252
0.2794034370477577
0.28993680531956856
0.2642012901678367
0.2982591777301647
0.2759694822399832
0.3004102096725919
0.28893703674805304
0.26338678016099
0.28574536005792056
0.2703694205609618
0.2907079839672851
0.2844880809361551
0.2928591730958564
0.29203767453864216
0.28089909763251997
0.3117088344662898
0.28857015713564305
0.2853922135132601
0.28146065013843113
0.2885473866703544
0.291218686520034
0.28002430576550735
0.2885238411778787
0.2932369821059798
0.2571833369415895
0.2709810797155351
0.2777428946514111
0.269504496786413
0.2825955880339659
0.27501599890061057
0.27972086455979606
0.2860087325386571
0.2901397578282594
0.2926975081463921
0.27883286065610613
0.2867439088416224
0.28880649376038703
0.2824792516138993
0.2861158537295436
0.27901421557666517
0.2841670192967736
0.30352965894835104
0.2959260222478085
0.2805318245618446
0.2829538076613891
0.28400838586038213
0.28096268483173936
0.29082677670540713
0.2897169790765768
0.2963935109453737
0.29711552259070584
0.3062182530158902
0.281599530482351
0.28937664626135484
0.29915688005232666
0.29533914347758355
0.27434295256835756
0.2928056617885221
0.2837764703568312
0.2866199512960196
0.2830041902115641
0.2925458072301751
0.289645314517394
0.2780951828401881
0.2754397040061919
0.2735677722245016
0.2785078780916521
0.26825261773307557
0.268907087630023
0.288954100759249
0.2860454320654895
0.2811914119102817
0.28139288006359986
0.28023166295451135
0.29792415630915736
0.277624781099975
0.2884130358247925
0.2905450649493706
0.2920011234377433
0.28228293151820405
0.28273074330047165
0.2798054709197374
0.2737256063601045
0.2698937659647911
0.2838998073225498
0.2658753812949553
0.2676815111850141
0.27684912437739617
0.28648297928208744
0.28824195689637977
0.2765413624683884
0.29496046609968773
0.29022520059117674
0.2763448628738625
0.26809460484449665
0.275640742043883
0.28884201582256297
0.3090035646886724
0.2934210308395554
0.30851795919122116
0.2693624947676023
0.2793742543570915
0.2729882393447311
0.28757304689167773
0.2746249509793912
0.2772669736966684
0.2823885148108285
0.2794270913474995
0.2995687396338406
0.28735255059758047
0.29639920250313556
0.2835192384082279
0.2855520109923657
0.2850168440305646
0.28071373115984743
0.2630847536545761
0.28279388508196235
0.30538598183265975
0.28674078859670504
0.2969573890154803
0.29412674056742
0.27799889202397177
0.28105248473973854
0.26523387596436787
0.28277428211718575
0.2853698127794644
0.3004509470789374
0.29029809867716894
0.2818963940007355
0.2879002053007584
0.2868219475327687
0.28791661403036495
0.28663897551409256
0.31595449638952944
0.2999571936802437
0.31172981315706505
0.29253123733853015
0.3006072423957977
0.2802469149221617
0.2770860132284383
0.30139487517742264
0.2767580332183117
0.2795531183804988
0.2852988783233824
0.272996400623313
0.29166744121719856
0.281890470007189
0.2835866907172692
0.2859601537238553
0.2837071775929214
0.27162178912949325
0.2892579567470526
0.27406628480505935
0.2820878292879718
0.272234312850423
0.27853725515829275
0.2738631233374871
0.28879081630785514
0.28176745646946905
0.2582738517227512
0.28277661759929346
0.2910755764707954
0.28671651133560894
0.2936449090621941
0.29541212379831877
0.27622980793569446
0.28070977646521256
0.2528367168579734
0.274291642380737
0.268735041145324
0.30465760288676136
0.2947010458772156
0.2943904624206747
0.28562221737396953
0.2974174612712619
0.2801446597288053
0.2768850591704212
0.29224295853637894
0.30049087709222344
0.2981656279982225
0.29198521991763565
0.2853212477805841
0.27262232525766794
0.27401416610276325
0.2637448841707615
0.27766374347101164
0.2887595335822501
0.29716261847765957
0.26749424856703996
0.2858542931145621
0.27067036578714554
0.28042513734953023
0.2667817857704805
0.2794240510487609
0.28135727541867306
0.2700511044258376
0.3037395695331831
0.28400606960320357
0.2675002120348467
0.2894971294425576
0.27708741724893865
0.2719362848098061
0.24924197352850636
0.261979747301993
0.29332057236666864
0.26202050877771277
0.2655691871542968
0.2695912863372687
0.273688604579297
0.282925038405663
0.2919535785127575
0.2902773454023271
0.2943870154972258
0.29116716136569654
0.2903629085983597
0.26167814018038427
0.2858433334234418
0.2993505132151285
0.28338637190445237
0.28617430898390683
0.2914554500623727
0.2950016545492311
0.2905981126293675
0.3004942883152616
0.28879865558646856
0.2873508302112868
0.29607989510029
0.28360238026111007
0.2798173117158822
0.2886970247906886
0.27345788702691837
0.284476877337412
0.28153191425771584
0.3016854425048475
0.27560179067028545
0.28209799434177496
0.2780365609115537
0.2802650082536982
0.28656685823159356
0.27276628088639787
0.27990821918907877
0.29607873541264784
0.29709406837144575
0.2758952069707703
0.26210585319381285
0.2806651275069082
0.27855911222919005
0.29124007103924365
0.29194359456314867
0.2922473499111309
0.2756807625070075
0.27423001476348124
0.2685828712707635
0.2861942896006892
0.26391548074102184
0.2745059629524741
0.2815041874982027
0.287942104504082
0.2986952224643241
0.27061367824073046
0.29366054602122627
0.28739107671985953
0.27446137964286055
0.2875461725459578
0.28557926859545474
0.29010367826593986
0.3070955273827175
0.3091194541865665
0.28788159814880177
0.28816160961099524
0.31281951528657465
0.3097659149692048
0.28048542486210537
0.28839148886686095
0.28220737713827115
0.2841911645133599
0.27003846809231513
0.28766373807471884
0.27990498296944677
0.2800658306245858
0.2913010593211731
0.2824356700388869
0.2893717128751676
0.29226345351831995
0.29691067718752984
0.2616254882748743
0.27069490978507965
0.27737401352942975
0.26161234039395337
0.29010597895999474
0.29328687175556134
0.30093746064751814
0.2894303516153781
0.2737545514522685
0.2960057631030112
0.29836392190521666
0.30780833621279324
0.2948952047431548
0.2854170207088039
0.27156123442307084
0.29196351660219577
0.2908647501192534
0.2843260452862567
0.26922330560715524
0.30019736400807867
0.28502724280341685
0.28624637549259124
0.2872710142489485
0.29008992707886616
0.2708522689652062
0.2823662913125768
0.2783997656193197
0.2719802904618063
0.28372574700654085
0.27907852778194425
0.26588332077931087
0.28773540205672776
0.27027633063396184
0.27875916890864694
0.27845975606803486
0.2835655609507193
0.2829196819903299
0.2670047486827808
0.2667748916495004
0.28455630467216375
0.28966107605215174
0.29322737682304767
0.30710697031934575
0.3044359307178375
0.29736780670884744
0.27843618408575255
0.29633362774810723
0.2912519171350349
0.27227471616107046
0.2611738840942998
0.2783795469036443
0.2762085769883087
0.2726337231317392
0.2732480278630042
0.273120368989085
0.2806897073369965
0.28759170412241786
0.28669773896558776
0.28191500846333095
0.2887231101117502
0.2782667537990653
0.2915550482828727
0.2861736646891121
0.277528575779465
0.28470665548669427
0.2812858150739279
0.28401173804554847
0.3043392706445325
0.30515172283827685
0.2682067431212197
0.3078292100113723
0.29980444592300143
0.2921617101460591
0.28547646972875096
0.2854471566242126
0.28554282587501295
0.29190787391138306
0.2775828190497575
0.27286238451493516
0.2933041447560488
0.293807809713754
0.2969991362444334
0.29829511391127317
0.29924759440315224
0.28728621970526713
0.2962676709671037
0.2625193563203576
0.269774658047336
0.2750340009469804
0.30527574199568985
0.2843337984105684
0.2911248647114471
0.2870264688055022
0.2718866924611619
0.2609970171041409
0.30041322264539005
0.3059379966232496
0.3044265505276039
0.300519967200767
0.27911753479007284
0.2921656380216215
0.2808696520777737
0.2855847613145327
0.2570749896464619
0.305115374454814
0.2694271638014998
0.2879245119669035
0.2968931999767824
0.29391285364663333
0.2923064893807533
0.2802963988290171
0.27607107660397745
0.27877233623106046
0.295960647725696
0.2944189070527321
0.29222718817880844
0.28321905675887626
0.3018132218862081
0.2958766312292055
0.29439186952266294
0.2852014369475338
0.30790763939734567
0.29252053004972306
0.29772965953455705
0.28912595318986695
0.3008074063894407
0.2784079607330389
0.2755193346391871
0.289945831172645
0.27811627115635834
0.28706039772954073
0.3007976589869502
0.2725588110953294
0.28528830056326604
0.285299782851679
0.2775966193238938
0.27013129318270535
0.2668706017610355
0.27079345262942467
0.27383368057195256
0.29106141498325455
0.29170104544462144
0.2839658493138868
0.27943899429770824
0.2970714178340137
0.26685472286192635
0.30708132150030887
0.29387728591228196
0.28809088846036457
0.2787136341453743
0.2691204198106321
0.27247235433184314
0.2748908363605227
0.2822467093353592
0.28727290011399287
0.29364874342089564
0.289383603271764
0.30898867338871316
0.3002184606881996
0.2945867873380319
0.30087114057102404
0.2787878294830143
0.27980739614406835
0.27639754299400837
0.27643155069457553
0.27352510399079144
0.29099010583141594
0.2872950738009588
0.29412091895221276
0.2905014308515468
0.3004170732577352
0.277589716278729
0.29765428781125175
0.28332002827602776
0.27547442385433046
0.26902956188690025
0.25812888266979245
0.2690725944519601
0.2825016849538212
0.28717200065910453
0.28574853769615394
0.2918901001889871
0.28595604380014206
0.29134298035399797
0.2927754458625488
0.279929403767744
0.29066781712188805
0.28283383183398025
0.29173207890850394
0.2919129278303301
0.2855656461398324
0.290801947802243
0.2957393094462299
0.29983516857742554
0.2707906414347042
0.2724797722524116
0.2919131127443979
0.29408262756277737
0.2902363342311009
0.2898010370644954
0.2788875233276538
0.280079533863951
0.29014928563291875
0.27896214926508545
0.3005509250113092
0.2910294161682351
0.27827924514956504
0.2859976314532149
0.28842880764489665
0.28636245730917814
0.2805984842673708
0.28859095947552704
0.28066980844812306
0.2638810619217537
0.2869549363616394
0.28959502531824177
0.2850258819678966
0.2766812624863184
0.2896393370654579
0.2762343843749139
0.2889895953968744
0.27044380493530545
0.2615423539219366
0.27511729015555186
0.2895634240007058
0.2667097318854139
0.27006063988394097
0.2735976544338515
0.2952335434569174
0.27623176436457964
0.28919742742053217
0.2832793495514167
0.2885792218341613
0.2824844075238596
0.2816107612135148
0.2656452767428713
0.2698536787480366
0.2607448357502091
0.2706153361911841
0.28679436177108963
0.26602534876314177
0.28621123772090395
0.2945147054027981
0.2914455367385126
0.2675644118374641
0.26824163432322123
0.2691361712435322
0.28843688628776193
0.2849062408133362
0.2839175165849205
0.29390023186958203
0.27247551924900726
0.27586615203250797
0.2704319344669116
0.2674681230018422
0.2760737800901981
0.2898482411331736
0.28523144929133015
0.2865456059217164
0.2838106350248547
0.29896631765678683
0.294526079148841
0.2717658146570231
0.28003657429159345
0.2859763103475108
0.27434048560148694
0.2877439134396321
0.2779680289078064
0.2696416518143405
0.27613471872821316
0.26738116990168226
0.28654038522121295
0.2758522422384499
0.273357496633581
0.3009664025830999
0.28726007942709025
0.26511648768927065
0.27846317997383163
0.31412843870442664
0.2979270324198986
0.2872079478498779
0.2959005007504384
0.26317942435903474
0.28734696337199966
0.2925376712573437
0.284617781984438
0.2901849658720289
0.2777860799594475
0.26484280556586337
0.27753627802846126
0.2953369874128605
0.3025151439407231
0.29237168490954596
0.27759551830655155
0.27769135115917487
0.28543528241619825
0.27693541034032765
0.3007952341895085
0.2928394563033586
0.28330013703913093
0.2964243564581811
0.2962337613066459
0.29737413126965206
0.27727996334256144
0.29683956017363866
0.2962182946630036
0.28228941722568546
0.28444991008808324
0.28979430989899646
0.29134052709897673
0.2649561299981223
0.2649464907976262
0.2690224612700162
0.28399431467837877
0.2901076766452124
0.29334371352491917
0.28177361942473617
0.29489734873128337
0.2765921524714629
0.28874121762598004
0.293138655978466
0.29596966729111107
0.2887184680271965
0.28461578354943007
0.27079795936257534
0.26333848823643013
0.2746670677203291
0.2575118066480213
0.2761981680960342
0.2729872218733973
0.27675931590340086
0.2808364992295975
0.28159562432516483
0.2673745739946357
0.3056996778806814
0.2842306661060128
0.2946589992042197
0.29758490712978325
0.27868990038808084
0.2746701873209321
0.28383715882897
0.2708530725713257
0.2736496350106469
0.275204979053427
0.27627434333109363
0.2897828876952683
0.2964278252458278
0.2850155932589572
0.2908468166783672
0.295769877057518
0.2880060322789658
0.2846785333582733
0.27792258548406706
0.2792535450198673
0.26841930243373935
0.2640410312731617
0.27095805189816435
0.27922393213476193
0.2701804695128325
0.27402104161285545
0.2865133376088107
0.2944535695329597
0.29335723658632634
0.2784157713604474
0.2943562040194724
0.2826609192531343
0.27318649561353076
0.25694345236395916
0.26622685051758266
0.2759368984483094
0.2707656434962251
0.2655004093703317
0.2639197381661318
0.2895383869052389
0.283006616839647
0.2795889370402399
0.2692308255935041
0.2724709336722587
0.28383176263952303
0.28496856046390584
0.30443686626851585
0.27757090749722735
0.28383732890718777
0.2833194489395397
0.30551251948984776
0.2890109564105749
0.2979968231168634
0.2829423693068786
0.27325734645332567
0.2904577470087075
0.2757384164402741
0.294507283514499
0.30742705572172746
0.2831275073091916
0.30869815439132264
0.3062301383308792
0.28728238383615246
0.2734859367803645
0.3001382072397131
0.29404204747125307
0.3020966508094096
0.2947015572335639
0.2883699909639389
0.2643256261514721
0.2817407149653893
0.29033418169514014
0.2972738305824182
0.28245895264486764
0.2829247117989996
0.2808091988790489
0.2850501226380058
0.27043195420165655
0.28368589782711706
0.2786355761546935
0.2852165498866822
0.27154079661730235
0.27853019935839407
0.2821238195543281
0.28807275968171764
0.2781761303511955
0.28733302457009574
0.28394756970851587
0.2752140104687215
0.3009929627526263
0.2787390513769808
0.269763174828866
0.2663895182277206
0.2959193501246624
0.2757249209841796
0.26759873312710425
0.2999874020850628
0.29368318388415376
0.2752197643185045
0.289295294182914
0.2936074752908266
0.2844160808898683
0.29317839559797587
0.28900162261340756
0.2813803181423412
0.2808503026051803
0.28855638427936237
0.27021981909329873
0.28148930642958603
0.25847501841980647
0.2866445171860187
0.3049105464342691
0.29586482678723913
0.30696410009166036
0.2847678250426444
0.309353789629074
0.2861461684387438
0.3010829112970809
0.2886587280850378
0.29508924230671957
0.30489246225712685
0.2823830200459417
0.2544423667103405
0.2800375653437985
0.27624975370626204
0.2870410182850793
0.30417319538830945
0.2915981098585158
0.2857426755745578
0.3035393470700933
0.2925253842867836
0.26716194880595234
0.28502517087077184
0.2701753804745093
0.28295782558103183
0.29035689734075154
0.28234704775603936
0.3091893533105845
0.2887899864765059
0.29095446359348237
0.2901190655863266
0.2765018535070219
0.30651938359776054
0.28601291134146684
0.27180613865613695
0.2610462887391479
0.28275676385083337
0.2915983944111634
0.2948607124929411
0.28657518159877293
0.2848136904477925
0.29795591243934294
0.2966125631481565
0.2838297386573506
0.30320060120925796
0.2928499440415895
0.2992259043133274
0.2948123807721178
0.29835339042834974
0.2957005260164845
0.3076469265714459
0.30093103103524965
0.28434703112603443
0.2836219798159967
0.2908978350050848
0.2786291312636646
0.28301382941672676
0.26756360127910916
0.2921333248098267
0.28150857953037955
0.27342862919243227
0.29406974986392376
0.3048534734694118
0.29482683045590824
0.2948059670173595
0.30660674055015075
0.3208849029787881
0.2867183336422461
0.2764971493930431
0.2860843743989654
0.2964546858300523
0.2892579253569061
0.305610103063647
0.31075515461620656
0.2955232127061952
0.29084173847099043
0.3069914881175906
0.289455091496703
0.28796652014889956
0.28417417817444635
0.27350981992720386
0.28247016960488547
0.28113147919640313
0.28742377878550396
0.2909578545804301
0.30260910387322987
0.2924596222728424
0.27181053097022306
0.2834574149143123
0.29314315876087926
0.28931064114643484
0.28872147559390915
0.2862468924792036
0.28441075082775324
0.3035823825630132
0.30833347850074194
0.2940645658890547
0.281632617496848
0.2910840613011298
0.29692818571562096
0.29170496310641075
0.2800679842223116
0.2885868698971032
0.29226194911177933
0.2925000871182035
0.28177103971393846
0.30975819882155653
0.29902182134590743
0.288382756675136
0.29476081011520006
0.29960779566499196
0.28567346153099255
0.2736840979630879
0.2853082531833552
0.2748829504106497
0.294941216968991
0.2924746885735686
0.2735560166317319
0.2676220710356289
0.26864390365413215
0.27787984595827886
0.2975927821411999
0.2846622699932231
0.2791713349767648
0.2774832627104527
0.2623932275152494
0.26987103300334486
0.2797011863794392
0.30375641186267555
0.2915768451861205
0.2627162377704205
0.2824681167491967
0.2982479466852622
0.28172929960571724
0.28150989739923254
0.3052727921376758
0.2919863118916385
0.2920472048065589
0.30271427493668246
0.29855279290620096
0.3040834945917057
0.2886637673864403
0.2997512692139904
0.2880481709880517
0.2709775140127946
0.27363918819267746
0.2766946111837425
0.28718762828369404
0.295804267599235
0.29184616873895275
0.2670976656191163
0.2962803553832599
0.28510859328192273
0.26889942457857363
0.27440842053041503
0.2890034681650806
0.2976891030089519
0.2950709880564647
0.28747718175061476
0.2912930557404511
0.29042686493230596
0.29263736716469996
0.28153131926279185
0.2990793702876149
0.28000230420473843
0.26060321640373146
0.26295375021663686
0.2686335617442874
0.28097713507195754
0.24629464848141075
0.27959703060350094
0.2866881493902951
0.2591294380540133
0.2814886814966266
0.278923175922062
0.2781466686027664
0.28379570080579775
0.28102685414778744
0.2706977369074983
0.31159711432232184
0.2770559655952187
0.2973978786780177
0.3046230302686016
0.2649230375248458
0.29640991619457435
0.26086263122680625
0.29536471013865156
0.2708107791994061
0.28738396780247333
0.28330220691950175
0.27810767248926843
0.2860506009289527
0.30976295629729195
0.28781321552287303
0.2810003727274363
0.2916989694555075
0.30047303402895
0.28401336349662987
0.285092678207605
0.2616120779035672
0.2693184690489403
0.2823408865582999
0.28705302272118177
0.26236928305580387
0.3031879176242192
0.27933745647357394
0.2915092506748125
0.27071243401120315
0.28970124629665267
0.28436710704180623
0.2941622562542937
0.30131242084797183
0.29616629999932503
0.3040538311109535
0.2727257459682153
0.2925892863933889
0.2900146817686718
0.28175011979826636
0.2840256974271339
0.2913654536990446
0.2826960343324917
0.2893516744097502
0.2939563597181241
0.2955435916931951
0.28430853903277653
0.2861622877921789
0.2840773576241393
0.2768738438066114
0.2799458656487219
0.2653383590847924
0.27308687089116035
0.29745996813339765
0.29720737623085275
0.2802834317820696
0.27899332604315447
0.2696120057860568
0.28407415896285526
0.2687069414269525
0.2930175488030753
0.30219531158870916
0.2801431997196132
0.29537314001304865
0.28763794417994054
0.2723908306472944
0.26609885582282633
0.29602077054195997
0.2828713449526947
0.27718636388768536
0.2884305453658665
0.2795733359522805
0.290676406522941
0.30567013240058516
0.28127446109851784
0.3055861280650992
0.28490412466530535
0.28607394372857275
0.2873275491764899
0.28892895819905495
0.2903305408888684
0.31008559722025336
0.2850212043158856
0.27571895462766527
0.28021074785974276
0.29204211792044393
0.279019035846123
0.28508529885354017
0.28227366878114185
0.2986952203469875
0.28110060212868443
0.2729913858629581
0.27296875300376594
0.2937487107146888
0.2799296291456774
0.29366157203209076
0.29611618980185167
0.31321894639864845
0.29088583280640556
0.2962263284765967
0.2826686711614665
0.2856462060184088
0.29478863441850445
0.3031914244183327
0.28331509531145505
0.2872299861915789
0.28244666729323425
0.28017183567476645
0.3034872564233652
0.28039892120614246
0.2477765963434756
0.27239206771243013
0.28638608896235107
0.27518714732387006
0.28923625029556266
0.2807200541586356
0.2944057530174844
0.301531949351027
0.2792277389695889
0.2923207820465402
0.2833010311906551
0.30257684519698447
0.3128566015228764
0.29680172449240805
0.2759562497587241
0.29332042648039713
0.27615363623636147
0.2980567063285447
0.2921658980466099
0.28185405549980835
0.2961522828427165
0.2989690629199048
0.2712295246055577
0.2889848309358608
0.29331325728862523
0.274583144160778
0.2883055858123469
0.2721091211838224
0.2631171581426949
0.2795361617176959
0.2881343230852813
0.27233660954415906
0.27127597324400765
0.2836696145412491
0.28007514615547
0.28511810099489987
0.2975049696471165
0.2590474234045954
0.2621216370337847
0.26087886806946814
0.280137878252548
0.28761081484279755
0.28096746589987465
0.28219643243962755
0.30656432816564205
0.3044868635333221
0.28530555110555045
0.29810355234136376
0.3109876138185027
0.2925983039963553
0.270869875213807
0.2779900927555667
0.280954637306369
0.27602318975897355
0.2877370826731547
0.2991961184362369
0.27892698428650325
0.2847867317817867
0.27068893682685535
0.29623162502665834
0.3064767983541856
0.27971598681956084
0.2759712324325281
0.29084141675016023
0.2980830869515315
0.27687244960013024
0.2762250025979013
0.2678057849015421
0.2600594877219784
0.25265342972545923
0.25989516546676883
0.2514243332854711
0.2797587840356587
0.27910078656969595
0.2606588140922924
0.2685713044408302
0.2815154993217992
0.2726790726985633
0.27638680145794176
0.28617587716340276
0.27849296041776106
0.2868421240910275
0.2978509423346496
0.3028001714576223
0.2884722614720777
0.2797303797006738
0.2723187677731539
0.2865958142265653
0.27322918419470954
0.2670473025194414
0.29945113678326574
0.3005395957785373
0.2931570598265274
0.30766290052031586
0.29457499686785604
0.27781079509386464
0.31074283590483065
0.2839560944318723
0.2724953506503216
0.28584170261840425
0.26726336747852825
0.285115934517285
0.2847957402857878
0.28384864246558084
0.2917605117673948
0.28826314438976564
0.2849599713819716
0.27551279114517147
0.25940575633398205
0.2759480608732432
0.26663307995611696
0.27971713054033986
0.2936254624097405
0.29006620739123734
0.2736020333380861
0.28477367501704953
0.2995734335730633
0.28994319699229826
0.28231716317191696
0.2826911495001977
0.28802588232304116
0.2925603577019742
0.30328959104458125
0.2803269772687013
0.28417801523933195
0.2857722389895511
0.27704585382013425
0.2830826161932981
0.31143376900607056
0.2892720540575643
0.28486445419447315
0.29986656427350283
0.29404927078978693
0.2855577371908413
0.28321216635013147
0.29113835252451864
0.29771421795031844
0.2847676684971876
0.28343980128019197
0.2786394270882008
0.2919066823495288
0.28612692571711323
0.27852723542423546
0.285345274830598
0.2768810434416587
0.2912082724425182
0.28458563763141
0.26844706339209834
0.27479659402909196
0.28296381361776846
0.3057936440021602
0.2840998588372303
0.29289212822424066
0.2932128254620161
0.2954624318599813
0.2890549863754478
0.2665032447527992
0.30284638410138787
0.27340878074464714
0.2716736262282904
0.2864653393171283
0.2725912750348766
0.278919513940069
0.2819499800394799
0.265104033171623
0.27873962061278557
0.2900011541634603
0.294107479822526
0.3075248462017186
0.30404666955711557
0.28160742020456453
0.29583099939319313
0.3047189856029193
0.2869326998096612
0.27801168786050334
0.28799106342220515
0.3025048864725814
0.3007997783942562
0.28654051877568304
0.2978314584645605
0.2747592195956975
0.26209834160385903
0.2734329502987386
0.2715623883036307
0.28228895981396285
0.28092556244107814
0.29492493585525964
0.29415899533752987
0.30264775298305363
0.2838138175215962
0.28241922417935506
0.2721012111076
0.275294372045699
0.28463607315437467
0.29634880024860155
0.3068070000461077
0.2962919731492075
0.2870850176484078
0.2904078283409035
0.2848077131140185
0.28682140499611636
0.2783940507409678
0.2943873887111737
0.30644628877664415
0.25872102433671296
0.26884257332144584
0.2876791777769595
0.26542889331471875
0.2649785627155919
0.27278860689362894
0.2822064841917925
0.2808618252819025
0.2942000861592713
0.27714301690724025
0.26273198944784665
0.2523966452074085
0.25962260727771697
0.27774247000921415
0.25770324843847003
0.2828241753983913
0.26479461753113775
0.2791185395177304
0.25965588495093855
0.2848124683201807
0.2790901323784935
0.28415559167405613
0.2697632506707495
0.27086390871651894
0.2850620039323837
0.2752699268331128
0.2783986135289091
0.2647218254848186
0.2668967948059809
0.2812111395218242
0.2851753272672346
0.29082081868473664
0.2870606834709911
0.2894431085178575
0.2831652004906997
0.26496213019452153
0.27285160740046155
0.3028940595485127
0.2857249056340438
0.2882531106308418
0.29940008540202884
0.28003541428120016
0.29041333091208793
0.30025495785356293
0.2832312153357558
0.29094406011412793
0.2755389810958878
0.2837966351543435
0.2719314561982782
0.25122475025586244
0.26500154226307415
0.2802059920369534
0.2802626676023875
0.27630115440787995
0.2753730606033328
0.2749137583353797
0.2808683680553629
0.29802281821123255
0.29172171771951766
0.28006620698604123
0.26206643779753586
0.28370392977745107
0.2934801466188832
0.278700914453925
0.2903608569423818
0.28078836161089726
0.29908735182246005
0.26747969680538797
0.2750119787238724
0.30547213880859936
0.30431748715244805
0.2898183451095314
0.31335658165983704
0.2976759587881539
0.28002572322278674
0.28146113677746853
0.2819309310341923
0.3013027365670322
0.27592009536077283
0.28071334904042833
0.2992145309603304
0.290930381023807
0.2881494688789621
0.2924629886323471
0.2933070429110032
0.27971862782617674
0.2848616461698672
0.2766353315732624
0.30505421385518705
0.28756073718590747
0.3048676399609008
0.2965307980242553
0.3067142002127111
0.3000429925847685
0.28898116648321576
0.27991531291893645
0.29928283078823464
0.27796004294820603
0.2664262459478134
0.290242221644312
0.29226545479117727
0.3048159365252586
0.3014796914259835
0.3129185498105508
0.2828487638885775
0.27222302038319873
0.26842096859149045
0.2946860462247425
0.3000935388994326
0.27776907872619777
0.29836263284701925
0.28977699651912253
0.29002938702953585
0.28211313071037614
0.2882313940850097
0.28519342848971074
0.29204424740966617
0.2913716937031646
0.29462500722886886
0.2730923169760255
0.30224875199494294
0.3045200303555029
0.31241728892171106
0.31016728786730974
0.30778139004153265
0.30206395767414707
0.29282701368686614
0.2941937376148818
0.2943914712576268
0.29172900922331657
0.29793261765413426
0.2834817517491618
0.2915481230794509
0.2847174262617055
0.2937130479659783
0.28069040214564356
0.29570026221971984
0.2855373505435437
0.2904263823759958
0.27931391381018833
0.27474306351086464
0.279279846876896
0.27765894417676823
0.28420430831963583
0.28092150549508227
0.29056140505186034
0.29573756859560774
0.2994902269783142
0.3061749043306034
0.2859020580872094
0.3037419472102516
0.29331279853429626
0.28697709882335076
0.2646760079473258
0.29273762657918234
0.2947719915556616
0.29566468085304876
0.2854047023478386
0.26500591198351225
0.2887881258175815
0.29111149500599975
0.2820395774611797
0.28155227560895746
0.280261237049787
0.28006517215018933
0.269654520095614
0.27879759817946337
0.2970575341546366
0.29086221803063067
0.27488850474985577
0.28495399999743387
0.28424580486530726
0.2639275295715352
0.28223105780521585
0.27006954988677856
0.29008062298477455
0.27560402399743505
0.2815226384218784
0.29879441396892836
0.2928045137411849
0.28493781347998537
0.2866147018808606
0.31370468160504594
0.29733491599095174
0.2736555036136219
0.2769517452929261
0.30750548430373875
0.2897717364052141
0.29091856413705336
0.284076399908462
0.31946701724948123
0.29507968333227447
0.28744819459882115
0.2815076169762078
0.2912394215657733
0.29049683881739047
0.2817045384067581
0.28433951375099864
0.2944131996295327
0.29450333805598417
0.29041811683517077
0.28628700958028747
0.29748349443103794
0.285641611675329
0.27619987830622483
0.2764259505543608
0.281444481034708
0.2773509744951277
0.2831468087929102
0.27739289667914213
0.2763846879866734
0.2794263024661431
0.2708134343002523
0.2841296884710587
0.2776956906074518
0.2708520557282613
0.27893243672717777
0.2550796642393028
0.28179859105878213
0.28656061299196645
0.279884630632846
0.2885758709539638
0.2805972154869625
0.2853674075246442
0.2878461646045569
0.28947025474492105
0.2749346566502079
0.29845534503342414
0.27767390321566726
0.2921640179976826
0.2992434516036948
0.2937712335504064
0.2865319254240744
0.28535401685025064
0.2796988057638413
0.26518544466668403
0.2934173969815731
0.299715385035479
0.2646444113832721
0.2862985039966075
0.2804234319210424
0.29244211029595324
0.28580545859696005
0.3073199939908878
0.27543997066176684
0.29243487644962685
0.3023444680365682
0.2812306465928348
0.274591045341261
0.2808517524480243
0.2828193159450111
0.301489651945036
0.2861076901923284
0.2747574713465246
0.28633870661350413
0.2861484204381793
0.29090497601032533
0.2716280481280712
0.2650838537847071
0.273057135057155
0.2718257528696236
0.25402915913883295
0.2567760507238943
0.25531399253465314
0.2958646203510693
0.27815899701748836
0.29155072372312946
0.2749741498049974
0.28147980580215826
0.29346764469421793
0.30550131752516174
0.2717160333333277
0.2689840628101287
0.28009159225513436
0.27019895302901087
0.2865824875140174
0.27381068910210726
0.2799910339015777
0.27658285536902216
0.300831633490554
0.30393037669578565
0.2724563266353402
0.2900168454622193
0.31193316852514247
0.27363137575223817
0.28031304779009086
0.28168667097125366
0.28791131972403233
0.2852743125282023
0.3001634967266455
0.2741906382137462
0.2881585447125582
0.2921756811330726
0.29620227567575874
0.28499923604184807
0.2759864359476245
0.27071178175527427
0.2857931032037423
0.28259071360967597
0.28627141832295455
0.27968543718092576
0.27887495416294483
0.27681155185794226
0.27988014581444043
0.2707832819889707
0.27974936962612684
0.2907803480570194
0.2926554845758296
0.2907558649305064
0.29943730108068384
0.29836009332840835
0.2612201071200223
0.2906538335473957
0.2852393794457667
0.29561981154237915
0.29337177835366135
0.2742714746981764
0.2774620605099563
0.2786399307442379
0.28859882388212865
0.2930859785600971
0.27989245878803815
0.29342037527119613
0.28671855085250353
0.29101668124960767
0.2914894687747096
0.27539894994559677
0.2857449775620491
0.265977979954944
0.2846541831279821
0.28850649263274153
0.29532172593462125
0.2859002141757599
0.28573727566488416
0.2815995263683465
0.2710745427889817
0.2707519704532321
0.28688642248359403
0.28356512250728055
0.28123322369514225
0.28957538937132754
0.2857608663365008
0.2660569340724957
0.2920397853748461
0.30600232979398756
0.29065761918332167
0.2937266235941819
0.2745141632558684
0.27412127033519984
0.2712984632181227
0.272313542658015
0.27759654649471266
0.28188691501045293
0.3065894154625836
0.28616283894312367
0.2829861265635416
0.29829620148038444
0.2870877320779341
0.2927161096268499
0.27717958043115587
0.29645640024140574
0.28744182774189386
0.2897506368162896
0.29416551446798556
0.28374198946684465
0.28113315321587196
0.2877135663766597
0.3006880194789031
0.2949871720630939
0.2663397187071479
0.2788377546105322
0.2827500661540519
0.30867496399169625
0.29944622307076063
0.28811225188347955
0.3074356178526573
0.2978449056525958
0.2920441409219259
0.29285817405898934
0.27352079055892986
0.286864626009831
0.29638686920678026
0.28967983995948166
0.30449135941345695
0.2846395710074212
0.3006173412685869
0.29626290034365776
0.2827582260283262
0.28118650543418194
0.2784317161623826
0.29110309556126196
0.2841620871640236
0.2802758592185496
0.27429878418916265
0.2788436506887625
0.28940868113209733
0.2831899055453829
0.2651251053039302
0.2781185473023367
0.313929840299389
0.29493128340301367
0.2700405553714701
0.27513161989268964
0.25071103724881116
0.28075140993022896
0.29894810710634934
0.3161604367234414
0.2941207532650698
0.29698327077527853
0.28593032226043
0.27051510266074796
0.2828615661620929
0.28835269886627934
0.3062116741892189
0.3025464695514196
0.28953002258819355
0.2822161233017313
0.28765097230399994
0.2847764722378242
0.269348233481509
0.2584696338160195
0.26357641075782023
0.2689284499474863
0.27973063481715976
0.29331699657128074
0.2877933861158012
0.29900441495463637
0.2839219810246051
0.27694805762476593
0.2931711795059113
0.27573095818610516
0.29083822457000197
0.28599205939832173
0.29559980934556995
0.285626910173591
0.2890155437733645
0.30187699112216404
0.28590979379546644
0.2751922894358241
0.30039190264272553
0.2751771178184539
0.30085563974477
0.2893756889764824
0.2835075492359966
0.30216783530933294
0.2864764664446563
0.28207895404174554
0.26531873314271426
0.2739520851785477
0.28195583500052446
0.278476614989708
0.29217300514436517
0.2786238953930682
0.2758244363250062
0.29338590540257076
0.2967095091855184
0.27509772452409453
0.27769106966175516
0.30229355550992
0.2943469387974359
0.27796605779794653
0.26899199286439746
0.2797779493687682
0.2735226157494017
0.25705307504424046
0.2791428781722727
0.3060517982494241
0.2885796864283313
0.2766925903834097
0.2848262706468069
0.27792950220694557
0.2772188633693272
0.28325889884968464
0.2737897793655415
0.27979565753216434
0.2698246238967542
0.2759161380513737
0.2863886971395842
0.29073830266088285
0.2694318788132929
0.29242247095644014
0.2850944339427967
0.3052798027666408
0.3053539613104651
0.2778711420549702
0.28312866011368953
0.2710139492727825
0.2723210915660323
0.26400392464302597
0.2878146214249552
0.29388533169149533
0.2845729321301289
0.28156376676026973
0.28688346034435774
0.2785251817166729
0.2822582361434477
0.2841504021312437
0.2924412675418908
0.28152301892757353
0.27588267592542903
0.2885600968218251
0.2942095122763978
0.29221461284669137
0.2953253995062045
0.28788518009274566
0.2801954551187519
0.3043041253459
0.2898343605943263
0.29695296524971543
0.28879222142026906
0.27456270775984926
0.29343105148627535
0.2829878217916765
0.28410030024716953
0.30052889262633314
0.2594301275860602
0.2818130707035819
0.29473088694634114
0.28069980995462596
0.27948279636493306
0.29024761435696655
0.2827364173447312
0.2901440947863566
0.2758279546601989
0.2816802554292095
0.2722913801458249
0.2766563525200536
0.2771012728176795
0.28468996335378804
0.28450047079182583
0.27822985468831307
0.27594774508585446
0.29642282630006755
0.30559978487460143
0.27888475213926
0.2988007989627582
0.28958605971921475
0.30786028449497715
0.30241678754576595
0.2823505318787932
0.30046789025192533
0.282809413611163
0.27745308245251504
0.29117482161071484
0.26929186169704306
0.28270782862985316
0.27319705462881455
0.30014308109440946
0.27214423176316194
0.2848899242672859
0.2832643457176646
0.2823977256312481
0.2769542162559532
0.29644304697306145
0.30201614222042683
0.2976715868283495
0.2914472279781782
0.27513909035574746
0.2889264372890994
0.2910511945523026
0.2780822532996351
0.3016708804175543
0.2918234435767372
0.27094408599209624
0.26242969798148275
0.28192840095972516
0.2821417142055379
0.28417950898894534
0.2888564546922612
0.29203700386163245
0.28588916129289565
0.29636571366007963
0.2943345092589206
0.29830091250025614
0.2949432138402792
0.28937292336433906
0.2784411069929086
0.2797975049458577
0.2565711656810904
0.2581938779052495
0.28391494033806086
0.2809457052433767
0.2815595914027814
0.2876596390655961
0.2997463661825276
0.2768668966592416
0.2941227131705949
0.2963888759763714
0.2831341355252669
0.287596469694465
0.27758587900675347
0.2844762208150533
0.2869808380056029
0.27147650771700077
0.27872071441332136
0.27399253524681777
0.30092590824983606
0.2900427572966353
0.2895132224494529
0.27186641673975204
0.27673556594001586
0.2874607654218524
0.28430401783491815
0.2800069051592444
0.2754083060178165
0.26223171071642104
0.26818751984984357
0.30299370051623403
0.3021127237123956
0.29754814085554737
0.2853138321762638
0.2698300832204503
0.3008057369603017
0.2876937407702613
0.28258001250635256
0.282949164170478
0.28333462967278156
0.2921148042386217
0.26330472778233877
0.26697715645097025
0.2845860660802787
0.2910896784791549
0.28104077199227623
0.28011969215575405
0.28351814728492186
0.30922910470361475
0.3101778809365695
0.2879713896912799
0.29505810464118487
0.2842726698180997
0.28696228771267895
0.2791727932565985
0.2786302527278022
0.2830274786195638
0.2704521309196133
0.2748537138213076
0.28453390379384247
0.27732688469861544
0.2831041694034967
0.29735541164883444
0.28118275475133325
0.2932794090051458
0.2716094221949118
0.27733773675587875
0.2773579393804897
0.290236249843008
0.29278565580372173
0.28773788702340686
0.2950367429574467
0.27777007967693584
0.264839075045466
0.26986835527966213
0.28231090522722874
0.270148137990957
0.281938562567747
0.28680311045081774
0.2841372971276024
0.2896309311556459
0.3098359633160109
0.28513857401639386
0.2777277868729394
0.3000400134511557
0.29075967306349526
0.2858712668553456
0.2824737263616577
0.2761506258625548
0.276208441541347
0.2793990408465329
0.3022566269219237
0.29851713748179304
0.30489538748775424
0.272996883826808
0.2782149107259025
0.2826349566241956
0.28040165906413755
0.29095538930081155
0.26512041331331326
0.27940604988048434
0.3009209667026912
0.29076570751442976
0.2984966028687021
0.2756955818192559
0.25976847269861475
0.27240245397344487
0.28153252173532417
0.29026712900196994
0.27529396612537216
0.3040976772699433
0.2809910605024001
0.2902387741269947
0.29286191676538775
0.28561721657556205
0.2706929285836051
0.29547421545922553
0.2958933035704855
0.2914201024381046
0.274769435739766
0.27234088369531084
0.2748717678912799
0.30732128053580954
0.294869342246706
0.2763808167711826
0.2812883547229672
0.2769237819798629
0.2862386198612171
0.29248286715070304
0.2876535883293783
0.2834242783310994
0.2775405008204481
0.2857267711265732
0.2906172294462456
0.27703679685661237
0.2914950921339482
0.2906955447181734
0.28665904956539656
0.28335982641572866
0.2864098769307813
0.2963450804717807
0.2818276689286624
0.2877217032787258
0.25766092834009424
0.28159006603561443
0.29686316082350134
0.2862389378006175
0.27545599036572344
0.2817766829301369
0.2767588021909291
0.28531395176289914
0.277744297745131
0.29327107280730513
0.2822833439010445
0.27487917220011804
0.29513138693897945
0.2955804038837212
0.2867088110832843
0.29252209470516066
0.28434752229224824
0.28957761382062913
0.28769180664988925
0.27687660215426363
0.2973900077543123
0.27485628756545993
0.281117391709551
0.27788782533302736
0.2774673425784129
0.28997877654921045
0.2951652256543193
0.2957531577814627
0.3063319139879061
0.2896140145703753
0.3083712590751311
0.28436054090818164
0.3093527272076809
0.29152342529622294
0.2881475079851243
0.2966423767738594
0.29672466053971625
0.2564845067670349
0.2883081507089993
0.274281711931375
0.29413432116146965
0.284103972052952
0.2683429509822631
0.2923329679188039
0.30208640817531895
0.29340711172664946
0.2877247669706608
0.27947063277345807
0.29129768561461034
0.28483891000459993
0.2725364792741576
0.2928920596481647
0.28979582960113937
0.2771348716875315
0.2916673264983183
0.27898126581675575
0.2632968336677448
0.28865649662269
0.27336786663995216
0.28516568648611196
0.29102342420203187
0.2823263419900113
0.29789362069897984
0.28814821517953093
0.2783511435909115
0.27280828382373706
0.2683627367768061
0.2631450895736761
0.26271680877946146
0.2736922911574291
0.2803109498288662
0.28347452274198986
0.2884141211220398
0.27952530553344224
0.27590162260285767
0.29460661383320275
0.2815323828265256
0.2579671192827646
0.25968326527976504
0.297438795345925
0.2887907076394418
0.288326106591825
0.2763619829104549
0.27661475919800754
0.2923659240991341
0.2965656697049287
0.28914551084526946
0.3060223834537303
0.2725055873301813
0.27675746063228734
0.27599469063764925
0.28107155215560675
0.2833185001661657
0.28978846906091515
0.2904633678116759
0.2848743799787894
0.30360337121702335
0.28349131962135465
0.29398257979721204
0.28743492428814854
0.2947732235910354
0.30284342387430047
0.25890735293377126
0.2811510592176403
0.28436858075168114
0.28956942500662775
0.26967335975607754
0.26344462753744324
0.27262581751607873
0.2718516842209965
0.2685116838217734
0.2730406821469457
0.27564009863095373
0.2698679579972123
0.2736124767219163
0.2702819554330306
0.2817085355073625
0.2820379347068938
0.29568864913551707
0.2686519961947128
0.26273735662041375
0.2860381803274532
0.27439581765007315
0.3031664775880053
0.30066720044657336
0.2965320931984695
0.3014312454336998
0.2688442553649724
0.2883557870119132
0.2733363935265971
0.27492551023434253
0.2849277098568296
0.2845435790627619
0.24869916853507407
0.2718399386585643
0.29067590891374506
0.2907534351359926
0.29436198021377996
0.3030005027747794
0.2972454768738069
0.292126469249463
0.2889645886869533
0.2739919970473301
0.3082877677948006
0.3188413857503424
0.30321905315966
0.2928608945621958
0.2858312349069897
0.29286838254576764
0.3140961208729476
0.2961328712535306
0.2972815974365224
0.2879349609575186
0.27295233313159317
0.29411711186292033
0.291449019497209
0.2892157078275006
0.3045271475386907
0.3031124647522101
0.276958655577471
0.2895285518947387
0.2789344402384318
0.2941631911570384
0.3006497768385135
0.28968174043302364
0.289012082266115
0.31121168943428856
0.28874913215407516
0.2864871853291632
0.2964351247325354
0.3082749388717773
0.297978169052852
0.3111581649892969
0.2841949362213453
0.28756893569499675
0.29054531203809997
0.29828760576697266
0.2673911328307711
0.2809808733071797
0.289795012198429
0.272152659708916
0.288641429813116
0.2790155361504977
0.2688911173992773
0.2802530771884208
0.2916315322527698
0.2941953648585517
0.27751783593779833
0.2795726729719177
0.28054425962880114
0.28740803446103824
0.2841631819562148
0.25922352230120604
0.27391622653451336
0.2781044696673751
0.29616885554030775
0.27653958162296366
0.2985772912430902
0.2963265705248407
0.26748134175840965
0.2902762775648426
0.29013080946468267
0.27140223633182436
0.2779577597572632
0.29179377549302354
0.2879327865651079
0.288703700239901
0.3117584153228844
0.2863462198988068
0.28998429378803925
0.2980868270093778
0.27650750502253785
0.289445480986384
0.2882727452266778
0.2956201393191097
0.25792295867169224
0.26822866372718646
0.2848210207550869
0.2774768582501962
0.2710524234012398
0.2744040262315059
0.28888396239037084
0.283042892155853
0.30190496814563683
0.28013803275158977
0.28378201520010166
0.2795375439921355
0.28712105409810906
0.28428651026403917
0.28344493251816827
0.27766089696562546
0.2848642353454672
0.28334430093767193
0.3007330519104905
0.2972099735599901
0.3038782580040583
0.2768424033168593
0.29473044287798056
0.2968230998967732
0.30650856506356877
0.28084636783618633
0.30555536591004484
0.29998347388531504
0.2813767946225999
0.3046829905548111
0.28615310315205167
0.3065369412068202
0.29803685127673796
0.3063099483678021
0.28800239161171726
0.2826291225649047
0.2660595837124198
0.2875195090678234
0.30139471698984915
0.2913700018553918
0.28875891713177965
0.28458527012793366
0.2546972434805541
0.26636829321111527
0.2877521288327732
0.2921961927861883
0.2930017675631741
0.28905240280144734
0.27979288251782886
0.26689906821362486
0.278016455574989
0.3027218602102843
0.2962295687670853
0.3128563650653707
0.29978454295112267
0.2869107190425808
0.28714651008754355
0.2989302003362483
0.2941393896176564
0.30069554230947476
0.28374932149844456
0.278118624543215
0.2665286738900502
0.26374074159012706
0.2670318888319444
0.2810770622714498
0.29907123686096465
0.27300133226653966
0.28783180663395447
0.2910128265202163
0.3011383531198919
0.2674211345574638
0.2946165113086433
0.2859822811356748
0.28322210904711154
0.2804764037823726
0.2636308419184593
0.2801062995700978
0.2707958542392283
0.2627869277214574
0.25861147296336523
0.28390902918758065
0.27588871434604095
0.26319857539940783
0.2961478125851673
0.29382625941339996
0.2941591886328574
0.29381060616383403
0.2818369530058601
0.29491748297565923
0.28581812553189745
0.2652498984163894
0.2937092689227971
0.2906111345413409
0.2691476552224507
0.2890142700002316
0.2735174514690707
0.27904856992360527
0.28083749930132706
0.26457440330899806
0.2853397369206896
0.27220108522462966
0.27673428834193176
0.29446288837183426
0.2969537424342622
0.2749390057294513
0.2911007136197755
0.28552744788633666
0.29108415709503815
0.2976084149113829
0.27274997999843265
0.30484757075125984
0.29173601737619204
0.28989157690673956
0.2873958434977657
0.27788145573851286
0.27612759813760246
0.27807304926653253
0.2720026474291434
0.2755867917726263
0.2896481655722808
0.27789481181108366
0.2810373899898799
0.2850627164018428
0.27565148002598455
0.2805117940838766
0.28693245607105966
0.2982757331137702
0.28965212418972164
0.2886817112659689
0.2771944607793927
0.2801155335690939
0.29307452686443985
0.29529383517775853
0.2818362335561887
0.29196242925331123
0.3000723070836512
0.30337630233895774
0.2965067663482691
0.30334705196192363
0.28991931572606894
0.29627679603427837
0.29273332703738464
0.27066713201525955
0.2882929549440257
0.2899103639979481
0.2735740265946689
0.29678942976781697
0.2650166472705451
0.2858871128890844
0.28304974942117644
0.28728758375829916
0.28937068405816746
0.2838928994434014
0.2891276559064563
0.2661282136233186
0.2751004524644327
0.2811334642767924
0.266561520041923
0.27182002129259236
0.2932056925493335
0.28223486147808025
0.27571506078630714
0.291087417506471
0.2612713517407801
0.29816353441476084
0.2741556662529424
0.2742052291997989
0.2607121586718376
0.29395215794022256
0.2901982337414125
0.27282632813448365
0.2921678884095612
0.29099207111776115
0.2778033985763941
0.2877237629283047
0.27553149870350196
0.29907041372033716
0.2909250493502761
0.2815371527986492
0.3084487726495966
0.2844735193705939
0.3016246904349492
0.2857062407187059
0.2760620361517728
0.29735407851138007
0.30635521505734187
0.28909725413522136
0.28978815352813564
0.2914846093693034
0.2944571820977091
0.2954734724285477
0.28026286644004095
0.2694170333732384
0.267106095393543
0.27094106099523124
0.2786678825511676
0.2784319075776549
0.28513192942957744
0.2896341723356187
0.30656699458395753
0.2987590653455976
0.3004329673538857
0.2934880153841537
0.27918055453130586
0.2927556466812903
0.2813285776559038
0.26616399557438447
0.2850929748806143
0.28692938494633624
0.2950716118402419
0.2946559290018691
0.2826561057784941
0.30092906034663947
0.2840271175617497
0.3050403545574145
0.2916038377274488
0.3182783788335427
0.2966860091975493
0.2877799189203504
0.2733607635816925
0.27472193500704845
0.28438600121137814
0.280689912450785
0.30283181923041547
0.2884985372748029
0.29374543075227777
0.2906922249976567
0.27923653175387647
0.28050536014390154
0.28772494175997665
0.2727045920435086
0.2810435020125033
0.28710224808395013
0.29890549077114775
0.2985680276284932
0.30034868802986947
0.2696267984367156
0.2783277497725044
0.2916031576859751
0.27478853438705997
0.30292710506894904
0.27530792810514326
0.2912106496473211
0.3011941491013752
0.2924004318215525
0.306756909349742
0.2944783831459388
0.2912002250192849
0.27997415187156105
0.28913604501951184
0.2926401266888157
0.28913267690056177
0.3008617561292124
0.2882998399397552
0.2961400508940112
0.27391434223303207
0.29263661970405064
0.2812772064008643
0.2769160782196698
0.28377069250587744
0.30132281218165036
0.30302730830690905
0.2937863451414831
0.28090164324342
0.3095190332841181
0.2870822071804471
0.29699784360347614
0.2955470142569936
0.266168245130173
0.30034933953599957
0.2752147494670953
0.2981991705156211
0.279958950257353
0.2749365989619541
0.26152772079480335
0.26598236157331673
0.2870638165641291
0.26967529635728765
0.30126693806931626
0.2846968799151208
0.280921877019482
0.28453816876534166
0.28463613823186606
0.2896031838878282
0.2724592636642655
0.28397015232550077
0.28658971674716477
0.28595123528213084
0.26960622741797924
0.2784856296855774
0.27748887707322967
0.27824214751764587
0.27063648033069526
0.28819216911335366
0.2798836915425452
0.28500560032833544
0.2765424671641242
0.2723682137639993
0.2929813410169766
0.30480479928802845
0.30266177512368886
0.2889021187080104
0.28637433281566627
0.2779479167180049
0.28467392760256494
0.2801126636913805
0.3030775483731069
0.31343237016915226
0.2949074122732409
0.28944525822853207
0.30485330132512434
0.305482203690366
0.2825140768239085
0.2831499788434995
0.30730381006546026
0.29034482498148345
0.2869828072785373
0.27228978986147023
0.2827445452030394
0.2913146307959027
0.2885672973983502
0.2758878869359247
0.267915021517862
0.2829913804386219
0.27533902123275245
0.2942313797868895
0.28731435909745495
0.28717834802229225
0.28988878184292083
0.29000331429650017
0.2707833274492487
0.28588273502578976
0.2770482666879055
0.27872698754357483
0.2572689026071799
0.27098433825589024
0.28149149586024025
0.28156873471002586
0.28548215308026587
0.29839802028449713
0.26867022259489526
0.28014165978702926
0.2805618582846402
0.25815330206946785
0.2886799021736174
0.27356074969640876
0.26874604822084536
0.26319763590846545
0.2896011676573153
0.2710144572025479
0.27813075655787456
0.2722766922612132
0.27863413945209303
0.2664787021874155
0.305013901857555
0.2669584436863483
0.2766406772348171
0.28908218726181245
0.29333195830726005
0.30203196644589114
0.28679281617240254
0.28409651701314975
0.29028659422046255
0.28286148003529354
0.29318951485313616
0.27425513858201234
0.2869636901537028
0.2866065393225683
0.28429200370455376
0.277877393983721
0.27852731044436996
0.27708170526209747
0.27106330464536427
0.267879669276405
0.2888608985124461
0.2673189775302992
0.28623978035926145
0.2973302018500045
0.27840504143160016
0.27720513843721395
0.2829274295953794
0.28586608393578883
0.2775138127494158
0.3010218842211544
0.26843543778998724
0.27528408645039254
0.28223020158266465
0.2806141505718752
0.2792812075057928
0.29265890266801875
0.2932320492720368
0.2905351174612652
0.3038403256334309
0.29037734487569933
0.295882954733405
0.3005605406805705
0.2959929280640031
0.2909228713123994
0.29965892584308196
0.2830463569652135
0.2722511279201225
0.2743466113998682
0.2719947740053851
0.29563807407156717
0.29043418544489596
0.2780533698817366
0.29438601204585835
0.2898321039702802
0.2775394664312757
0.29524657257338993
0.2896354991611936
0.28885572915891755
0.2727813339959534
0.2792065583602036
0.29178785829923903
0.29832284296426803
0.3124611634492043
0.3117547132695586
0.3071430775359181
0.29175822244872196
0.2938056933745461
0.29796385311214
0.2929851302574573
0.30262610432400266
0.3006851385186994
0.2834519689630469
0.29590741261169284
0.2722409462516736
0.2879576525643507
0.28560824902839377
0.27911619327048554
0.29100369476060417
0.27658073046989884
0.3011395858409338
0.2843576720413897
0.2852785053116669
0.30555978926189564
0.28206124841813607
0.28204550085419244
0.2962952249355483
0.2964038371203213
0.29259568698396965
0.27755055974838394
0.29932126539160414
0.2832133712951173
0.30055513468193396
0.2695500549672408
0.2796665437263265
0.27639524583732655
0.2742125194085683
0.2839346316728642
0.28094373397035044
0.2810538769293255
0.27957168099490926
0.2750866453959443
0.27874973504169664
0.2681036700901924
0.30766431126432225
0.2805228754479122
0.2855471748019864
0.26846658964693876
0.2830339455999916
0.28110280853962466
0.3033242061709184
0.287689871207356
0.2707442031416201
0.2876707996350572
0.30131393870391676
0.28672136039375307
0.28978230783200537
0.3214087773317812
0.2746810802972456
0.2987763385071218
0.30185771146004764
0.2873825181900084
0.30459775795155175
0.2649207270933138
0.28263543699086113
0.30553789343902193
0.2977215279069564
0.302649209294201
0.2916242488460617
0.29158510662229664
0.28989635566163185
0.27880885689725204
0.28571265842973476
0.291035206536591
0.274865080192899
0.2883369647694561
0.28314511295573697
0.2793720906342848
0.307049629037335
0.29328964761985366
0.2606992994139387
0.28212417439676984
0.27880743379282263
0.2907937562913547
0.2888695080747664
0.27268334726470045
0.2762004335160879
0.30315787959889495
0.2786990490409864
0.282365337612431
0.2744740259730286
0.2838997422090206
0.29949449493537106
0.26709960450902137
0.27304840361825355
0.261060447697129
0.2808028559872086
0.2741410007906544
0.2823826127260286
0.28401954047636047
0.29320270540593063
0.2673990462377339
0.27803302856234824
0.2703743819433342
0.30326113606532723
0.28703415241220054
0.27887428372268497
0.28781340851843046
0.28555940337997177
0.3014675094898822
0.27655615485869045
0.25105018475557916
0.25917158905021664
0.2806852951554731
0.27986840364988264
0.28047657112868263
0.272891208379478
0.2749914928103224
0.2974879727895979
0.2874031453820526
0.2837872263622578
0.2890925542915337
0.2703043754914624
0.2884188012562298
0.29422445412628384
0.30406818681044573
0.28832780147000103
0.2885458263565437
0.277165270002352
0.28380531378139595
0.28161883980091623
0.27418935361964347
0.2751652523282073
0.3202174537880975
0.29302746080918135
0.2844222618730059
0.2954841109452272
0.2802186080838043
0.27486587754319536
0.2952647305270001
0.28802441243266813
0.29443737435576556
0.26853013332288245
0.27583723501760554
0.27947983732370907
0.28015152564496126
0.2857972703341869
0.2973607561445255
0.2963752844816678
0.2832790777532266
0.29875783955907914
0.28888793562996967
0.2865772858426492
0.27237121413408616
0.29243345113109376
0.2737183406124888
0.2612049941502893
0.29079708312051
0.3060327071919996
0.2795603126127904
0.28731414876839756
0.2850228589146792
0.318723812344401
0.2898509534805876
0.27439230857708496
0.27560105085757247
0.2826579992809716
0.2892129514881789
0.30198051688784633
0.28865169579748984
0.29746565974819655
0.28829934085999653
0.2773172373548679
0.2839741363842049
0.2815389141329405
0.2861625350630853
0.3009348486670813
0.2830103220908933
0.2784233980780624
0.29481359069414514
0.2768725161366963
0.29453432283366876
0.28204227158940054
0.29765310168856385
0.2731227616058991
0.2914314155843721
0.30191905702054067
0.30114735497230793
0.2889460946479965
0.2812676016621556
0.30045561538391796
0.30284719024903006
0.3003635978767804
0.284637078440076
0.2837144190948301
0.28122724028038737
0.2788829596805883
0.29964916045044787
0.2986600711812133
0.286571476518639
0.2781652355014632
0.28906927145243017
0.2797966011252906
0.2633176736983137
0.28041656633733963
0.2638397538898536
0.2706353421702717
0.2921679134588929
0.2796712206478136
0.3086351805970395
0.3094312577908712
0.2919028099994775
0.29058035456063946
0.2692460090001479
0.2917670521731231
0.2856929559353599
0.28500113346056444
0.28084540082306897
0.2959518057856155
0.2741565589123139
0.29566151503402216
0.28561827244906696
0.27590313856363013
0.28803899058779925
0.28297231782103294
0.28104583175578746
0.2735430411636248
0.2770851465997582
0.2752265702484039
0.30032266697968313
0.30051290507780143
0.30495312544016656
0.29786917894175163
0.28556194447235705
0.28656543363786346
0.29328486035894785
0.26855991602623386
0.28756474224439194
0.2943804838184228
0.27174883817150497
0.28100673171220136
0.28029217097245707
0.28180331154931937
0.26592929552185507
0.28718347286541457
0.2775320800363016
0.30161553421166987
0.28660691572575087
0.2757365800639798
0.2738645392022139
0.27773177631934853
0.2874763394738434
0.29206262747006095
0.2913245843963258
0.2953925811506075
0.2906908849556598
0.27598437540203313
0.2943917301337241
0.3044472948790023
0.3003463302243611
0.3032294433014483
0.292877852265345
0.3087775310131454
0.28039368822911714
0.2748147966478541
0.26648102474212615
0.2760750548682175
0.28890369185270626
0.28785726554512925
0.2821062397481766
0.2753514264940772
0.3003853256115684
0.29932098688162045
0.27704988773994604
0.2882503160031222
0.2873675338837911
0.28642747515044087
0.2938010256321706
0.29158037102945145
0.2842361987518054
0.283304160730909
0.2833904860998981
0.2778798995650949
0.2881183699419946
0.27521172818373624
0.2691854459078933
0.2787298527198573
0.2751224203355798
0.29485174680253373
0.267717821972735
0.2859395504097815
0.2995896791058062
0.30819020544907305
0.2881004000709091
0.2836535344740475
0.26868180824583665
0.29406948366755326
0.27356744844196834
0.2907088658256052
0.30171316188370106
0.3060708904186773
0.3170588948332809
0.2884807699151169
0.28351737468012056
0.29137592952701596
0.2971862666754013
0.2880223254669887
0.2959538720346211
0.30220069376897857
0.31461165512037803
0.28420720467473437
0.29394994421480497
0.30421908521430585
0.2923257175361671
0.2964395924214634
0.29117460391901473
0.2990880326557045
0.27426022853371856
0.2705476024789473
0.2665547365043299
0.2959755380532845
0.29152134152197995
0.26863893799479116
0.27358626587897816
0.27689894863664655
0.2677402083733167
0.2890714857611666
0.28353134393919394
0.2874476016721127
0.3011657316488283
0.26361237949229865
0.2679241662288299
0.29292482704068623
0.29089654838752455
0.2985424765515982
0.2771131547785279
0.27574837709498795
0.2728858939686807
0.2890889217269683
0.2633128933762626
0.2678371446315385
0.28201653751253614
0.27072284139511005
0.2798966467342534
0.25409768889031187
0.2824558718092367
0.2731373884763051
0.28422650808174554
0.2807494296310638
0.26404025585257185
0.3100504053603771
0.29353570359853665
0.29308814656674764
0.2961101504138405
0.28864822634287257
0.28765459151132233
0.2995328134811932
0.2881418380711583
0.29211242617199884
0.27687049824322935
0.29821094372943013
0.2817187760692007
0.2998031909144322
0.2797630687063307
0.28427701436210784
0.2810287204828461
0.2824104541140652
0.3022065952017946
0.2973490997015483
0.2964595044965219
0.2886954951037862
0.2893336760633112
0.28449288836954195
0.28272977829228063
0.28907501919349043
0.28169991718141096
0.2805748417245383
0.28624541686822813
0.2811301255827907
0.2697623871783839
0.27778096796496876
0.26365643197429456
0.2749791990162753
0.2814449008943355
0.2804203261097947
0.29265882898622353
0.2896035242034247
0.2750343559641363
0.3038472507440073
0.2773296230575294
0.27458526571568453
0.27058062438288377
0.29755352221995557
0.2914920617904302
0.2941589064593848
0.2983512836399058
0.2935535697687103
0.28825079946098986
0.2882299966453368
0.2906181467787448
0.2788822203458964
0.27121480703006157
0.26309319510921486
0.2795843314744124
0.2753912957299875
0.26381187112496085
0.2689660465970044
0.2834281954880693
0.3047413174060838
0.28447162208571275
0.29316834540820247
0.2878993162631345
0.26727307585451976
0.2894237019814721
0.2795737537800087
0.28060737087603893
0.2716914046080423
0.28380292385988604
0.27557064639266193
0.27319580035138263
0.29518679532480097
0.2973120161098221
0.28741604513480723
0.29918964327977127
0.26759271553993824
0.28630757362899284
0.2859431459839117
0.278645279616478
0.2621796449257019
0.2641213155263247
0.2951809511462815
0.3129547917459192
0.26645618808975025
0.2884049271494772
0.2683374131316024
0.25814805708588756
0.2662657300964357
0.28385822415216394
0.2652582044184499
0.2795643878797036
0.26577272895478576
0.25322691571884026
0.282813249564321
0.2872634798557026
0.27435281478590834
0.2705346735526839
0.2869138844536312
0.27877267799659045
0.2855384675421021
0.2798219362967498
0.29024202819858036
0.2872159117413406
0.2663473411022166
0.28042807036536654
0.2881590482533144
0.2892880577146768
0.28693471830604267
0.29615280073677275
0.2878725702174572
0.28359908163581116
0.28453418602336233
0.28442543134984055
0.2947079155303417
0.2900309922401655
0.27802145130432143
0.29290561035996954
0.2867101416527732
0.2807661346259521
0.28177794388053634
0.2960956945524241
0.2936625624938784
0.29512543675339564
0.2982811014587799
0.28147160747987904
0.2875851774207533
0.2786092588093938
0.2894995393223665
0.28125699273324134
0.2658624281093783
0.2702565928910709
0.254094344596864
0.27194986147737066
0.28094292312309466
0.2724672225922788
0.27765801464188145
0.2739006700434186
0.26684804280622537
0.27326340437781604
0.2819119821232313
0.2808047621589882
0.27746577300829744
0.2723410157704844
0.27707449438798565
0.2884024223962861
0.3069328703148576
0.29409824299787196
0.29597239113929463
0.28621962272747137
0.30077074081404576
0.30254470782665355
0.3047822646052533
0.27683439334293464
0.27756782504841904
0.27636935055807055
0.29207953405575116
0.29725073591890344
