371414
378807
386214
393633
400948
408326
415724
423079
430513
437888
445234
452595
459947
467316
474654
482018
489403
496752
504120
511478
518838
526195
533546
540883
548243
555581
562960
570342
577705
585076
592458
599799
607139
614505
621835
629192
636603
643934
651260
658613
665943
673307
680696
688045
695403
702786
710144
717521
724873
732236
739606
746995
754353
761720
769042
776392
783741
791103
798458
805779
813119
820482
827826
835188
842558
849954
857357
864719
872046
879401
886727
894052
901382
908769
916164
923470
930842
938172
945541
952860
960190
967558
974932
982315
989639
997046
1004392
1011768
1019133
1026474
1033844
1041160
1048473
1055809
1063182
1070504
1077852
1085192
1092564
1099864
1107224
1114597
1121978
1129348
1136679
1144047
1151398
1158793
1166153
1173505
1180841
1188209
1195495
1202893
1210222
1217622
1224980
1232370
1239767
1247106
1254465
1261824
1269180
1276555
1283953
1291318
1298642
1305949
1313308
1320679
1328046
1335370
1342715
1350082
1357442
1364794
1372149
1379551
1386922
1394259
1401620
1408999
1416355
1423732
1431100
1438511
1445842
1453204
1460568
1467874
1475296
1482667
1489993
1497361
1504754
1512109
1519425
1526761
1534128
1541491
1548830
1556203
1563593
1570977
1578299
1585662
1593002
1600400
1607727
1615046
1622383
1629742
1637101
1644471
1651843
1659275
1666584
1673990
1681310
1688697
1696070
1703407
1710721
1718099
1725486
1732889
1740260
1747632
1754987
1762349
1769715
1777045
1784433
1791761
1799114
1806442
1813760
1821120
1828447
1835841
1843245
1850618
1857978
1865294
1872662
1880008
1887355
1894718
1902062
1909449
1916756
1924132
1931526
1938859
1946235
1953542
1960928
1968276
1975606
1982957
1990278
1997639
2004977
2012371
2019740
2027092
2034444
2041833
2049150
2056494
2063874
2071289
2078641
2086001
2093358
2100732
2108076
2115473
2122847
2130230
2137604
2144932
2152273
2159634
2167009
2174392
2181741
2189103
2196463
2203827
2211161
2218540
2225920
2233326
2240653
2247989
2255368
2262708
2270083
2277454
2284810
2292141
2299467
2306838
2314218
2321592
2328934
2336293
2343613
2350945
2358237
2365620
2372963
2380292
2387647
2395024
2402399
2409780
2417129
2424518
2431908
2439314
2446674
2454051
2461374
2468704
2476122
2483472
2490869
2498228
2505619
2512966
2520349
2527743
2535071
2542349
2549708
2557099
2564452
2571806
2579134
2586477
2593833
2601249
2608609
2615952
2623280
2630594
2638001
2645382
2652741
2660136
2667493
2674889
2682302
2689675
2697086
2704474
2711828
2719201
2726583
2733969
2741348
2748700
2756081
2763437
2770758
2778129
2785476
2792792
2800177
2807576
2814949
2822279
2829671
2837046
2844424
2851795
2859141
2866489
2873827
2881183
2888583
2895957
2903328
2910638
2917973
2925353
2932683
2939999
2947401
2954718
2962068
2969439
2976799
2984101
2991484
2998807
3006163
3013489
3020834
3028210
3035580
3042956
3050284
3057679
3065025
3072393
3079784
3087162
3094536
3101839
3109217
3116581
3123932
3131288
3138635
3146000
3153406
3160799
3168177
3175494
3182823
3190199
3197537
3204900
3212295
3219624
3226960
3234388
3241743
3249108
3256456
3263837
3271197
3278561
3285947
3293361
3300730
3308042
3315456
3322819
3330165
3337535
3344899
3352239
3359564
3366953
3374282
3381665
3389090
3396407
3403765
3411107
3418477
3425802
3433162
3440510
3447887
3455246
3462644
3469974
3477309
3484679
3492008
3499380
3506789
3514107
3521434
3528809
3536185
3543566
3550872
3558216
3565621
3572999
3580376
3587697
3595084
3602409
3609737
3617121
3624463
3631848
3639202
3646615
3653943
3661361
3668700
3676050
3683367
3690715
3698070
3705403
3712736
3720088
3727468
3734834
3742180
3749530
3756905
3764277
3771600
3779015
3786386
3793748
3801076
3808456
3815779
3823163
3830534
3837895
3845243
3852569
3859927
3867337
3874684
3882068
3889425
3896817
3904125
3911485
3918769
3926103
3933470
3940807
3948122
3955453
3962742
3970077
3977442
3984787
3992136
3999516
4006871
4014226
4021548
4028945
4036267
4043644
4051006
4058372
4065717
4073120
4080490
4087864
4095252
4102640
4109975
4117336
4124702
4132114
4139460
4146841
4154199
4161584
4168951
4176331
4183704
4191014
4198373
4205753
4213078
4220466
4227854
4235239
4242644
4249997
4257365
4264717
4272083
4279474
4286802
4294150
4301540
4308921
4316253
4323645
4330996
4338405
4345776
4353132
4360473
4367837
4375215
4382576
4389932
4397281
4404613
4412013
4419397
4426824
4434193
4441557
4448878
4456254
4463629
4470982
4478364
4485702
4492996
4500394
4507772
4515133
4522524
4529907
4537297
4544629
4551979
4559354
4566701
4574059
4581419
4588835
4596183
4603606
4611021
4618358
4625718
4633091
4640450
4647772
4655135
4662465
4669767
4677126
4684516
4691916
4699251
4706560
4713943
4721300
4728659
4736001
4743361
4750758
4758136
4765522
4772909
4780292
4787667
4795038
4802401
4809791
4817084
4824480
4831848
4839164
4846539
4853882
4861251
4868596
4875938
4883367
4890755
4898087
4905389
4912707
4920088
4927434
4934786
4942130
4949462
4956803
4964183
4971503
4978837
4986210
4993595
5000990
5008322
5015640
5022980
5030298
5037683
5045047
5052425
5059753
5067136
5074500
5081901
5089295
5096684
5104074
5111436
5118851
5126199
5133563
5140919
5148290
5155628
5162994
5170368
5177722
5185070
5192499
5199857
5207202
5214572
5221930
5229340
5236696
5244074
5251447
5258798
5266131
5273498
5280829
5288198
5295588
5302914
5310273
5317623
5325071
5332468
5339850
5347227
5354569
5361944
5369321
5376645
5383987
5391348
5398692
5406047
5413393
5420767
5428153
5435509
5442903
5450265
5457659
5465033
5472373
5479772
5487108
5494464
5501843
5509237
5516621
5524012
5531385
5538793
5546166
5553542
5560918
5568301
5575622
5582976
5590300
5597623
5604947
5612280
5619623
5627001
5634346
5641737
5649107
5656450
5663844
5671274
5678628
5685966
5693326
5700655
5708024
5715356
5722752
5730141
5737463
5744858
5752219
5759520
5766796
5774201
5781570
5788898
5796269
5803668
5810993
5818366
5825695
5833083
5840428
5847736
5855093
5862489
5869860
5877224
5884598
5891997
5899343
5906708
5914085
5921491
5928865
5936209
5943571
5950910
5958275
5965645
5972999
5980340
5987693
5995011
6002380
6009707
6017040
6024432
6031813
6039167
6046488
6053799
6061158
6068551
6075941
6083310
6090635
6097958
6105348
6112722
6120077
6127446
6134806
6142121
6149462
6156821
6164134
6171515
6178941
6186312
6193695
6201046
6208456
6215898
6223234
6230582
6237918
6245293
6252659
6260028
6267403
6274734
6282087
6289489
6296860
6304231
6311573
6318882
6326194
6333603
6340962
6348318
6355690
6363039
6370428
6377791
6385171
6392480
6399847
6407244
6414632
6421993
6429382
6436755
6444104
6451478
6458824
6466191
6473546
6480925
6488290
6495677
6502997
6510347
6517725
6525078
6532440
6539793
6547145
6554468
6561836
6569223
6576545
6583896
6591274
6598651
6605982
6613322
6620678
6628073
6635470
6642815
6650217
6657599
6664959
6672349
6679717
6687127
6694472
6701854
6709205
6716573
6723882
6731231
6738578
6745945
6753308
6760727
6768048
6775403
6782769
6790173
6797548
6804945
6812333
6819707
6827053
6834399
6841727
6849073
6856430
6863786
6871141
6878495
6885857
6893193
6900550
6907909
6915282
6922628
6929996
6937366
6944713
6952055
6959471
6966825
6974199
6981585
6988932
6996276
7003634
7011001
7018331
7025681
7033088
7040480
7047814
7055157
7062506
7069927
7077244
7084661
7092022
7099386
7106687
7114081
7121442
7128832
7136177
7143541
7150896
7158234
7165598
7172992
7180366
7187732
7195134
7202496
7209847
7217222
7224560
7231934
7239354
7246731
7254086
7261449
7268819
7276186
7283582
7290947
7298319
7305666
7312985
7320348
7327741
7335047
7342393
7349772
7357133
7364467
7371840
7379231
7386621
7393991
7401314
7408634
7416026
7423375
7430728
7438093
7445476
7452832
7460181
7467511
7474868
7482234
7489571
7496927
7504266
7511615
7518969
7526341
7533661
7541017
7548368
7555717
7563103
7570483
7577809
7585129
7592492
7599862
7607233
7614578
7621907
7629255
7636647
7643980
7651368
7658713
7666026
7673352
7680735
7688093
7695467
7702802
7710182
7717522
7724884
7732237
7739567
7746873
7754251
7761627
7768982
7776381
7783753
7791112
7798474
7805897
7813236
7820584
7827989
7835379
7842706
7850034
7857423
7864741
7872097
7879470
7886851
7894214
7901627
7908983
7916418
7923766
7931092
7938456
7945814
7953145
7960515
7967877
7975237
7982602
7990019
7997370
8004703
8012082
8019407
8026787
8034173
8041512
8048880
8056263
8063652
8071009
8078366
8085707
8093068
8100398
8107720
8115063
8122421
8129830
8137200
8144539
8151922
8159269
8166656
8174013
8181348
8188651
8196013
8203376
8210752
8218130
8225464
8232831
8240228
8247567
8254914
8262281
8269584
8276902
8284216
8291572
8298887
8306298
8313619
8320952
8328269
8335658
8343003
8350375
8357773
8365199
8372577
8379921
8387259
8394571
8401937
8409324
8416665
8424027
8431423
8438766
8446149
8453525
8460886
8468251
8475651
8483036
8490370
8497742
8505154
8512554
8519892
8527256
8534652
8542035
8549451
8556801
8564170
8571509
8578827
8586160
8593510
8600882
8608217
8615596
8622948
8630330
8637724
8645057
8652467
8659806
8667152
8674510
8681877
8689244
8696594
8703943
8711249
8718602
8725922
8733286
8740633
8747962
8755337
8762714
8770082
8777423
8784783
8792198
8799552
8806898
8814236
8821605
8828983
8836403
8843766
8851141
8858476
8865803
8873178
8880542
8887876
8895268
8902613
8909976
8917317
8924669
8932061
8939421
8946795
8954165
8961508
8968912
8976282
8983664
8991021
8998336
9005678
9013069
9020427
9027777
9035127
9042448
9049791
9057159
9064513
9071880
9079276
9086646
9094049
9101430
9108814
9116167
9123522
9130888
9138286
9145638
9153002
9160367
9167732
9175125
9182531
9189853
9197191
9204568
9211930
9219267
9226692
9234056
9241372
9248739
9256098
9263429
9270785
9278174
9285549
9292867
9300188
9307502
9314850
9322240
9329631
9337008
9344364
9351719
9359021
9366341
9373693
9381071
9388413
9395755
9403103
9410469
9417873
9425211
9432572
9439871
9447267
9454648
9462018
9469335
9476707
9484068
9491482
9498862
9506250
9513636
9521066
9528414
9535813
9543156
9550510
9557848
9565204
9572548
9579893
9587237
9594633
9601979
9609349
9616687
9624067
9631444
9638805
9646147
9653467
9660859
9668193
9675561
9682956
9690278
9697603
9705028
9712389
9719701
9727045
9734393
9741755
9749135
9756484
9763802
9771162
9778529
9785915
9793324
9800702
9808089
9815448
9822795
9830129
9837437
9844837
9852213
9859563
9866926
9874279
9881638
9889019
9896358
9903785
9911138
9918468
9925858
9933174
9940592
9947973
9955326
9962683
9970065
9977379
9984750
9992111
9999459
10006825
10014182
10021546
10028893
10036246
10043594
10050958
10058340
10065705
10073049
10080374
10087726
10095063
10102476
10109858
10117211
10124567
10131936
10139286
10146657
10154006
10161344
10168781
10176142
10183488
10190869
10198294
10205591
10212910
10220285
10227647
10235047
10242435
10249776
10257107
10264476
10271807
10279185
10286517
10293839
10301215
10308605
10315965
10323289
10330685
10338034
10345363
10352694
10360059
10367381
10374734
10382080
10389437
10396807
10404192
10411554
10418917
10426291
10433638
10441028
10448412
10455800
10463168
10470502
10477794
10485179
10492592
10499969
10507359
10514705
10522080
10529443
10536820
10544192
10551539
10558913
10566303
10573629
10580998
10588348
10595726
10603104
10610499
10617877
10625225
10632543
10639906
10647245
10654632
10662028
10669379
10676742
10684140
10691495
10698846
10706203
10713521
10720894
10728262
10735654
10743051
10750443
10757813
10765173
10772499
10779811
10787162
10794489
10801846
10809200
10816508
10823878
10831309
10838636
10846009
10853365
10860674
10868055
10875392
10882795
10890171
10897531
10904859
10912169
10919534
10926903
10934258
10941706
10949089
10956445
10963828
10971197
10978526
10985899
10993277
11000639
11007934
11015341
11022645
11030008
11037349
11044670
11052033
11059365
11066676
11074020
11081389
11088736
11096080
11103432
11110785
11118160
11125475
11132865
11140210
11147541
11154873
11162260
11169660
11177058
11184425
11191792
11199129
11206493
11213878
11221247
11228635
11235991
11243382
11250726
11258064
11265426
11272771
11280137
11287507
11294902
11302276
11309637
11317049
11324442
11331814
11339155
11346559
11353928
11361298
11368671
11376007
11383338
11390751
11398113
11405465
11412790
11420171
11427558
11434895
11442288
11449650
11456999
11464357
11471718
11479045
11486380
11493756
11501101
11508474
11515843
11523242
11530669
11538020
11545355
11552718
11560075
11567469
11574829
11582178
11589519
11596845
11604206
11611582
11618939
11626291
11633660
11641022
11648373
11655745
11663119
11670461
11677845
11685236
11692599
11699952
11707309
11714640
11722004
11729347
11736734
11744120
11751468
11758816
11766179
11773570
11780941
11788287
11795622
11802982
11810351
11817730
11825115
11832451
11839822
11847188
11854551
11861953
11869294
11876684
11884034
11891379
11898712
11906010
11913427
11920738
11928059
11935429
11942793
11950135
11957496
11964843
11972201
11979577
11986985
11994344
12001712
12009113
12016495
12023843
12031219
12038601
12045987
12053362
12060734
12068111
12075463
12082855
12090209
12097550
12104899
12112245
12119637
12126974
12134322
12141697
12149066
12156425
12163736
12171111
12178415
12185765
12193090
12200498
12207915
12215265
12222627
12229942
12237281
12244647
12251987
12259329
12266617
12274004
12281383
12288733
12296106
12303467
12310833
12318229
12325582
12332974
12340354
12347731
12355058
12362399
12369768
12377144
12384503
12391889
12399279
12406655
12414002
12421356
12428700
12436063
12443445
12450779
12458135
12465524
12472873
12480236
12487603
12494903
12502265
12509666
12517027
12524350
12531737
12539079
12546439
12553785
12561171
12568531
12575900
12583283
12590662
12597985
12605345
12612705
12620062
12627454
12634822
12642184
12649547
12656888
12664273
12671676
12679036
12686386
12693685
12701056
12708410
12715780
12723138
12730468
12737860
12745249
12752632
12759977
12767325
12774690
12782009
12789381
12796721
12804076
12811415
12818809
12826147
12833489
12840819
12848148
12855564
12862924
12870305
12877633
12884933
12892243
12899564
12906909
12914258
12921625
12928976
12936290
12943620
12950987
12958332
12965661
12973049
12980441
12987795
12995144
13002508
13009839
13017182
13024562
13031961
13039284
13046641
13054008
13061409
13068761
13076159
13083517
13090870
13098225
13105576
13112899
13120261
13127648
13135039
13142391
13149791
13157157
13164530
13171874
13179298
13186666
13194048
13201389
13208703
13216073
13223461
13230798
13238108
13245493
13252811
13260178
13267516
13274884
13282276
13289637
13296931
13304317
13311682
13319028
13326448
13333857
13341217
13348602
13356015
13363391
13370775
13378119
13385456
13392813
13400149
13407525
13414837
13422171
13429552
13436941
13444306
13451641
13458976
13466316
13473746
13481103
13488433
13495820
13503167
13510532
13517878
13525230
13532615
13539985
13547354
13554676
13561993
13569311
13576663
13584019
13591388
13598746
13606114
13613473
13620798
13628204
13635543
13642919
13650318
13657664
13665002
13672284
13679682
13687061
13694425
13701790
13709126
13716492
13723826
13731175
13738577
13745952
13753281
13760637
13767973
13775344
13782695
13790088
13797460
13804783
13812167
13819529
13826889
13834283
13841602
13848932
13856286
13863639
13871027
13878390
13885825
13893184
13900542
13907935
13915325
13922671
13930048
13937404
13944774
13952154
13959547
13966925
13974253
13981636
13988985
13996366
14003715
14011034
14018359
14025723
14033046
14040405
14047767
14055111
14062501
14069843
14077234
14084575
14091951
14099336
14106648
14113961
14121320
14128676
14136042
14143405
14150739
14158101
14165461
14172822
14180177
14187553
14194949
14202335
14209728
14217065
14224393
14231706
14239099
14246468
14253853
14261251
14268618
14276002
14283371
14290750
14298100
14305453
14312814
14320165
14327541
14334883
14342254
14349606
14357006
14364387
14371726
14379066
14386424
14393814
14401195
14408510
14415879
14423207
14430562
14437907
14445299
14452677
14459992
14467385
14474785
14482119
14489463
14496828
14504203
14511568
14518936
14526299
14533657
14541073
14548427
14555820
14563206
14570602
14577957
14585282
14592626
14599985
14607332
14614673
14622061
14629465
14636789
14644154
14651519
14658910
14666254
14673613
14681012
14688335
14695734
14703122
14710514
14717884
14725257
14732599
14739953
14747302
14754657
14762050
14769416
14776769
14784154
14791538
14798912
14806249
14813571
14820944
14828313
14835632
14842956
14850336
14857669
14865041
14872430
14879777
14887169
14894566
14901929
14909304
14916634
14923957
14931307
14938639
14946009
14953381
14960730
14968136
14975499
14982881
14990254
14997556
15004910
15012236
15019626
15026974
15034333
15041706
15049104
15056489
15063839
15071214
15078644
15086018
15093357
15100744
15108097
15115443
15122772
15130102
15137466
15144802
15152197
15159566
15166882
15174213
15181623
15189010
15196378
15203707
15211068
15218412
15225797
15233141
15240497
15247856
15255210
15262552
15269916
15277286
15284663
15292023
15299315
15306643
15314048
15321393
15328702
15336036
15343371
15350701
15358034
15365392
15372728
15380132
15387475
15394851
15402209
15409559
15416955
15424398
15431769
15439153
15446469
15453885
15461271
15468617
15475978
15483350
15490752
15498097
15505410
15512736
15520106
15527527
15534912
15542333
15549725
15557029
15564382
15571757
15579118
15586426
15593783
15601178
15608542
15615955
15623327
15630701
15638073
15645480
15652816
15660146
15667502
15674873
15682212
15689557
15696945
15704300
15711638
15718973
15726287
15733698
15741032
15748389
15755779
15763158
15770499
15777854
15785221
15792598
15799957
15807301
15814653
15822013
15829406
15836709
15844065
15851409
15858724
15866060
15873432
15880845
15888218
15895595
15902948
15910277
15917696
15925041
15932434
15939810
15947210
15954626
15961988
15969326
15976656
15984020
15991367
15998734
16006094
16013474
16020830
16028191
16035544
16042869
16050221
16057536
16064920
16072304
16079642
16086966
16094315
16101679
16109011
16116379
16123709
16131037
16138365
16145678
16153025
16160416
16167774
16175125
16182492
16189885
16197285
16204610
16211965
16219288
16226620
16234023
16241377
16248739
16256106
16263473
16270796
16278154
16285497
16292856
16300206
16307512
16314927
16322326
16329693
16337062
16344395
16351760
16359121
16366474
16373851
16381208
16388564
16395929
16403313
16410703
16418044
16425405
16432725
16440089
16447474
16454821
16462146
16469497
16476850
16484264
16491649
16498936
16506303
16513669
16520978
16528332
16535697
16543031
16550337
16557705
16565057
16572419
16579830
16587142
16594498
16601909
16609274
16616575
16623948
16631337
16638700
16646061
16653407
16660762
16668079
16675383
16682710
16690057
16697381
16704727
16712124
16719489
16726911
16734315
16741674
16749000
16756331
16763699
16771094
16778432
16785779
16793084
16800382
16807761
16815089
16822466
16829834
16837182
16844578
16851976
16859288
16866634
16873994
16881352
16888713
16896098
16903528
16910838
16918160
16925447
16932843
16940204
16947603
16954970
16962359
16969758
16977085
16984447
16991720
16999108
17006494
17013815
17021192
17028553
17035944
17043297
17050664
17058036
17065361
17072736
17080080
17087437
17094792
17102163
17109560
17116948
17124315
17131678
17139078
17146471
17153798
17161205
17168573
17175950
17183296
17190628
17198021
17205352
17212738
17220109
17227475
17234819
17242143
17249482
17256871
17264247
17271621
17278995
17286299
17293630
17300971
17308329
17315680
17323068
17330426
17337827
17345178
17352528
17359909
17367222
17374597
17381994
17389367
17396707
17404095
17411444
17418772
17426078
17433361
17440683
17448066
17455433
17462783
17470156
17477504
17484870
17492182
17499487
17506804
17514190
17521561
17528926
17536283
17543626
17551005
17558372
17565741
17573066
17580460
17587820
17595145
17602534
17609885
17617278
17624625
17631975
17639361
17646728
17654074
17661427
17668757
17676071
17683444
17690792
17698103
17705472
17712863
17720269
17727626
17735004
17742333
17749694
17757024
17764386
17771791
17779199
17786518
17793821
17801134
17808505
17815876
17823248
17830591
17838001
17845401
17852765
17860128
17867462
17874834
17882230
17889594
17896979
17904266
17911660
17918993
17926312
17933660
17941064
17948417
17955759
17963120
17970450
17977842
17985197
17992558
17999979
18007380
18014732
18022132
18029497
18036846
18044201
18051568
18058964
18066292
18073703
18081106
18088507
18095892
18103225
18110630
18118007
18125413
18132731
18140098
18147473
18154836
18162189
18169581
18176894
18184278
18191661
18199046
18206423
18213819
18221241
18228581
18235985
18243327
18250704
18258035
18265343
18272701
18280075
18287411
18294732
18302071
18309419
18316755
18324131
18331492
18338869
18346214
18353576
18360915
18368277
18375658
18383004
18390371
18397743
18405098
18412498
18419874
18427286
18434649
18441995
18449368
18456707
18464076
18471469
18478866
18486202
18493560
18500897
18508253
18515640
18523020
18530400
18537728
18545024
18552390
18559785
18567204
18574533
18581870
18589232
18596618
18603984
18611373
18618750
18626138
18633473
18640826
18648180
18655540
18662936
18670303
18677642
18685026
18692384
18699769
18707098
18714505
18721901
18729306
18736638
18743987
18751329
18758688
18766060
18773452
18780763
18788145
18795506
18802880
18810233
18817566
18824902
18832232
18839598
18846938
18854349
18861685
18869017
18876352
18883687
18891055
18898384
18905726
18913027
18920365
18927701
18935047
18942381
18949762
18957070
18964452
18971846
18979172
18986527
18993842
19001199
19008545
19015940
19023337
19030709
19038077
19045425
19052804
19060114
19067507
19074875
19082301
19089660
19097029
19104415
19111789
19119134
19126516
19133836
19141223
19148586
19155947
19163334
19170723
19178093
19185481
19192844
19200226
19207611
19214981
19222313
19229652
19237014
19244370
19251736
19259128
19266478
19273817
19281190
19288585
19295989
19303347
19310738
19318089
19325452
19332867
19340227
19347555
19354975
19362316
19369675
19377045
19384389
19391751
19399104
19406466
19413819
19421190
19428583
19435875
19443248
19450619
19457958
19465315
19472658
19480009
19487384
19494785
19502176
19509531
19516908
19524246
19531631
19539001
19546358
19553691
19561027
19568391
19575726
19583107
19590455
19597799
19605113
19612442
19619807
19627196
19634584
19641940
19649299
19656680
19663994
19671367
19678730
19686096
19693432
19700818
19708174
19715566
19722926
19730240
19737583
19744879
19752225
19759606
19766944
19774288
19781665
19789043
19796414
19803796
19811169
19818587
19825955
19833333
19840676
19848016
19855368
19862670
19870063
19877480
19884859
19892243
19899574
19906935
19914302
19921651
19929021
19936356
19943764
19951165
19958559
19965932
19973335
19980691
19988015
19995370
20002718
20010086
20017436
20024833
20032191
20039535
20046857
20054175
20061536
20068873
20076270
20083575
20090922
20098285
20105645
20112948
20120311
20127669
20135038
20142416
20149796
20157110
20164470
20171806
20179140
20186436
20193834
20201188
20208523
20215887
20223263
20230678
20238082
20245433
20252763
20260196
20267560
20274923
20282308
20289644
20297013
20304341
20311736
20319134
20326490
20333863
20341217
20348634
20356047
20363394
20370698
20378043
20385417
20392768
20400176
20407543
20414911
20422292
20429628
20436998
20444379
20451707
20459029
20466344
20473694
20481063
20488410
20495755
20503109
20510476
20517777
20525117
20532444
20539820
20547170
20554556
20561917
20569283
20576695
20584126
20591519
20598921
20606361
20613761
20621143
20628529
20635911
20643255
20650650
20657997
20665353
20672705
20680033
20687400
20694703
20702007
20709405
20716780
20724138
20731546
20738917
20746217
20753614
20760991
20768400
20775768
20783118
20790471
20797844
20805275
20812659
20820017
20827412
20834772
20842138
20849502
20856875
20864247
20871653
20879042
20886384
20893763
20901112
20908451
20915796
20923110
20930487
20937857
20945193
20952524
20959855
20967213
20974565
20981929
20989251
20996647
21003985
21011352
21018651
21026024
21033299
21040654
21048042
21055389
21062778
21070088
21077430
21084749
21092073
21099421
21106798
21114171
21121554
21128900
21136285
21143621
21151011
21158408
21165785
21173154
21180537
21187926
21195286
21202614
21209982
21217334
21224661
21232009
21239407
21246742
21254119
21261552
21268917
21276327
21283696
21291002
21298348
21305742
21313104
21320459
21327863
21335205
21342532
21349929
21357309
21364649
21371985
21379340
21386707
21394101
21401533
21408923
21416284
21423677
21431054
21438408
21445763
21453097
21460391
21467730
21475065
21482390
21489815
21497146
21504527
21511920
21519244
21526625
21534082
21541415
21548806
21556146
21563505
21570857
21578217
21585592
21592953
21600244
21607599
21614948
21622272
21629638
21636905
21644265
21651677
21658990
21666374
21673717
21681044
21688371
21695769
21703154
21710505
21717858
21725171
21732609
21739926
21747241
21754616
21762038
21769412
21776799
21784155
21791521
21798882
21806258
21813595
21820958
21828343
21835642
21842965
21850321
21857708
21865063
21872443
21879786
21887127
21894491
21901853
21909259
21916629
21924015
21931425
21938790
21946147
21953493
21960854
21968231
21975602
21982966
21990357
21997736
22005106
22012404
22019738
22027094
22034480
22041868
22049249
22056574
22063954
22071315
22078701
22086071
22093422
22100785
22108127
22115500
22122880
22130258
22137611
22144989
22152340
22159681
22167000
22174365
22181731
22189059
22196388
22203699
22211106
22218504
22225867
22233185
22240483
22247853
22255186
22262587
22269942
22277263
22284637
22292011
22299382
22306766
22314091
22321512
22328864
22336245
22343613
22350942
22358330
22365677
22373027
22380370
22387701
22395066
22402433
22409805
22417123
22424452
22431816
22439165
22446546
22453920
22461311
22468631
22476000
22483372
22490683
22498061
22505384
22512744
22520107
22527469
22534823
22542160
22549563
22556937
22564336
22571714
22579096
22586507
22593866
22601267
22608661
22615956
22623322
22630674
22638062
22645346
22652731
22660071
22667429
22674784
22682161
22689503
22696862
22704223
22711570
22718937
22726300
22733638
22740993
22748348
22755693
22763070
22770418
22777781
22785154
22792495
22799848
22807203
22814561
22821899
22829264
22836621
22843948
22851267
22858585
22865940
22873333
22880719
22888041
22895391
22902727
22910122
22917507
22924871
22932199
22939561
22946955
22954283
22961612
22968896
22976247
22983684
22991062
22998394
23005739
23013137
23020528
23027924
23035292
23042637
23049976
23057292
23064640
23071989
23079348
23086712
23094040
23101382
23108743
23116074
23123423
23130760
23138126
23145479
23152806
23160121
23167501
23174814
23182190
23189585
23196930
23204307
23211623
23218982
23226365
23233690
23241092
23248453
23255790
23263202
23270543
23277845
23285173
23292509
23299884
23307273
23314622
23321988
23329355
23336700
23344052
23351424
23358798
23366126
23373449
23380844
23388211
23395541
23402913
23410275
23417651
23424980
23432309
23439654
23447016
23454385
23461715
23469028
23476388
23483739
23491105
23498483
23505829
23513205
23520565
23527923
23535315
23542695
23550038
23557412
23564780
23572162
23579451
23586789
23594169
23601555
23608946
23616325
23623679
23631034
23638383
23645682
23653034
23660397
23667816
23675177
23682523
23689888
23697279
23704667
23712048
23719413
23726793
23734127
23741536
23748869
23756263
23763625
23770968
23778346
23785673
23793017
23800384
23807702
23815082
23822482
23829840
23837201
23844570
23851895
23859254
23866636
23874038
23881395
23888802
23896145
23903495
23910874
23918182
23925532
23932911
23940256
23947605
23954977
23962329
23969696
23977060
23984443
23991817
23999193
24006535
24013857
24021246
24028583
24035946
24043302
24050648
24058016
24065322
24072676
24079998
24087345
24094735
24102102
24109388
24116727
24124137
24131480
24138817
24146200
24153524
24160891
24168227
24175547
24182909
24190231
24197645
24204996
24212366
24219717
24227111
24234461
24241831
24249190
24256538
24263888
24271257
24278659
24285985
24293356
24300726
24308089
24315422
24322774
24330122
24337503
24344872
24352253
24359603
24366962
24374341
24381672
24389032
24396426
24403816
24411142
24418495
24425883
24433257
24440614
24447978
24455316
24462736
24470091
24477476
24484824
24492226
24499618
24506985
24514374
24521756
24529089
24536414
24543713
24551037
24558424
24565792
24573109
24580463
24587839
24595204
24602522
24609898
24617234
24624520
24631851
24639137
24646476
24653816
24661190
24668582
24675980
24683329
24690684
24698057
24705441
24712729
24720068
24727412
24734730
24742120
24749449
24756851
24764246
24771617
24778968
24786311
24793628
24801013
24808359
24815706
24823055
24830409
24837766
24845127
24852513
24859876
24867238
24874580
24881974
24889281
24896647
24904016
24911340
24918713
24926074
24933391
24940738
24948081
24955400
24962779
24970156
24977526
24984884
24992238
24999598
25006988
25014384
25021717
25029078
25036435
25043822
25051166
25058500
25065860
25073222
25080518
25087922
25095247
25102587
25109932
25117273
25124663
25132037
25139363
25146717
25154091
25161467
25168804
25176156
25183475
25190798
25198166
25205475
25212873
25220204
25227577
25234944
25242349
25249647
25256964
25264339
25271679
25278995
25286394
25293716
25301076
25308428
25315783
25323163
25330538
25337942
25345294
25352667
25360035
25367384
25374756
25382133
25389496
25396895
25404300
25411657
25419015
25426367
25433714
25441071
25448445
25455826
25463195
25470502
25477840
25485240
25492616
25499961
25507359
25514759
25522109
25529477
25536823
25544155
25551500
25558832
25566174
25573529
25580877
25588234
25595606
25602931
25610326
25617736
25625097
25632529
25639855
25647204
25654566
25661928
25669265
25676599
25683973
25691304
25698685
25706044
25713390
25720763
25728064
25735363
25742782
25750161
25757592
25764963
25772354
25779699
25787052
25794456
25801856
25809186
25816516
25823884
25831249
25838615
25846018
25853414
25860823
25868151
25875543
25882911
25890255
25897622
25905006
25912359
25919694
25927047
25934387
25941778
25949132
25956462
25963851
25971227
25978626
25985997
25993350
26000705
26008084
26015418
26022800
26030157
26037524
26044873
26052269
26059579
26066908
26074267
26081586
26088975
26096337
26103695
26111043
26118386
26125724
26133101
26140512
26147883
26155218
26162620
26169986
26177356
26184748
26192167
26199558
26206946
26214269
26221636
26228993
26236390
26243750
26251100
26258486
26265827
26273183
26280553
26287928
26295273
26302641
26309982
26317397
26324732
26332113
26339501
26346882
26354250
26361614
26369025
26376413
26383730
26391106
26398405
26405705
26413054
26420459
26427845
26435180
26442518
26449861
26457221
26464569
26471947
26479315
26486699
26494054
26501400
26508796
26516166
26523498
26530878
26538197
26545568
26552874
26560240
26567609
26574957
26582293
26589657
26597063
26604395
26611792
26619106
26626485
26633852
26641211
26648593
26656027
26663363
26670754
26678092
26685480
26692809
26700213
26707603
26714984
26722352
26729689
26737051
26744405
26751785
26759169
26766553
26773946
26781320
26788676
26795998
26803345
26810699
26818058
26825453
26832839
26840214
26847572
26854921
26862304
26869713
26877047
26884399
26891772
26899132
26906432
26913804
26921106
26928460
26935822
26943218
26950591
26957955
26965259
26972583
26979953
26987306
26994697
27002030
27009398
27016733
27024070
27031450
27038816
27046173
27053524
27060848
27068186
27075526
27082928
27090273
27097679
27105005
27112332
27119730
27127074
27134407
27141744
27149112
27156450
27163822
27171178
27178533
27185894
27193267
27200592
27207971
27215299
27222704
27230033
27237388
27244767
27252182
27259536
27266894
27274232
27281564
27288919
27296248
27303588
27310933
27318311
27325647
27332966
27340331
27347721
27355089
27362440
27369794
27377190
27384551
27391905
27399265
27406663
27413975
27421335
27428688
27436069
27443431
27450812
27458159
27465489
27472840
27480198
27487581
27494887
27502261
27509589
27516960
27524355
27531729
27539114
27546503
27553831
27561204
27568543
27575920
27583269
27590623
27597994
27605382
27612745
27620110
27627454
27634820
27642188
27649579
27656933
27664313
27671715
27679072
27686419
27693767
27701118
27708461
27715831
27723190
27730561
27737945
27745339
27752713
27760032
27767419
27774808
27782191
27789569
27796912
27804278
27811605
27818953
27826363
27833719
27841128
27848474
27855818
27863158
27870577
27877943
27885281
27892650
27900013
27907369
27914723
27922083
27929446
27936847
27944211
27951526
27958855
27966176
27973519
27980859
27988215
27995552
28002876
28010245
28017622
28024988
28032362
28039720
28047090
28054450
28061806
28069149
28076525
28083870
28091251
28098625
28105954
28113295
28120661
28128045
28135418
28142740
28150045
28157396
28164725
28172066
28179411
28186807
28194178
28201549
28208904
28216294
28223677
28231011
28238428
28245759
28253093
28260429
28267755
28275151
28282460
28289818
28297115
28304429
28311792
28319136
28326487
28333839
28341211
28348591
28355937
28363296
28370700
28378129
28385466
28392865
28400260
28407624
28414933
28422329
28429696
28437088
28444424
28451790
28459149
28466564
28473946
28481330
28488697
28496050
28503409
28510752
28518118
28525487
28532875
28540241
28547596
28554950
28562341
28569696
28577064
28584439
28591761
28599095
28606455
28613821
28621180
28628530
28635882
28643216
28650590
28657926
28665326
28672738
28680108
28687483
28694816
28702207
28709566
28716909
28724284
28731631
28738997
28746368
28753764
28761120
28768425
28775782
28783142
28790473
28797841
28805196
28812555
28819901
28827309
28834667
28841995
28849412
28856804
28864166
28871524
28878885
28886335
28893692
28901070
28908459
28915824
28923150
28930536
28937915
28945293
28952671
28960056
28967418
28974767
28982152
28989522
28996894
29004265
29011608
29018966
29026332
29033690
29041043
29048420
29055775
29063134
29070474
29077840
29085213
29092571
29099905
29107244
29114603
29121959
29129323
29136691
29144050
29151417
29158787
29166186
29173561
29180918
29188270
29195614
29202979
29210283
29217614
29225033
29232381
29239754
29247159
29254522
29261874
29269160
29276471
29283842
29291252
29298673
29306024
29313369
29320736
29328080
29335412
29342760
29350166
29357539
29364923
29372260
29379655
29386998
29394332
29401691
29409051
29416402
29423730
29431106
29438470
29445867
29453199
29460534
29467944
29475333
29482711
29490113
29497520
29504867
29512251
29519589
29526960
29534346
29541687
29549025
29556408
29563709
29571040
29578373
29585773
29593143
29600518
29607913
29615303
29622670
29630043
29637428
29644780
29652126
29659469
29666835
29674154
29681495
29688867
29696190
29703552
29710892
29718236
29725572
29732975
29740344
29747717
29755106
29762449
29769807
29777159
29784506
29791917
29799248
29806628
29813970
29821365
29828694
29836019
29843352
29850752
29858151
29865519
29872860
29880183
29887541
29894901
29902256
29909687
29917050
29924373
29931713
29939040
29946399
29953752
29961127
29968463
29975802
29983169
29990588
29997935
30005326
30012632
30019988
30027329
30034704
30042066
30049427
30056829
30064230
30071637
30078992
30086333
30093682
30101082
30108390
30115741
30123125
30130539
30137867
30145239
30152618
30159979
30167344
30174729
30182088
30189438
30196831
30204207
30211559
30218961
30226321
30233669
30241010
30248352
30255649
30263016
30270379
30277735
30285168
30292472
30299784
30307102
30314476
30321835
30329225
30336549
30343893
30351247
30358557
30365912
30373249
30380621
30387976
30395340
30402724
30410044
30417390
30424743
30432144
30439453
30446817
30454151
30461536
30468932
30476262
30483620
30490984
30498293
30505683
30513002
30520336
30527689
30535042
30542382
30549738
30557119
30564478
30571862
30579197
30586577
30593938
30601282
30608634
30615985
30623395
30630740
30638148
30645523
30652910
30660268
30667615
30674987
30682365
30689757
30697113
30704450
30711797
30719120
30726548
30733886
30741253
30748592
30755949
30763295
30770707
30778025
30785364
30792732
30800112
30807450
30814768
30822107
30829475
30836817
30844152
30851518
30858902
30866254
30873607
30880976
30888326
30895676
30903046
30910376
30917710
30925125
30932474
30939844
30947162
30954510
30961864
30969218
30976541
30983894
30991284
30998590
31005953
31013319
31020681
31028089
31035466
31042818
31050160
31057497
31064855
31072174
31079513
31086924
31094298
31101629
31109020
31116381
31123747
31131125
31138513
31145869
31153226
31160604
31167977
31175336
31182721
31190129
31197477
31204827
31212211
31219556
31226915
31234241
31241594
31248942
31256255
31263576
31270907
31278265
31285651
31293016
31300279
31307606
31315024
31322362
31329773
31337185
31344581
31351902
31359282
31366638
31374038
31381380
31388729
31396075
31403415
31410809
31418136
31425507
31432789
31440157
31447484
31454865
31462248
31469562
31476910
31484284
31491625
31498967
31506349
31513697
31521014
31528411
31535758
31543117
31550464
31557815
31565184
31572556
31579910
31587311
31594670
31602090
31609419
31616825
31624156
31631512
31638896
31646273
31653605
31660942
31668321
31675675
31683018
31690400
31697802
31705110
31712484
31719840
31727249
31734655
31741993
31749341
31756746
31764085
31771438
31778802
31786141
31793453
31800793
31808107
31815483
31822865
31830255
31837565
31844937
31852346
31859685
31867025
31874383
31881711
31889073
31896381
31903739
31911088
31918444
31925843
31933194
31940584
31947912
31955282
31962635
31969971
31977372
31984735
31992092
31999448
32006863
32014210
32021547
32028913
32036275
32043674
32051035
32058410
32065779
32073145
32080492
32087858
32095203
32102557
32109943
32117281
32124661
32132018
32139362
32146739
32154127
32161508
32168853
32176163
32183522
32190889
32198211
32205600
32212994
32220387
32227738
32235114
32242476
32249813
32257113
32264466
32271804
32279150
32286499
32293842
32301224
32308593
32315991
32323335
32330695
32338053
32345426
32352742
32360087
32367455
32374824
32382192
32389503
32396838
32404158
32411537
32418940
32426277
32433677
32441047
32448447
32455822
32463149
32470498
32477893
32485278
32492647
32500017
32507378
32514743
32522134
32529537
32536890
32544282
32551605
32558989
32566357
32573735
32581145
32588508
32595888
32603227
32610606
32617997
32625346
32632710
32640083
32647479
32654836
32662222
32669587
32676959
32684360
32691731
32699071
32706422
32713831
32721154
32728532
32735895
32743254
32750626
32757970
32765336
32772680
32780039
32787407
32794766
32802161
32809561
32816927
32824275
32831613
32839029
32846401
32853757
32861124
32868490
32875841
32883171
32890540
32897884
32905282
32912587
32920035
32927419
32934750
32942086
32949453
32956802
32964152
32971537
32978887
32986231
32993553
33000965
33008353
33015711
33023168
33030531
33037910
33045304
33052714
33060059
33067443
33074777
33082157
33089481
33096809
33104137
33111528
33118895
33126264
33133566
33140963
33148334
33155669
33163093
33170464
33177821
33185178
33192564
33199850
33207241
33214611
33221983
33229375
33236760
33244153
33251489
33258852
33266240
33273590
33280958
33288318
33295713
33303086
33310439
33317811
33325138
33332490
33339906
33347229
33354558
33361905
33369259
33376653
33384009
33391361
33398734
33406153
33413525
33420923
33428309
33435667
33442983
33450322
33457665
33465022
33472409
33479758
33487075
33494412
33501776
33509141
33516549
33523874
33531219
33538574
33545902
33553266
33560620
33568002
33575379
33582739
33590109
33597507
33604898
33612271
33619625
33627013
33634349
33641789
33649138
33656515
33663898
33671262
33678600
33685958
33693292
33700654
33707965
33715346
33722728
33730091
33737488
33744845
33752252
33759621
33767001
33774397
33781761
33789105
33796476
33803863
33811179
33818487
33825842
33833228
33840605
33848007
33855311
33862668
33870033
33877380
33884672
33892047
33899440
33906839
33914206
33921592
33928931
33936331
33943741
33951124
33958499
33965889
33973278
33980640
33987974
33995306
34002712
34010082
34017463
34024827
34032189
34039538
34046854
34054228
34061588
34068977
34076371
34083729
34091047
34098428
34105791
34113159
34120492
34127910
34135268
34142652
34149983
34157368
34164724
34172097
34179483
34186876
34194252
34201617
34208943
34216249
34223630
34230980
34238328
34245711
34253148
34260500
34267832
34275147
34282476
34289806
34297222
34304616
34311972
34319381
34326746
34334148
34341506
34348815
34356206
34363556
34370937
34378312
34385710
34393087
34400430
34407788
34415159
34422536
34429910
34437254
34444627
34451983
34459392
34466744
34474101
34481442
34488845
34496187
34503556
34510863
34518217
34525577
34532931
34540279
34547616
34554961
34562284
34569630
34577008
34584325
34591689
34599034
34606360
34613679
34621037
34628375
34635753
34643107
34650504
34657888
34665238
34672590
34679984
34687363
34694750
34702157
34709563
34716917
34724293
34731631
34738999
34746345
34753705
34761071
34768416
34775778
34783093
34790428
34797757
34805119
34812470
34819851
34827180
34834544
34841927
34849249
34856662
34864026
34871381
34878739
34886089
34893392
34900760
34908113
34915475
34922869
34930268
34937622
34944958
34952319
34959707
34967110
34974467
34981794
34989208
34996551
35003910
35011253
35018550
35025917
35033277
35040636
35047974
35055357
35062687
35070111
35077484
35084824
35092178
35099548
35106911
35114300
35121644
35129005
35136356
35143690
35151077
35158437
35165794
35173160
35180574
35187941
35195306
35202651
35210008
35217349
35224688
35232053
35239418
35246755
35254075
35261413
35268767
35276106
35283528
35290892
35298253
35305593
35312959
35320324
35327621
35334944
35342344
35349710
35357127
35364472
35371848
35379200
35386583
35393916
35401272
35408648
35416022
35423381
35430785
35438184
35445564
35452924
35460286
35467670
35475022
35482403
35489720
35497091
35504439
35511828
35519167
35526531
35533908
35541269
35548644
35556013
35563374
35570735
35578097
35585437
35592797
35600171
35607536
35614951
35622324
35629653
35636947
35644357
35651651
35659016
35666359
35673699
35681066
35688425
35695808
35703151
35710523
35717887
35725273
35732655
35740035
35747406
35754811
35762194
35769595
35776977
35784353
35791696
35799049
35806422
35813731
35821074
35828424
35835794
35843150
35850559
35857914
35865292
35872630
35880011
35887358
35894724
35902136
35909447
35916804
35924165
35931474
35938807
35946163
35953539
35960882
35968254
35975606
35982926
35990259
35997637
36004995
36012339
36019666
36027048
36034432
36041743
36049092
36056443
36063842
36071198
36078566
36085928
36093293
36100683
36108032
36115362
36122728
36130078
36137483
36144834
36152166
36159540
36166891
36174305
36181657
36189042
36196364
36203742
36211078
36218453
36225798
36233140
36240485
36247838
36255178
36262498
36269850
36277231
36284587
36291943
36299320
36306674
36314038
36321364
36328727
36336155
36343475
36350817
36358141
36365473
36372820
36380189
36387516
36394864
36402211
36409599
36416998
36424359
36431694
36439050
36446379
36453687
36461049
36468406
36475781
36483136
36490491
36497839
36505131
36512456
36519835
36527217
36534595
36541926
36549267
36556626
36564006
36571372
36578727
36586109
36593482
36600858
36608203
36615550
36622949
36630304
36637596
36644941
36652335
36659693
36667041
36674442
36681774
36689187
36696569
36703968
36711306
36718684
36726068
36733374
36740714
36748086
36755436
36762765
36770107
36777470
36784843
36792239
36799584
36806917
36814298
36821664
36829053
36836384
36843738
36851077
36858454
36865810
36873170
36880550
36887923
36895245
36902667
36910056
36917391
36924721
36932084
36939396
36946769
36954137
36961506
36968822
36976184
36983544
36990944
36998271
37005589
37012946
37020398
37027746
37035111
37042459
37049817
37057166
37064532
37071924
37079367
37086751
37094115
37101472
37108864
37116223
37123606
37130994
37138381
37145730
37153101
37160516
37167854
37175212
37182529
37189896
37197262
37204626
37211981
37219335
37226656
37234021
37241396
37248721
37256094
37263478
37270867
37278217
37285597
37292964
37300330
37307648
37315012
37322384
37329730
37337085
37344441
37351783
37359179
37366557
37373906
37381301
37388693
37396042
37403386
37410746
37418189
37425545
37432885
37440272
37447631
37454973
37462361
37469700
37477016
37484344
37491753
37499136
37506516
37513781
37521119
37528535
37535860
37543267
37550646
37558023
37565357
37572749
37580125
37587465
37594859
37602186
37609581
37616912
37624278
37631588
37638962
37646332
37653718
37661035
37668410
37675753
37683173
37690536
37697894
37705227
37712599
37719939
37727300
37734650
37741999
37749385
37756775
37764091
37771467
37778813
37786201
37793590
37800959
37808331
37815726
37823090
37830465
37837826
37845150
37852481
37859835
37867260
37874636
37882030
37889371
37896752
37904106
37911472
37918887
37926273
37933633
37940977
37948349
37955696
37963084
37970410
37977751
37985131
37992472
37999828
38007221
38014534
38021895
38029253
38036611
38043961
38051314
38058704
38066064
38073403
38080770
38088118
38095462
38102831
38110180
38117511
38124868
38132244
38139659
38147034
38154405
38161734
38169125
38176468
38183809
38191184
38198536
38205865
38213231
38220579
38227934
38235295
38242722
38250103
38257438
38264792
38272203
38279547
38286955
38294332
38301683
38309062
38316457
38323754
38331101
38338486
38345908
38353274
38360606
38367958
38375299
38382679
38390062
38397439
38404781
38412143
38419496
38426864
38434231
38441575
38448982
38456354
38463710
38471107
38478515
38485858
38493208
38500560
38507905
38515266
38522677
38530049
38537439
38544793
38552128
38559473
38566904
38574211
38581560
38588967
38596346
38603733
38611089
38618472
38625814
38633200
38640509
38647867
38655248
38662613
38669925
38677265
38684634
38692038
38699423
38706856
38714208
38721605
38728904
38736286
38743660
38751017
38758365
38765657
38773040
38780363
38787744
38795064
38802420
38809797
38817150
38824530
38831869
38839163
38846558
38853931
38861301
38868682
38876098
38883458
38890773
38898117
38905455
38912836
38920212
38927585
38934938
38942307
38949637
38956994
38964337
38971655
38978998
38986350
38993751
39001126
39008479
39015867
39023179
39030567
39037910
39045282
39052623
39060003
39067332
39074728
39082101
39089494
39096884
39104261
39111591
39118966
39126376
39133735
39141123
39148488
39155817
39163127
39170479
39177765
39185122
39192497
39199837
39207143
39214453
39221864
39229222
39236585
39243918
39251305
39258665
39266010
39273378
39280798
39288203
39295566
39302944
39310281
39317669
39325061
39332394
39339744
39347087
39354467
39361839
39369189
39376528
39383891
39391265
39398619
39405986
39413379
39420724
39428032
39435374
39442723
39450105
39457469
39464846
39472189
39479578
39486966
39494342
39501679
39509063
39516425
39523816
39531173
39538507
39545870
39553260
39560605
39567977
39575352
39582684
39590081
39597413
39604745
39612094
39619468
39626862
39634247
39641599
39648972
39656302
39663678
39671052
39678419
39685739
39693083
39700460
39707815
39715140
39722519
39729909
39737247
39744622
39751976
39759301
39766631
39773983
39781325
39788664
39796082
39803449
39810745
39818103
39825458
39832773
39840111
39847466
39854861
39862224
39869563
39876900
39884271
39891599
39898919
39906308
39913663
39921061
39928445
39935817
39943161
39950540
39957945
39965297
39972658
39980037
39987398
39994801
40002123
40009489
40016867
40024212
40031553
40038942
40046292
40053655
40061008
40068368
40075721
40083082
40090446
40097800
40105156
40112542
40119897
40127209
40134550
40141916
40149257
40156640
40164027
40171377
40178757
40186123
40193444
40200797
40208147
40215490
40222850
40230236
40237641
40245010
40252327
40259678
40267033
40274419
40281786
40289161
40296543
40303907
40311284
40318656
40326013
40333325
40340634
40347994
40355380
40362736
40370103
40377511
40384840
40392231
40399640
40406954
40414268
40421625
40428945
40436312
40443645
40450993
40458320
40465673
40473068
40480494
40487834
40495173
40502525
40509897
40517265
40524607
40531987
40539289
40546672
40554018
40561383
40568743
40576084
40583403
40590742
40598118
40605487
40612855
40620185
40627522
40634850
40642265
40649661
40657024
40664417
40671713
40679079
40686380
40693751
40701088
40708465
40715781
40723113
40730453
40737814
40745119
40752495
40759873
40767240
40774610
40781971
40789375
40796753
40804099
40811464
40818858
40826218
40833586
40840965
40848264
40855617
40863012
40870311
40877664
40885016
40892357
40899702
40907024
40914333
40921704
40929089
40936453
40943798
40951133
40958517
40965899
40973285
40980659
40988009
40995355
41002714
41010039
41017418
41024795
41032117
41039472
41046808
41054124
41061475
41068817
41076197
41083547
41090944
41098311
41105652
41113033
41120406
41127765
41135140
41142510
41149830
41157135
41164531
41171912
41179304
41186664
41194033
41201311
41208664
41216031
41223428
41230830
41238175
41245510
41252917
41260240
41267644
41274937
41282309
41289686
41297068
41304460
41311848
41319214
41326554
41333874
41341267
41348624
41355944
41363317
41370703
41378042
41385384
41392736
41400100
41407507
41414849
41422184
41429533
41436905
41444221
41451536
41458875
41466262
41473585
41480970
41488298
41495660
41503012
41510307
41517721
41525079
41532438
41539836
41547173
41554490
41561866
41569180
41576542
41583877
41591251
41598608
41606006
41613395
41620731
41628081
41635421
41642821
41650113
41657516
41664880
41672267
41679654
41686974
41694367
41701751
41709062
41716424
41723793
41731111
41738448
41745843
41753223
41760560
41767972
41775348
41782730
41790125
41797495
41804880
41812230
41819588
41826958
41834272
41841627
41849005
41856341
41863698
41871019
41878407
41885722
41893116
41900445
41907789
41915098
41922421
41929809
41937185
41944519
41951895
41959249
41966606
41973979
41981343
41988695
41996073
42003421
42010738
42018096
42025496
42032828
42040201
42047587
42054969
42062342
42069760
42077111
42084465
42091844
42099183
42106638
42113987
42121319
42128699
42136032
42143396
42150765
42158084
42165469
42172786
42180165
42187519
42194894
42202247
42209586
42216941
42224296
42231640
42238941
42246237
42253611
42260994
42268364
42275747
42283152
42290548
42297869
42305205
42312590
42319970
42327349
42334747
42342148
42349473
42356815
42364162
42371521
42378851
42386231
42393576
42400951
42408335
42415627
42422974
42430333
42437680
42445038
42452409
42459771
42467151
42474542
42481925
42489296
42496632
42503973
42511335
42518692
42526087
42533464
42540806
42548170
42555526
42562888
42570240
42577635
42585028
42592440
42599775
42607129
42614544
42621875
42629258
42636612
42643986
42651365
42658707
42666033
42673366
42680742
42688084
42695471
42702845
42710215
42717582
42724966
42732272
42739623
42747029
42754392
42761727
42769099
42776426
42783808
42791101
42798448
42805782
42813164
42820509
42827875
42835264
42842594
42849909
42857228
42864579
42871926
42879314
42886660
42894003
42901344
42908696
42916068
42923426
42930745
42938162
42945530
42952883
42960243
42967582
42974952
42982309
42989646
42997003
43004336
43011693
43019046
43026376
43033747
43041111
43048422
43055761
43063179
43070505
43077828
43085182
43092523
43099920
43107304
43114693
43122057
43129427
43136829
43144180
43151540
43158863
43166240
43173600
43180889
43188233
43195587
43202960
43210350
43217702
43225068
43232463
43239817
43247185
43254552
43261908
43269280
43276631
43283974
43291288
43298617
43305944
43313310
43320683
43328013
43335370
43342692
43350065
43357399
43364728
43372104
43379483
43386824
43394232
43401586
43408966
43416319
43423731
43431076
43438416
43445759
43453055
43460441
43467800
43475167
43482539
43489857
43497199
43504531
43511879
43519201
43526578
43533959
43541273
43548628
43555980
43563352
43570730
43578086
43585482
43592875
43600205
43607563
43614898
43622247
43629624
43636960
43644325
43651657
43659027
43666437
43673757
43681145
43688523
43695925
43703279
43710590
43717948
43725303
43732671
43740058
43747433
43754805
43762177
43769543
43776894
43784220
43791584
43798931
43806328
43813692
43821048
43828395
43835753
43843121
43850442
43857814
43865175
43872520
43879841
43887249
43894597
43901949
43909304
43916714
43924083
43931380
43938760
43946109
43953513
43960885
43968220
43975572
43982918
43990305
43997686
44005024
44012410
44019791
44027160
44034522
44041890
44049225
44056549
44063918
44071287
44078674
44086080
44093430
44100821
44108141
44115471
44122827
44130223
44137585
44144974
44152308
44159660
44167038
44174407
44181812
44189196
44196546
44203953
44211355
44218687
44226058
44233453
44240802
44248172
44255513
44262860
44270213
44277592
44285038
44292364
44299690
44307051
44314432
44321737
44329058
44336410
44343763
44351143
44358521
44365908
44373308
44380671
44387988
44395332
44402695
44410041
44417428
44424765
44432136
44439515
44446843
44454187
44461554
44468944
44476313
44483719
44491119
44498480
44505875
44513227
44520580
44527979
44535368
44542724
44550062
44557393
44564771
44572139
44579498
44586887
44594216
44601593
44609003
44616357
44623755
44631070
44638374
44645684
44653032
44660416
44667773
44675162
44682516
44689862
44697167
44704577
44711910
44719278
44726583
44733918
44741325
44748666
44756013
44763432
44770780
44778189
44785536
44792874
44800207
44807531
44814883
44822217
44829550
44836916
44844281
44851635
44858968
44866314
44873644
44880961
44888323
44895695
44903057
44910389
44917691
44925026
44932393
44939774
44947116
44954455
44961801
44969188
44976526
44983865
44991236
44998572
45005925
45013325
45020686
45028053
45035417
45042794
45050175
45057506
45064877
45072233
45079576
45086974
45094328
45101698
45109025
45116314
45123751
45131125
45138530
45145862
45153236
45160581
45167948
45175290
45182631
45189981
45197321
45204698
45212003
45219385
45226783
45234198
45241574
45248931
45256301
45263685
45271071
45278416
45285780
45293208
45300613
45307983
45315309
45322697
45330026
45337375
45344798
45352153
45359513
45366863
45374224
45381604
45388958
45396358
45403714
45411067
45418411
45425780
45433193
45440589
45447943
45455304
45462655
45470048
45477436
45484839
45492224
45499587
45506959
45514378
45521695
45529035
45536376
45543701
45551084
45558439
45565826
45573191
45580556
45587904
45595268
45602640
45610006
45617356
45624756
45632092
45639418
45646778
45654125
45661527
45668892
45676238
45683639
45691027
45698385
45705740
45713140
45720475
45727767
45735083
45742397
45749753
45757116
45764468
45771842
45779216
45786591
45793958
45801361
45808661
45816032
45823388
45830733
45838085
45845413
45852766
45860138
45867515
45874874
45882256
45889582
45896917
45904256
45911553
45918948
45926312
45933639
45940999
45948356
45955711
45963087
45970482
45977888
45985254
45992605
46000014
46007342
46014660
46022027
46029397
46036753
46044090
46051480
46058838
46066205
46073579
46080952
46088321
46095669
46103046
46110403
46117777
46125083
46132454
46139800
46147128
46154483
46161804
46169165
46176527
46183878
46191235
46198653
46206008
46213393
46220732
46228077
46235409
46242735
46250098
46257430
46264774
46272099
46279437
46286765
46294089
46301435
46308765
46316100
46323476
46330859
46338200
46345552
46352903
46360305
46367664
46375057
46382396
46389799
46397177
46404578
46411947
46419342
46426696
46434047
46441425
46448776
46456134
46463485
46470820
46478187
46485525
46492878
46500218
46507560
46514907
46522267
46529600
46536922
46544291
46551682
46559077
46566471
46573801
46581131
46588525
46595857
46603200
46610536
46617893
46625256
46632572
46639854
46647209
46654608
46661951
46669306
46676680
46684047
46691420
46698789
46706155
46713494
46720849
46728245
46735636
46742976
46750325
46757669
46765072
46772446
46779772
46787123
46794482
46801837
46809150
46816485
46823845
46831191
46838547
46845833
46853215
46860504
46867793
46875205
46882613
46889910
46897270
46904603
46911912
46919275
46926644
46934007
46941360
46948723
46956056
46963382
46970704
46978056
46985437
46992802
47000125
47007497
47014850
47022212
47029584
47036978
47044358
47051737
47059059
47066434
47073788
47081146
47088525
47095889
47103219
47110576
47117930
47125285
47132657
47140001
47147369
47154711
47162073
47169399
47176775
47184117
47191498
47198899
47206238
47213579
47220929
47228301
47235654
47242973
47250338
47257757
47265121
47272470
47279796
47287162
47294518
47301872
47309228
47316579
47323944
47331311
47338720
47346051
47353337
47360702
47368074
47375412
47382770
47390119
47397495
47404830
47412218
47419590
47426942
47434318
47441700
47449070
47456425
47463769
47471130
