-0.0044164499258465845
0.007240944331932425
0.0016802132097994554
0.014011839373274633
0.0016389894900711013
0.0166756072087635
0.012098141369315515
-0.008183213421946292
-0.007810573365700198
-0.01670230378860515
-0.0034827697636183206
-0.005043328027173296
0.0035882787859514353
-0.002462009678182213
-0.0020578728170742096
-0.0014827699908802061
0.008190566661500188
-0.007476033101670254
-0.012090555303367723
0.0015633272866505035
-0.002020133887567845
-0.0020740694488585393
-0.009563429091040437
0.01039403828130375
0.008488341182782383
0.007910332720754776
-0.0038273528144801678
0.00868647717821729
-0.002427259315315631
-0.00284968805143854
-0.014539968086707683
0.003083687405770013
0.011783283340257524
0.0028264344709870385
0.004371203835307491
-0.00361334437341573
-0.004500428128968357
0.0037371596974391103
0.026006933691976958
-0.0012992167018990334
0.008103597923747295
0.005703527774021264
0.008036862962216992
0.000585393897744599
0.004843201029830541
0.013261386178099431
-0.008191476007852852
-0.0039049830512664797
0.003911685998155796
-0.006741203629522362
-0.005801900050116576
0.006085188279718566
0.005685757555712365
-0.011138490134202888
0.0043674238500675516
0.002131407534057666
0.0045748395088139465
0.00514510919431663
-0.0013063146994152092
-0.0015898373939508435
-0.003332744918966742
0.015206253167001233
0.009794014860823047
0.0012437937460731876
0.010186017801476979
0.004230549620459863
0.00729416186198213
-0.004019207221433962
0.0020913885553738867
0.00763546588802505
0.005028404455656104
-0.0012281426443888038
-0.008318969835793253
-7.377628145289507e-5
-0.0006824890335666175
0.013562040862504655
-0.01175170598401113
-0.005942343570794182
-0.0018576601855721173
-0.008968891438474312
-0.0005386345971933903
-0.0014454112689928143
-0.005515036830288954
0.0010281898606410342
-0.014662667206871254
-0.004950411938807588
-0.004404775444283713
-0.023958360836982596
-0.00261947456952373
0.0010479520835208814
0.001199883806178411
-0.014476831749540928
-0.0012434609954904193
0.02408264121573018
-0.005820423515817049
-0.007075282656987949
-0.001971376200323829
-0.003318956781654343
0.0111330571901444
0.013921383998561118
-0.012266177797623797
-0.001026782792098259
0.0005878847938857595
0.0028874496729131187
0.007436099497871644
0.014946989776469535
0.0014511811339336747
0.016948475282609406
-0.012289450309506598
-0.008255853480129059
-0.0069412462028373865
0.006173715324736474
0.01175704074751949
-0.008320243092451479
0.009487975700578575
0.009675355436395264
-0.010215765884394186
0.0036907627446806134
0.02058194690245599
-0.0017654695544457011
0.0032636096662500384
0.002749127470683066
0.00608563845854947
0.0008858563880716061
0.0071163478052366546
0.01639221067362675
0.013907392833247184
0.006987762998043089
0.010346281000309692
-0.016269640483391655
0.009542471885635399
0.002132146232336933
-0.008265204976435483
-0.01663389466869722
-0.0018975146994226902
0.0009530488946018322
0.005506736840150225
0.007181981132279272
0.0018454203266482696
0.010267389193760072
-0.01054604187912617
0.006835345109778977
-0.00045460892723599156
-0.0029933809778566875
0.0033302244140831208
0.0025958467048956147
-0.01340004336334289
-0.004740571765364002
0.0016807389568221304
0.00040049245295424715
0.006507293458309101
-0.003507882998341157
0.015332989842483682
-0.0019253055251141256
-0.0037208389177491343
0.008553411440990607
-0.00492857037021743
0.004165623375598343
0.010042627649417038
0.002225555455072745
0.007923196084667202
-0.009568332828130337
0.006939410932261766
0.008963704725507556
-0.005516894462601856
0.013664302760060705
0.016965529621566833
0.0011123810228229006
-0.0019533985509805262
-0.006059690645462796
0.006562149440454991
0.012785502753851489
0.009733118895234287
0.0053682788185119385
-0.015650079039510455
0.015490565602019727
0.023145380619894233
-0.004258271780522667
0.00879693234910022
0.004799001485441166
0.0028857387824792195
0.006452083528767781
0.01124762514183116
0.011582438658046706
-0.00038203752143762225
0.011621285002501175
0.0009756092964737654
-0.008299687157376922
-0.015031384332634243
0.006297614132328835
0.011070944870064235
-0.002236489092527322
0.012515075200055487
0.014630703336975508
0.0005765637746838193
-9.375573851672526e-5
0.012244408928766633
-0.0120272991831443
-0.008515826158794539
-0.011135635131367453
-0.008403474931275913
-0.012634082110995978
-0.0035882744407035472
0.017986607382693406
-0.00789130216447095
0.003391771742806856
0.006918472595142608
-0.013090383464824669
-1.193503266034646e-5
0.003749802387343637
0.012198566126632861
0.002136504483371259
0.002633931825607905
0.007746383209437607
0.009930818719104666
0.012186354739916033
0.004381019200811196
-0.0015206379949424293
0.0019359751066093068
0.008883175134672214
-0.00594734780826529
-0.001056988129940995
0.006060943322913136
0.0016193402744079286
-0.00312127580774519
0.01665774075935418
-0.0021528652840999115
-0.015852404730567544
-0.0017246495331164468
-0.0020835480302632057
2.1588800541198338e-5
0.001964950523244201
-0.009023266169973477
0.004990588955681814
0.0010341343195019118
0.004852240275612986
-0.009018452358894664
0.0038234579693265233
-0.00020811260567159262
-0.008216895057520796
-0.003328768816033201
-0.0036915111539790883
-0.005772460957022899
0.014160864350177604
-0.0047875631841653565
-0.007365362080712874
-0.01595497128570858
-0.0003949874710679549
0.004282396389168835
-0.0023881743891014523
-0.0015909532962397536
-0.008204677073795182
0.012585469708175093
-0.0063531062777676004
-0.0019074587765094716
0.004916633069497568
-7.313458588672356e-6
0.01578959521726643
0.0043782250003902515
0.010101301193314049
0.00641207810966754
0.013091500801065916
-0.0020569323395098296
0.004538097127419268
0.015642812435188287
-0.007074454753480488
0.006002052309229536
-0.006050313764418816
-2.7226730325841456e-5
-0.0024139233785257013
-0.008196759025588272
-0.0003327816594183865
0.0008186732095409712
-0.008914303529507403
-0.005069966058809359
-0.003173197812774515
0.0010636554085493787
-0.006460733363742628
-0.009104568652304655
0.002820446309822089
0.004795026798939968
-0.01400381402243658
-0.0004429366522021148
0.001404185486657088
0.0027502034295612612
0.012909741224253516
0.007754255115421958
0.005091355616569825
-0.0013974828818905938
0.002040071871802326
0.0010215625844631274
-0.004666337095014367
0.0165308729874163
-0.003287681643180579
0.012814854811007043
0.002278868876842704
-0.002813430580957713
-0.003570642246208088
0.011599235272200003
0.003747683986150627
-0.0030355803153643487
0.014557107066732529
0.007160959256314906
0.0175436866985351
-0.016431032824439817
-0.0028941439125260877
0.0037583943598589625
-0.0022892915807063456
-0.00040564103479965533
-0.008425288235015616
0.0028353171944356407
0.01683790395984264
0.003542508785421878
0.0018082447180720884
0.0034486179018594905
-0.008465625215053209
-0.00807245169541374
-0.0012257707323335078
0.004916583513130649
0.0019467216984318417
0.00461446468230433
0.004499088819640394
0.008454745549653076
-0.009452631041938307
-0.007398432269099357
-0.0020202369424426212
0.005350786477229691
-0.009553218091204145
-0.0025616782856386798
0.00822901598582238
0.004963865246661113
-0.001529085556744615
-0.008390717855164112
-0.0026411372361557295
-0.0015187758840558858
-0.0007313699253599778
0.0028726806397361892
0.00043867854761398505
0.011880264505463388
0.004657891587784299
-0.010882573097350516
-0.006451186369923012
0.008786934013303986
0.00657762451998279
0.0046866470751946755
-0.010548576857509685
0.018771677037666
-0.0053055493989283675
0.000487385934771282
-0.009420661576503342
-0.006040276612022114
0.0017997501185476345
-0.0008923362272842924
0.0009922324382654717
0.004574730504756001
-0.0017822730670519205
0.002241941357140904
0.005678593737759786
0.007242900873685615
-0.008433011675803615
-0.014342444584807264
-0.0037958249993716806
0.0031294977297011434
-0.006682314639631932
0.0100148872462107
-0.005667944392841278
-0.003054419369654592
-0.0006293681210974987
-0.004992338341086876
0.002985984107047688
-0.01720189455609214
-0.006136453378901211
-0.021977348369997096
0.0028553627240249253
-0.0027280994557840454
0.006224754229676068
0.0013016581006165297
-0.02075047579076305
-0.02142140060434089
-0.0034730462903228305
0.000788719460295986
0.010292932319091425
-0.0026670937530029726
0.005070058293184877
-0.0007494730390169013
-0.003785526275186814
-0.004761186397122972
-0.007652653758211438
-0.01901056119424202
0.008154820846756535
-0.003932323075455655
-0.0019847747772356143
0.006266053025133644
-0.015302321807462167
0.005187006260309114
-0.006835170042319486
0.00950382654742701
0.00872098415653999
0.0028403993147888117
-0.003577481126571233
0.008446400898158795
0.013159849624281236
0.00521527605557714
-0.0018958961368401401
-0.002769913292658274
-0.008340768028452253
0.009536784965819702
-0.012138090840893593
-0.009948691094081646
-0.009338700263543035
-0.0058764427181320755
-0.006985644820856653
-0.011667311051268081
9.649096445977926e-5
0.0009768844511652067
-0.00734013895546598
-0.016147017915544765
0.006477445294462001
0.009806156227956907
0.002231804120940623
0.0011255850429162852
0.0025111425504427396
0.004504400016723554
-0.0037076757446762986
-0.0015702481506431694
-0.00667819822695976
0.008848794859603491
0.0010697949318594592
0.005642841308885282
-0.002888647955103232
-0.005669236627376349
0.0012924261261709688
0.0002615865454724227
-0.011231873326838221
0.0008497562229563436
-0.005183713311992041
0.007160340465488134
0.005336273561645993
0.0036352372926323163
-0.0007898561702667896
0.0072927253632518165
0.004776124016675093
0.003638562531027089
0.015725537461716288
0.009588595759398815
-0.00962541895913559
-0.006325301825629871
-0.001465408661552234
-0.0015172345957911145
-0.008425708319232025
-0.009190601958910173
0.0012145298083649529
-0.0010592391588411416
-0.0006964453846803683
0.0013953582042132992
-0.008518062714830927
0.005540438198655456
-0.018584184850089322
0.0020794787482591192
-0.011249556828496276
0.005808225587488135
0.01639594991894784
-0.0026148358041320494
0.011746734570044815
0.006547864490310149
-0.009187037278064674
0.004323791052132835
-0.003368652123705065
-0.018287287176883833
0.0017885209363958255
-0.00201021088381758
-0.00566697222045461
0.012649768705124128
-0.004654377932400169
-9.530173740588364e-5
-0.007109198832365013
-0.002995663632215154
0.004405587162452084
0.0031600882633115697
0.012716597003071439
0.0023394890455390722
-0.01231874398727054
0.019169841359581757
-0.01459463263573185
0.012386333285897295
-0.010461582103713625
-0.0043063374941108915
0.01319049109684789
-0.010878461748845167
-0.008080375478453444
0.002560807498479633
-0.0029844465803614195
-0.014324647476588535
0.012107423304266054
0.0017242445714116933
-0.00839900798023619
-0.0039017336704327238
0.009228843826258054
0.00011047943488330485
-0.0025622218197792488
0.007559809036768808
-0.010203551375753848
0.011857117726806969
0.011060775290504438
0.0015879582161457291
-0.005472325687153553
-0.004206539724965331
-0.0030882809145443358
-0.00016294651380766023
-0.0022389528787051132
0.005931577451363822
-0.009645121998737153
-0.0015453117230883407
0.012404443928495596
0.008779261025467675
-0.012742299376174087
-0.0060451442155841925
0.003189799999792823
-0.007259665725289106
-0.003718180432662177
-0.004478651827103918
0.003837318810645525
0.003939936680423283
-0.0036292519232758043
-0.015580795328880208
0.02144366302785398
-0.005030112543652416
0.02010154259535087
-0.003860611567127213
0.0026265898817939845
0.0013300616078549623
0.022317732798490357
-0.004216344034789168
-0.006587772842898433
-0.005162612691995123
0.010629858744511188
0.004417433092239553
-0.009435326346644592
0.005159460045682851
0.0005787204106619329
-0.008838659362404883
0.0022337401973122435
-0.006227516746915345
0.011043068906985455
-0.0009412802170433877
0.01105797957083354
0.0011943078503883222
0.007905562583432573
-0.0002519254119229073
-0.013430929405103102
0.0026069857114649417
-0.002639559063597646
-0.005489040662901384
-0.013284120504392372
0.02032904624709993
-0.003479905289416084
-0.0036770487467979057
0.004801111075189022
0.007257882612598051
0.010919787019711712
-0.014235853212832224
-0.0011087961611384823
0.014428889712540714
-0.0028687160648399623
0.0009039405947175927
-0.0036532078270908397
-0.005140322953107074
0.008990445751904655
0.0013684025284420734
0.004181624426267072
-0.007573699073413221
-0.002848967730229132
-0.0012844646217517585
0.0007562475109266194
-0.012493817612004077
0.00025072765234380144
0.014214866535364502
-0.01197341471099694
0.017498938161367744
-0.005231317978509489
0.004658231406940709
0.006091472928366225
0.0014078261314953533
-0.010534342475340502
0.0037893246288985332
-0.0033401654952985903
-0.0010497685313651732
0.0038984163696105852
-0.0031601242456516182
-0.007616723687120911
0.0007139361459957572
-0.0016917740581881319
-0.0018244824204282865
0.002439822880051618
0.0005322957766610171
0.01489373412308442
0.0012586704921778245
0.007432264960032291
-0.0066613037758118596
0.011163905882325962
0.0025303613669626877
0.0013630200708587828
-0.002982811953427059
0.0035835841452883203
0.002457272647393193
0.005879891409972609
0.004195509390500857
-0.0012100593670112915
-0.0012133080783629064
0.001475342833944294
0.00808521548071657
0.006634565832078536
-0.0004197193498688438
-0.007386427843542256
0.007446875438529116
-0.008170927687435096
-0.0035300894312079844
0.02307699973656165
0.0016388758028235708
0.010301819835490833
-0.005775572283983746
-0.010783897756076239
0.011841588693546928
-0.006804773231305083
0.0011764005624559752
0.006316320988765911
0.010441190787860467
-0.007614866259089751
-0.005891907186681623
0.0017627527607427596
0.002604701714234061
-0.005162543820820045
0.004096024345440038
0.002095730481032807
0.004272440413159123
0.003960471708256931
0.0020306745423860698
-0.015382306669270858
-0.004052841255947328
0.0022179688306387998
0.0019848431742149307
-0.007047085599260887
-0.000988625280337981
-0.009844583316406844
-0.009615714872045088
-0.0074074265326895105
0.01132941533490527
0.00022179461841648923
-0.01769288696123381
-0.012647993110875564
0.0006297253737700776
-0.0066480349267522675
0.0009349615655766964
0.009614501895263392
-0.00668665574140597
-0.00026027059313489195
0.0004578042312893618
-0.008197626875345133
-0.005510177521595553
-0.010068765079164972
0.005804546841950866
-0.002160849203412453
0.003012805836516084
0.0039951535208598045
0.010162971552528256
0.013253213724304873
0.0019450803094127184
-0.005239794217656552
0.0041457603346844365
-0.006653010580966774
-0.01271176116566125
0.0011328001540949107
-0.005140947821927463
-0.012523583580234508
0.0019236460536360667
-0.0033281183079511244
-0.0049512999015816715
-0.00033124101258591703
0.011602679909511367
0.005542711084592575
0.0033229794088908437
-0.002609181927023292
0.0018378960127781846
0.002287222038830038
0.009081204242392952
-0.0013713702119163692
-0.013322810267939822
0.011086715669434538
-0.009495198360339161
-0.009254226034109579
0.011569499828434353
0.0018235172512811792
-0.013089439636797148
-0.005015377186458578
-0.006286137813294774
0.008025013987571371
0.017568411020591992
-0.007307470238962313
-0.00490639749320984
0.005960305084999198
-0.0004630826822835639
-0.007589532955151666
-0.0013488054874561377
0.004100873979652639
-0.0017585736795591375
0.002656209859666611
-0.0029720443702957473
-0.008742388524260333
0.0058498775621749185
-0.0035079476179394
0.012962320087664191
-0.008294461756074244
-0.012248081528083977
0.008587576251145215
-0.012073855846725871
-0.004789743086567299
0.0038223243628159433
-0.004149701513895997
-0.0022395914606737157
-0.007293315046157343
0.001248898675787116
0.011814722380413083
-0.010053674607134109
-0.0003800598898158824
0.00964356150369385
0.009105234879325316
-0.00873005864586382
-0.003553395619822578
-0.006354414658278967
0.0011878596686979242
0.008475911610587727
0.00908831209827721
0.0015792187807363812
-4.462617104824228e-5
4.42063927665803e-5
-0.0006465738840560689
-0.0030104894338892616
0.0011323370262302681
0.009138783266723932
-0.01575939296002429
-0.001955657278571997
-0.009424011449108241
-0.00702532959770899
0.011101228946558185
-0.0024004293805731285
0.005932580270699556
-0.011089229463042104
0.006285008627369078
-0.006240569919978877
0.009030846215739567
0.0035884392991476534
-0.005145973017888725
0.000872928636172928
0.0008751887027657083
0.013785680599173941
-0.003585302664678342
0.0005116472945633083
0.000891511540051553
0.013471690416281896
-0.003377291400829354
-0.010850807905252864
-0.0037452221743675598
-0.0010021388750254918
-0.012821139045333451
0.005092855308095648
-0.003984954442389482
-0.0018660454454043417
0.013717662840527814
0.009310654798540565
0.005122042563071234
4.901410693661625e-5
-0.0016067518764563684
-0.0017829296459742731
0.004684368769667361
0.006654160147624618
-0.0015913669007836702
0.012407373537620513
0.0020498469766404683
-0.0078037930988307785
0.0032570148680704913
0.007053066131222565
0.015169433311981376
0.009487763541125821
-0.002171072538597136
0.014571316598023212
0.004698064086859766
-0.008348819248023016
-0.011469561427782
-0.0080556032473484
-0.011382293738540075
0.006137225139460209
-0.012247120417284573
0.002808296535640001
0.0017699736669329223
0.003301891491191369
0.0009388704204203457
0.00923256180489211
0.007573676430677018
-0.007419059859099776
0.011038001466118403
