5942570
6060208
6178299
6296110
6414130
6531761
6649488
6767250
6884991
7002732
7120473
7238296
7356069
7474018
7591872
7709853
7827631
7945415
8063238
8181044
8298914
8416717
8534378
8652089
8769742
8887626
9005321
9123304
9241016
9358655
9476712
9594486
9712244
9830116
9947901
10065814
10183654
10301524
10419231
10537069
10654837
10772706
10890635
11008389
11126170
11244078
11362022
11479831
11597524
11715249
11832825
11950586
12068365
12185939
12303719
12421465
12539221
12656893
12774578
12892223
13010210
13127968
13245879
13363664
13481426
13599264
13717057
13834811
13952471
14070072
14187926
14305599
14423381
14541208
14659135
14776805
14894476
15012080
15129622
15247296
15364944
15482600
15600438
15718281
15836192
15953976
16071693
16189395
16307153
16425080
16543074
16660960
16778591
16896350
17014090
17131949
17249688
17367536
17485325
17603175
17721024
17838715
17956446
18074269
18192252
18309960
18427865
18545698
18663332
18781013
18898722
19016464
19134100
19252157
19369919
19487798
19605701
19723448
19841134
19958976
20076782
20194465
20312126
20429893
20547537
20665411
20783205
20901095
21018853
21136489
21254309
21371926
21489841
21607675
21725379
21843322
21960916
22078841
22196643
22314325
22432182
22550045
22667626
22785519
22903444
23021189
23138856
23256550
23374401
23492205
23609834
23727598
23845522
23963341
24081229
24198987
24316809
24434446
24552141
24669800
24787580
24905359
25023338
25141237
25258857
25376643
25494566
25612443
25730249
25847960
25965800
26083638
26201477
26319313
26437011
26554875
26672711
26790396
26908286
27026258
27144070
27261954
27379678
27497383
27615193
27732993
27850727
27968452
28086052
28203945
28321716
28439416
28557274
28674966
28792772
28910584
29028205
29145919
29263832
29381770
29499529
29617323
29735059
29852789
29970753
30088682
30206213
30324046
30441895
30559524
30677244
30794759
30912568
31030494
31148375
31266105
31383910
31501892
31619694
31737620
31855442
31973122
32090973
32208620
32326359
32444126
32561876
32679594
32797262
32915020
33032800
33150796
33268580
33386322
33503969
33621752
33739447
33857290
33975283
34093144
34211067
34328892
34446953
34564749
34682498
34800211
34918217
35036063
35153830
35271555
35389229
35507118
35624788
35742513
35860413
35978129
36096035
36213797
36331667
36449491
36567167
36684959
36802478
36920338
37038314
37156192
37273706
37391504
37509297
37627024
37744622
37862406
37980182
38097948
38215686
38333325
38451103
38568471
38686129
38804154
38921754
39039659
39157459
39275319
39393142
39510673
39628311
39746167
39864022
39981710
40099586
40217217
40334909
40452657
40570536
40688226
40806037
40923767
41041471
41159434
41277347
41395058
41512852
41630642
41748258
41865889
41983774
42101519
42219402
42337301
42454966
42572739
42690605
42808286
42926125
43043721
43161590
43279392
43397330
43515128
43632953
43750609
43868300
43986391
44103938
44221537
44339306
44456935
44574660
44692376
44810204
44927838
45045692
45163459
45281217
45398903
45516776
45634664
45752401
45870320
45988078
46105930
46223550
46341291
46458949
46576775
46694429
46812234
46930007
47047811
47165511
47283315
47401017
47519047
47636935
47754772
47872553
47990346
48108059
48225979
48343555
48461191
48578978
48696740
48814377
48932169
49050084
49167875
49285464
49403238
49520959
49638650
49756482
49874015
49991705
50109378
50227391
50345055
50462784
50580482
50698172
50815987
50933922
51051595
51169534
51287320
51405037
51522922
51640556
51758215
51875802
51993663
52111596
52229590
52347408
52465020
52582609
52700421
52818197
52935919
53053561
53171320
53288985
53406801
53524658
53642365
53760226
53877938
53995807
54113717
54231526
54349142
54467056
54584929
54702623
54820189
54937913
55055600
55173345
55291110
55408545
55526348
55644007
55761975
55879634
55997238
56114956
56232665
56350396
56468141
56585830
56703348
56821032
56938833
57056679
57174412
57292092
57409895
57527713
57645546
57763530
57881127
57998778
58116591
58234509
58352288
58470001
58587777
58705608
58823298
58941063
59058934
59176791
59294535
59412315
59530207
59647982
59765842
59883535
60001237
60118980
60236964
60354847
60472554
60590343
60708107
60825849
60943403
61061065
61178908
61296732
61414539
61532178
61650048
61767755
61885543
62003411
62121246
62238989
62356932
62474816
62592373
62710017
62827793
62945702
63063316
63180963
63298857
63416613
63534521
63652336
63770153
63887743
64005552
64123315
64241183
64358888
64476761
64594552
64712427
64830082
64947789
65065446
65183258
65301112
65419000
65536569
65654421
65772060
65889763
66007522
66125124
66242752
66360582
66478498
66596410
66714053
66831706
66949194
67066895
67184709
67302395
67420205
67537974
67655854
67773365
67891153
68008834
68126609
68244353
68362277
68480065
68597659
68715372
68833186
68950762
69068428
69186302
69303905
69421639
69539512
69657266
69775068
69892774
70010257
70128038
70246017
70363787
70481726
70599353
70717261
70835046
70952833
71070645
71188462
71306272
71424070
71541899
71659531
71777205
71895136
72012998
72130818
72248549
72366261
72483991
72601798
72719643
72837329
72955011
73072705
73190402
73308116
73425981
73543721
73661457
73779311
73897162
74014946
74132801
74250678
74368557
74486290
74604106
74721801
74839831
74957573
75075324
75193303
75310983
75428864
75546562
75664406
75782166
75899867
76017591
76135360
76253222
76371049
76488848
76606708
76724558
76842256
76960207
77078129
77196076
77313963
77431776
77549653
77667393
77785009
77902691
78020394
78138276
78256090
78373987
78491848
78609654
78727352
78845084
78962938
79080795
79198808
79316684
79434358
79552227
79669996
79787640
79905353
80023148
80141114
80258765
80376417
80494022
80611890
80729740
80847602
80965198
81082968
81200803
81318589
81436390
81554212
81672050
81789811
81907551
82025290
82142922
82260596
82378352
82496220
82614157
82731926
82849801
82967259
83085085
83202961
83320763
83438454
83556081
83674144
83791857
83909613
84027402
84145331
84263199
84380942
84498762
84616556
84734449
84852209
84969961
85087855
85205587
85323289
85441247
85559087
85677065
85794829
85912439
86030271
86147967
86265840
86383714
86501550
86619157
86736740
86854536
86972283
87089863
87207611
87325307
87443172
87560986
87678908
87796787
87914770
88032563
88150394
88268172
88385969
88503830
88621471
88739305
88857101
88974957
89092696
89210568
89328162
89445879
89563607
89681358
89799037
89916761
90034477
90152225
90270132
90387737
90505518
90623254
90741240
90858934
90976825
91094684
91212483
91330271
91447947
91565536
91683387
91801235
91919018
92036752
92154518
92272579
92390206
92508020
92625737
92743543
92861316
92979258
93096987
93214662
93332465
93450291
93568201
93685861
93803661
93921465
94039407
94157265
94275141
94392924
94510681
94628423
94746322
94864092
94981853
95099732
95217703
95335449
95453388
95571091
95688840
95806710
95924396
96042269
96159945
96277703
96395369
96513290
96630933
96748791
96866692
96984452
97102062
97219896
97337743
97455385
97573051
97690802
97808447
97926371
98044179
98161913
98279796
98397454
98515059
98632635
98750533
98868395
98986196
99103964
99221739
99339490
99457255
99574914
99692769
99810752
99928497
100046244
