20987
41845
62724
83692
104527
125404
146326
167309
188139
209044
229984
250753
271625
292603
313354
334280
355125
376061
397018
417844
438826
459673
480655
501483
522399
543281
564118
585021
605933
626854
647781
668688
689582
710529
731435
752288
773213
794120
815090
835969
856792
877691
898500
919409
940191
961100
982016
1002882
1023749
1044735
1065660
1086551
1107381
1128263
1149149
1169961
1190893
1211719
1232619
1253478
1274345
1295220
1316062
1336967
1357865
1378770
1399647
1420567
1441412
1462309
1483234
1504129
1524976
1545860
1566736
1587664
1608581
1629327
1650185
1671067
1691915
1712843
1733940
1754820
1775664
1796558
1817414
1838201
1859120
1880111
1901037
1921931
1942824
1963776
1984668
2005624
2026455
2047455
2068316
2089270
2110189
2131198
2152151
2173065
2193984
2214837
2235736
2256553
2277424
2298237
2319145
2340094
2360929
2381797
2402671
2423491
2444370
2465180
2486135
2507047
2527897
2548787
2569632
2590527
2611320
2632217
2653193
2674048
2694970
2715926
2736839
2757720
2778647
2799483
2820460
2841456
2862362
2883302
2904204
2925108
2946009
2966770
2987640
3008569
3029393
3050288
3071129
3092017
3112891
3133829
3154667
3175479
3196477
3217312
3238130
3259002
3279797
3300676
3321516
3342442
3363333
3384189
3405077
3425926
3446788
3467667
3488585
3509570
3530486
3551276
3572183
3593069
3613942
3634938
3655853
3676682
3697505
3718450
3739345
3760254
3781138
3802052
3822920
3843778
3864616
3885517
3906430
3927341
3948303
3969155
3989965
4010912
4031739
4052658
4073518
4094451
4115305
4136231
4157169
4178122
4198961
4219820
4240754
4261628
4282557
4303468
4324490
4345312
4366102
4386952
4407931
4428742
4449700
4470606
4491440
4512265
4533122
4553976
4574821
4595734
4616606
4637490
4658458
4679323
4700139
4721052
4741970
4762794
4783585
4804441
4825361
4846316
4867185
4888074
4908947
4929774
4950685
4971528
4992368
5013288
5034078
5054965
5075861
5096840
5117763
5138683
5159575
5180511
5201421
5222295
5243146
5264113
5284961
5305907
5326744
5347572
5368420
5389308
5410184
5431078
5451892
5472749
5493584
5514497
5535516
5556425
5577262
5598172
5619064
5639883
5660768
5681699
5702582
5723468
5744323
5765195
5786080
5806981
5827894
5848755
5869762
5890657
5911606
5932423
5953275
5974129
5994934
6015852
6036790
6057701
6078494
6099454
6120381
6141284
6162122
6183108
6203966
6224857
6245856
6266685
6287568
6308468
6329371
6350267
6371148
6392059
6412857
6433726
6454598
6475497
6496434
6517270
6538087
6558892
6579832
6600787
6621773
6642644
6663579
6684376
6705191
6726051
6746889
6767803
6788765
6809734
6830743
6851691
6872554
6893536
6914455
6935379
6956182
6977111
6998014
7018989
7039826
7060735
7081572
7102433
7123366
7144231
7165222
7186045
7206972
7227853
7248702
7269608
7290507
7311405
7332330
7353174
7374100
7395004
7415863
7436756
7457626
7478589
7499561
7520424
7541379
7562217
7583169
7603968
7624837
7645792
7666671
7687405
7708260
7729184
7750115
7770992
7791908
7812880
7833872
7854691
7875535
7896376
7917225
7938071
7959051
7979926
8000731
8021765
8042700
8063557
8084464
8105356
8126282
8147183
8168046
8188984
8209854
8230757
8251634
8272519
8293419
8314208
8334994
8355888
8376715
8397572
8418415
8439398
8460276
8481166
8502077
8522998
8543920
8564877
8585802
8606673
8627592
8648392
8669129
8689968
8710831
8731753
8752641
8773507
8794432
8815323
8836161
8857059
8877918
8898758
8919656
8940543
8961416
8982297
9003105
9023985
9044817
9065712
9086464
9107283
9128058
9148935
9169847
9190758
9211658
9232627
9253517
9274358
9295317
9316159
9337021
9358002
9378956
9399887
9420732
9441682
9462577
9483446
9504269
9525187
9546068
9566985
9587821
9608680
9629526
9650318
9671083
9692073
9712963
9733835
9754797
9775671
9796643
9817587
9838518
9859427
9880351
9901311
9922212
9943073
9964032
9985021
10005950
10026806
10047688
10068598
10089443
10110380
10131208
10152096
10172976
10193834
10214723
10235638
10256595
10277390
10298335
10319213
10340102
10361067
10381976
10402886
10423830
10444638
10465560
10486463
10507395
10528276
10549247
10570104
10590955
10611875
10632811
10653661
10674464
10695392
10716298
10737106
10757979
10778928
10799803
10820731
10841584
10862554
10883518
10904401
10925274
10946181
10966954
10987781
11008735
11029621
11050467
11071329
11092212
11113091
11133970
11154867
11175773
11196650
11217520
11238401
11259364
11280191
11301089
11322006
11342866
11363761
11384652
11405522
11426422
11447236
11468196
11489096
11509894
11530797
11551763
11572720
11593590
11614365
11635287
11656148
11676941
11697847
11718761
11739632
11760506
11781354
11802255
11823229
11844136
11865034
11885950
11906854
11927779
11948603
11969597
11990502
12011365
12032217
12053136
12074149
12095120
12116102
12137064
12157951
12178918
12199746
12220542
12241464
12262417
12283295
12304196
12325052
12345891
12366859
12387740
12408648
12429574
12450489
12471383
12492239
12513120
12534001
12554931
12575854
12596832
12617703
12638523
12659428
12680295
12701169
12722081
12743021
12763890
12784705
12805491
12826434
12847230
12868129
12889077
12909972
12930919
12951919
12972871
12993714
13014636
13035578
13056485
13077436
13098301
13119224
13140144
13161097
13182060
13202983
13223967
13244879
13265712
13286611
13307597
13328411
13349309
13370061
13390939
13411763
13432580
13453521
13474507
13495402
13516392
13537293
13558297
13579111
13599892
13620812
13641797
13662641
13683512
13704389
13725300
13746167
13767014
13787869
13808703
13829527
13850390
13871272
13892190
13913171
13933976
13954793
13975719
13996538
14017420
14038329
14059130
14080102
14101010
14122007
14142863
14163754
14184668
14205524
14226425
14247334
14268226
14289107
14310072
14330994
14351915
14372812
14393726
14414600
14435533
14456468
14477297
14498175
14519044
14539978
14560917
14581799
14602612
14623544
14644387
14665273
14686206
14706994
14727954
14748839
14769666
14790535
14811414
14832286
14853164
14874041
14894942
14915901
14936719
14957694
14978536
14999307
15020098
15040912
15061849
15082681
15103603
15124446
15145320
15166179
15187171
15208016
15228914
15249846
15270607
15291526
15312510
15333289
15354204
15375171
15396031
15416926
15437753
15458671
15479554
15500323
15521228
15542045
15563020
15583892
15604717
15625621
15646496
15667394
15688168
15709068
15729966
15750832
15771708
15792568
15813402
15834277
15855239
15876104
15897005
15917862
15938792
15959749
15980565
16001522
16022438
16043448
16064320
16085287
16106070
16126988
16147805
16168794
16189726
16210656
16231523
16252423
16273273
16294149
16315030
16335889
16356942
16377768
16398706
16419570
16440463
16461405
16482361
16503269
16524061
16544938
16565829
16586670
16607582
16628598
16649403
16670286
16691203
16712045
16732966
16753969
16774870
16795840
16816594
16837477
16858351
16879253
16900154
16921045
16941870
16962756
16983684
17004486
17025288
17046216
17066945
17087844
17108707
17129560
17150395
17171237
17192054
17212893
17233744
17254583
17275476
17296426
17317339
17338190
17359112
17380032
17400903
17421813
17442770
17463674
17484478
17505357
17526197
17547112
17568028
17588834
17609684
17630563
17651449
17672326
17693130
17714097
17734873
17755709
17776641
17797573
17818424
17839331
17860276
17881194
17902028
17922873
17943697
17964674
17985610
18006505
18027336
18048233
18069138
18090103
18110932
18131798
18152667
18173520
18194428
18215344
18236269
18257188
18278159
18299116
18320141
18340941
18361803
18382755
18403713
18424569
18445497
18466416
18487229
18508132
18528972
18549789
18570716
18591667
18612387
18633177
18654060
18674894
18695764
18716652
18737626
18758518
18779384
18800233
18821229
18842059
18862913
18883848
18904707
18925628
18946491
18967364
18988218
19009086
19030066
19050908
19071794
19092781
19113675
19134497
19155458
19176297
19197194
19218027
19238887
19259700
19280595
19301495
19322410
19343370
19364226
19385169
19406022
19426858
19447825
19468712
19489553
19510509
19531486
19552327
19573228
19594000
19614896
19635842
19656669
19677660
19698459
19719259
19740128
19761088
19781986
19802941
19823807
19844774
19865671
19886575
19907495
19928343
19949207
19970162
19991205
20012071
20032985
20053855
20074780
20095637
20116586
20137366
20158229
20179096
20199960
20220868
20241832
20262746
20283625
20304575
20325394
20346288
20367077
20387871
20408792
20429666
20450590
20471450
20492377
20513270
20534308
20555110
20575986
20596800
20617717
20638566
20659403
20680289
20701172
20722111
20742959
20763797
20784710
20805560
20826516
20847466
20868392
20889197
20910117
20931053
20951913
20972742
20993575
21014433
21035214
21056081
21076906
21097693
21118565
21139407
21160263
21181126
21202049
21222925
21243861
21264736
21285617
21306551
21327393
21348327
21369144
21390077
21410875
21431808
21452581
21473412
21494247
21515076
21535996
21556878
21577764
21598641
21619638
21640511
21661466
21682280
21703179
21724099
21744958
21765903
21786718
21807535
21828454
21849326
21870255
21891133
21912035
21932914
21953834
21974823
21995709
22016592
22037488
22058316
22079165
22099945
22120808
22141709
22162611
22183476
22204340
22225208
22246177
22267093
22287929
22308783
22329572
22350478
22371416
22392308
22413185
22434077
22454891
22475840
22496701
22517605
22538473
22559300
22580269
22601159
22621942
22642822
22663613
22684379
22705264
22726107
22746963
22767899
22788901
22809762
22830762
22851629
22872453
22893338
22914207
22935102
22955983
22976860
22997684
23018581
23039427
23060198
23081048
23101904
23122816
23143728
23164604
23185502
23206381
23227242
23248177
23269045
23289950
23310877
23331755
23352638
23373570
23394363
23415292
23436091
23457082
23477952
23498802
23519744
23540688
23561716
23582617
23603427
23624225
23645031
23665901
23686770
23707532
23728437
23749313
23770260
23791137
23812058
23832954
23853827
23874715
23895563
23916362
23937246
23958078
23978843
23999773
24020654
24041541
24062392
24083234
24104139
24124999
24145885
24166713
24187569
24208443
24229195
24250018
24270917
24291933
24312713
24333640
24354608
24375575
24396484
24417368
24438277
24459178
24480012
24500951
24521900
24542794
24563745
24584723
24605659
24626498
24647435
24668303
24689199
24710079
24730955
24751871
24772850
24793710
24814648
24835572
24856547
24877485
24898399
24919219
24940042
24960914
24981750
25002752
25023527
25044337
25065232
25086093
25106960
25127853
25148705
25169680
25190589
25211427
25232296
25253269
25274154
25294968
25315753
25336557
25357477
25378326
25399258
25420142
25441018
25461910
25482814
25503716
25524592
25545491
25566358
25587272
25608111
25629003
25649958
25670826
25691684
25712675
25733569
25754444
25775262
25796164
25817053
25837976
25858856
25879646
25900530
25921443
25942359
25963303
25984169
26005024
26025975
26046889
26067780
26088613
26109478
26130370
26151191
26172049
26192945
26213815
26234672
26255567
26276506
26297449
26318350
26339210
26360014
26380844
26401718
26422538
26443371
26464216
26485065
26505983
26526966
26547761
26568602
26589492
26610381
26631408
26652234
26672960
26693744
26714621
26735616
26756506
26777328
26798283
26819182
26840037
26860880
26881847
26902708
26923592
26944476
26965384
26986369
27007244
27028156
27049035
27069962
27090818
27111709
27132592
27153478
27174329
27195247
27216066
27236965
27257773
27278678
27299573
27320528
27341481
27362360
27383309
27404163
27425048
27445875
27466723
27487642
27508521
27529534
27550469
27571270
27592153
27613064
27633917
27654779
27675665
27696589
27717469
27738364
27759207
27780143
27801073
27821967
27842878
27863774
27884717
27905621
27926489
27947425
27968259
27989114
28009999
28030859
28051821
28072695
28093609
28114421
28135368
28156252
28177099
28197945
28218896
28239738
28260638
28281501
28302460
28323411
28344252
28365204
28386089
28406901
28427840
28448719
28469647
28490492
28511346
28532210
28553085
28573987
28594822
28615673
28636498
28657403
28678328
28699165
28720044
28740904
28761832
28782717
28803550
28824510
28845477
28866344
28887131
28907985
28928833
28949619
28970471
28991302
29012115
29032973
29053891
29074832
29095735
29116738
29137652
29158593
29179457
29200426
29221250
29242177
29263078
29283966
29304784
29325647
29346470
29367412
29388291
29409174
29430112
29450960
29471814
29492628
29513503
29534418
29555364
29576250
29597142
29618047
29638993
29659933
29680823
29701760
29722641
29743561
29764444
29785313
29806130
29826983
29847818
29868660
29889679
29910631
29931542
29952452
29973418
29994334
30015178
30036000
30056860
30077732
30098624
30119556
30140384
30161348
30182214
30203142
30223968
30244857
30265676
30286580
30307352
30328225
30348982
30369898
30390743
30411586
30432546
30453422
30474384
30495301
30516162
30537047
30558014
30578749
30599538
30620445
30641369
30662325
30683103
30703996
30724892
30745744
30766677
30787524
30808416
30829299
30850161
30871038
30891984
30912882
30933776
30954557
30975469
30996367
31017218
31038150
31059047
31079876
31100706
31121542
31142351
31163148
31184011
31204826
31225560
31246365
31267180
31288004
31308819
31329740
31350588
31371458
31392349
31413273
31434164
31454914
31475752
31496605
31517465
31538321
31559111
31580056
31600910
31621787
31642627
31663533
31684354
31705199
31726014
31746946
31767875
31788730
31809629
31830561
31851385
31872280
31893151
31913990
31934922
31955840
31976697
31997651
32018562
32039424
32060278
32081257
32102208
32123159
32144003
32164893
32185878
32206738
32227560
32248419
32269320
32290213
32311097
32331994
32352848
32373735
32394518
32415405
32436313
32457088
32478020
32498850
32519655
32540511
32561477
32582312
32603186
32624074
32645003
32665868
32686821
32707679
32728586
32749511
32770317
32791183
32812125
32832999
32853991
32874881
32895801
32916718
32937512
32958345
32979307
33000200
33021161
33042074
33062872
33083773
33104555
33125431
33146240
33167177
33188042
33208924
33229767
33250660
33271539
33292416
33313352
33334257
33355152
33375901
33396828
33417615
33438551
33459536
33480423
33501295
33522203
33543080
33563896
33584903
33605796
33626743
33647601
33668591
33689488
33710399
33731161
33752157
33773008
33793868
33814730
33835468
33856350
33877246
33898088
33918946
33939855
33960781
33981652
34002443
34023261
34044179
34064951
34085820
34106721
34127547
34148451
34169283
34190154
34211122
34232044
34252984
34273875
34294748
34315606
34336445
34357341
34378196
34399051
34420003
34440847
34461807
34482574
34503453
34524316
34545209
34566094
34586924
34607729
34628631
34649505
34670494
34691351
34712328
34733183
34754148
34774986
34795926
34816874
34837769
34858527
34879421
34900315
34921114
34941969
34962874
34983799
35004672
35025594
35046515
35067444
35088350
35109329
35130151
35151022
35171848
35192675
35213467
35234405
35255320
35276181
35296999
35317899
35338845
35359677
35380509
35401402
35422252
35443147
35464002
35484890
35505761
35526675
35547549
35568377
35589260
35610169
35631204
35652082
35673030
35693927
35714702
35735627
35756536
35777404
35798201
35818981
35839769
35860679
35881554
35902525
35923410
35944279
35965108
35985901
36006840
36027701
36048628
36069561
36090513
36111464
36132416
36153277
36174053
36194883
36215822
36236687
36257588
36278498
36299449
36320274
36341143
36362024
36382907
36403769
36424626
36445559
36466449
36487278
36508173
36529061
36550011
36570828
36591750
36612608
36633500
36654460
36675463
36696357
36717253
36738037
36758969
36779783
36800582
36821476
36842314
36863208
36884017
36904969
36925937
36946873
36967755
36988665
37009472
37030312
37051203
37072030
37092892
37113806
37134701
37155467
37176512
37197293
37218142
37239034
37259982
37280767
37301578
37322434
37343347
37364298
37385179
37406057
37426961
37447857
37468763
37489680
37510502
37531447
37552397
37573227
37594149
37615006
37635848
37656679
37677516
37698200
37719108
37740014
37760918
37781800
37802717
37823717
37844656
37865511
37886487
37907146
37928095
37948971
37969794
37990634
38011535
38032477
38053400
38074317
38095225
38116152
38137063
38158011
38178910
38199779
38220671
38241459
38262320
38283216
38304008
38324959
38345831
38366692
38387653
38408571
38429487
38450324
38471248
38492157
38513074
38533959
38554820
38575788
38596701
38617559
38638461
38659426
38680399
38701358
38722209
38743156
38763946
38784833
38805532
38826421
38847205
38868012
38888872
38909774
38930681
38951591
38972425
38993420
39014327
39035283
39056179
39077090
39097955
39118815
39139695
39160635
39181521
39202411
39223358
39244291
39265160
39286145
39307010
39327921
39348852
39369702
39390637
39411509
39432413
39453338
39474283
39495202
39516081
39537046
39557778
39578657
39599600
39620424
39641144
39662016
39682873
39703685
39724688
39745512
39766462
39787312
39808231
39829173
39850084
39871062
39892026
39912952
39933865
39954655
39975483
39996329
40017281
40038128
40058920
40079866
40100705
40121554
40142529
40163421
40184308
40205288
40226156
40246987
40267801
40288697
40309584
40330516
40351360
40372283
40393301
40414208
40435073
40455993
40476930
40497749
40518657
40539663
40560493
40581459
40602308
40623225
40644235
40665034
40685799
40706626
40727459
40748254
40769117
40790056
40810965
40831788
40852640
40873574
40894439
40915329
40936232
40957075
40977936
40998801
41019689
41040548
41061594
41082469
41103302
41124219
41145057
41165847
41186728
41207557
41228405
41249199
41270137
41291151
41312158
41332992
41353870
41374823
41395575
41416433
41437380
41458223
41479143
41499957
41520821
41541670
41562599
41583532
41604387
41625223
41646071
41667004
41687865
41708690
41729650
41750467
41771295
41792195
41813047
41833886
41854663
41875535
41896351
41917273
41938079
41959072
41979986
42000792
42021628
42042459
42063326
42084223
42105040
42125925
42146836
42167741
42188572
42209365
42230238
42251176
42272137
42292981
42313822
42334823
42355733
42376688
42397592
42418415
42439330
42460192
42481162
42502080
42522963
42543900
42564698
42585660
42606448
42627416
42648297
42669171
42690048
42710897
42731788
42752629
42773671
42794481
42815324
42836200
42857054
42878009
42898910
42919822
42940648
42961583
42982462
43003369
43024291
43045176
43066048
43086905
43107767
43128620
43149512
43170496
43191319
43212246
43233110
43254028
43274937
43295857
43316773
43337662
43358579
43379455
43400361
43421206
43442121
43462968
43483808
43504784
43525643
43546604
43567489
43588455
43609425
43630196
43651208
43672109
43692982
43713797
43734779
43755715
43776610
43797498
43818455
43839344
43860259
43881148
43901963
43922762
43943724
43964581
43985412
44006304
44027197
44047993
44068921
44089790
44110626
44131466
44152427
44173348
44194198
44215001
44235878
44256707
44277482
44298414
44319233
44340198
44361058
44381895
44402748
44423692
44444561
44465532
44486429
44507272
44528064
44548853
44569712
44590534
44611436
44632223
44653128
44673986
44694878
44715727
44736524
44757363
44778206
44799033
44819928
44840908
44861796
44882605
44903565
44924481
44945369
44966210
44987062
45007927
45028934
45049854
45070724
45091597
45112437
45133262
45154170
45174971
45195698
45216543
45237435
45258193
45278920
45299852
45320640
45341553
45362432
45383349
45404265
45425252
45446085
45467101
45488045
45508889
45529788
45550658
45571517
45592391
45613362
45634266
45655144
45676059
45696995
45717848
45738673
45759561
45780379
45801263
45822178
45843026
45863874
45884739
45905739
45926589
45947541
45968461
45989289
46010196
46031133
46052107
46072944
46093911
46114796
46135687
46156478
46177437
46198324
46219190
46240081
46260972
46281955
46302968
46323951
46344834
46365757
46386665
46407552
46428454
46449339
46470229
46491241
46512129
46532989
46553856
46574724
46595652
46616514
46637438
46658382
46679203
46700089
46721004
46741880
46762784
46783626
46804510
46825481
46846295
46867105
46888001
46908938
46929920
46950858
46971726
46992584
47013512
47034409
47055228
47076057
47096869
47117747
47138603
47159487
47180375
47201158
47222041
47242954
47263918
47284778
47305615
47326510
47347363
47368220
47389039
47409918
47430726
47451644
47472505
47493464
47514382
47535234
47556174
47577060
47597974
47618903
47639819
47660670
47681573
47702548
47723455
47744364
47765302
47786278
47807174
47828108
47849067
47869932
47890789
47911646
47932545
47953522
47974443
47995371
48016275
48037053
48057889
48078746
48099553
48120341
48141221
48162042
48182939
48203813
48224670
48245575
48266473
48287330
48308198
48329062
48350003
48370771
48391555
48412398
48433386
48454286
48475198
48496114
48516983
48537876
48558721
48579668
48600470
48621282
48642216
48663006
48683922
48704870
48725836
48746716
48767652
48788605
48809475
48830299
48851167
48872090
48893054
48913942
48934795
48955741
48976652
48997572
49018434
49039267
49060209
49081126
49101952
49122839
49143746
49164664
49185610
49206437
49227417
49248355
49269210
49290082
49310962
49331899
49352867
49373774
49394554
49415547
49436348
49457234
49478035
49498911
49519818
49540589
49561451
49582335
49603261
49624215
49645114
49666129
49686917
49707761
49728570
49749501
49770355
49791271
49812106
49833073
49853923
49874770
49895667
49916494
49937436
49958403
49979425
50000332
50021250
50042119
50063063
50084011
50104937
50125797
50146657
50167564
50188414
50209336
50230355
50251246
50272091
50292894
50313713
50334606
50355512
50376374
50397238
50418171
50439125
50459951
50480811
50501637
50522526
50543376
50564217
50585072
50605946
50626732
50647620
50668578
50689365
50710309
50731195
50752037
50772980
50793868
50814804
50835683
50856591
50877469
50898315
50919198
50940026
50960946
50981837
51002739
51023626
51044479
51065349
51086233
51107106
51127951
51148903
51169758
51190648
51211676
51232563
51253399
51274360
51295316
51316194
51337103
51357977
51378839
51399679
51420577
51441477
51462353
51483181
51504090
51524947
51545825
51566694
51587623
51608488
51629342
51650253
51671087
51691971
51712803
51733741
51754625
51775477
51796316
51817181
51838085
51858923
51879904
51900870
51921695
51942508
51963313
51984167
52005117
52025999
52046923
52067826
52088712
52109563
52130463
52151321
52172143
52193021
52213825
52234736
52255463
52276330
52297264
52318176
52339013
52359907
52380679
52401585
52422494
52443470
52464357
52485160
52506169
52527164
52548071
52568968
52589846
52610862
52631711
52652561
52673436
52694368
52715320
52736217
52757096
52777971
52798844
52819713
52840589
52861401
52882403
52903266
52924137
52945075
52965995
52986907
53007779
53028648
53049488
53070406
53091341
53112313
53133322
53154213
53175015
53195930
53216825
53237637
53258530
53279415
53300307
53321137
53342040
53362949
53383851
53404716
53425621
53446517
53467456
53488393
53509336
53530228
53551142
53572041
53592940
53613830
53634676
53655587
53676503
53697304
53718064
53738998
53759868
53780764
53801593
53822511
53843463
53864334
53885210
53906081
53926999
53947927
53968805
53989666
54010517
54031370
54052221
54073114
54093883
54114820
54135786
54156811
54177719
54198630
54219504
54240402
54261356
54282172
54303068
54324091
54344930
54365834
54386847
54407902
54428814
54449654
54470641
54491598
54512444
54533253
54554134
54575003
54595875
54616852
54637758
54658754
54679598
54700406
54721321
54742087
54762952
54783948
54804827
54825658
54846551
54867500
54888365
54909178
54930027
54950913
54971827
54992689
55013516
55034527
55055311
55076148
55096976
55117865
55138780
55159647
55180487
55201357
55222297
55243156
55264145
55285025
55305876
55326677
55347637
55368402
55389353
55410163
55431112
55451963
55472853
55493742
55514639
55535549
55556399
55577263
55598074
55618975
55639885
55660821
55681701
55702598
55723421
55744304
55765248
55786250
55807213
55828197
55849070
55869991
55890889
55911744
55932563
55953411
55974299
55995149
56016004
56036892
56057710
56078595
56099601
56120490
56141266
56162144
56182903
56203911
56224796
56245657
56266569
56287407
56308284
56329122
56349993
56370894
56391734
56412650
56433421
56454292
56475160
56496012
56516814
56537642
56558543
56579418
56600346
56621330
56642245
56663250
56684256
56705208
56726089
56746953
56767909
56788645
56809448
56830365
56851232
56872117
56893019
56913938
56934872
56955906
56976630
56997375
57018188
57039074
57060002
57080835
57101687
57122494
57143255
57164104
57184931
57205926
57226860
57247648
57268513
57289361
57310257
57331143
57352021
57372992
57393967
57414846
57435659
57456515
57477473
57498279
57519051
57539905
57560751
57581692
57602527
57623436
57644378
57665210
57686107
57707026
57727991
57748812
57769697
57790530
57811344
57832314
57853143
57873948
57894795
57915650
57936517
57957405
57978211
57999124
58020016
58040992
58061927
58082750
58103617
58124456
58145344
58166217
58187044
58207976
58228821
58249716
58270711
58291661
58312561
58333428
58354334
58375184
58396101
58416979
58437813
58458674
58479559
58500466
58521359
58542331
58563263
58584151
58605037
58626057
58646990
58667879
58688729
58709745
58730744
58751627
58772441
58793380
58814203
58835149
58856004
58876825
58897688
58918615
58939542
58960453
58981313
59002139
59022997
59043890
59064793
59085712
59106589
59127531
59148405
59169369
59190292
59211074
59231965
59252869
59273749
59294694
59315649
59336507
59357385
59378299
59399182
59420158
59440954
59461857
59482760
59503586
59524456
59545228
59566043
59587074
59607885
59628714
59649565
59670455
59691347
59712073
59733044
59754003
59774924
59795870
59816687
59837654
59858434
59879307
59900198
59921054
59942006
59962889
59983661
60004418
60025310
60046171
60067085
60087879
60108768
60129615
60150627
60171550
60192410
60213335
60234306
60255272
60275989
60296840
60317605
60338456
60359337
60380219
60401161
60422017
60442930
60463839
60484810
60505644
60526537
60547431
60568316
60589194
60610038
60630949
60651736
60672622
60693699
60714561
60735353
60756235
60777090
60797947
60818843
60839730
60860611
60881551
60902407
60923251
60944175
60965073
60985955
61006846
61027735
61048616
61069454
61090332
61111212
61132162
61153005
61173962
61194879
61215735
61236630
61257420
61278250
61299172
61320140
61341036
61361810
61382719
61403533
61424420
61445317
61466189
61487083
61508121
61528990
61549935
61570805
61591654
61612430
61633292
61654165
61674962
61695864
61716637
61737496
61758388
61779316
61800197
61821076
61841991
61862762
61883722
61904548
61925369
61946264
61967210
61988157
62008970
62029862
62050789
62071648
62092476
62113458
62134467
62155370
62176196
62197060
62217853
62238757
62259549
62280523
62301324
62322155
62343054
62363913
62384760
62405564
62426514
62447365
62468183
62489065
62509931
62530756
62551631
62572522
62593487
62614360
62635221
62656153
62677043
62697895
62718799
62739625
62760522
62781415
62802232
62823162
62844031
62864942
62885775
62906615
62927558
62948409
62969353
62990259
63011091
63031964
63052754
63073650
63094502
63115401
63136244
63157134
63177937
63198689
63219574
63240466
63261466
63282248
63303164
63324071
63344894
63365673
63386611
63407531
63428468
63449293
63470234
63491149
63512030
63532927
63553781
63574624
63595391
63616374
63637257
63658186
63679166
63699981
63720849
63741626
63762470
63783323
63804216
63825076
63845916
63866858
63887746
63908669
63929487
63950373
63971307
63992172
64013143
64034106
64054951
64075771
64096726
64117605
64138449
64159354
64180218
64201076
64221851
64242767
64263547
64284535
64305428
64326359
64347235
64368090
64388926
64409826
64430696
64451598
64472395
64493329
64514217
64535076
64555975
64576939
64597832
64618646
64639557
64660439
64681369
64702359
64723259
64744276
64765086
64785966
64806897
64827729
64848691
64869528
64890395
64911399
64932363
64953291
64974189
64994983
65015885
65036748
65057665
65078514
65099429
65120264
65141142
65162025
65182953
65203830
65224654
65245575
65266433
65287287
65308334
65329197
65350050
65370883
65391763
65412596
65433439
65454399
65475295
65496079
65516821
65537673
65558566
65579383
65600203
65621083
65642022
65662840
65683789
65704639
65725513
65746360
65767290
65788234
65809208
65830167
65850963
65871811
65892697
65913531
65934493
65955325
65976277
65997087
66017959
66038858
66059661
66080448
66101289
66122188
66143078
66163954
66184860
66205795
66226652
66247510
66268385
66289414
66310223
66331057
66351885
66372604
66393432
66414263
66435183
66456104
66476902
66497843
66518708
66539642
66560558
66581465
66602366
66623268
66644137
66664948
66685846
66706731
66727674
66748570
66769458
66790217
66811040
66831854
66852616
66873483
66894431
66915237
66936103
66957014
66977789
66998616
67019583
67040503
67061480
67082431
67103198
67124062
67144862
67165782
67186657
67207437
67228234
67249095
67270002
67290873
67311715
67332510
67353378
67374126
67394921
67415863
67436759
67457666
67478557
67499348
67520269
67541202
67562165
67582979
67603882
67624755
67645595
67666550
67687460
67708384
67729241
67750064
67770923
67791801
67812714
67833619
67854433
67875384
