0.2626579475877548
0.2750085793881916
0.30326761842157424
0.3145920656273496
0.28186196898899174
0.2858990209387947
0.279912318486356
0.26199357983159466
0.2656980516704065
0.2751346888656011
0.29212084766447655
0.2871990698838523
0.29203624568687525
0.2881193540111612
0.2940890052178313
0.2826729665496714
0.26594527520922495
0.28311620879217025
0.28910540614194336
0.2872458529474751
0.27486340202685433
0.25602818080445905
0.28921727230616645
0.3104041548790395
0.2871943372373055
0.2920782406778133
0.27544731733185446
0.2762676172132895
0.27291731791391116
0.2871140079533674
0.2786785322189016
0.27232608737017006
0.2865896842476719
0.27308712029430393
0.26760986921377405
0.26109712324361667
0.2585071233959542
0.2745399441235245
0.25875338832010175
0.27891566076512236
0.2776384244755549
0.3006121649552659
0.2878179162327118
0.28810357005070125
0.2862370917461754
0.27759197712589295
0.2734067371218617
0.29786078213351047
0.303959806848549
0.2892701777840442
0.2890992605269066
0.3017268655695746
0.3132687258408633
0.28887720813411577
0.2866858988584752
0.28045525165459395
0.26215175572925575
0.25454320446653395
0.2718108870757749
0.2524971668159325
0.26055885211694346
0.2765984300644431
0.26548375128030577
0.2661316973229021
0.28081267270109767
0.3040881095707354
0.28382127935329793
0.30102717987122973
0.29494208937996436
0.2810203663817197
0.265937766096907
0.2832556608687764
0.2778572001685585
0.2983704749350533
0.29200480821106983
0.2795770159226144
0.2642532905159024
0.24771130778136297
0.2695836022918039
0.27707869248918177
0.2806096342794013
0.294613828784428
0.3039712663001911
0.30140280822325793
0.31091623359218323
0.28811506042422796
0.2904606100853194
0.2939979651116862
0.27998617392312475
0.2812651829952971
0.275334054296592
0.27044036190304444
0.2826227975937464
0.28097247827182875
0.2781248965457995
0.28458301692654864
0.27809428207074505
0.2903099593825378
0.3060916622541205
0.28360553510216213
0.29948047298599384
0.2756066627512466
0.2901716856024414
0.2787591560016973
0.2823219832623375
0.303540107874236
0.28307071273959344
0.29424330483218497
0.28167772194164675
0.28687188049469114
0.2831812102501061
0.27631985489011013
0.31037191116352303
0.2687861634058652
0.2872518965713867
0.28131837700651174
0.29133312522801547
0.2795330458661067
0.26868723044548654
0.27425793548451805
0.2843060078822129
0.2834370199810524
0.28272189842538653
0.29571452279884936
0.27923341749398134
0.2856094418823574
0.29995600139584244
0.2881667936720579
0.2742886911730034
0.26652197597743754
0.2865736108603343
0.2875417915082945
0.2961193021278729
0.2984648236270485
0.302317077410022
0.30489852661479533
0.31583699973894863
0.2850022798053
0.28539307841269174
0.29411760380187385
0.28603032825821806
0.2922726327232892
0.27768658239952126
0.29423380287403744
0.28251864958502615
0.27822453982692885
0.2598495016561943
0.29128524066785116
0.286379368056191
0.26822966965066974
0.27171043006441936
0.3078478627647918
0.2860591091162588
0.2573524551692452
0.26052777590862924
0.2799182044735093
0.29333076858714957
0.2665711790418941
0.29570239281649213
0.30057781776752923
0.30257409587527184
0.2978300652678171
0.29151538478487427
0.27936190290307894
0.2943075544578263
0.29342472795878904
0.28713698192946224
0.2817303271298407
0.3019147473933001
0.2862047633170449
0.273606330519925
0.2669635182293124
0.2822184797135809
0.3013661215504044
0.30038438299607617
0.29706456832553635
0.30054884564739714
0.27883096809850677
0.29720207848969904
0.2909839082966368
0.2922675455651298
0.2808144125061184
0.2672264061414414
0.2909463242057354
0.2893845945842106
0.3001609756953132
0.28033524397737253
0.2855568526685416
0.3058622456281507
0.2999901570709872
0.29311583093187044
0.2887958275330048
0.27758234859187225
0.2881848143324125
0.28306165448125065
0.2871733480963905
0.3005267410617913
0.28292159038724496
0.29130448384143426
0.2868515606528226
0.2641779037139716
0.2846291588617995
0.3038071638234906
0.2845986608669765
0.28370516708640314
0.27954781503759674
0.283134197622781
0.28101794190073764
0.2950955325359706
0.29215522734545407
0.291783114848203
0.2829068072704358
0.28543937203038827
0.27538720656496546
0.29675228370914963
0.29191757756428593
0.29416752708045624
0.30576557453215514
0.30429807272991405
0.2877458683259953
0.2929660985780371
0.28674331385312835
0.28552844542347805
0.2756315285937924
0.2765309757633513
0.2609192254333169
0.2629651170215714
0.2647200965139701
0.2572666059919494
0.287157535862097
0.277975490945115
0.2796988304344439
0.29619599948327635
0.27739280147792944
0.29125097050400073
0.27025274532945603
0.2768894877777448
0.27998511988898833
0.2840256720443131
0.2914051660650573
0.29711717572548013
0.287150480490144
0.28234273584513747
0.28955731986148964
0.29302464496888125
0.2934205320595876
0.2858014466016222
0.29215253239303207
0.2820560933756221
0.3134077930011656
0.27654051609618957
0.29096200271477946
0.28804898216092495
0.28133753055558275
0.2807713665686352
0.2798975391437414
0.29034917708169505
0.2903686614113339
0.2773138858692209
0.27492815565990747
0.28418890169337807
0.28737568741540664
0.2714481806378165
0.29351127833094265
0.28717991670399445
0.29808474831728166
0.2918393353433746
0.2821045627822305
0.2769065313194401
0.2730040443450046
0.3075971133646216
0.3050642990062632
0.2738169910113257
0.27392266322354764
0.29025139065850547
0.2921525925553118
0.28531525331476587
0.2744154535605108
0.27830057550191134
0.3225639282912672
0.2833292437744793
0.264863407276858
0.2552416168297197
0.28513390103725644
0.28817971612660304
0.2667743049922454
0.28542866446313875
0.28413641501424236
0.2904768417616189
0.27877506601775415
0.3062898105861095
0.28642333089564753
0.28116547954360804
0.28183135610535615
0.2788163904423917
0.2899286116715081
0.28662879200402847
0.27274846958347776
0.28349736703575834
0.2735834564439051
0.2743796779260772
0.2850785177622981
0.2744541867685283
0.2864484069356059
0.2644100173687911
0.2814303962058682
0.2630457995032318
0.29357245793815845
0.269065901486975
0.2839177315126198
0.2589377994035351
0.2647859510243008
0.2646266020153855
0.2698966026061425
0.2766287289563244
0.28507969384561405
0.28363384815930087
0.2709284089353792
0.27739523441987246
0.2839730883909626
0.2971427007628884
0.29541584502468127
0.2849619320173934
0.2805558156476876
0.2738309057487057
0.27300038253740144
0.27691681492549675
0.2842071598997091
0.3083766500851653
0.2923883993522499
0.28756033731517183
0.2947543623269109
0.29651120145943366
0.2922320497879931
0.3004017547433701
0.29721511857554067
0.28706098568085026
0.27933081070737475
0.26006929941721657
0.28888101070620403
0.2782521286485649
0.2934191454642593
0.2923928392476221
0.29705666565767164
0.2768510114299801
0.2967567553431282
0.30176387797944215
0.29005626905816784
0.29304485087677556
0.2780063915532309
0.2920021928867448
0.291873431739725
0.2993775544601425
0.29530833156034375
0.28745974124639584
0.29288300599377853
0.2756015834025365
0.280412833130243
0.2729521723814202
0.2711097730752525
0.28467188245239805
0.2762839987185007
0.27153840635860416
0.2862986458287363
0.28767361865387975
0.2967938786626663
0.28926645891798386
0.2924094489005794
0.30074165082576654
0.2605924213583267
0.2781202119413647
0.290979560558266
0.2720574647165115
0.27208268373490874
0.25832292567276105
0.28631147159303866
0.28066281042956087
0.29059143044099833
0.3054139594071195
0.2892713999728603
0.3180398331881781
0.28969674011183755
0.3005880057460377
0.2847031174690642
0.2646817983381723
0.2851717884164233
0.27040364600366346
0.2647966119481418
0.2766698153823062
0.2984969169878433
0.2896166253818483
0.28696518544656735
0.26605972297560143
0.2743079272017377
0.2737507289087881
0.29213187699983056
0.287008627564588
0.2870112736851943
0.29658464009152874
0.2879772572209794
0.26664605608330894
0.28141206250106787
0.28034932565715603
0.28140164367915843
0.285439026004051
0.2934058054132266
0.2582372713583174
0.2754254567970962
0.2832422699094425
0.2965951071471205
0.2812092612617198
0.2865801463326608
0.2660979355294895
0.26970957007334584
0.2797240144094263
0.29659357220345256
0.25576786404124174
0.2896141962800063
0.2831720262404612
0.2814417753026517
0.2888791158597098
0.27080433262803677
0.2544577258694279
0.28371196501142726
0.2727324352267443
0.2671169074685241
0.2916748834973141
0.2897366181105859
0.290277716365052
0.27915475176974136
0.27831757937672696
0.26573572221524194
0.2903992298305016
0.28432164167620533
0.286662281364219
0.2806784853288051
0.29026468245441517
0.28028061427795936
0.2913512445679389
0.2874761678869745
0.28307626593825297
0.2861218928142055
0.31498935356182645
0.2982018772661089
0.28093611900588267
0.2937319642196948
0.2855028137456599
0.2889846340127954
0.2923235594762986
0.274689513961616
0.2851279561249076
0.30153574003590733
0.2830340326099815
0.28680351532823756
0.2857038590983426
0.2818848519974798
0.26886674089087315
0.2823825725240094
0.272169535300793
0.2950723340701801
0.288660918276344
0.2880051234477239
0.27134934763292345
0.3001688990621373
0.2827725707076836
0.2960269872328768
0.2847813283452004
0.2724770206961289
0.2515151967363734
0.2834354703302674
0.29925598393046926
0.29194194087715386
0.28131749782127247
0.27610483629685817
0.2699497941730452
0.2811185588851505
0.2662840626144169
0.2763374242779184
0.29606688584955637
0.2893542091730948
0.28546983948453364
0.2970878052065804
0.2796209308755213
0.28238623535523677
0.269589455120085
0.27071956080889015
0.2950168558154966
0.2838572291767384
0.2706299967953847
0.2761571956628741
0.29201147448635467
0.293839678338799
0.2918569445483707
0.2899372124157057
0.3007261536543463
0.2815360918013976
0.2932426863224288
0.2898265550544423
0.2977676272372798
0.2968616110272755
0.2995151921417376
0.2877346541527973
0.28757139653985253
0.29942473892820753
0.2926421446637786
0.26589997173769997
0.2683280891882617
0.2826687792424551
0.28765545800870795
0.28064184376653867
0.295860919473135
0.28809284021545845
0.2750124698319235
0.2752656943815658
0.2918455656844704
0.2894621501993674
0.2966425133823427
0.29112892622620967
0.28889460258742167
0.2959211581780774
0.2871433177369337
0.2832066314341065
0.28592060215435466
0.28741284076420437
0.2932731740909694
0.30058745161834155
0.29990642271128876
0.30967900422986205
0.29377536055629216
0.2907136066104273
0.2835374395247019
0.29425762930159577
0.28640518658257924
0.2994173997844203
0.2842475232637667
0.27196947701083124
0.28822826952060776
0.2954910911274197
0.2989092532429821
0.29301931567713113
0.2849551214523699
0.30411078964413385
0.2937366706312041
0.2871172579244271
0.2835587827421111
0.28604254817243263
0.2842801213126673
0.2803900153042682
0.2664115887686624
0.2737238089221432
0.30627473302111197
0.2981852701908122
0.28376685725567485
0.2784652357530889
0.28113055212553817
0.2804159103128542
0.27814693365842547
0.28226541070103683
0.30875921785763516
0.28731704676154146
0.3051963371548774
0.28167658936914525
0.2580893035633682
0.2528492172108455
0.28295743326074585
0.2825654018336041
0.2848853067900178
0.2746777437038629
0.27396214171920374
0.2903578952802411
0.28984782621607275
0.2920589635487712
0.2884428957692466
0.30265172980258437
0.29742104697417715
0.28803524197670755
0.284790650998161
0.2952384993231258
0.271972188115423
0.28155210130563907
0.2863353242979667
0.2949704192455963
0.28552021564576197
0.28905184543132423
0.29878195817383724
0.29153506383293915
0.3038798304969741
0.29732876496743543
0.30930560991355593
0.2941976026934967
0.30599034019985505
0.30104948005012333
0.29456516565080465
0.26117407722670316
0.27018423031786604
0.28733857176899164
0.28096224292137373
0.28687227558231365
0.27833046266647077
0.2942393637038869
0.3019659129548439
0.28761564577917365
0.29623215277360393
0.28959078082463374
0.28512659972475535
0.2655758710779377
0.2754456075152524
0.2713308235006874
0.27402618799232475
0.2779458604606216
0.29166648855318394
0.2948877253016754
0.27959693031515553
0.29449092511635566
0.2856585329072441
0.2984500596454603
0.29725398039215994
0.3046903822451248
0.2944879300810229
0.2822495281578004
0.2894239081411071
0.3120886354427497
0.2856450717820297
0.31335161151993235
0.2910230081565633
0.2997026247901763
0.2661636714819117
0.2735544908767743
0.25754184320006623
0.2778254328327913
0.3011446836699345
0.30375116526185314
0.30144153380849115
0.28966487258863666
0.27426674903172016
0.28066952197405115
0.2667116051362442
0.2661103221779292
0.3131542888782225
0.282896097057975
0.2822586555742399
0.27677514794111324
0.28584728363874995
0.29114141615796074
0.2769837672761146
0.2814637436093479
0.2801118136945677
0.2874302257237418
0.2709349442931093
0.26809281914158
0.27037821469470147
0.27422802675686625
0.29597965594698944
0.24440212792251204
0.2784281265639713
0.2838567656943792
0.28758046174609997
0.26576733334139474
0.2786010882075428
0.30706768952946284
0.2765553834583256
0.3025889798467311
0.2840333073949465
0.2830878024181922
0.2845658438509939
0.2799264446902529
0.28889097761860827
0.2838998664707877
0.2869427311173405
0.28477662975428686
0.2948208141434063
0.30310848089113285
0.27521125878816427
0.27232857507968766
0.2900030449819356
0.286859053945578
0.2846418020264611
0.3067617775832313
0.304726740574246
0.2975400614413176
0.2926955547632193
0.29208896860641353
0.29300370563968947
0.297135309892624
0.29349868691711223
0.28231818498725897
0.2742770854842085
0.2776778388220157
0.27873635009719255
0.2579025627796479
0.2827757237851002
0.2719508495100346
0.27314193285260063
0.27747701301867916
0.28580450609835106
0.2950528040467606
0.2879134147266589
0.30306345970004434
0.27677125764147936
0.2824650388569726
0.28325033972672065
0.2729050775760552
0.2726545475876473
0.2907870868488713
0.27443468514486735
0.2659409895052113
0.31482465407169824
0.28279609900724395
0.2927966189767657
0.283262432098378
0.2955069370927187
0.29258480161139333
0.30491197836376377
0.2870362148802667
0.29153932299174035
0.2928933392676847
0.2720740041997009
0.27539761861986917
0.27821283182618084
0.2805912587119914
0.28119697998580107
0.2970549027898199
0.2798014176057406
0.28648569271078306
0.28307569865151094
0.27904191197819467
0.2890526199482277
0.2844607445020021
0.28401941037764306
0.2918254815758379
0.27589542070855244
0.2941296629440282
0.2816222913349492
0.27679892957658586
0.2754430031346185
0.2856108999372721
0.27223225979061116
0.2820040797001526
0.29717187719151184
0.29158317771502423
0.2838645404902391
0.26522674051531836
0.26934953651083077
0.2789546765974065
0.2794890734806097
0.2939064861545233
0.29141210632282766
0.2899393548938828
0.29296077649070706
0.3095215835763372
0.2869323004291807
0.29322577881438316
0.3036066073509899
0.2791328556455923
0.28843320280556806
0.2773013037679354
0.2934959577435004
0.29027047393686334
0.2867795629752088
0.27904845072547557
0.2835959241004855
0.26889982273117485
0.28501613988702923
0.2876519177334643
0.2894906985857228
0.2902981938368651
0.28538432644028
0.26971486397557276
0.2615770760886572
0.265705948150728
0.268062316048484
0.27831978225329007
0.27799653933372437
0.28998945048401525
0.285727615075795
0.2699505581080899
0.27049041170978494
0.26184938408420577
0.300434050420775
0.2889750051717904
0.2819335123610064
0.2900582360481908
0.2827935743062302
0.29435417903780814
0.277815130330594
0.29445799271318385
0.294920132627228
0.28102488765385475
0.2561231061118182
0.28015788207111714
0.2851029474271836
0.2860447888242521
0.29139366595107835
0.2850375994309794
0.2859330723202298
0.279065601349907
0.27355886893948045
0.2894903398050881
0.2750557690334833
0.27711392934196627
0.2876623031418094
0.30884244755188983
0.2863944839386844
0.2833590834810921
0.27456840908818303
0.2906598050103403
0.2903147230212679
0.2868594903769245
0.28868186228996773
0.29400907599972526
0.285446538550784
0.2727339100448982
0.2902471890951914
0.2820443652196541
0.2856465260355442
0.28235865888919737
0.27742402953841305
0.30381378188729263
0.2917534042711699
0.2771283593272455
0.289109179846491
0.29069067659284575
0.28179956139038576
0.2915778548610556
0.28386354770615824
0.267008283741368
0.2811370724402482
0.27931951089272483
0.28733625180703753
0.2875196177348731
0.2749630527559571
0.28764948561804954
0.2886485479453025
0.27365033375244374
0.27878350106351096
0.28687148429368964
0.2839479988190373
0.27730722236769717
0.27689211964213084
0.28051184435954113
0.29388702666597516
0.3077725876512445
0.2997017901669742
0.2994951979043809
0.2949662995707674
0.28032317203616464
0.28677871905791674
0.27648849644975737
0.25484718691900754
0.26891104080778694
0.27792169854297644
0.2581524127802919
0.28683292176882214
0.29966053152069316
0.30534571272816247
0.3032532609165858
0.2986959093687114
0.29489930007117265
0.2841488071706122
0.29071722705636255
0.2869620976194157
0.29445170054432424
0.2898847869424658
0.27488066526179544
0.2807614130066106
0.28333361251993716
0.2765806184441679
0.28508347060837325
0.27266581683559
0.2928782885604661
0.26823947123149144
0.2882073117428538
0.2737157252389694
0.29786408642838086
0.28715415746696893
0.2609387467635857
0.2642122640229172
0.28353556747516706
0.2905130088255835
0.2722551405328499
0.2827328600327004
0.27314608053805
0.2901162653489724
0.2862246750629521
0.2560811796077039
0.2840858800556376
0.2851993825445542
0.2681413239307793
0.28613659298940464
0.26782689766372936
0.2836780415384718
0.2778717273956575
0.2684364125937143
0.29565339042760475
0.2931143238372499
0.298886930730601
0.30565093982871594
0.2995184827166274
0.2945016032172851
0.2908956142466613
0.27999077257537447
0.2903801357325799
0.29311472590270493
0.2837240095479706
0.2689294406013447
0.26600485335289936
0.27967980665995706
0.3099042966223463
0.28233317276659425
0.28739048566896497
0.2807466602342947
0.2859561174074898
0.30418067941668847
0.28488109288073415
0.29106930697144695
0.29184803040381935
0.29708588112515
0.28357039688955976
0.2630189246240032
0.285562506246564
0.2761465238024495
0.30775860698446666
0.29402191863663685
0.27347502111951716
0.2828874357446212
0.27486985718700196
0.26778457058077465
0.26391817556348596
0.28404824793019545
0.2912861517339812
0.2819254643267703
0.28359830991422663
0.2950844782543822
0.2824106373328631
0.2781570766932808
0.2942333223559247
0.30008125885450143
0.2834940248676927
0.28635166465611855
0.27594404987397564
0.2965090490850427
0.2784759853893613
0.2728064222106166
0.2908468964075782
0.28560707530123486
0.27741721286683974
0.281465950702974
0.2813193378586072
0.2854242671700309
0.2977267572511658
0.27320322614136466
0.28239074359030336
0.28644562297431875
0.2887472599382417
0.2861280082588261
0.2912935733617841
0.2722298442922071
0.31558704490969547
0.293573931860889
0.28567435813587655
0.29739847033997746
0.28367872996891064
0.2769472546626175
0.2752765224321973
0.29769335820456916
0.3070733345033321
0.2987234190983802
0.30028342004311037
0.2977623155619217
0.28836470696995375
0.28724473193625666
0.28714612530876216
0.30552496062021656
0.29856644225035306
0.2976322463195886
0.2904851258951831
0.28543063885418707
0.27253242390864074
0.270556951377179
0.27398593273352423
0.2839304739812405
0.2888134721155652
0.2793216046706834
0.29111541304013927
0.3039718030693194
0.30004138494543486
0.28867934599494427
0.2849869332850009
0.26896040295601487
0.2651489055950057
0.25777223548764777
0.2907945482290953
0.27721534823968297
0.2952619092626309
0.28541740825792583
0.286303090845138
0.2574431961715872
0.2778653828672743
0.29605012143239906
0.3027460278067917
0.28766704883675287
0.28462244340464105
0.2786800307231676
0.2697752673610322
0.28720022172760923
0.2840325624927448
0.30096560588046606
0.2836197258946247
0.28432372940005557
0.2902566930991067
0.2839687689839162
0.2729905172277044
0.25377516530168254
0.278935194718676
0.2886552421513937
0.2957179608404536
0.2759588868385659
0.2760907978104685
0.264054857115934
0.29904552824345265
0.2730339152940594
0.29913802708929205
0.2999542069766603
0.3097204993516133
0.2944192278650686
0.301443268504798
0.28766994483654884
0.28604723793778075
0.2909252130372725
0.2826867208382357
0.27760030840641425
0.30417942346619903
0.3032941153801761
0.2854148307682093
0.2875475871891306
0.2753566016369777
0.307061125612571
0.28935597189637874
0.2738529799430283
0.2778505517956186
0.2603284713486541
0.26825310605537
0.2783392729730416
0.2760737752976107
0.2718003072974132
0.26986293982219234
0.2909932750723119
0.28861094037455726
0.28578161483073683
0.28302236076420784
0.28321218427626965
0.2638178011468657
0.2671437139122713
0.2897328235745431
0.2745791678320391
0.2688794655343072
0.29273500213623804
0.29050026903246595
0.27991814051940556
0.27920174802533115
0.31030797369797447
0.3117351209063307
0.29914527636945476
0.2820182960536869
0.2870472910289141
0.2932651251628452
0.2855352327145608
0.2853980399455905
0.3009165003848416
0.2694336743683875
0.28334709035741473
0.27741619156008945
0.2736119251238577
0.2606527119462789
0.26704734192001367
0.2796646628571388
0.29395722159126186
0.3007778397836357
0.2930609078281713
0.304721134580636
0.2946861608907238
0.3074304608064551
0.2744027876316
0.2789101948877024
0.29874961367650393
0.2889896007410174
0.2933673594627206
0.30424315812787395
0.25002414829088393
0.2832937731784828
0.28252022136580957
0.2739863342842378
0.2742458259772331
0.2951188342665286
0.2970791499501994
0.29388322056396876
0.27620076468559984
0.28553588192243534
0.28377551530806067
0.2762815592111
0.27613046287441145
0.2829640978977769
0.2746020112580987
0.2856947495653155
0.2852069137799088
0.28993566626494105
0.30230905071562997
0.3033051639815266
0.28959784916632736
0.2835294858803817
0.28649173861803
0.29640336431634406
0.2990964724857835
0.27693197950551174
0.2844212638972631
0.28454332752497535
0.28801997409201385
0.29193444499905075
0.29137396115461617
0.2773804451384213
0.2933123227181125
0.2855081338827996
0.29291159483870666
0.29348949137852154
0.27722311887887274
0.26789546920168844
0.2723235391176762
0.29168764341168296
0.27394163525985127
0.3102408308083112
0.291401981343004
0.2968841186215683
0.29721981951732657
0.2738849604243903
0.28137340611557216
0.2782625259137892
0.2588212504001125
0.2870940288101702
0.2913659149123674
0.27729860709693666
0.28475589300590154
0.2929696652046875
0.28656746711725334
0.301236209074893
0.29080364871871545
0.3048341009673995
0.2777002904275555
0.2810548462972163
0.2834216887417774
0.2854847426510346
0.2906719298355811
0.28802250962018094
0.28258044221015566
0.2975020139396365
0.28887929650777744
0.2807566195043257
0.2834199525667792
0.29350699942976743
0.2777980219210212
0.28731568962708676
0.28741749929953875
0.2881327683632564
0.30207472369250543
0.28672872690686535
0.2670445953676094
0.24830973298669823
0.2831563274579555
0.28467570459066605
0.26770496960398277
0.26678343959222495
0.26459333870878243
0.274807260654495
0.26238967870150454
0.2971731940939405
0.2776112949388093
0.29607978767844084
0.28276071446023254
0.28681571134494366
0.29732181501638455
0.3155874283661927
0.2800458438169947
0.2696876324597838
0.2653582783458037
0.2853043548180153
0.2568315482089958
0.2791058349876343
0.292229423990475
0.27899647127937466
0.2898163304777386
0.29101716667966404
0.28106424558792714
0.25510278751888976
0.2624789529060828
0.2822527689996266
0.28663060244498983
0.28805358250141244
0.29779627617361193
0.29329436325873504
0.3047251151862772
0.29607076898078905
0.28826836172186276
0.27793355896475536
0.2948966393181561
0.26218295430586747
0.28571922506300906
0.2796211107930528
0.2997398390310117
0.3068361015403853
0.27686796046623435
0.2802098959972218
0.27317487967170684
0.2720993504180601
0.2789600981216731
0.28602476445965275
0.2825859550148021
0.2947637763146894
0.26666387770527633
0.2796555276472276
0.26624277943518937
0.2752124769218412
0.2995184455846954
0.29595002786462143
0.29225418895448546
0.3104438846546179
0.2950723674402086
0.30259306644725414
0.2912325573390602
0.2847166426928777
0.2923076329018925
0.27062605619453267
0.28025438451719764
0.2952707166844182
0.2792255099999468
0.3024360706437527
0.28194166053220626
0.26691635542981484
0.2857029589538246
0.2719959496764064
0.28543513898355743
0.302342679057397
0.2863708159442606
0.28281645860856763
0.283121052372611
0.2867840405066192
0.2804478760092235
0.2721369860690711
0.2921439387495564
0.29397011167727194
0.2994501749376459
0.28838002795974793
0.2844679940849183
0.2819191511525851
0.2676421948719435
0.2793998644117113
0.2786096060128874
0.27632968121730994
0.2963505470107741
0.27730271450796073
0.27975575108469963
0.2866225983579853
0.2862033811027405
0.28017048047132787
0.29955662344925305
0.2943284228675962
0.27202664648066177
0.27409441958947156
0.27765930842262254
0.2941410050734203
0.28968880572637185
0.28053858157798806
0.2885323806812578
0.28956240692707186
0.25880673181806546
0.2651333402923223
0.2885986191535602
0.2884321343716819
0.26628117032639254
0.2814542876368924
0.2979177422843128
0.3024556014002422
0.2665214913687761
0.28367962161924243
0.2935682102773612
0.2892264977511651
0.2970102905979789
0.2728347149225093
0.2778671271139014
0.28652019612262847
0.2817536045512543
0.28989132500995346
0.28838408450402314
0.30105727702414836
0.2929068876640904
0.2810869071517488
0.28954508931489714
0.2996568204977969
0.2793185985199901
0.28756058787509997
0.29414186448032686
0.274276354917918
0.28540752965649874
0.2833691040496501
0.2698945837261828
0.26788635461690835
0.2979088774818617
0.28012581892828015
0.30377031890425943
0.28785829210021247
0.2968314353215331
0.2796096754726409
0.2894916255565244
0.27750304424563843
0.28583663400080184
0.26534947067856846
0.3036457930215947
0.3029242660666309
0.2939774037064835
0.2838023134221081
0.2644300966891788
0.27606819427008344
0.27359623158653384
0.26829757575787555
0.2809353484936733
0.2848837185027725
0.2720324405759804
0.2723956891877082
0.2922352833608506
0.27665997615650784
0.2785460281147656
0.28972341034469984
0.2771890579221337
0.29722592849833573
0.3001238253353326
0.28795073663828036
0.30559802463847097
0.2829008190001151
0.2724218205543735
0.28846578882762025
0.2982128376948475
0.27751140293836085
0.2729131599616089
0.28699961787402983
0.2861675855839275
0.2714472802009119
0.2778394465465394
0.29575081823816707
0.2890658704024882
0.28741919800412075
0.27927354738119303
0.2869527954450696
0.2799840583227349
0.2883497249589999
0.28723570134981424
0.2783880462517463
0.2834005467237694
0.2933880392370549
0.2741027276486435
0.2820883787778679
0.2894069292413404
0.288160604711734
0.29654579712944473
0.29903749245465566
0.28073934849100685
0.26199956800272906
0.28344393490609743
0.29364593879701295
0.3071474620704532
0.28072740994810896
0.2640688396731371
0.28271348371539784
0.29257360546378475
0.28181370580713216
0.2707103954018299
0.2756805747935433
0.2668306800768868
0.2893700924210771
0.28751048615302355
0.27664199679976487
0.3004603753274998
0.29984676519473413
0.30261752148059406
0.2898149820940803
0.28578942901738746
0.26753969366024744
0.28529567031320424
0.26748750353502726
0.2857898238932196
0.2724826661001418
0.27692354129728525
0.2796729409241504
0.2789248067331985
0.27029323838886954
0.2827615116130471
0.27782098213516887
0.28398528569210074
0.2911474024701971
0.26218930827143067
0.2820945296653603
0.2894951866003832
0.28938663810317977
0.2713873734051414
0.30432710083732584
0.29572758524282927
0.2741777437574706
0.27218640398348526
0.29088137918880214
0.2819674549681561
0.2758029839719912
0.2920957194310131
0.284425181878488
0.29697183596709387
0.2947651130974901
0.3099826661072096
0.2952807028245499
0.2973501455152264
0.28806210113827185
0.26914205518155426
0.28713799700614895
0.2917845473626781
0.274736793104826
0.29037288679168843
0.28476283361799504
0.28479687698076817
0.292584118010807
0.27960875788403905
0.27159998044033495
0.27359735828850407
0.2775388581502284
0.2682753365942946
0.2819294161377532
0.28093461733353653
0.27992518453418264
0.2700346458316407
0.28091644190782383
0.28503954321200964
0.2780082036218905
0.2745853415341858
0.2711665285703485
0.283369373386446
0.293970093606066
0.29002374379481655
0.29431705652676976
0.30035827076074917
0.2863225314491613
0.29693786665496147
0.29193528389287915
0.2789675567237557
0.28425265909251085
0.28380110037551276
0.280126881614148
0.28072622719554124
0.2709370403666766
0.29067685547702193
0.30178557698331865
0.2987517647360185
0.2879324293723051
0.2883684985793911
0.27664763012841476
0.28795234766225886
0.27681820903761967
0.27592527650314636
0.2960396368291549
0.29942086291455317
0.2779599360247206
0.2715775278505267
0.2796331722761679
0.27965230778070416
0.29424816750314553
0.2799909308176733
0.29389131646945166
0.27301330550643205
0.2973539976872659
0.2966980608331428
0.28792510429493323
0.2816889682132808
0.3004512703970931
0.3130826692410225
0.29777577394129695
0.28048584890576245
0.2778024448233071
0.2826521623295758
0.29955075529220376
0.2886244370869203
0.3063779952219392
0.2957484817094259
0.269638131481417
0.28015090546179044
0.2893509200744563
0.27630537940816724
0.2703912597102208
0.2896855163580344
0.30341089134365734
0.29813488048094317
0.2998419400756632
0.29026430047098295
0.28921026435619934
0.3109314193533017
0.292517454017149
0.28535011834509205
0.29585829920882867
0.2853210027477027
0.30298523130190197
0.29825187439942724
0.31326049560523406
0.287748693411561
0.27250511923195453
0.30756622680836065
0.3031093155364344
0.30948224933206336
0.30526387327503646
0.29334592037199864
0.2780519451048369
0.3068263366706244
0.3000838109031614
0.29558973901101304
0.2994213688589493
0.25359689798142426
0.2851501642620191
0.28668066211247983
0.28496285665594145
0.2812559541512576
0.250884075823096
0.28768584320321633
0.2850887985207219
0.29510498261000107
0.2817718913997976
0.291341139271994
0.2829777946619286
0.27496254801557385
0.2866754668524557
0.2867953404927601
0.28704203961603514
0.29731455612717006
0.29268017048082284
0.27790757831856294
0.2863501295905552
0.28834252403894545
0.2848406075671354
0.27663310998428103
0.2715683202698966
0.27463525383641185
0.29378906159056123
0.2786797011696505
0.2861726443802741
0.2790713149227684
0.28589495511821117
0.294131545223987
0.28789344522702986
0.276332915185347
0.29432215907801235
0.2970048510169329
0.2793042112920293
0.28589777097749675
0.27999401819072367
0.282383776295994
0.2973253845516561
0.25961589803494517
0.2834078801462879
0.2706212981363276
0.27546871633064157
0.28981749020920966
0.2835893946417392
0.29825481604476106
0.2927148681449202
0.29629962064921295
0.30061311513615496
0.3151039428933864
0.2925919777885496
0.27674198743169814
0.2765186712852422
0.2896564295464842
0.26284078487927187
0.2739876280687006
0.2896867914551845
0.295951678837154
0.28211869674065176
0.28415134771835526
0.2860700596359086
0.3005171681307621
0.29423763690255145
0.2828465962603515
0.2873014317512773
0.28665897139811003
0.2994958354471392
0.2837690893477469
0.28106021232673106
0.2794659406308597
0.27362961585031476
0.286878781587341
0.2688489741680301
0.28551736751744633
0.27240219094310913
0.28324860701209675
0.2959926417939448
0.3009632876830728
0.31190887302687276
0.2970560011111578
0.28674781953570605
0.29056546606533384
0.3040213457861305
0.2860355481141478
0.2788754707195153
0.2926563325131506
0.2996379565326359
0.29702599595087886
0.2780656143246144
0.2935474642164736
0.28985434923657716
0.2822831805753241
0.26250332615067723
0.29028647358678317
0.29915868263210055
0.3030811205737337
0.3124941291057757
0.2594105703550351
0.28494263893413146
0.28897899753017553
0.28892557889636694
0.28374807366736227
0.28013847361071226
0.26573572532941436
0.28217709029748345
0.2894931290565653
0.2873310161004945
0.2978847582862162
0.2961962803366502
0.28428581647766316
0.2825928802430603
0.25479138591286715
0.24793252292945997
0.26827723541823145
0.2760069666451453
0.28163386262055023
0.2743186014594099
0.2834991260908717
0.26444919396861644
0.2791003407067706
0.28121097042485665
0.29389247729792756
0.29048739355917397
0.3035384454947852
0.29311362105573824
0.29202911418166766
0.27205606630787127
0.2652701497161909
0.28883183477092333
0.2890702059102926
0.28081602599977845
0.2838257838063275
0.29076346003276243
0.3010255298032812
0.2889727335382265
0.2891848950817886
0.28878576977349957
0.2845470638242774
0.27437774053259373
0.2678744751054456
0.2879608396374126
0.27990599057222904
0.2870583964565818
0.2921824758302407
0.2810648305137427
0.28073273714954017
0.29758072262051294
0.3004075744930707
0.27919643358742474
0.2861949757589103
0.32160753904435246
0.3122896800784244
0.3059818500671234
0.28609852846266676
0.2862339917047257
0.2769242853475785
0.29784941059744324
0.26707540874217883
0.26934456214100044
0.2883218007962817
0.2800362076128306
0.28618350689612243
0.29061574964756237
0.2994506201327074
0.2813493888461449
0.2672544740938245
0.26717502733180964
0.2630802877055297
0.2867113329857972
0.28133245769503984
0.29915417517314746
0.2966090551419082
0.2968813203870144
0.2934836038952937
0.2683370921627281
0.28345939852833746
0.29160242322534163
0.3014455843393541
0.30465345208915645
0.2867328482049609
0.2926683312857329
0.29540219759971326
0.2894696950691431
0.2722959808300698
0.3032690725063358
0.29515576925915676
0.28644182047676636
0.28051503795356414
0.30339129221777494
0.2654510976951089
0.26078829607157294
0.28606188065278093
0.2842300589092938
0.289880241635298
0.2656789252905727
0.2863363225943465
0.2877116410032977
0.28504152911924374
0.29301279290944104
0.2847995639876148
0.29148536649829143
0.27826407490840077
0.28773684774363206
0.28027024127468647
0.2990007120472684
0.27211005473689687
0.29649872717720027
0.298454414543384
0.2893624417709209
0.3019570404514873
0.29142840087602717
0.2754711341737607
0.2734783123987017
0.29004572628665093
0.29572170191646063
0.3025192000108947
0.2985701678789413
0.3009217496292199
0.2798521945807162
0.27104493661384155
0.28091684203845185
0.29014924789398533
0.2783779225576599
0.277500823713208
0.29101943177762335
0.29125273987498557
0.2738027319736443
0.29465346882200527
0.26683488259124505
0.27576285833928926
0.28890739860117154
0.2875545553160048
0.2904973724118327
0.3156620391070619
0.2870252400386957
0.2809749784193839
0.2853656923328588
0.2643467719041618
0.2714396291267982
0.27737942304438373
0.27310254873376005
0.27925800489067654
0.2717954526514266
0.28681307889830365
0.28558218956931214
0.26080818486233326
0.27591594039585143
0.2724082935467632
0.2606366203210212
0.28653340441291875
0.26998812697567
0.28379769512533914
0.27834049649507797
0.28650022642984796
0.296689655942863
0.28286290085487886
0.30033530853528634
0.2813847903477086
0.29741582097064545
0.3000886636742732
0.2935704641419111
0.28098502493295635
0.2858151904423418
0.2936010067912791
0.3001504119291327
0.2655482166650902
0.26523076858231076
0.26492633927323705
0.2812034351633823
0.2752040353306179
0.28495435382682766
0.29984569967364316
0.29840012842191943
0.2904890609840576
0.29371320051527416
0.28343655342635
0.28717844036915047
0.2799124922048788
0.2923496330931893
0.29006275867208986
0.3116721833599986
0.28795667276337483
0.29691571342306045
0.2952082585572069
0.2601727318822694
0.3031128559367946
0.2712261944328941
0.2773413619572037
0.29050572987758483
0.2982472791171625
0.2756644023149538
0.2727077629847623
0.27157515354574324
0.2821661668456187
0.28125982861156895
0.26282036041715695
0.2744588740233461
0.26616734928086305
0.2770316060223189
0.2649248491446625
0.2863928310035567
0.2877403780240153
0.26698759429905405
0.2772194618920635
0.28588671011556976
0.28730508272243127
0.29747847189020926
0.3016844396568444
0.295404807550836
0.2951727375818751
0.28118988979741943
0.2875127000584612
0.27134678326932793
0.2931499705019239
0.28121043158947884
0.29137287726866956
0.27865232307836096
0.2900208328803465
0.2842331712764006
0.29266505333487625
0.2909721728971138
0.2841621391440925
0.2811105490551803
0.274373092258877
0.2736487009616738
0.2704696584715112
0.29030994563033624
0.28929509412784704
0.2759749413269934
0.29979989185538647
0.27753938969708136
0.28018054514605223
0.28235249369620935
0.2899390108169595
0.29437221527285007
0.30994797986433925
0.2610736203048141
0.297315649664486
0.2855708536869601
0.2769123380687588
0.2881671276909282
0.2908628807585748
0.2787328950073661
0.30030812582616534
0.2986607921490615
0.2829091199346431
0.30487062925838915
0.2942029288472302
0.2837305511449189
0.3042916001674123
0.2939671516053354
0.2840574798108846
0.2619348665825077
0.26504194602080094
0.27811893155240747
0.27628758716326385
0.2790393994177721
0.304056592908556
0.2900857423531973
0.30858256724503874
0.3104124707984439
0.30963553074275485
0.29709038283751066
0.3068829111443525
0.2926511939618184
0.3144491467016158
0.32150843287598596
0.29766989640960384
0.2882673263096307
0.2965107184095251
0.2720219592376517
0.2815030705518291
0.27913530142465104
0.2749610331891219
0.29756519379026564
0.2928677314778112
0.2828404712683016
0.2948081571964368
0.2820125453254425
0.28200794635318854
0.28390216496199305
0.2926189591658739
0.28132102639599554
0.264511811704807
0.2626158993034822
0.2848072558769451
0.29542096829632614
0.2962009050480935
0.28374958992717675
0.2811599758196133
0.2821180632520738
0.3008205718664909
0.29424302524958057
0.27610468870831373
0.2798406600653227
0.2816748940503345
0.31584323762614763
0.30217769374133496
0.28395317607744663
0.287212390555587
0.29226979919992857
0.29218686643847974
0.28839502335415756
0.31071132311078875
0.3117317117982173
0.2956337063104567
0.2792181693123739
0.27845588868878574
0.27300432493433213
0.27143509612381755
0.27768357893891155
0.27869188639398534
0.2791410264265035
0.27123620690733746
0.27364021434305996
0.2872891955840796
0.2897932404659372
0.29851261216085145
0.29461006300011017
0.28259428290365884
0.3043316804763992
0.27822996002824335
0.27559229227426457
0.27860693797751623
0.2975090855693828
0.2945829566895616
0.3055470699681132
0.27574872692975266
0.28321262788291307
0.2674939603831037
0.27569659500062
0.2866637465850755
0.2559680420044557
0.27999967401640774
0.26986239628940656
0.2542459638882999
0.2758657702910966
0.2855560744209297
0.2622726027244503
0.28441618614767095
0.2774379167991039
0.2660753367171125
0.26759322591484924
0.2652357259592197
0.2838409106394342
0.27527138510183563
0.2815470593145545
0.2795725139413989
0.2909607872141303
0.29099984426133524
0.2844448167888557
0.2952794087832805
0.2881412604761338
0.2988136781314544
0.27634199701694284
0.2724559506268519
0.2810827421333766
0.2718207945398302
0.2806196919042754
0.28114878079154704
0.28269878105575175
0.27952207493498665
0.26854467458498177
0.28837871571322826
0.2690455590215797
0.2739377432584744
0.2772914284841055
0.26703267615984144
0.2986896792094316
0.28263947127060807
0.2748005237438317
0.2694045192109778
0.28131716016020625
0.2739774964912817
0.28001145235873237
0.2844271377950772
0.289951190202641
0.2963689879798677
0.29298683724346075
0.30355338084694816
0.28230244815819683
0.29021377176601737
0.2919519063260634
0.2931977680086779
0.2851991778679511
0.272530688212986
0.28231925044860195
0.285217798755906
0.2709150394395812
0.2866453849164807
0.28225765863955227
0.27583991990847784
0.2884575759854159
0.27575757555094704
0.2680919001071963
0.2892677495334113
0.30245750583091924
0.288922142003387
0.2544772049438736
0.27990551192576696
0.28146785488699566
0.2700345066866311
0.28616872544103655
0.29825461704706413
0.3120661738803114
0.28646136402120537
0.27940752432657384
0.26373264219505016
0.27936515547720453
0.2841640742597749
0.27673627416671903
0.27847885178105514
0.2738948329215795
0.2921898187677428
0.27984751562410193
0.2931769719478231
0.2921787326582956
0.28139910671669377
0.27915557750489367
0.2917048235446902
0.296889306286126
0.2871461409023819
0.29758512764611744
0.28706215399456836
0.3064022435107818
0.28339892373110565
0.2934387134045344
0.2933500258676036
0.2880368950660105
0.28772685914958784
0.2907927723245626
0.26551222534560326
0.2780803140222837
0.2839581510566461
0.2916488923340482
0.28877195233811015
0.2773232214079395
0.288624085331212
0.30226800302634715
0.2998114580989095
0.2833963150464519
0.27697242140920164
0.27597547775472697
0.2911590010923177
0.262579224361282
0.27544854903404625
0.2823191722706943
0.28602884851592963
0.27337200726433564
0.28078145000965665
0.26972979045478274
0.2724332400312761
0.2847473236148834
0.2938591522244771
0.28935660307445693
0.2907867831185662
0.2789901146637237
0.2777603394450163
0.2947881721684372
0.2954273371735292
0.28280316095741775
0.29490800769932934
0.29012428149183583
0.28521758796857494
0.28527556509657326
0.27235096008394255
0.27194230639900646
0.2849067429025587
0.29404698280920233
0.2752816805111046
0.27020281685882425
0.27308662758642555
0.28307371983514723
0.2967158076897617
0.2756785229501978
0.2900494155783896
0.30845283121330347
0.2836143901750668
0.2800375892174858
0.2960407799708221
0.292902126156196
0.2784302070663497
0.2910899126915906
0.27709410041488647
0.2856311067626506
0.2871221116932048
0.29461437833803006
0.3085883275520729
0.2855215345747846
0.30014528930706347
0.3033240494459575
0.29781017743909527
0.3134956093828286
0.2903221441832919
0.284189661300683
0.2793313236493886
0.2956744829409027
0.2891055560017157
0.2992233806877296
0.28139151924738603
0.2672308725160897
0.2663250755836367
0.27066276854870974
0.29997444112095045
0.2884955779888594
0.3003292583919168
0.32898038311400574
0.2995963912818045
0.29329759494744245
0.29881824872886165
0.29062281129158457
0.2849193573754527
0.2768514287993829
0.28462629585568533
0.2981039798779283
0.2735074496105896
0.284331562548325
0.2771974625476686
0.2717692434858654
0.29548207859773734
0.28735629688757003
0.276744936890188
0.2887155134910513
0.28174046392581426
0.30654747661374615
0.2897563275285615
0.28260876192295736
0.2922865314489543
0.26833958547967984
0.30168415911510127
0.2864920859601449
0.2832950158880771
0.2535271070427211
0.2760930603904533
0.2706655248202028
0.305640630441501
0.2802822678205156
0.3055294682714297
0.2981462987644171
0.29139737570513924
0.2902078360656611
0.2905281141677857
0.2950232585662687
0.2803063756248021
0.2595723093856551
0.2671565187858891
0.28429707151355865
0.2941328248114313
0.2709406896222044
0.2853162964741579
0.2669150011713104
0.2691626710030769
0.261449841032493
0.28121526052305645
0.2806386939851929
0.2677732409813012
0.27122137488955617
0.2914594844257074
0.3090590282089537
0.298882779212862
0.29274384139522563
0.29712040951302043
0.28578852976288494
0.28559173989130116
0.28392060176256656
0.2665123132542909
0.28852415641512874
0.28844628927899957
0.2896736177875817
0.27376145718991896
0.27320173238597256
0.2773008002652614
0.2846301555270172
0.2843667179264488
0.2737143579289338
0.25359307271955067
0.2798916222796827
0.2628444221744774
0.284358884385833
0.3031349551442039
0.30023659129701785
0.3010590320302174
0.2741770892503722
0.2945520469401074
0.2650374180456514
0.2978342998481104
0.2686662534964708
0.30818727155854453
0.29311250722841947
0.2699470183151649
0.29825031349847786
0.31378083032728565
0.2687201810681896
0.27468588706826824
0.26995680115123527
0.2873234333124429
0.27981285786849397
0.2882135510705893
0.2913282486257516
0.2714521298158869
0.2950213441298814
0.30374468625469964
0.30010435953864983
0.2852638636414765
0.28247599843745075
0.2591245078963431
0.2898131704844809
0.276933306339271
0.2964812841674892
0.2905012129916488
0.27658294463370525
0.27753266549139893
0.2749306316203804
0.2747635868004109
0.28694322340395007
0.28604201660746176
0.2925949320192302
0.2827156432217721
0.28266864356518084
0.2953353288173304
0.2965614709520861
0.30485114654650664
0.27898421381550664
0.28496630569345677
0.3039971365439147
0.30870699083126485
0.28373460562431957
0.2860643358162488
0.31128107720353215
0.29489657573409733
0.28959752088773794
0.2791915760279404
0.2889162548660569
0.3026422204621005
0.29273820212878415
0.2955319779375505
0.2963267275154201
0.2932971119157872
0.3053285638287393
0.2900434877711976
0.28969058868505043
0.3082549774603035
0.3007704688605116
0.2903375360728606
0.28188720612850215
0.29459153722475484
0.2823303043701591
0.2725336531349195
0.28453196021367233
0.2838500032069659
0.26210911006585885
0.2762485025715615
0.2992309831983818
0.2836284584068355
0.2970083704227748
0.30558000816947
0.2706246958233818
0.30018362949397726
0.2992171744710648
0.2995526082386535
0.28577300206457196
0.277522903884184
0.29498842070444353
0.28514821202237983
0.2934396565766874
0.28320794230290103
0.2962403448621471
0.2796963335654413
0.2609974267611922
0.2768583407599998
0.29502136906354415
0.2887721271016607
0.27542207023588516
0.2907760381193021
0.29737035602928025
0.2882853116151953
0.30033486479787264
0.29189781432678297
0.28365759596388695
0.2870627161654568
0.282909033665278
0.2925308812377757
0.2770601620046994
0.2839230641107053
0.288479911560501
0.2914597634336892
0.28925624079475876
0.2938149369008515
0.2821920745432042
0.2798123771819686
0.28852522860674656
0.2878878606386399
0.25929021492810367
0.27584097247659434
0.2785790646605145
0.2818601297467202
0.2907731629585897
0.2910813215457577
0.29597080729328673
0.2959954171485466
0.2714237442562913
0.2746593516519931
0.28185307034473256
0.28256106387902846
0.2848376477488127
0.27805986942365424
0.27104191855362303
0.27108643426670054
0.2745216542360044
0.2741953200432402
0.2707104048078358
0.2880853623331237
0.29827699201943625
0.2743824442463779
0.2885635964868415
0.2810174575354254
0.29193350539630797
0.2941734542441159
0.27572205778175607
0.27929166057658156
0.27680786523380074
0.27626924433042543
0.29461739221917105
0.2732665527146716
0.2774013586609792
0.28994242458368247
0.2917648415137609
0.27676183750460864
0.28222542633172487
0.25876062416782786
0.27853548609882006
0.2655502378569135
0.289930859630672
0.2823656242597401
0.2802485955954265
0.26947587408018553
0.2822605936254221
0.29194170761189675
0.28792060891583393
0.28738867770611587
0.295993619071952
0.276187658839526
0.26336157239766766
0.2582894769857613
0.27544550791860084
0.2759426493388687
0.27322785457169374
0.27455194926811594
0.2785382342438089
0.2686712805073392
0.28138029036521645
0.30266187818062484
0.2965391209304079
0.3028020135327377
0.308749454705166
0.29049438105163006
0.28786749552841245
0.2800409860112563
0.2745928798472433
0.27330156310978926
0.2742710777787336
0.29702355322802
0.27644354476000504
0.2670897550668794
0.2654930938960479
0.2841892898010586
0.28704160990390964
0.29323667530356773
0.28406201313719315
0.2808953999800119
0.3150573498783994
0.30006364663719687
0.28197414892443207
0.2896959519036021
0.29571203323396655
0.2796723812126791
0.29250479298936755
0.2768444235154999
0.2914892380190962
0.2861429044673538
0.2911392487824832
0.28460457580612614
0.2859397541673837
0.2939188684132742
0.2847690887882628
0.2775708719235911
0.28903924159095373
0.30571994730969876
0.29159253184624945
0.30080573684707373
0.2984515513661362
0.2911359861873997
0.28094107544921654
0.2907054785009904
0.307964072244755
0.2889326024879129
0.2883259972638381
0.28551595965237075
0.30070916505103285
0.2999730370423002
0.2650656534073881
0.2722632211666971
0.2800125376213686
0.2761105898142827
0.28532105418528664
0.2738668023219678
0.27617355940226884
0.2640717316319153
0.27022266644255666
0.2783658202070033
0.2588474724986891
0.27613475066725035
0.27877877390421935
0.2763205521836427
0.2942201929428843
0.3054290115838669
0.2743165020231805
0.27763927522917076
0.2796274462416995
0.2818425591209891
0.2811561611473171
0.2772950486810327
0.27645649090741026
0.2760838296876468
0.28105511530016053
0.29373751642178014
0.29043294315124357
0.29966924782800486
0.30130568730378476
0.28798510030690566
0.29346238773483624
0.28347210703689957
0.28618399735474986
0.28349544289507767
0.28294995329333644
0.2746949100637155
0.2724368597472429
0.27603862874703233
0.28282707798438095
0.2852524968130298
0.2978880200206512
0.3085602510132949
0.31189284797035993
0.2833721537074976
0.2748010297257794
0.276109014619528
0.2843339731231702
0.2701460386208271
0.29096070951458275
0.2774644300372039
0.2632026780732534
0.26560431371061183
0.27998325807295765
0.2638620417360623
0.2865781262857571
0.28175823989064797
0.2876253480695148
0.2879962309482538
0.2808002759318874
0.28951676094395584
0.3033843941124669
0.3007541053366166
0.31659497441912876
0.3059276066707264
0.31565046650789685
0.2958466902493512
0.2823417217264733
0.2843330759848948
0.3097217929584208
0.29891388525359364
0.30150999556275987
0.30807158879659535
0.3049685999583833
0.289615548093183
0.30058813657897265
0.3014725672656062
0.28824737870464917
0.2988737150483449
0.2950214286602832
0.2755050921069476
0.27433974415823226
0.29088527255996977
0.28051772803573716
0.30124942431547314
0.2800547597832257
0.265419357388907
0.27885893096607417
0.2853228551709185
0.27785255858521024
0.27332005235412216
0.269025600327729
0.28717628130126716
0.2990251926678785
0.3049537076591712
0.29398468574533687
0.2814381228818158
0.29938369144820215
0.28519660441920813
0.27806905551506467
0.29176235156007035
0.29716696658302033
0.28784812337555266
0.3014410425277448
0.31162754902384304
0.2912690753599519
0.2910195745713445
0.29900506866502574
0.29622248907463644
0.29921542664857825
0.29911837935409136
0.28739476728126145
0.2917038183378865
0.2863106109352136
0.2779597383277641
0.2782910312769694
0.27843495420707687
0.2872945849559443
0.2867746312572666
0.2776247612848892
0.27001465558485
0.25887021020440043
0.2527580497477714
0.2597222711871539
0.2736424651617305
0.2795632190916104
0.2755370588950659
0.2859302179574854
0.27278049748127065
0.26626277410858645
0.27863184569219457
0.293696191795934
0.273784252396949
0.27880170208924127
0.29916135948865163
0.2842466149666035
0.30530829784822544
0.28400141959346703
0.29409801692481996
0.2956137757395215
0.2853617846204499
0.28469066673680643
0.28091360698314144
0.25986180660982217
0.26992168050349263
0.276440110955709
0.2880573076882221
0.2823063451416232
0.2543769210943841
0.27209210957329233
0.2918761683972345
0.2818262252256128
0.28929796747076114
0.2917579865761061
0.29185658208252596
0.28421717673108193
0.3165246812820588
0.28725005718348195
0.29969791416766867
0.2954855897882883
0.2707743027521636
0.2928897869476824
0.26526415097508516
0.26645245883263
0.27221212042924925
0.27593937095478926
0.2646072831678161
0.2837470749236692
0.2919461748806277
0.26601949427100696
0.2841665932144934
0.27526955532343045
0.27434513485165557
0.293952235176114
0.2895809957382608
0.2819529527844928
0.28306501001647544
0.2952359076406088
0.28010923255545533
0.2791429604460517
0.2741139999936056
0.29605941012642245
0.27717010107458456
0.2918230184262926
0.28867082729450955
0.2645301956594416
0.28922760236716966
0.3009856530037327
0.2722446813284237
0.2844448818003542
0.2835021746069848
0.25768246182247656
0.2648798320998381
0.2732461507651034
0.27768800824682377
0.30070130119307903
0.28294057879261125
0.28952451418899294
0.29095976003596263
0.29314741387858456
0.2768374513323051
0.3040711900393036
0.29295387091335595
0.28491216198286684
0.2847874623216419
0.2910889337173955
0.3077822272156219
0.29457980025183034
0.2925798492092466
0.2691877964390589
0.2845129679147018
0.2943321741828635
0.28755577461994486
0.27312338873641123
0.27805478838723435
0.2781108431623723
0.2844141785344736
0.2760274342870854
0.2698252450644454
0.2814412712854301
0.28457122747725017
0.26865446886983935
0.26600777747254456
0.26304343675854736
0.28052922866240493
0.2847752922700796
0.26354156204573964
0.25748725292486985
0.2815057708746753
0.27730974616915827
0.277746239456343
0.2767662809707952
0.28374648447868334
0.2818408146507551
0.2886226095585938
0.26983836861801147
0.2828314256862039
0.3022481498069251
0.2757838671458549
0.2827516946720796
0.2899621215201853
0.2772768633286547
0.26378482814883975
0.2888660178357454
0.29114888415670004
0.25512887504628656
0.2712844088091838
0.28845048164136944
0.2869255995942064
0.2973317482967255
0.2939089718459089
0.30198773695891035
0.282156592376252
0.28729833267656324
0.29101588531054023
0.27709091741572217
0.27671534604572434
0.2799746584087728
0.27949353088019296
0.2718571904061068
0.2640063024809595
0.2712739413532509
0.26738431690357145
0.27898978822026477
0.28049225164623537
0.2778409274393013
0.3106987297473862
0.2844236111606021
0.290812131552611
0.2784759442499904
0.2892576594682681
0.273742053866939
0.30581181194704987
0.3065197835816924
0.28490420244103254
0.28292686438432624
0.2823242887465298
0.2772793965486008
0.2921226737319443
0.27715846316495046
0.2837501877585495
0.30623332106105616
0.29132978640056134
0.30598071321063763
0.289176859541564
0.30244705500989
0.28526421713717626
0.28373954639843924
0.293840212383738
0.28178904244711867
0.2826381080846046
0.3038451483965653
0.2810743889968965
0.2767529585090781
0.27434130533124
0.2832018055229232
0.26579581594528545
0.2808544536568248
0.31363824019347364
0.3012794126777102
0.2679281211571227
0.2832019075731884
0.284693665745231
0.29494032778330304
0.273476396484327
0.27679242633607926
0.2641172241639749
0.26819575382971306
0.2646317024533993
0.2784568892826341
0.28622273039316304
0.285392609785858
0.26961937086809895
0.286671475920367
0.27873742527339673
0.2873638805202362
0.29043927457983104
0.29687154089428947
0.3031527877659834
0.28105858822465907
0.2914467606350709
0.2919568330137329
0.29607924268886593
0.28650591906570255
0.29323553325243573
0.28236107613330574
0.2831398931016813
0.2873228049985098
0.3072922728178875
0.2938292960165753
0.28323580421701333
0.2684094742810459
0.2611265657182551
0.27919133972639576
0.2803123927788067
0.2952957563463682
0.27602841160063446
0.2741264525417141
0.296741879695332
0.29446492719204287
0.29276480547056993
0.30380843930626344
0.2924079436612457
0.2812494807407765
0.28470049519862295
0.2759947742221588
0.2635869334725404
0.2905038806867716
0.283149527971181
0.280803831631495
0.267281749213451
0.2835882977467682
0.2862627844303339
0.2936243349246885
0.29328125972539504
0.2879171654258992
0.2978292259197817
0.2964259753760521
0.29262586555307696
0.2883637767144118
0.28715601275464425
0.2839079860780077
0.28809287752586177
0.29167810962462515
0.2858257244005539
0.2876831014760378
0.27150259604079696
0.26961579807493147
0.2917604153776498
0.2933840030953092
0.27944933963117535
0.27393832735335943
0.280707657981078
0.3021655531908557
0.2827720243625541
0.28472753326333444
0.2842387663848601
0.2953387046321345
0.2774512134699923
0.30569986909931685
0.27518803429679184
0.26854761125784316
0.2701580505571889
0.2843806569636602
0.2826233306680123
0.2728314340960004
0.2811446680704325
0.284440792872308
0.29095642315657455
0.27571732649449654
0.2877839229626138
0.2968967661229097
0.29409129589431826
0.2860663252289418
0.28789960395711317
0.2756361255996793
0.3076871463918195
0.29742383444193043
0.29509810450043567
0.2973303364552109
0.2978990154354667
0.2909844826200736
0.28193824674047424
0.26920164732028107
0.2948771194628259
0.3002603867891013
0.2843380955198822
0.2890731536401868
0.272526819984241
0.28586338472567624
0.29333357387997006
0.2839237436173492
0.26124560506348626
0.27999994260662514
0.26243100186973806
0.28910183635352216
0.2766552748088279
0.27860361620408847
0.2882927133752872
0.2955779252467974
0.29788731475615227
0.28784864251180586
0.29538998734902455
0.28630222443727127
0.26929393805352664
0.27529171962446053
0.30102173497712115
0.2737838527984142
0.27614505987803883
0.2938010849445539
0.2926318567284386
0.2796677654629549
0.28393043365283627
0.2940384492931132
0.2868727039447687
0.2781061266085593
0.27396609818958184
0.2588653277816634
0.2864175674729831
0.2772203363559452
0.2798086982135478
0.2995593742588114
0.2911108908998736
0.272768568924888
0.27432197571009687
0.303791501691532
0.29182457532906786
0.2728158398010303
0.28305505627194266
0.2854061009588229
0.2682172755160215
0.2699967901260404
0.27931328994754046
0.29065440667650927
0.30328316275370026
0.2984010949062382
0.29767208886487595
0.2804777986082333
0.27785948729218013
0.2791944331544849
0.278412721963505
0.28235696693066104
0.27486627672555786
0.2695529478863204
0.27507811821650696
0.29970525610605525
0.29394530179041245
0.29575399314237777
0.30895083112008703
0.2756467923963434
0.2914536389071335
0.27227948271592506
0.28136264907194897
0.27940590653297015
0.28741860301592637
0.28647773751247524
0.29327561339906383
0.27604702649747376
0.3076895500698702
0.2915126370044153
0.2820866569017264
0.27084272553483457
0.29284458912548317
0.28959422095032994
0.2723104518951431
0.28777234605181135
0.2791254739837009
0.27254909547864703
0.2676311987846403
0.27881437025799605
0.2759340879329385
0.2845581392493583
0.2713224190428985
0.2935506208827121
0.27340557669151977
0.28607815611933723
0.305373814082753
0.294984028431462
0.28129213228550165
0.28809047992418346
0.28185734228260917
0.29785026344025123
0.27380247407584524
0.2909968634745194
0.29517258480638764
0.29565636385057903
0.287928176931931
0.2674181663866143
0.2812338314093539
0.28430093110129306
0.2510357245382847
0.2600059018088189
0.27622928586499795
0.27774582150496124
0.28074475925149345
0.2755752505021498
0.2613214473943982
0.28930275399357475
0.2826730473441137
0.2823279961843419
0.2854876673774138
0.284229235676721
0.2647871302324271
0.27781624475291555
0.2862225245826142
0.27243176734616614
0.28746679387655
0.2934485385334099
0.2865896669605046
0.2926582630535738
0.2980416942317602
0.2996688024726899
0.2953724876033247
0.26457384442201914
0.28981048649227026
0.27503417365012023
0.28899917966578925
0.29680362290174217
0.26544012579949017
0.2737901377079374
0.2733072908443728
0.27449635295579033
0.3091940545036413
0.2728846392412885
0.26904987728914864
0.26443616969073036
0.28578488691986825
0.2810490993409942
0.285611162622278
0.27201256965440346
0.2756858357618448
0.29776590607318115
0.27859405134055404
0.2851930529859976
0.27721176333407743
0.27581978530819873
0.2918357670520718
0.28429494030222335
0.2803445009725639
0.2982303896017989
0.3046863504419207
0.2823965712420575
0.2794947523180298
0.2814033823586738
0.29571309304844595
0.27256122739095023
0.2677966401854103
0.27484127288730165
0.2750246769764524
0.26893657407134924
0.2663980124246539
0.2682846384351706
0.2605849634860829
0.25853392021644167
0.26253593383652385
0.2628433011344166
0.2783112633392987
0.26665136679651896
0.27806993147712256
0.2809938481571195
0.2806604731332897
0.28981797359198735
0.27810815932941113
0.2929970322194487
0.2748486559758741
0.2738934452981606
0.2740012184181293
0.26282987075667086
0.27032877399396515
0.29226098486607566
0.2751085011949793
0.276445277014018
0.27329548688880667
0.2762507200479153
0.27092785895768356
0.28800342122860967
0.2877959659144516
0.2751267564612029
0.269685967919824
0.28637045752819984
0.289869656320945
0.2878870124848866
0.28084698740461456
0.281334769329014
0.2787029255377958
0.27284641954457567
0.29892395734962685
0.2786587454748847
0.2869813807467177
0.2985771589914587
0.26499531359528994
0.28559076609001544
0.29969426567150126
0.2816402317302912
0.2748791199420191
0.29516095972933953
0.2888874988167777
0.2865071815049591
0.2817080136707839
0.28140410918016107
0.2943630083442518
0.2702117714308075
0.2852415523300714
0.2931700466048116
0.2829266733815905
0.2700942816773269
0.2802606804735541
0.2842243695470124
0.2823178943295236
0.28278051684922567
0.27623947528702203
0.273498272514891
0.2901736866308491
0.3070246918549767
0.2869539998440216
0.2834714767457712
0.28893963100128606
0.285873319416608
0.288132789570663
0.2711541693709252
0.2794892876292786
0.2849653182550529
0.27276422183965066
0.28235446139237497
0.278720456144384
0.2804622046051676
0.2736054295807173
0.2816166621562912
0.27437317453482396
0.3007278168977148
0.28396707573383567
0.2763824382730811
0.27250176439491436
0.2898838171996375
0.29481764878855876
0.274539344237717
0.2763245892326086
0.29048549362257714
0.2815561744414121
0.2750564010237375
0.2869285050620781
0.27482363506497476
0.2690606195767778
0.2659235372580314
0.2672809914304908
0.29726656748199504
0.288235858193666
0.28325424130475263
0.2852229774111257
0.29314883236638567
0.28314645780302516
0.279044194665914
0.28456793589639373
0.28734522890268926
0.2692883643899712
0.2936051520047738
0.28391811154242985
0.2615133423787737
0.2541171271636122
0.26770599264678285
0.27512670744616613
0.2568665561513087
0.2609493477897069
0.2858238327608999
0.27305393098181396
0.2817661804617473
0.2906216383461814
0.3060187967203083
0.2823672706660953
0.3019264165463577
0.30273375394973845
0.28810550111841804
0.29223942325763047
0.28697580020410673
0.2409010118096934
0.2795306436644488
0.29027482965070994
0.3017327460798211
0.27733711050613025
0.28984206434758236
0.2947935930947073
0.2905184240812335
0.26924528808276826
0.27866359320411976
0.2729816670683455
0.29053460640734474
0.2730759812482332
0.2820546958656499
0.2756264162125841
0.29240001237663127
0.31334516554906844
0.30152841890662224
0.2794874721583052
0.28839693277951306
0.28511032455319263
0.2845362442053556
0.27523234804256047
0.28376509486531776
0.29621236073573554
0.27252401316311703
0.26885795219782305
0.27451284134309883
0.2835142059810385
0.27734867548141673
0.29309021423587217
0.2924380484783772
0.2856695699985622
0.2929128942505872
0.2742210757777308
0.2755782973250095
0.27478102529650184
0.2950241342624187
0.28075392138011335
0.29647965035760726
0.28016414944354334
0.26403757552675555
0.29270250039774315
0.2868353158256851
0.277480844846285
0.28720634855455807
0.29857220196933854
0.2821638261686157
0.2756645346612536
0.2932491317583003
0.2853073023502887
0.2872528264693275
0.3072750467134982
0.2823625653939673
0.29498187697572886
0.30322272534759587
0.293890870002145
0.27459529463574334
0.2819849653574036
0.28046025644842754
0.2818821694603386
0.28664045864381305
0.2810890795123924
0.26807158798182334
0.27948870530900694
0.2798272214889714
0.29790319549450195
0.2795669352514259
0.2915008025548128
0.2784794530678155
0.304201420370787
0.29022289210897767
0.3037452394119063
0.30634914021332094
0.27326021235020065
0.30216901343763225
0.28351576570057624
0.28065979212848435
0.2733314346277629
0.2754724711627153
0.28468082836306796
0.3050551433013009
0.3098950389696321
0.2929591854390685
0.2589172198724755
0.28563647026500705
0.28795301078942415
0.27660091153321376
0.2961296020459532
0.28968348099742813
