-0.014782102443160295
-0.0187227830406916
-0.0014716933518108544
0.014683116915075303
0.000178247512553408
-0.00975266130562117
-0.023904089218815087
-0.01703561530397986
-0.008485138603223516
-0.0027816282345030792
0.0010565061225809179
-0.021317556481154097
-0.011015088450601427
-0.01677720060072722
-0.031013694829976873
0.00397672573457135
-0.004603525640775728
-0.004669749876386633
-0.008600334534607144
-0.0011928646597371341
-0.020086343778740745
-0.014087570886994541
0.008589728380287464
0.002260117856958662
0.024532298446208706
-0.01286075928281927
0.0010199290970301633
-0.010820464565230427
0.01201977890048405
0.02359281678396533
-0.011242523123236323
-0.011863093075286595
0.01396450809861767
0.00021797835153730991
-0.0007372293857934606
-0.007014184139688962
0.0017111006770653449
-0.009406561493474007
-0.002468170938119865
0.008951462256769536
0.0027726945101507906
0.03554604979997397
-0.01682064832348046
-0.0004735884367225344
-0.016049692976891267
-0.016714161871748286
0.030672480551428696
-0.01071705536820848
-0.01352735560633507
-0.004135712997803264
0.006531640008679063
0.020806356152825493
-0.002083886671011067
0.018616051525811233
-0.021104165524794105
-0.007775979250546768
-0.01172603953099077
-0.013470099529127493
-0.002856924584610449
0.030060960887836226
-0.0018851663092678227
0.009984061011085342
-0.0058370217255236685
-0.006628068626964117
-0.014582216124267203
0.01737586807122834
0.011556440593983796
0.0006413579253966536
0.005140657863063248
0.0019858735015329436
0.03156598655583162
-0.025596907981672513
-0.00419606355041581
-0.03471365351810259
0.005455013959277646
-0.027699433243345305
-0.008452435813745936
-0.012351693401250875
-0.004694591118446613
-0.003641857350804151
0.007477216747488419
-0.018630033282040416
-0.010953125501642383
0.024914693514750876
0.0055086479860475554
-0.00962355874803489
0.006458179705231701
-0.034333893415845466
-0.0008759589121107852
-0.0056447109468725064
-0.01920297527879674
-0.014690683092938405
-0.00011106665611293725
0.0016015625446803429
-0.013664872002306152
-0.004994095242581974
-0.0048579474835374606
0.002747227072555508
-0.01119094737656057
0.0013178574477364135
0.01027763645816379
0.003268287030206548
-0.002012691100423273
0.014612338945065168
0.020480662147592112
-0.006716347835709449
0.0366126736751992
-0.0014894813399398486
0.006381698972744637
0.0012490729622682021
-0.023628065549847022
-0.019068782571636148
0.0024261591045790006
0.017374777217442586
0.0005520567790265961
-0.002790191812649344
-0.025998940464194646
0.0052293080553976025
0.011181573584984231
0.007184526861255491
-0.00013040220684430801
0.00608137831616233
0.01909213647601431
0.0016203471995133462
0.005709910799932635
-0.009174403374810871
-0.0050830473513620985
-0.009959978220897425
0.002540945845259597
0.01056537200022799
-0.0033926193288096114
0.019742025673758382
0.015543971500803855
0.012501255873716496
-0.008151623640545827
-0.004347385852896142
-0.017169516673491283
-0.004336430936629751
-0.013625236025403114
0.017039736656639683
0.014220822786125383
-0.00694943041214909
0.014228742023710656
-0.02221502312357253
0.007130401912816068
0.016154009236786167
-0.008799035083186545
-0.00836355155146706
-0.0032656708728793704
-0.017084979640855216
0.008035280264694201
-0.005765974690277587
-0.003666078586928425
0.00738696988221281
0.007900817628984091
-0.025716613709715848
-0.010946579338362883
-0.0038857317841068458
0.0012569304202897278
0.007218763856215445
0.004598788183691838
0.0013778711434230448
-0.006772193108101256
-0.010520844505001273
-0.024347335913634117
-0.04199605547241415
-0.03092873699745344
0.028661600911266617
0.006804909450954844
-0.020508744985282615
0.009231648195009257
0.01395044679144749
-0.0111407296073434
-0.009049737098721932
0.024746555245554174
-0.01661049346420266
0.01092178966095407
-0.0013322163985908788
-0.00206189471480584
-0.004929248957451346
0.014156135434529767
0.03172280663915481
0.012692418121338889
0.006835261991623387
-0.014132982513217767
-0.004741665007582432
0.018019121838152612
0.017167613225489275
-0.01778434779327186
0.02162554906395678
-0.006493903081235869
0.004104827014195197
-0.02468132535954589
0.011696689818765453
0.009745169591403079
0.005354378857077107
0.025527479302094896
-0.008845656656903499
0.020835092220950077
-0.011923703882273243
-0.006908990665540182
-0.02554703550972206
-0.032484098859282884
0.006167352474647357
-0.01278769084376708
0.0007988455835395594
0.007603478884832911
-0.0006290734471794123
0.0046955256095555075
0.011663153771223305
-0.004432338394338067
0.0069737631138095234
0.016569536288580707
0.01753886165099513
-0.022602968764988216
0.0027219072148742577
-0.008010610664609898
-0.021692231685520837
-0.038834204475423115
0.01129005152261386
-0.004548759462813297
-0.0046556095771598085
0.016458222539114307
0.003780502334674667
0.023602347945516654
0.004328136000280074
0.023369258085936623
0.00771034241803357
0.010992663577400212
0.005676475292255773
-0.0021993370567910376
-0.02089461593610383
-0.022268097447990423
-0.0021991064200371888
0.005601592446115357
-0.004888312297775936
0.00011246159423424136
-0.01053494510523736
-0.022134350130279815
0.0029910930450620277
-0.03389137325033529
0.004762233342383043
0.01802632832926594
-0.0006926614452686737
-0.014188412483466785
-0.009290298758079525
-0.007265367992487239
0.021696642440335156
-0.014588462609543417
0.02304806038427522
0.011750893142756708
-0.02155011549768268
0.025183019004626505
0.013224802126148516
0.038278019292853495
-0.0005864322320530191
0.016890111718485538
0.009361036448710463
-0.0020618531805110868
0.011154906032275634
-0.008887257286695887
0.002684656557167533
0.007588873000515814
-0.0051555742929711235
0.02344991534118826
-0.020571526182680145
0.013342463313081036
-0.007918933097293308
-0.003779415556862992
-0.024186533981348644
-0.009423171845734577
-0.0016402807226218513
-0.0013877397429023935
0.02088823677912588
-0.004151150641856109
-0.003593902402657187
0.02902600773219249
0.013376502645883066
-0.033601289881144275
-0.005616450804091704
-0.022887986641581877
0.0311976081756533
-0.005846468931923622
-0.002054433861404008
0.011943493822600654
-0.03668604764495679
0.0050891497362896086
-0.021445516510673474
0.016169280333963525
0.008279366916931926
0.01076840494787568
0.0033917930126458554
-0.009474027592779478
0.00748384273125614
-0.01587112171386387
-0.005801574590703068
-0.008940379010558067
0.023454499843048354
-0.013482462402410791
-0.0006727908704537649
-0.021483757184989537
0.018875832663881834
-0.011317772170223757
0.030018995914743857
0.014685662075517397
0.010714676566461103
0.021139968459402074
-0.0046147372183908035
-0.0024958366139099714
-0.00623547219521061
0.0004319708587361183
0.002337623099842392
-0.016797786944663138
0.005029885918060187
0.016252538809654445
0.00800143386817554
0.005411815430448505
-0.013070874052800874
0.007531029232111256
-0.013328614672091448
0.005067003785532716
0.014813144825944882
0.02533380489771582
-0.03008104166845631
0.0020652752931930455
-0.004061400596547487
0.002692584706322053
-0.02070887541299977
-0.004271793220307445
0.0019461659482278675
0.020399932405810926
-0.02572445674536216
-0.009952151329052524
-0.0016564529961658396
-0.005264269418872229
-0.003112493664032273
0.021397857384239133
-0.008834668479215772
-0.004104282226603524
0.03263862135841821
0.003802027426809413
0.004218445531276134
0.018011670153324052
-0.03463621521774781
-0.006490777649382261
0.000697349189786454
0.009565507167520837
0.0010457889391095002
-0.017193920649746983
-0.005446897899058816
-0.019160846728912776
-0.022881452938019364
-0.01580942906716664
-0.020141724797787974
0.006302778042427204
0.01137635780617752
0.01626658886149289
-0.005541292956927393
-0.008960719552052127
0.0187827616773995
-0.0014469535740888886
-0.015507424004062543
-0.007139008070104417
-0.006131502288824603
-0.0008376116478518898
0.0014646424942620284
0.002301104042471071
0.01505289056908824
0.000656019388971624
0.0006943719197379925
-0.007275592232284259
-0.007285976940203723
0.0039827625648811696
0.002326642925559361
0.0034011391527700116
0.008278489858460046
0.013314649695574235
-0.0056643111635004285
-0.004930431569174118
0.020558701483886357
0.0006822372610253634
-0.0013318829798367813
-0.03584877064946865
-0.0021037598762911687
0.018392038030083463
-0.0032077969858654463
-0.004813687481915776
0.0018601598532751859
0.0017650302984815265
-0.01616175027530896
0.02727598969843592
0.017382781517450163
-0.015905075913148683
-0.0025347351898568106
-0.011273782078539754
-0.017543122460219007
-0.015590967412133198
-0.02244606515112971
-0.01130210509152928
0.006371109094386331
0.003220005138100553
-0.009262362195700247
0.020593967348946602
-0.013413551918395645
0.009285210574706522
0.015293864903568523
-0.025381334466260317
0.011454119051593431
-0.007114361467972468
-0.020763328447901234
0.012469039165306494
-0.027669916567502957
0.03383728809266043
-0.00569725465261675
0.017145913516525363
0.006672248171131592
-0.009514626390435318
-0.0007296773340693869
0.02498437770067141
0.005538764122476405
-0.0008350800622455272
0.029158433542200383
0.011304298794677344
0.011221281583588375
-0.01596212489364048
0.005213616754840761
-0.013506541039360378
0.01136218902042042
0.0013975969400482338
-0.008720192224437788
-0.011016734805079743
0.0077736349928732166
0.00035024412781176366
-0.018186137072627284
0.007447643289956424
-0.012089497271639129
0.010983192883191276
0.034917889880719324
0.002756763762846077
-0.005420795202528286
0.0010019734112235073
0.009025711803497807
-0.011263480640382701
-0.002737961946626574
0.0037362144406275382
0.01977209856029695
-0.008637160175681538
-0.004708100897178894
0.020792310918051532
-0.021388371963593236
-0.03038050411080233
-0.005821181393249197
-0.03255711967281252
0.015848364875613172
-0.007542504547034623
-0.005409838100104774
-0.01429912139340503
-0.0031287646836534585
0.01034015512494807
0.012147343693989286
0.0007332957343123298
-0.00919818943969729
0.004096337251546687
0.014016500013352976
0.01672526103876843
0.01635564126049321
0.010101448482806943
0.002763508647921203
-0.0441896997338001
0.02263896971307957
-0.003799634254029285
-0.0034539154409375266
-0.015461788494808094
-0.022976612954822166
-0.006760084903307417
0.008118970029812246
0.007067936897217273
0.023171687969292518
0.0010753681456549449
-0.005751553242251194
-0.0029586668385399627
0.03423487585536996
-0.013640818500451565
0.004514661590706165
-0.006030588600641496
0.009381937598493643
0.024103124475909884
0.0007317554471447184
-0.004000723147332207
-0.0031890057684931623
0.006879039124744376
0.01590951059589747
-0.038166160155840234
-0.0047396857436496145
0.009940356340831864
-0.0013314138514260608
-0.013788342378121205
-0.00976849842885029
0.008374256178541767
-0.021039359664869296
-0.005130183858415507
-0.0046691932614286984
0.0033961418664224174
-0.022690343302218648
0.0012845519238592717
-0.010820333360116277
0.004005801551054171
0.008019381793737316
0.01200507928499084
-0.004229412962694967
0.04591220631623086
-0.017823349463395297
0.00969627636412036
-0.02275248978412741
0.020408928762373393
-0.0282558899071084
0.01530054077222889
0.004042306628937413
0.003069380282309772
0.029862850004583108
0.0003798071858260968
-0.005765809960180818
0.011642552128735113
-0.03991283266714762
-0.008191904163090211
-0.01915097331840893
0.014238735901964611
-0.01126322058506744
0.027929823364429767
0.013570186182957696
-0.025971798582550727
-0.020494489916529482
-0.0376384834959317
-0.010878473748386743
-0.0023847694440164388
-0.021905849939943885
-0.016897166790664817
0.006626997090649209
0.026506914458671267
0.01884536742439272
0.004403355664118897
0.004838783736543359
-0.0032241430632649762
-0.013194852901986253
0.0290198103196397
-0.02234779909247013
0.02484586868741659
-0.0218782791839424
0.008195627659745554
0.0004687640094610412
0.010283393003690853
0.0010972066754674644
-0.0029553444622308083
0.006004713483561884
-0.017098194437855856
0.019731917294450396
-0.021830412255312747
-0.03132253395541427
-0.0011450522106767687
0.015383123147147175
0.008506046742142963
0.0055112247396136215
0.01927716705868105
0.022428698187372236
-0.006158748784745356
0.005936873680435102
0.03388371757611694
-0.00627498086411221
-0.0008665345890420945
0.009413305227124854
-0.00877159489910058
-0.01383687545842925
-0.032604460394320696
0.0175370268679093
-0.0029035366854328055
0.01593646654053862
0.013461260984046817
0.00345680789128207
-0.004236307941996117
-0.0020665684993947317
-0.0005033442223736534
0.024377973853465382
0.002546778095783208
-0.00888779850258066
-0.026090360180910443
-0.02951804357890121
-0.013045924265905208
0.005054151449247327
0.010635220731267984
-0.0051428622353867325
0.00013584813274298473
0.0007750706523109958
-0.01468879698606783
-0.012412469591943054
-0.015451308500282153
0.010907727742151286
0.015082692511824008
-0.0026057086809388994
0.0226283955700485
0.0043564130682872005
0.006689976047347076
0.008038689738539738
0.003484971660707995
-0.0007933534580826606
-0.02902700174610123
-0.0056814141300528306
0.0024755997445032483
0.008276192093814326
-0.009809243097544305
-0.016151262520625525
-0.019432882642657055
0.008530376586599846
-0.009627653390931192
0.02021398889663708
-0.0073682289380517536
-0.006610534210272519
0.04017548599388642
-0.005778619730296014
0.0012155502610223582
-0.015544112988561645
-0.003429092598769938
0.014421007445709993
0.006154340407972884
-0.021159205088660444
0.008684320150821108
0.021754973057592407
0.022847297619262047
0.010810351029545051
0.012336104590242298
0.008171682209634462
-0.005639612022691995
0.007836584109939884
0.0017371276181381116
-0.0011563405750719981
-0.023299376018462825
0.014607775392935814
-0.006574548738685157
0.010956380371578195
-0.015325207321116854
0.0015793576214892552
0.009589851741599834
-0.0035914849375673417
-0.015571209547031409
-0.014744614137879787
-0.008804139594583888
-0.02349853362597443
0.028646879728914474
0.00901883350192509
0.018083088937857924
-0.005208349612810664
0.029894601172581487
-0.010336217718380534
0.0047353679026125315
0.021123921611119895
0.009128694405562705
-0.004525265913210771
0.004306087767359241
0.0326791677540889
0.010818812063221595
-0.010264129059192755
0.0006386005553494594
-0.0026135756404752747
0.005406815211448529
0.008637002069450301
0.012106078600425592
0.02896000590724112
0.016260238103324526
-0.016387333494627673
0.005704602052044614
0.014427426552855607
-0.04154371979881101
-0.000881087740072102
-0.018465863595049557
-0.023407017861816357
0.014639263085346929
0.0005994535970082208
-0.040796126314976776
-0.029838612357264083
0.012496694346521618
0.024973761216500398
0.0030603055861326755
0.003414058427635964
-0.010504468261667316
-0.023922956465867347
0.012988148470852202
0.017225921584513665
-0.006913281083640616
-0.026081601833141888
-0.01664428521237523
0.013442650639112165
-0.0021469549200828367
-0.009603856593772664
-0.006165728233756863
-0.021210020100842487
0.011281344567396429
-0.022042117647942425
0.005104214388860225
0.0009488596802489559
-0.0183023899789565
-0.005224566100115167
0.0005173872559760795
0.019581773646705585
-0.008387818482285175
0.006265763275715972
-0.008203127426825194
-0.03329315421876191
-0.010498352616741136
-0.02604128737492971
-0.01398031947136427
0.04485980783504653
0.005885271583292625
0.0065158508809542185
0.026309280569025262
0.008719070432561222
0.012894624301210496
-0.008053793758396863
-0.015775245767637048
0.007243956415553687
0.012244423278129702
-0.01372011840755445
-0.02917294431995371
-0.014234230048835575
-0.007382276424338544
0.017620512975849722
-0.02648065195592465
-0.004312625460098006
0.01909340363949014
-0.020582553160915937
0.014120225562581688
-0.016757467382346677
-0.009979444535169689
-0.00933297771485016
0.013729700708284734
-0.011910625048097243
0.0027441887867893575
0.011418775392177607
-0.014240835653751172
0.0028719168781908702
-0.017543075789734144
-0.00019328869866989577
0.0013158043057750967
0.024715849776254892
-0.0048213504452823885
0.02773782464328762
0.00586518603530622
-0.015385903926131667
0.013041796490320775
-0.005708264548908085
-0.015238074439951066
-0.008563144724748867
0.003121874431641818
-0.00021472628162090378
0.0070939154691969175
-0.008028461156678313
0.020097630146228652
-0.014987579526870248
-0.013736975905521084
-0.009633492156830434
0.0013280205188847688
-0.014466731824615612
-0.014397850296599164
-0.025019856618683434
0.013552465006631613
-0.012800607979521221
-0.009132542506055408
0.0024675421258388594
0.01719408646408998
-0.017709957229097406
0.02100238131470441
-0.005477550122985883
-0.01155048419043942
-0.0043932122337533835
-0.0012010799798831307
0.016800276205282783
-0.0038100092082222646
0.01672516665357339
-0.006536390142205796
-0.00036992842972718217
0.009218453824414916
0.023773831154605265
-0.028523594376245666
0.021432493390990147
-0.011242569108654158
0.003375001069781484
-0.007445694250189122
-0.006048454088019203
-0.006612768036245133
0.003203589525667498
-0.04306984777952472
0.006625340764023871
0.013477592713252358
-0.018105998750156286
-0.007083799446790233
-0.016287165297101183
0.004220118482836103
0.008412851325774642
-0.011261404713836276
-0.05759228150924846
-0.02356347389919251
-0.002688981619370313
-0.020491143931648092
0.0033681382149362595
-0.012079902693457479
-0.0036373701101871424
-0.0136154926200608
0.0025159300791152807
0.009994055726393102
0.007697506398595091
-0.01936207281317026
0.0035456785501168236
0.004811066129782661
0.004113742058831217
0.01678873695630712
0.013640659569118183
0.03247556484689171
0.005933195449354059
0.020024572867304694
-0.003679484623376205
0.028368985470588106
0.012112084225366518
0.0008771651621758005
-0.0065836652429659605
0.014497120063171824
0.03482418905353879
-0.015519742863908843
0.015547808109973752
-0.001582988987303623
-0.024849729856686216
0.015157360216713815
0.005641720236851628
0.0037230571774152527
0.015366902352683025
-0.026543078730991227
0.017368163976916557
-0.0020253881212684904
0.004270650924240442
0.004610886389501956
0.0166101958489657
-0.004622662161817767
0.014333472078396784
-0.02784422938598863
0.012142791565026808
0.012359699609899173
-0.0022817820397430947
-0.01941201691303536
0.008043752908142146
-0.0144457616634182
-0.022891118918882857
0.007736197966090482
-0.0026377304757024276
0.015088901922056105
-0.0037383982588233165
-0.01678603993911507
-0.032487110964881744
-0.010508592131536166
-0.0022342018644931788
-0.0003543384527011879
-0.016970709747659768
-0.02031872101728574
0.00047927086116885607
-0.02019736238260514
-0.02206397683734422
0.016290519848667424
-0.011068995976220504
-0.034292640521920846
-0.01648155423504811
-0.008016905309405792
0.03397400031375779
-0.014076602941948443
0.014224692533245115
-0.00030151713321035974
-0.0038875083087175147
0.0006938645474048601
-0.01692083079762577
-0.016092395532814344
-0.0071642852748939004
0.004426382377454101
-0.0014625957156188143
0.017881779721488193
-0.00815020536843986
0.03409012778301247
0.018037339383832816
0.009824334480499197
0.006944300300295837
-0.030216845614255958
0.02544032411125527
-0.034467585418372144
0.012197989979428097
0.021170825493412142
0.016013943916539982
-0.036919604146500605
-0.012493539289550265
-0.037910908196091046
0.026289694953073563
0.01232956471017889
0.003911189206970155
0.003928368704112294
-0.022649461377147604
0.012998704098278583
-0.027180902353403695
-0.00342105633194346
-0.010472967599841301
-0.02675918667140346
-0.013130402496873786
-0.024291745750261298
0.00011581641491785461
0.0015552024572043708
0.028015767637229565
-0.013540619570007096
-0.02231295634488313
-0.01730313213751676
-0.001624345332638401
0.039344769457611235
0.025352155612726895
-0.021078129546287135
-0.014880464793493708
-0.02368603400413697
-0.039744551925196596
0.007311751845416908
-0.013979079840235869
-0.004216553568052175
0.013142833712870111
-0.018538083256447388
-0.012851502101299888
0.015412739445532245
-0.00862580067161145
-0.03277233989361443
-0.012458811256286857
-0.0454494445438575
-0.00704603339950591
0.015068499059328002
-0.026615974010674972
-0.00020685361317151132
0.006376216220666515
0.006367003381100329
0.027376574254782505
-0.03193718141057195
-0.019836190193598318
-0.0005883545183514797
-0.0013308582404157091
-0.04823343864668056
0.004562070603407882
-0.015592348358274293
-0.01104567568265702
-0.006684124149154942
-0.010195311396366263
-0.012136643668845488
0.027191961742473868
0.008779179997515254
0.03156748500138756
0.002162233793598755
-0.027146781641011957
-0.0029897756184148272
-0.011762119228587364
0.013347870658819259
0.012187911429703664
0.013659448474843594
0.00204623058860315
-0.012951844632893254
-0.016723123310817458
0.033634702872345955
-0.01992271717591239
0.004783552574657202
0.021046557843541598
0.020232363359287086
0.003410341364028723
-0.009998119628167297
0.01699465750020032
-0.010544239483140604
0.024493730448319748
-0.005375993925343678
0.004654643078880175
-0.010966756614837678
-0.017365956576898788
-0.01802033171727956
0.011591448824195029
-0.012454465959198606
0.0013417298232875844
0.0012943638682178823
0.020263273177754504
0.024266931623982444
0.008835196038043596
-0.01152430555358034
0.012929580529605475
0.03337207935102979
0.0022255156976625254
0.02495518313614102
0.007933287823473412
-0.004663166767818611
-0.009893783836264318
-0.01487524192002267
0.011467869944625468
-0.007111446425598459
-0.007730239812685554
0.004614025839747534
-0.004615831053578834
-0.004501298427092821
-0.004207902443151371
0.02566376266111251
-0.010583739786412184
0.010835488439994993
0.0094426982493796
0.0076117994206595235
-0.015298920236411233
0.013382223573001888
0.0008280829817162971
0.00532945378053987
-0.007304770802308593
-0.0032307473704910415
-0.014757927082959255
-0.0010449202145096745
-0.02824646233418929
0.01926228376063024
-0.0086054805098848
-0.015842204550396696
0.01037586850081933
-0.002180259215947424
-0.017058247770764114
0.006121385657866081
0.0016853530264190925
-0.011415840193989025
0.013442367045583539
0.007904125065343407
0.005856697119223846
-0.004003864985307561
0.0036609528271435393
-0.0027745545876764533
-0.02437283425619969
0.00719182128401352
0.01641173053158053
0.01205069313926235
-0.0032673123437630108
-0.0260405024182312
0.01303570157560063
0.02127450480706696
0.0015740187973966343
0.005602249551610209
-0.009776806129986697
0.013940756222858926
-0.010484671031425032
-0.02639904827972313
-0.0010102237163153835
0.009281910195584692
-0.018048972885379922
-0.0003249097689487651
-0.0198997970563723
-0.018936602858611748
0.02518725621184702
-0.0052114703660479265
-0.003262293967208027
-0.006093298783010669
-0.01851632667714794
0.017276946183582192
0.013372994498226171
0.009856579740741802
0.003441697842855244
0.0028252952205589012
0.016776932008665913
0.009566778564117745
-0.002969276889428713
0.025414443468542033
-0.005337954392978171
-0.030745691377911662
-0.024326774253351276
0.007074999868910923
0.0017386611759697102
0.012635058142434378
0.02176428227526041
-0.015713488852513353
-0.021472422677349425
-0.015273330276952888
-0.017140374590228435
-0.0127755716310332
-0.010427263507990375
-0.023267393765044515
0.0012415693471603158
-0.011781824322853634
0.006415372525342231
0.011207416772691558
-0.004163631733893527
-0.021191478447175227
-0.04434853242916928
-0.003719609417098028
-0.006631834463859383
0.01209082555909431
-0.0024253190905898885
0.004125533544419869
-0.006823778326595042
-0.002095046911363563
0.016981758931518258
0.001127521140877239
-0.011895419648648545
0.010096131853305499
-0.00360404872413697
0.017375210032091123
-0.001044526457502827
0.016118781684889012
-0.022759284997143987
-0.003968640206478792
-0.0017798224654185055
-0.004045835070725474
0.01718518590283137
0.016126258754799044
-0.020257951132965878
-0.0036503269405183305
0.03140994398759804
0.009644523003485292
0.0084957939961841
-0.014319842286414404
0.010474737802655397
0.002570176141608006
-0.006954331322664777
-0.0008645957211209609
-0.0039235706974128405
0.0037437845438830965
-0.011279567037846435
0.013068520922025503
0.012293181571134978
-0.0016346912851041278
-0.00112374462053516
-0.0019930079784150484
-0.004286093170654106
0.025635985765003925
0.008954419442725773
-0.008516599987728869
-0.0014719609171516138
-0.038029211462743934
0.009929234511906726
0.017980410939854058
0.006374241204821286
-0.014477006798084254
0.01490608043267555
0.001666630461533936
0.005658661839327342
-0.0013618368058283077
0.005123013814327938
-0.001934262066047093
-0.005667347950833827
0.01447528843780111
0.006208986012334131
0.007573165900949298
-0.0012893769640998382
0.00894309562148097
0.03180573428576753
0.005700736328029348
0.018216201300967773
0.01976439816389189
0.0029483851953611365
0.0001628705128572081
-0.013891738472309545
-0.02236888827639835
-0.017766679681609936
0.01787758160489988
-0.009798511796624183
-0.03154612761000063
0.010525552296937506
0.0409374543819815
0.015075067677034577
0.03234334144148019
0.024440413744736156
0.011339038042366575
-0.02688649372030388
0.014653611600053908
-0.003459476915347184
0.005669636993962915
0.04124842178719781
0.005892530704581962
0.031241989986413792
-0.009806272508702986
0.013486262502049687
-0.040976616531186894
0.016825917665012135
0.009289300933293729
-0.010540060081649781
-0.0033878117657342556
0.007233276450748079
-0.01424282157736109
-8.889235067054293e-5
0.0007541366161500395
-0.004175818109963591
-0.02493469514088971
-0.0020468618175620346
-0.0036430452817080247
-0.004655946227227811
-0.0050210361250748875
-0.006952386700735291
-0.00237524628279928
-0.0014544986165674993
-0.0023828735564269845
-0.011703569733880696
-0.013829834701778988
0.029912050912450618
-0.028195012914420035
-0.006876527627459413
0.002503882111929863
0.01738751175176536
0.004252453939209681
-0.0032432680485450327
0.003966237969435844
0.02193468093433478
-0.0008869478559737245
0.001375301836408841
0.01976618608700267
-0.013043663074520548
-0.008569146050022146
-0.0028687523210681773
0.008317559138609874
0.00588587437375131
0.012201741139176851
0.012431493304176908
0.03937560006024736
-0.022367639931786407
-0.03334077314213001
-0.01101024713672267
-0.0017463440179995395
0.022631224494753455
-0.022800055717105742
0.013226139762306239
-0.012707014543992014
0.0043435117851130045
0.0014178035938624978
-0.0014645869983854758
0.0007663566654696032
0.016876024943009674
-0.002481796505689312
0.010505513848808226
0.005905170586907788
-0.009547056908062915
-0.034839678976168485
-0.008219087680359345
-0.0023265037454398858
0.0006403996278147449
0.020740617266987216
-0.010253454160791894
-0.000979580990436924
-0.006907936816189683
0.001200969055690539
-0.025137394686427603
0.02191744460962516
0.004300647016208279
-5.786493932723722e-5
-0.005239938914889136
0.03551438645582015
-0.0016247192517316424
0.018973469236116453
-0.003577372759767607
0.00964478305880591
-0.0037887873693896136
0.025079692516714817
0.0001703157981468348
0.012450489576499359
-0.0032621187161480905
-0.01844339238435159
-0.003994872963955274
0.016002745430842263
-0.012833039651947577
0.028118077533963427
0.010771200797707473
-0.0075915386737530595
0.00640265776224323
-0.023993371108385744
-0.015415146436178374
0.010209376420730328
0.011794755216149299
0.01611334300970471
-0.010582171290796857
0.0022840773974638615
0.016337658846292347
-0.021579085345818653
-0.005179520638168085
-0.007076854389861532
0.02870710125624551
-0.007791845050049903
-0.004103159201815656
-0.017316158172630512
0.011186846072138585
-0.001249414478952548
0.009368270491060156
0.027591647456024666
-0.025255279123865174
-0.009278870085569973
-0.010391321491793018
-0.009262938996719552
-0.011151431407093536
-0.01633833075895253
0.008334344886799305
-0.013846423176911786
-0.016718910840989143
-0.0013138875654031003
-0.009991682474042352
0.004457697609658163
0.014532104144638732
-0.007841128716540921
-0.009054734932332314
0.02450220633835624
0.017235236147055126
0.0007528027818192108
0.0076146461247491685
-0.007906446748067899
0.03931202307772858
-0.010787180323193403
0.0031070504145178203
0.008871614432700101
-0.010617522562709477
-0.0004973948128623523
0.013264603141944263
0.004629226403061588
-0.0043585081912413245
-0.010546984951497763
0.01943094859682963
0.004388179517156185
0.004785629889117343
0.015474469620973022
0.021912657328205545
-0.021937153951546225
-0.005209523787520899
-0.019105830907241907
0.0016679694320449626
0.0006122598927833798
-0.03644999660960552
-0.006517480347215616
0.002728794621789999
0.0018724374701407898
0.003002439489529371
0.01252233481723263
0.011287324073538883
-0.0060697413768425485
-0.010688475244072683
-0.004502938040333618
-0.0027615053255943683
-0.01750156976291608
0.0013446125526309063
-0.014501643564516144
-0.005413113869237285
0.0022912285163250302
-0.008964436858910409
-0.013165153999465183
-0.00042522886506874715
-0.0037598204920329527
0.009759473258776805
-0.011401730707897134
0.0003213611968339107
-0.005163961570537964
-0.009343257157851415
-0.009379389132901414
-0.008421488265090357
0.023979934263691393
0.011168983621616
0.016351778451249584
0.017387078188714714
-0.006026852091577783
0.010955304015116834
0.014630668102752802
0.020501559804095185
0.010077405253210808
0.007402737695920715
0.00011508746952428105
0.0018601276742005147
-0.007915501840242319
0.004209037306226349
-0.015882214914265825
0.015522369699323814
0.007511914903089801
-0.015121798054799556
0.0009636928877835043
0.019871396390253735
-0.02912343808849035
-0.0026284901518523873
-0.0036647631028180567
0.0032243970414298976
-0.010319679854627692
-0.0403566408345523
0.022905547013292674
0.023480756836595548
0.010305908296538468
0.0011852365005814085
-0.019238753640639084
0.01954663596961478
-0.0004844861519076164
0.009232393591623101
-0.02095947940184149
0.004030683588038458
0.0281222710516648
-0.03034954515888052
-0.029995083356723427
-0.023526574992474486
0.006928390755833857
0.018435641141543366
-0.007116480057516536
0.0011657483126760702
0.02305285927325563
0.01612163212986359
0.0179586791879933
0.030541196856003865
0.006750449132970806
0.008440983482006144
0.029210204751828377
-0.0007846157864108519
0.0001564110562321529
-0.0035018122702575863
-0.0003235829080383153
0.009301193536068224
-0.0031210056734412316
-0.022230881223997807
-0.010527552739973826
-0.011853080140106597
-0.012426428143235536
0.03198718022794472
-0.01064522610308318
0.010671463377907765
-0.004388849624525109
-0.026664302434374457
0.014817562551183697
0.010315582444437647
-0.0010472098244339576
-0.0011677184290395206
-0.004434063706875607
-0.013814651328925467
-0.003621558108455933
-0.006813523795891532
0.0005229060338049456
0.01215320125544539
-0.020701667032683727
0.017895689053828018
0.0001026530371015494
-0.027638998656065186
-0.0035571997751825627
0.00871494574200833
0.006441739731702075
-0.021130637689075006
-0.005108005403220117
0.025859223189558904
-0.015544219830565592
0.0007272469466983701
-0.0034663137775532244
0.0008384610719028577
-0.0038263998422381276
0.0025943683851676206
-0.01767078868291402
0.01447981057434524
-0.014034579590169153
0.006349941476416504
-0.008710514147046128
-0.007319286342191391
0.02188760691463507
0.03141940755742641
-0.015494935486046416
-0.0006773981739202691
-0.017495745475487035
-0.007853106235994362
-0.017749882309915387
0.017902149735989453
-0.03871015861282237
0.029211688780953874
0.009809360110239505
-0.0005204217179807976
0.01925257780123244
0.0015817283213306755
0.003291685253968144
0.00749324783539976
-0.020299772601727863
0.001255869193764733
0.04941888848070721
-0.018090984968905866
0.03001159125643515
-0.011552872652775272
-0.01619811785392111
0.025265021808190475
0.028998661420342107
0.0050037181351155705
0.01243441709717706
-0.005609141482201846
-0.010784411769376633
-0.014717829791527762
0.019231104117657823
0.0017507947064657392
0.040015468726370094
-0.004547683277145801
0.01819489674498275
0.011710583955837347
-0.00022804135627021646
-0.0029336394124763556
-0.01891205406856691
-0.012250612186066188
-0.007648817880030245
0.02824678760566299
-0.015229515739357196
0.02744309913373649
0.008223553167658569
-0.000117453668178583
-0.0060230723192281985
-0.002998300925714628
0.02321607130735494
-0.038428551499327876
-0.011496969973001345
0.028858116384953728
0.011329645044624755
-0.0008696496206251572
-0.014259833987041556
0.011722179543496861
0.023608512482301367
-0.010387469691990904
0.022852558486008596
0.017664336600501707
-0.0004449461349983264
0.0038553695835148016
-0.010139013202213405
-0.005512380625713572
-0.04937660383510892
-0.007545693906806794
-0.017765905344510915
0.010270819915146697
-0.013084879844398805
-0.012951020537927684
0.0016830348850676263
0.009779333517889536
-0.014616095710826043
-0.019170415873529207
0.020722115453781043
0.016096583997420668
-0.00925699264786283
-0.0031353501144728074
-0.0035282470742371537
0.01115111874679246
0.012729251157359452
-0.007936571716229943
0.0030921883520188325
0.002654947029835826
0.027761767878304276
0.011746276820335397
0.0011052263757245766
-0.01598492652246281
0.015411212551661195
0.041610282899168995
0.0068780365313047655
0.024169580173123557
-0.007842229147676677
-0.013804509833890373
0.012624133317537882
0.0019768810889371747
0.011635279373468045
0.007830011565678151
0.002972991562107149
-0.031566440576698475
-0.012219380084746857
-0.011532283347629634
0.034495562471978485
0.021215152547187203
-0.025545637771047354
-0.007496435410053875
0.01661895007891684
-0.008460841115821205
0.012436223603269606
0.02087640903919345
-0.022021599668469713
0.011021682701480885
0.007608841090276828
0.010200183780598612
0.016679859765184185
0.013784790939531003
0.02183563227959553
0.0021138066232825126
0.012567785909108998
0.01732408029642525
0.0007012868403536842
-0.023103342002221892
0.0023299973574466898
-0.0032493926511046496
-0.0029096082464796814
0.020545482426688258
0.006262060096883518
-0.00376688563692024
-0.001101021939880644
0.01888144284131674
-0.024478873920135417
0.008900356181244311
-0.003908031536829708
-0.010401050386945204
-0.006673979462546992
-0.012293198768464176
0.03542117875030413
-0.0034593099005122913
0.008121171913639601
0.014948962748507842
0.005355606201511718
0.013155600832038941
0.001264041041151366
-0.011559251178805305
-0.026023950116759165
-0.0015948307915988312
-0.006433673020814262
-0.01697300627229482
0.010484413867066875
-0.020375661350606047
0.016628588342176745
-0.00376282556883482
0.013826397713725838
0.00037511685828207615
-0.016486166012736597
0.005272813219707998
0.018656360276723155
-0.024098679658940483
-0.014539246644644713
0.005394164666261221
0.026307419510417183
-0.00613168343853567
-0.04203700098718192
0.014429662678879436
-0.010203076162136927
-0.0035989123664883303
0.03885147158303914
-0.002513252166864746
0.01165149093834883
0.02717099048059086
-0.010418265625028273
0.003935081761655763
-0.01316156900460391
0.0016675871652784883
-0.020968687046208585
-0.006231285430022212
-0.01083336018731519
-0.02783661360903892
-0.008792973379418248
-0.011745337166068614
0.0014564853404302129
-0.006751365535153349
0.00456833493920026
0.005555607268581515
-0.0018863522623680698
-0.01699582188863401
0.012085917291597859
-0.0021685335684515587
-0.01864506375025452
-0.0052952280031619585
0.015828451018762933
0.031976112793675515
-0.014469110442203817
-0.0061188277648339135
0.01888057184850337
-0.021395498150875613
0.013951390511233328
-0.0009582232857478877
-0.019746023421011647
0.008604969024077706
-0.013299222386871775
0.0010384870323619443
-0.015571826706592403
-0.002865073041337046
-0.033289063391673514
-0.005743685268991419
0.005833528664372776
0.0005381353872878192
-0.007188654000048866
0.012807802426301255
-0.029571472328484526
-0.0034940829127552905
0.020662966715186314
0.00988172516920435
0.009518150455799828
0.008105162682622064
0.008913172581306921
0.002284212991712416
0.012535737882624888
0.024439798114985364
0.008966507062642867
0.009926293002624702
0.01564799092897102
-0.0010278269261227782
0.0044231254653822934
0.015250554905757044
-0.025314199324041737
-0.029161555722556708
-0.031530627199722855
-0.003799548297639248
0.02763570176075953
-0.001410774817102382
0.023340984267710405
0.0003911699808815182
-0.007761728514359705
0.006039675868544778
0.00814214413262386
0.010023847654088794
-0.013803640882943427
0.0015103483260014696
0.006396547210405635
0.01949674946393841
0.031204486349525613
-0.04174476003334909
-0.01804946660757631
-0.007272294204918268
-0.008741273940824395
0.006624791607631471
0.046171079830883144
-0.0005081255864623087
-0.007999033436595849
0.013838449344823603
-0.003075995474730167
-0.0009005463965032858
0.010832058043274027
0.006038146317763648
0.0002478533817091358
0.01391006256736954
0.004670416060988175
-0.013244770897349694
-0.014204834542340042
0.023569917935971536
-0.02671913444025231
0.0033243836445194996
0.024414882445327808
-0.01075608198282071
-0.011636406078083939
-0.0070410441121512915
-0.005460237435324227
0.009640890936312686
-0.024509494596245962
-0.0008069303864235613
0.004170308330123238
0.005053314746460378
0.006915876304141921
0.024931103625862545
0.0004498017037531518
-0.006640832493112279
-0.01608623469680446
-0.011169612708194445
0.02037750164691401
0.020442557607080074
0.0035545804054881265
0.00028212812486210924
0.017464956861181533
0.011652951869699996
-0.017122650170911143
-0.001696676406869605
-0.009550795549161915
-0.03227755103169644
0.012860808626289116
0.005081590098560968
-0.006339833264737425
-0.010824844165617959
0.01642379626692399
0.004905198554714582
-0.009502307694986738
-0.012640134251492605
-0.00634076382791203
0.011039724947409651
-0.007210912832794249
0.004104943082055427
-0.017663265072805787
-0.017100877610855752
0.001967819529563538
-0.004375001581506961
0.002242809182751368
0.012223480892510854
-0.0022323206350118342
-0.0007934185867396987
0.029950353137423658
-0.015918001559003987
0.010955238523044078
-0.0011431093655167796
-0.0009119779671899254
0.016668495428075858
-0.03305080998228257
-0.018211732172165054
-0.014756444293211034
0.011930442036243443
-0.012501808867209306
0.019795461740124313
0.006423691347904266
-0.0033648082523837475
0.0028104335273456196
0.0026428022729054986
-0.007582321664575524
0.020274870688376353
0.022564907367925126
-0.009918694708949145
0.0051562519466651115
-0.0027739756674114327
-0.006019599804568152
-0.008216186278431521
-0.0065340003744664196
0.019122849701384358
-0.0032635876997209852
-0.014221073609547009
0.0025615575122819737
0.00894590680462849
0.019401901257817412
-0.002067911832059525
0.007819414220274656
-0.019275791472447602
-0.0101697889220171
0.019288874245317018
0.02548111736509427
-0.001848161640341045
-0.011983264772728862
0.002961869230397843
-0.008734406408168827
-0.022813466604512663
-0.009425240624258174
-0.015007776333890006
-0.005340240049824472
0.0013761933193075942
0.002790169809877037
0.006603964604713878
0.00040527019522721796
-0.0035383937137628972
0.02569727538438426
-0.014969926167350654
-0.016427501865448328
0.011231997957359602
0.03305153329376473
0.016391167026231498
-0.011972419500312572
-0.005389893368467287
0.015352831045213532
-0.011900183272954288
-0.010841893760833965
0.014522104809144053
0.01207854623730325
-0.016207938943336834
0.012115387911839467
-0.005902139703939533
0.011177981806976024
0.0033797611882409448
0.008365914653103412
0.000609423218287383
0.005861522984776709
-0.015455876912961658
0.01927658182542001
0.019308794775682175
0.010962495984093112
0.0031528361811657118
0.03206952238512409
0.019955273484658663
0.03630327024213651
-0.0007119738749147833
0.017940979069028765
0.0037692567614268113
0.011562439181432824
-0.005145237762727494
-0.014136326609535066
-0.0005462438908112407
0.008084211001235924
0.02864902191259302
0.0047161277852861665
-0.005433989263176849
-0.010067080476076217
-0.026177981942466694
0.007558326566354149
-0.0013024231549876842
0.036260407049696054
-0.02217257234335831
0.009164698244430327
-0.018338857162582645
-0.05114729186026701
-0.01281279983033186
0.012772511126023574
0.010790641008315185
-0.010185909744352527
0.02381249221035814
-0.009309814310172007
0.008982259630517178
0.025308798595506395
0.021210588484672745
-0.020831032264702187
0.006610167720876259
-0.004330034170729248
-0.009561935374704626
0.0017920821486428213
-0.007541928654600065
-0.00074006483467489
-0.003848819608848299
0.0038818167587853164
-0.031017662446319514
0.009888973323340565
0.0058147870042246546
0.01907640409575356
0.0009213701056406862
-7.936648167102786e-5
0.009496921664821469
-0.04217609569123501
-0.018429455268901065
0.005270122835806478
0.012898022489538953
-0.025514544348453426
0.021227305474810103
0.003111690336923124
-0.002296562859403582
-0.01420918978950645
-0.006726152664601236
0.007259805437256648
0.009014273137041232
0.010639292215070399
-0.017194948691304508
-0.0017296172999472898
0.013359534988648778
-0.023347350240923364
0.03803370476174533
-0.006193293381978342
-0.01347650854636456
-0.006295255103644318
-0.009287147703779272
-0.014388507756742467
0.02331610050788257
0.006643435320849385
-0.007683429928902237
-0.011742393643325015
-0.01519406159439917
0.021950779413380632
0.012359414300721135
-0.018688551249352703
-0.0032614221046720357
-0.012035345523012449
-0.012174390032577686
-0.003929010735566784
-0.009131340740454475
0.016813425935592333
-0.002290768046382549
-0.00038865005333654453
-0.0037402488686293415
-0.004939289964745172
-0.011605858750807791
0.006156177665437398
-0.015251768983497282
-0.0015067820088487775
0.018077913879439717
-0.03664185198393816
0.0044881233455454205
-0.009796282085033059
-0.012585031771737913
0.009880190477941062
-0.022832616673631363
0.011516699485149641
-0.0008370218519235535
-0.018547817934102345
0.0011042431366326958
-0.00444748049415426
0.0033611993972033323
-0.00445953448056444
0.002192852890418276
-0.009217730258638169
-0.03895897117045774
-0.03660518117895142
0.008144494284343265
-0.002063506087905229
0.0294836759074885
0.00910457022665743
-0.004231589828584686
-0.0019413544800974444
-0.01892842789882758
-0.007767693873380225
0.0034195850708377317
0.005582895493057682
-0.03782326517192047
0.01122662220321571
0.021961186008942264
0.010263869323277906
0.028667040170049177
0.013939052328343166
0.005795195333877658
-0.0092449426138672
0.020429740282228225
0.0037233991739281836
-0.0020610172140498786
-0.016523219857695996
-0.020790540458928176
-0.020342698262671162
-0.005189114493385317
-0.00589883675018519
-0.004534686375374898
-0.006701698496109706
0.013454557559476886
-0.049586679159434294
-0.002656566503310521
-0.019066776922649013
0.02750096853059127
0.00737792260809126
-0.03125365712084166
-0.01869504898900495
0.0062198256877316295
-0.0184287893971186
0.021193457414486833
-0.007776491254222465
-0.02188034413420395
-0.017134027056994343
-0.026817427898809476
0.007079694465712825
0.0005631768258458691
-0.012323830468923632
0.008440813193820375
-0.02170814955674224
0.033359990521477784
-0.012380824816774261
-0.006304001399593913
-0.0010635867901494915
0.009017228912136816
0.0016504826904887664
-0.012659623075988133
-0.01062908614163779
0.0009822629939589638
-0.007409555744003015
0.0004890920117113049
-0.0038160276714069136
0.012478948049128781
-0.0026670888518618386
0.014543456981091357
0.007768611676019382
0.007915758898753964
-0.00711926020067129
-0.016297560191742
-0.015781296985612852
-0.01813101095330653
0.011805934335566265
0.005523445707155317
0.007998317096786002
-0.013446258342919676
0.01583764205033466
-0.012144707817846542
0.02837831751967407
0.013433037648696921
-0.01282108073284139
0.0006564652573879088
-0.01739764921369819
0.012824190339700253
0.015393653689517166
-0.004490473379280346
0.012894775599803
-0.0029597711426232647
0.020907950455560844
-0.016944358736517968
0.012365142193069818
-0.006325334802545959
0.020023249840066697
-0.020305185165935324
0.008281627322348472
-0.013920172143488447
0.016767767344932294
-0.026238518010659857
-0.017398395182937614
0.003193582135284986
0.027535647751353202
-0.002401984165845731
-0.018838548519139353
-0.0023507404535614584
0.00409126347638572
-0.024038522723562307
0.011224006064818373
-0.006483039901534185
-0.018202796848107848
-0.026952027537862605
0.010739455852676404
-0.016301402970082368
-0.006469923370459749
0.00737806973763142
-0.006532004160882904
0.015219533603914117
0.04904029283309301
0.005678560484086274
0.012883749223918346
0.007486666360264806
0.012108413721155556
0.020573414629574766
0.005000822438013487
-0.017023697389123554
0.01984486613567084
-0.005838891000154271
-0.007219760149340459
0.0027726865081823264
-0.012899918089016024
-0.0043722210853423165
-0.0049404938574735885
-0.007508186439340955
0.021901669361607673
0.010188432327512924
0.018694856085743068
-0.01627414506416353
-0.0014166250079209119
-0.02209878808403728
0.002836360620070275
0.017707516295182718
0.014321640969755455
0.027824667256388092
0.014435383732822101
0.04438761141087729
-0.0042799463740206675
-0.020601878806387367
-0.003545202091388213
-0.008390430129057571
0.006120813030306101
-0.012960475882733741
0.0003063963879311602
0.0061232598527751455
0.016780123112328803
-0.003269122736101663
0.016954543685151428
0.010495551095531784
0.015286810833490858
0.010225671819493834
-0.0004724440724700585
0.011002517018770181
0.026212785634481685
0.0011360907840981308
0.006146686929975451
0.023865372909741774
0.004997477919584758
-0.003170783891750055
0.04504548166830794
-0.01615206985409445
0.0035192954902871334
-0.033656006436900095
-0.0022338013179963685
0.017364239175339167
0.01370784299668621
0.0018498493372637614
-0.000737586750199635
-0.0112484765173854
0.0032103241820319434
0.013859281893693258
-0.0009391413356002197
-0.006651239422747839
0.03638693776707315
-0.014099376003349911
0.028515163153743386
0.0017012962806194072
0.01721536569861631
0.007339639198029402
-0.01439628675856734
-0.0122188981112609
-0.02191368097584519
0.007683765451200175
-0.03829222050428084
0.005094415780285276
0.0074707895044609654
0.0027467285116008484
-0.023278892631324134
-0.011106769808217929
-0.007737285255201287
0.02421061276063264
-0.035031025559951176
0.048303033493450845
0.009360270885219214
0.008937023754920696
-0.0045668639874085915
-0.005128013194696674
-0.01038237821796267
0.026694896764054597
0.03698321993884519
-0.011061758569414791
-0.016394648571981044
0.019446984720837328
0.0015844267553247146
-0.035573312767863824
0.0050575645881134786
-0.003062756472084866
-0.0023353029399980608
4.732325922636503e-6
0.0006796861317678833
0.013469503495628721
-0.017766833353660305
0.018147589444752723
-0.00027512209135594314
-0.007787397839745969
-0.01293127775250565
0.01398053904151931
0.02258867874273392
0.011352916866563475
-0.02376280313082191
-0.02077631587115201
-0.01567142358710777
-0.02313333012558777
0.023788582092878142
0.0038518616539587915
0.014494560816983333
-0.007063932500354218
0.021205639373488617
0.003895067071465428
-0.00708186474384119
0.013102781838870387
0.006601945694170825
0.018915060431106794
0.004756970545236996
-0.003292812018136241
0.014813441450967586
0.0034714358018751975
0.026078361804418044
0.00548876590624927
-0.037001742165924945
-0.005574726353236363
-0.016068765872527237
0.005016719788068206
-0.014844072721676625
-0.007716418082523066
-0.03683170218395301
0.00037740675589025257
0.0047389033528873106
0.021532098661488634
-0.002915793480025019
-0.017588127809466496
0.01921787019403931
0.0008367797561067467
0.023510946416103504
-0.00862465165713729
0.009537839370595809
-0.007161974282769546
-0.02128761143042582
0.02142237118273306
-0.018810055494223613
0.0026505039658083584
0.006571861993870865
0.016145103689803406
0.008500179943673657
-0.003325116376021264
0.00018756141963372777
-0.007581013768142785
-0.023232060656682336
0.007842206291045812
-0.011427048366383544
-0.0346815963324094
-0.007743587926533426
0.024414068129024805
0.019997823700413506
0.005836847334745294
0.022190005495111506
-0.006182179173845841
0.020865976774890202
0.0039570938965344795
0.009716219962617694
0.02334838331081996
-0.012368949463464616
-0.0024817335807970292
0.025126760416320986
0.0055549064112057475
0.023958961798699642
-0.017141209280549453
-0.0005736368239826216
-0.0050122417186074675
-0.010077341772281779
-0.023527083656608095
0.016399746078892368
0.010121885892550224
-0.019040298307376385
-0.010356863344239338
0.009506905259261497
0.009658350291977725
-0.0032948618243463105
0.02200148616083291
0.0008447511628749717
0.008388462947654397
0.0034534520997963154
-0.05081675914216423
0.0004502587814270662
0.009187752687156844
0.013623459218815793
-0.0030707530857527654
0.0063969736847427
0.012258820416622294
0.013859643835816832
-0.005198911969976551
0.004702159707969509
0.021156405814153383
0.02616349226669189
0.006796388868717809
0.01560707758545894
0.008827561511947699
-0.018494744566205777
-0.004940021578495839
-0.010748997853319946
0.022231093983754766
0.005567034119217166
0.036416964062842845
-0.001455959370754662
0.008525852711193384
0.0011868245253314766
-1.8335928513224173e-5
-0.014254014373960936
-0.007429593569307069
0.011372430012535212
-0.027196709364412326
-0.022504693983323738
0.0012335179878129896
-0.02021659534664267
0.007513564507523551
0.0005268467225935528
0.012223246380190551
-0.022221547050020586
0.01327851257235835
0.013788457060909243
0.009999218383585468
0.016780495148166322
-0.016597717454849777
0.007072981997464598
0.021272533251512543
-0.006679843544316591
0.014772341383948442
-0.01741379257181649
0.008678966858572107
-0.0011356120068660549
-0.002769292118666233
0.007625166584175266
-0.012476369375840648
0.021098943609746942
0.013557415362805244
0.027611820217292703
-0.015973413668735198
-0.012983648427719766
0.005617584470917077
0.004013713875747361
-0.0063091347264519395
-0.019882856667001243
0.019493549483994142
-0.0018711505870923322
-0.013645237987137902
0.002071853839551793
0.006142174416403111
0.015229669760966433
0.012028027889712151
-0.006097867793151455
0.0002713232044938835
-0.0024397676344105204
-0.0008910586534247919
-0.029302702557963294
-0.016467226929900255
0.003060408135142585
0.004726748740185776
-0.0351050383158651
-0.0037466347406175334
-0.016871545630762076
-0.0010378549991186775
-0.003305656175276395
-0.007328844683457868
0.014002755989315416
-0.032397760077397
0.005285723726998932
-0.018313909489624487
-0.027277084872422395
-0.010975694549265783
-0.01864722667285459
0.0007135078708405426
0.013160222459340948
-0.02898413274394955
-0.0008641598882659625
-0.022165882529572013
-0.00043293799433504675
-0.01293937136549727
0.004383578079526618
0.011274325509217926
-0.0040869211271621535
-0.007125590572825816
0.012431655935480707
-0.015458960160387909
0.03599380675460675
0.006075111675244972
0.02697277756893675
-0.018662983937002282
0.0032862218966655758
-0.008455747636397493
-0.0056069126435658746
0.0242334869113308
0.0025275815533848042
0.007843599556562907
-0.004641710581181582
-0.01690070186612827
0.023316252780513545
-0.006705938003136758
-0.012639877135146044
0.020717379352388838
-0.026254161360264067
0.009065273593392143
0.024375093345716057
0.01431596496803977
0.021246362999776114
-0.0070734339709583975
-0.0021751938727038304
-0.009521621505416612
0.002025011963414114
-0.007419953566748795
0.012055572851034264
0.00962711264696825
-0.01125099483979103
-0.01436345993767893
0.010161728398808918
0.006358367649038539
-0.020040476942690837
0.0016828398759435497
-0.0016066594064089907
-0.03208472418170145
0.015675958139251267
0.00885452468138422
0.007948654913496896
0.016142043850869394
0.0036230319636121064
0.017361298616183397
-0.01555627170445456
-0.009825419913687374
-0.0018851708362643287
-0.007721816486497192
-0.011438625523605124
0.018225797568966133
-0.002875371712174984
0.008010654434622217
0.007215952169163541
0.010206505289389357
0.028331726611794377
0.013455753800232298
0.006388732200077212
0.015274724953943764
-0.012393868661833314
-0.0144706806478911
-0.010259963300494706
0.03203394026057372
-0.04083357276695307
0.017312998316855704
0.0003968162479931455
-0.013104278239524895
0.02206673832530942
0.014732336770618366
-0.00010126299039192284
-0.004091328452092279
0.017439825258401518
0.005117623912487481
0.0030939439173044633
-0.03030138508607854
0.01674701410982454
0.012314534871061973
-0.007983825813686342
0.007660600484669893
-0.009365198625560631
-0.022461777572059347
-0.02583572641327657
-0.0010722219548242892
-0.011882162522115937
-0.0033111900735869936
-0.011170285506212118
-0.020311498936256767
0.012359837598645104
-0.013729575448320779
0.0005558760908660962
0.0007513984324719491
-0.007578722049585735
-0.0011960237619195115
-0.013647023517705808
0.016077479424499372
0.020896206582899018
-0.005701298378498441
-0.011079844569407023
0.00832315738215756
0.002240727907537507
-0.02110181919337341
0.021831553347224673
0.017314612969766604
-0.005063230591250517
0.03949518908269046
-0.01723169782028919
-0.011939735807583247
-0.02153409454722541
-0.006698140482014245
0.0037193968851719893
-0.010467654022690126
0.023590137579347484
0.004693735162145273
-0.005031826092520387
-0.013550064958387786
0.010987900314148156
0.025421541209129594
0.009118311492621649
0.009155633469379759
0.0022145765282748234
0.014161602036108018
0.018738266413363843
0.013613884419658526
-0.006208550430948109
-0.0017075484114743556
0.04200659262706932
0.004918875276877463
-0.004298201485349241
0.0012730277481841647
-0.009243082349172515
-0.0004690765763375363
0.0186907248144655
-0.04484030886935137
-0.0048551384376573576
-0.012390976111327475
0.006238093135735446
-0.01715798164327294
-0.0045690283645757595
0.0026423525220946385
-0.004246762048090292
0.010430073626743743
0.0029642748732166754
-0.005434720061798657
-0.016025177442938743
0.027235442150300476
0.00911199474718125
-0.0037835852934187987
-0.0009889148041363656
0.0027972430351950804
0.02192837233923101
0.0028540714680106902
-0.0029658759169058635
-0.00037956778349113344
-6.122213405043491e-5
0.019606358269126843
0.0002410290276406945
-0.03437362030300055
-0.008600305455533147
-0.006902906787396096
0.014915314317682393
0.00439290415004023
0.015035335763736763
-0.01082303099779988
0.006324598401679967
0.00017182361914546996
-0.021664484030812926
0.004220856980422302
-0.01622451337732642
-0.018084913885292132
0.0100748207781586
-0.001251060600706149
-0.012166722467936555
0.01641994337185057
0.015270139742865053
-0.017497662960971647
5.8513243944311095e-5
-0.013539171368877641
0.000280810577244814
0.00032253315947312336
0.005535814150122182
-0.03780162530625439
0.009088654414464166
-0.0027314536132429772
-0.021082465930626373
0.01320899813314112
-0.005574706572708142
-0.018147373525450004
-0.0070899295096031965
0.019202619890261428
-0.04652473823940333
-0.005996668340412496
0.00472616503115954
0.024124739011805233
0.008141189554258207
0.019507687255110304
0.002310481806825221
-0.02899779519399425
0.013790710144910463
-0.0022273992157434857
-0.015949841690609645
-0.0033545474740478394
-0.0019724733354478073
0.00031444648443649116
-0.027719418016069267
0.012893230340281427
-0.0329044295951044
0.005820473012078367
-0.015279586854639544
-0.01680034306586674
0.010824773956271648
0.0033958107055867444
0.0022265194088142647
-0.01989354710027731
-0.004245552214727666
-0.011108440492700308
0.010592525804616804
-0.004388365485916989
-0.025669576691137615
-0.0045725055531334
-0.0014663845517756623
-0.010063138431963173
-0.012033514021392291
-0.006449689835728121
-0.0041999740492084285
-0.025769045646218867
-0.009562945468968109
-0.00912904847452446
-0.0042209675066685205
0.016064193819179402
-0.004457132017397641
0.00011868054987829212
0.004775644053504519
0.012481931360379398
0.01398901773752856
-0.029342111984902105
0.006226803688247375
-0.007918658384099532
-0.004565003761457707
-0.01780275991040301
0.01705843975707496
-0.02671701410980956
0.022639076755993772
-0.022698418063571285
-0.014013062824547595
0.007176374662144845
0.01246180724851144
0.006188354935961481
0.023626730026617953
0.006061552070818162
-0.01275224534928415
0.0071764873138029164
-0.016773983783777684
-0.013969954658199538
0.017551943530469898
-0.042961414483932196
-0.0029763380777115944
0.02147374951374136
-0.008440076538253872
0.002533078579258893
0.0010819957929313
-0.004629675114821681
0.03028523940900783
0.020383341448663442
0.02343332302821076
-0.019433637680703122
0.017157321745270755
-0.031878062769871804
-0.011058200375089913
0.02262676609116358
0.002042962903741449
-0.00794880513380978
-0.008948840146393697
0.017517719243103476
-0.004291736116077373
-0.004505915243136633
-0.004108641661763134
-0.007393555506372094
-0.026301436348521792
-0.000981132945587773
0.027961394371022498
0.00557959112337343
-0.00638399341982196
0.03982486894524729
0.010399516813492736
0.005573778277062178
0.012476540583534848
0.03877932548190675
-0.013024845783733894
-0.014891373111525257
-0.025637795042974577
0.0030591323077005543
-0.011163564572034365
0.005152034387759503
-0.007874171259361589
-0.0076471775159851945
0.007627594867162449
-0.00852727554077213
0.0018801625079369697
-0.0032044311269951017
0.014641306101725694
0.03533424984531998
-0.011257447119033748
-0.006444950161631225
-0.020237800109002245
0.025268562849918713
-0.024099574548019517
0.007890748918361555
0.008775075727996056
-0.0006826282827955515
0.01806971241931069
0.004263124628392279
0.0243034280713179
-0.015202502428606813
-0.010070762352897077
0.015346289042976809
-0.028342967171492716
-0.006725757966927692
0.0016204651403536512
-0.019202798580859774
0.0008230265617802997
-0.0008538417594352907
-0.013272003695284581
0.013096774042355054
-0.02498286612829965
-0.005750906162120879
-0.004030473730354538
-0.00683642923496423
0.0013962496635645315
0.01711846036609444
0.021824890149538537
0.01970747496748816
-0.0189951508481214
0.0030404011666747537
-0.010083959737277068
0.004645466764367305
0.018940741116934393
-0.03410975867813944
-0.008541341057134662
-0.014605617109422214
0.026055523214886196
0.025608336718444598
-0.012016188096678935
-0.007278797981944345
0.00338540521500746
-0.0015154957095509505
-0.010046341360546846
-0.0031390942621006726
0.0016552432610563112
-0.014069146962677697
-0.015332195130886576
0.011048063380783117
0.004838086818755728
0.01437874452425889
0.0017654021875076371
-0.0018468833013430234
0.011189298493880503
0.02368535088647455
-0.007412097425558468
-0.020497254987832902
-0.02994985643554885
-0.02538643972959218
0.005640107464228146
-0.017400561313332636
0.0008563286905257329
-0.00199414096114387
-0.007009020714275859
0.012177305393287347
0.015003560020766247
-0.02659970317190485
0.002187670671249203
0.00826635514864388
0.011589636179719507
-0.004845119226069521
0.0057107866848964736
0.02247919437885579
0.013743444755384403
0.004902666071588506
-0.005981108651273417
-0.012028405924329853
0.0245463340340835
-0.026009855436654586
-0.00910575013483905
-0.002546829852350528
-0.00490764231253164
0.0029849094023635366
-0.0004283145228522196
0.008821679630051099
0.014383744116683299
0.003425998826114435
0.0007409055389486699
-0.018719453961595297
0.013132311567527189
-0.011419400090164837
-0.011402071190817974
0.032598599146434
-0.0008799576254692618
0.018933636539616775
0.005764991836336532
-0.006997451952786534
-0.0014688031213639485
0.01715549291810262
0.008529125806750717
0.005113484867218162
-0.018354713759308885
0.006878104079915444
0.002327244965561231
0.006131474459216658
-0.0016303871326423733
-0.017503982462556186
0.008679207578234297
-0.013087638520228798
0.01654334727257144
-0.015193419331828509
0.018884252968710585
0.029500021743839932
0.01918142282537714
0.018894979577487075
0.037790642267536645
0.0004543638441925321
0.005929782734243121
0.03288248590358856
0.0011346835367212972
0.007363169737015033
0.00509731899456297
-0.017075477690536654
0.008204680989946728
0.0062028639183288325
0.025769684605631032
0.02516929781663282
0.006544303409489448
-0.015678445018688664
-0.0103095253773423
-0.008057447849754493
0.03282091020837775
0.015094464164624535
-0.0019101317314254825
-0.04273218407868138
0.03131241709822914
0.003841064316115938
-0.0186097378347063
-0.00942627270219891
-0.018278903774040282
0.0014937769397591547
0.004546634564958074
-0.002452312352205219
-0.009477835835153632
0.04005971866471523
0.015095367691111153
0.012377132616289555
0.0008478259404141029
-0.0033912898819425112
0.015314007200509516
-0.0028986672411545037
-0.009006311408026059
0.011507033605634102
0.017658783396719183
0.005947811378707297
-0.022969088503588614
0.012483408584334756
0.02043457203866302
0.0010315269350441136
-0.014752687907871221
0.01703451075133854
-0.01047847722559927
-0.005284700613591751
0.00803918940083274
-0.026769795039021747
-0.011273585300316299
-0.013757175968479307
-0.014621661163202657
-0.005620330328722156
-0.0029358523378819946
-0.00023720080315959863
-0.045954405764812224
0.018667574616928702
-0.0006283458260079593
0.003723396792587765
0.013842683005491574
0.01123459963084761
-0.005058974188277633
-0.011815329738321332
-0.01632494428177696
-0.007418419368773892
0.0037470637853447217
-0.0031997132485758707
0.007176657147239085
-0.0015701088551348203
-0.0078680392675348
-0.02047065514000585
0.03273286819339317
0.012840510492129042
0.01599265843881252
-0.009205784662532848
0.0078001048491552535
0.020613450939719714
-0.013038061587419393
0.0038644621305474027
0.025940197772209947
0.0014265332108784376
0.0017880499589623552
-0.00398907298610302
0.017552478910606756
-0.012541162511193553
-0.007982753410614931
-0.0015247428093761875
-0.0076980674793623765
0.013571953980531452
0.012865091047789587
0.007044701787098846
-0.0054187969514381505
0.012822279736638317
-0.01849347435065001
0.023002169139630553
-0.014454873150150585
0.013429458755197778
-0.0023876469473926246
-0.003245521683712902
0.013536569272879686
-0.02896970875956603
0.02990028133372538
0.0004398929340634868
0.0010461324864058312
0.006098492304607433
0.0045252882946890905
-0.030998687201753305
0.011301021542298369
0.005209468915246499
0.0026842494037087675
-0.009288082584252382
0.02028049692806838
-0.014014673438028823
-0.004459364713141
0.007836050864668691
0.005638442884473473
0.0003890240587195373
0.023804180143377665
0.015344804565924608
0.010217724950157941
-0.0018950897287456651
0.008728664144218027
0.019180281876232608
0.012601632421376007
-0.005541870060340142
0.010087485416096753
-0.019781365817783465
0.008386014391669354
0.0023868448319599046
0.015658082586795765
-0.006966089589802898
-0.027410634210801293
0.03210793434390873
-0.020697673537683134
-0.004688677585983566
-0.03412784857384828
0.019618940535939374
-0.00845391825303889
0.022903165003808762
-0.008860259613150522
0.018170246173468633
0.02242326370174179
-0.011445403624814523
0.016585763130217264
-0.009504544779977581
0.010234910932811146
0.004587599618706865
0.002759034765521941
-0.0033669938992860996
0.020260919923197725
-0.006962479859687623
-0.014508897734727971
0.009804036677277297
-0.01303974015596703
0.009468645829357556
0.010711079815141003
-0.006045502418258943
-0.003539400821154642
0.008806076204867634
0.004305771324311187
0.02470618121396277
-0.02616325083084316
0.0020634586564156204
-0.016219326486331384
0.010567258109128475
0.005089375239972408
0.006406249697445749
-0.0008850762422003582
-0.024934562064541095
-0.007540364604415158
-0.02657092646278547
-0.018846744120415964
-0.026714664458967752
0.0001304432220713733
0.005599906353341245
0.01315226976848871
0.01580210771180262
0.022421305915706853
0.01867639615097144
-0.023040314166624023
0.013961476942426668
0.002355675634454346
0.004787448486517759
0.008958799711329086
0.004646053386985265
-0.0028912102104448716
0.018534176893608596
-0.0035443965897443332
0.020954374316791126
-0.0007998445897799343
0.0026617707048476645
-0.01848297658644741
0.007669102548293668
-0.02220605591229594
-0.010237463161426121
0.016020547490948136
-0.005978351396673621
0.02601434997134661
-0.009445232294446814
-0.004983474506604351
0.0032255387604214706
0.0033270628732201602
-0.033655542039998446
-0.0028738617572931745
0.01770766030926083
-0.027632665930415287
0.001258946909297602
0.011619707564847138
0.04445719191830565
-0.0032941441122224468
-0.019218660882218862
-0.013293462403680279
-0.003903014787314749
0.010768145149956679
0.02404073417247936
-0.027579128277899018
-0.007502068407908717
0.00949008487184563
-0.014424493887898685
0.0011451101250290574
-0.016073247437306152
0.005347118710966296
-0.01373619056485387
-0.0024440944369513284
0.007675799426572792
-0.009481054201636207
-0.001145936178972073
-0.008792527976063298
-0.0029692252240057573
-0.02201484829560793
-0.011453876440660992
-0.019626784501494028
-0.0018099911396278364
-0.015884478282788668
-0.007655672462180536
0.009853341024532947
-0.0033390241342577094
0.003814189394773288
-0.00031345248141897183
-0.016752456531287145
-0.025304426371163414
-0.000637708998515289
-0.025769038272361364
-0.014270448054154537
-9.987272733478369e-5
-0.009716588427376494
0.013288334980891544
0.0028101298142068805
0.00768862314381151
-0.009102479180597355
-0.0012262741702423127
-0.015041138157063571
-0.018316629830645123
-0.004245958094025682
0.007892050117030062
-0.004901539948642478
-0.012156394992096978
-0.0007731217821476104
0.007893027917695083
0.005929652542212799
0.015519805543590656
-0.0038091917970409683
0.0076497090999013495
0.01852092412817054
0.003825497292083339
-0.003766402722388545
0.006387091926488501
0.005555034936914577
-0.021309907616485546
0.035265829769217834
0.02164263609490579
0.01798219122721993
-0.01070573632345576
-0.006628240882002408
-0.0022299240088771836
0.014616748264920737
0.006582141124298876
-0.0014469663636384675
-0.014022560863651933
-0.010637397298785394
-0.0374595138351473
-0.0027797197780555336
0.02752641889691684
-0.011288976405571746
0.008901256130802882
0.010749861092084183
-0.002510689557720688
-0.010515241206147665
0.005463428516413234
0.015252019797524047
-0.004682386281672823
-0.026054304415625854
0.011309510611154752
-0.013327126638730074
0.00532660416094524
0.002766532269089447
0.02706441536900458
-0.008831557592839013
-0.013857739740455944
-0.014958954943193043
-0.003303448426311533
-0.013288839696529161
-0.004925214119418488
0.028532769751736426
-0.021854601663989743
0.01261645655820633
-0.016952823362390554
0.001877385223891607
0.010436796753036168
0.023625759448045448
0.015058526189400245
0.02997240621722045
0.00025805744445681495
-0.005008727320373645
0.023847536754504895
-0.012296709471638493
-0.014875493682431148
0.0010482519351077179
0.016029507233659233
-0.005220284770415977
0.019866764934754026
0.012090729581982065
0.018036206614248304
0.0029645586358926744
0.03307832422149291
-0.0010909852176106687
0.002468538913031555
-0.01812652866287299
-0.01722023655122801
-0.0012023771624074414
0.03383993397857105
-0.004836164908470071
-0.011917466094997418
-0.0027551711111928915
-0.020574548578118232
0.007339918441785732
-0.0020302324434845606
-0.005827619175236043
-0.010365674315037883
0.01081940468083663
-0.005297185201558904
0.001787491199426562
-0.016894290467022857
0.014165706845415208
0.008847778542372274
-0.0019614633631723382
0.027059641176493343
0.007043620714521955
0.023617509147272224
0.0012761035229108995
-0.01025687244012822
0.0055271770106019615
-0.015841880985228752
0.0029310074127214944
0.013140467183302041
-0.008543206797316315
0.014476467712163715
0.006120524111332396
0.0054217068273978855
-0.0035418433241621995
-0.011416116848673583
-0.008829273326613905
0.012447745220465701
-0.011066717963272143
-0.010678349972854237
-0.006527963704716552
-0.02013956430701137
0.009563524244777775
-0.01765904089200541
-0.019451048678983535
0.005157796067590902
0.0003902927947081337
-0.006940934526372312
-0.02608229782577499
-0.007667453409250357
0.010516558600467966
0.011121957668183828
0.01458270354612672
-0.017985407744547124
0.008139715702169982
0.011689036396553377
0.0028383429879521773
-0.013276395198848105
0.0008173380052799834
-0.00016118865790528964
0.019533317657145614
0.014443828862294754
0.0418050624859757
0.011421685342017308
0.027568220451006605
0.007293081058704626
-0.0019698826613339087
0.016604232172596937
-0.03850148018238444
1.699659656395809e-5
-0.012381560767455625
-0.01753394493418865
0.0180551113100049
-0.025067890950284347
-0.02894437510394202
-0.014902548410523046
0.0018631041493947591
0.022509977239430615
0.0027523909331899684
0.01923690325076205
0.006449936690424168
-0.0008619723068824386
-0.017328465759984053
0.010518798780971096
0.021166877003458904
0.005814536566211015
0.0029723927851943166
-0.005191931865638282
0.010892034201601546
-0.01099457885311182
-0.018628721255308737
0.010286606019010026
0.005578727100103674
-0.02312479261836636
-0.006843698050753839
0.00143378869268109
0.008211243297647922
0.003572665256463094
0.009848566693906163
-0.007317779721462755
0.017216398202335698
0.01161302594148648
0.025367301592250566
0.0038614923572871515
-0.022871987307383053
-0.0024421039975736645
-0.021740402364288258
-0.00623376446607383
0.019686588098684066
-0.03808499571618767
-0.030535312337246004
-0.00247633120074478
