0.02424626444091402
0.06003470488557921
0.02239661387949342
0.03943706699067743
0.050419165914577325
0.01663658027879616
0.05878025786806932
0.028151385970521053
0.05074834408559063
0.058283466430976774
0.01644003486116653
0.02159248844798146
0.05509988280750051
0.058959862365301756
0.023954727151266657
0.04091246958476016
-0.002240011877038139
0.03797254116977174
0.05746245206912795
0.06232304514377322
0.0620094948161782
0.011755116651817513
0.04254501769413086
0.044363113505764336
0.036556837739195235
0.028537126006789256
0.020935768211667413
0.049059137698335926
0.03758473143035751
0.009215636121643245
0.02068480096451413
0.03466363344398762
0.041394436669626014
0.05345467115445985
0.06422515529135901
0.045693228504161076
0.04050821549362455
0.06344244362437271
0.02535743452529271
0.029754243248919458
0.03858539038886419
0.043490145192503056
0.024558859219454852
0.04817689569328504
0.05249068524564868
0.03720522355562891
0.04818816644332632
0.04063541061270942
0.03535797449895481
0.0660483315647684
0.018949743730118786
0.02559138923436992
0.032412200280710235
0.05366893705001767
0.03258640947622844
0.0453002128738755
0.05209576467489786
0.061602250080880154
0.04046362617399338
0.04237506298954536
0.04505415739748035
0.013572185958214692
0.0407122138488629
0.02060850118252483
0.021112153605286295
0.024135972516533998
0.04841623328192718
0.028713488826934436
0.06199064959109529
-0.013335192823737827
0.015006684236387078
0.03992373399054671
0.052596287803328874
0.034000564149272605
0.014413151340458414
0.04433158055957788
0.057439647790403975
0.02658481200713643
0.05970258935146364
0.05007807400325272
0.04781787058281124
0.033904145849669505
0.027096310826838096
0.04773969662639247
0.04313753438559573
0.0324100032796552
0.04915617101840456
0.01171301130070189
0.02288002680903311
0.04781226860221456
0.02602708746938498
0.03931233584877248
0.04662042639871078
0.019549144606833987
0.03267315225422377
0.03816594130315435
0.05825629630737342
0.03990474123616988
0.04780432829252329
0.03799681286083846
0.058931043245465456
0.04270067294683472
0.06156031390866475
-0.008380388249769314
0.055061211855788154
0.046595119959621914
0.04574776304625613
0.0035303701270779494
0.02510316489209458
0.07646038739827142
0.02424325271391462
0.044038883428087414
0.026961593302538143
0.04680770003488156
0.025275678075682456
0.02362101481911757
0.030919088331449775
0.0539797515331364
0.043455491434929404
0.02401521311987451
0.020911870775036544
0.024466615216407427
0.05970928430681647
0.044383888534961675
0.031325988903392
-0.0035214570571897993
0.04828008585046117
0.04336835443872806
0.03368026575582853
0.010413878817254066
0.051392752515457774
0.016157022424138207
0.012232392230151332
0.030924254288128356
0.02629273207957816
0.042433585528616084
0.05720713975778639
0.016055406185287877
0.03942357470806811
0.05187341976945377
0.07581044177925443
0.05280061195151973
0.04286090534658127
0.03191603404477021
0.029578476005323356
0.043502557208557224
0.04424234877280315
0.036240375965421165
0.051598765367585314
0.03336502878008689
0.03651084571308066
0.02601162893497554
0.0344197668883996
0.045215946686237456
0.03521235567005546
0.06038081420193908
0.046103219252866076
0.04464450137737597
0.04845679040590477
0.024139231979498955
0.028566391126831764
0.025305462458050723
0.03034304423503486
0.014567696812225587
0.034749562245161424
0.024786662742509968
0.047759489656402525
0.02193217128419127
0.04528536205730269
0.03548499130681794
0.021725494955942143
0.016003140930446014
0.015489905574403896
-0.004074982008051586
0.03824116756370228
0.02247860490277119
0.041768769907814134
0.03706838805331808
0.028786509290120523
0.022890273012311536
0.014911661486770394
0.07899683670802823
0.06162450305479289
0.07337555127801165
0.046444523555290794
0.056368062635053146
0.004620200348498692
0.023661691454571213
0.021813112688094296
0.052608170732810905
0.05574399235708324
0.019390066938842453
0.04721247688159285
0.053121794714608234
0.05243680977240475
0.007290775752464101
0.042047422865068115
0.04072094249281184
0.038202534241035827
0.03978171686646896
0.041313477510995344
0.02632785510101092
0.024375895967065197
0.037982264630065606
0.032197947069897884
0.05587940493708579
0.013352462337706709
0.035476433079164434
0.05767954900200693
0.027185455484743708
0.0664033311783722
0.026723443366304188
0.012710116005625162
0.03308932765473809
0.04426330849305543
0.027142695772511206
0.044508981311060396
0.05003548757190288
0.06365047123885462
0.0554464089999009
0.02500017197123079
0.07692648576612347
0.024709115142053564
0.025329032549340394
0.06008786589952216
0.043746913256052344
0.021329480513234814
0.043931010223846656
0.0030071747813956583
0.05368901959464677
0.08436039174053668
0.03521157962949734
0.04399451422751171
0.043370354703102784
0.037684661663957564
0.01806017484118279
0.030172235931019465
0.053984336901052796
0.01707693599255295
-0.016654035682513307
0.07623490434689242
0.04738159984837887
0.0378774058268676
0.015983168603398337
0.04056539335705094
0.02463196809404787
0.027330081481315407
0.02792150778526407
0.028049757162223212
0.05238699098501135
0.036357514218475384
0.027908240525473218
0.030053746741328997
0.027073738853352732
0.032932141571675344
0.0324351446661423
0.005960831716026634
0.01917352226350906
0.011186259513932973
0.04562350711392328
0.05887692236913047
0.03925729333770688
0.03236732364819195
0.03610549214441167
0.02269549992691099
0.04261221458337596
0.057698119467447094
0.02697434194862436
0.036564779421694324
0.019644683365628635
0.03719401358086905
0.044242743136877344
-0.008924539322710272
0.0374714217876076
0.012021527349612563
0.013649001197725483
0.04902664964554863
0.03898979463025408
0.032815342234762124
0.032518223463430265
0.044126691179408484
0.027497096878957673
0.06283188085846339
0.03668847279695185
0.013465865772250845
0.032735567076769445
0.029487134518410212
0.04085578399075457
0.06881167287710302
0.07000831951942525
0.012806222926625878
0.051446041071815204
0.016204092517148543
0.035182930475602475
0.05055495678599616
0.016936497185401866
0.015193997060221206
0.011746429827265217
0.045647887157537446
0.0060156714980929196
0.03878828900485578
0.03345335600710993
0.033563380116922496
0.047190024330549654
0.005002427367865493
0.0040950645668689405
0.007815246200266333
0.024926321667045417
0.030440893250924052
0.020899445389722344
0.029288602850101084
0.06313610302174653
0.033108280582640696
0.049472482955403276
0.013166722593132363
0.040392301656160805
0.037547702955942515
0.05201077184555221
0.026161008351758244
0.015985088895315233
0.024740952863059874
0.0015405841713580974
0.016822446716265867
0.04307940198551856
0.044852861565489045
0.010594174461612224
0.03614254985048858
-0.003077377436628826
0.051070362384074676
0.0207826737668086
0.003241970799234594
0.025076067159093662
0.041551921328292524
0.06513933624941261
0.02870405946666629
0.0318392025249174
0.03630257433597645
0.04583511341058431
0.04711321487510067
0.02588048917993637
0.040984673144053206
0.03709852835378144
0.052908742614139276
0.04026337652768295
0.03163924112615073
0.0070694447383853705
0.04919519562584884
0.04006895082469464
0.044211682833622305
0.037687546877484934
-0.0006147232166289907
0.02374326019760876
0.06620604908997331
0.059811954145594655
0.02822289652074608
0.031402955298844064
0.03369448585989748
0.034549012124781
0.016748619926937672
0.007993768515729966
0.07036961238507995
0.006474257694911556
0.008207074455254277
0.022964054061679354
0.05482662019935806
0.01090415586235784
0.022537984678701183
0.024988430635979223
0.036703708650275765
0.046522566885229065
0.05109290445139485
0.04356622645574731
0.027214300552260297
0.05703669669579127
0.049242754404807854
0.03267663422452367
0.06109889102547562
0.02834832752755728
0.06681984382036286
0.017866826398665756
0.07952724890366071
0.06576881998359363
0.019685932170280234
0.027462515160225326
0.06454260830097991
0.06324303794999593
0.05649996169185737
0.01567802818250879
0.046964299315427886
0.025457948511326607
0.04753450955445507
0.045676919294579316
0.023550788553872402
0.04726911124452202
0.03346127667175012
0.022941037471828386
0.03682375072440042
0.05910175528279377
0.03588045032605466
0.05382379359797824
0.03831293761866939
0.0575950557194879
0.03035740744535575
0.018414824891791744
0.034931463937373224
0.029716546581322344
0.0346470665001581
0.042927342508051296
0.0489699974756346
0.028452541109609698
0.009239416884226578
0.03260682424274746
0.04783111463886175
0.016953697518236593
0.05329898609275092
0.041381608953350336
0.031775546504831824
0.05220249521848672
-0.006646546628716908
0.04288194284236821
0.016948494820946482
0.03192921624597801
0.018571639448970913
0.028751879803078452
0.03075461040686062
0.022770359694723272
0.020362615419702086
0.05699528924875979
0.04246615578724727
0.020682684241140708
0.05736702615077732
0.03169938739152212
0.04610283527335715
0.02762814114922787
0.027602707885050284
0.05481428143363096
0.04490698857284547
0.038124345962323315
0.05836946066670662
0.07567036552793366
0.04148234631916939
0.018528492751902277
0.037820395760788474
0.06464619876139055
0.024226436583612794
0.04221225884544563
0.03764734445409622
0.041027351623620596
0.0218748116202449
0.006406268528816908
0.03607367208163454
0.04010567733838857
0.038386615906289945
0.05398994605387005
0.001089385189867658
0.040538004720215653
0.01845529219969799
0.020016496420673376
0.025821575313106464
0.03644861200171931
0.017775576803280492
0.03662756476707636
0.03479507588996016
0.05564295580765912
0.016436182198340973
0.010076004574006307
0.042444576242505576
0.030870158724983863
0.042110876332211146
0.03215425791340418
0.045924915066579815
0.01114674497907077
0.045097693011580835
0.04911228469467376
0.04742993711012557
0.028180118272363948
0.015946931994822784
0.03611620359774176
0.05103464827399316
0.03511373328300733
0.03890823550521664
0.009559502323148247
0.037249587065763465
0.027112153684294874
0.025285286817284834
0.005472255540507678
0.005531603315551137
0.037170840353573834
0.040536594278504104
0.05383210957851821
-0.004040885958870834
0.04072534280928838
0.057211611593094645
0.02442049685016263
0.047239107587172015
0.037181186016396583
0.004919195862600327
0.0343941375274355
0.019636407850315903
0.055950734529579604
0.04135633752546098
0.04459308169044139
0.02838934145309365
0.030687929607152734
0.024047221244720016
0.012862287505865789
0.017195243298852497
0.020759066388558095
0.04541095560649892
0.036750942941896694
0.02478243492589845
0.030449222475797257
0.044823576051829996
-0.0026045792492508982
0.049513341477395334
0.039776611912649834
0.03204389046818997
0.024860473338471505
0.01984002057577649
0.035708963098990035
0.044743232062452204
0.01601349768578177
0.033230029802131376
0.048165632396545165
0.025981578509882843
0.03198183008348776
0.05057487001327314
0.025631645363904516
0.049186619013892444
0.07303761748310772
0.05092434123785997
0.04541649732210419
0.04833324514650641
0.01472373956365314
0.011375222221767324
0.015912017110270446
0.07300639580128201
0.0420766057853455
0.02517973184179795
0.04981015263739421
0.06141857565607238
0.028157514933923204
0.024953748637541014
0.05159262183612211
0.020076962053837348
0.025950626373967094
0.05265677358524971
0.02967542457860452
0.04171048907590741
0.03226512149672089
0.05278428881572701
0.04651073474641195
0.05218482446063418
0.04564323643173564
0.044363804979517814
0.04314354110128594
0.027966672482571456
0.039838898866528645
0.009810037573286816
0.012428541628542287
0.014144449869236611
0.030835559080397618
0.025742187099646985
0.00667912144956654
0.031493213703834594
0.04004446885001816
0.07810868145751754
0.04721304303113861
0.04271017577190819
0.06546149911992777
0.03569033119610716
0.035888384272621435
0.03143722660838398
0.028219950296979678
0.034931382755010246
0.023582857395039326
0.03696316562582346
0.026564524955383115
0.04601705345309682
0.050027203004943024
0.05126611599096577
0.03723787440742654
0.03249823324138285
0.04748150388114971
0.020785296718032354
0.08393217794521493
0.037513484379903095
0.0543013837990912
0.05924942498718007
0.054648123663793124
0.02850420009804834
0.029768582588942924
0.013130679276413888
0.05354988377853683
0.0033250385487694238
0.01692505572791494
0.03793727698420802
0.04405358534190456
0.037481323909472605
0.03585013406786394
0.03183786483712109
0.03705690197917764
0.042075106033388814
0.024218770610179734
0.034506929860109704
0.01943242445599891
0.01760029743169318
0.032655033474343516
0.03514565745089135
0.04244200594734767
0.023144756663386393
0.06275406397423774
0.06684686245701618
0.03824835126723328
0.007621849771128453
0.03278702413329023
0.04442476945625101
0.057486069153566834
0.0008664034039261534
0.02356046650678137
-0.003600140510976236
0.0026481696546152883
0.026212179528231547
0.03556368369672053
0.055123590554930456
0.013418822289216321
0.040836365533451276
0.06706279804184323
0.031683509285027424
0.05771795603723707
0.03717910997776343
0.026420670167826423
0.02847580415793489
0.0685728010662401
0.02242103691607242
0.039681600089594905
0.05468674939532381
0.024189928080792886
0.017018368860451914
0.030995406661267422
0.0385732171450087
0.022218192421902493
0.04063845196987619
0.047114447745644196
0.036613881299053096
0.026017498563316612
0.015980973121752295
0.03049665344819213
0.029376450232718884
0.05043848279758224
0.028692862786719838
-0.004219728613901288
0.02517217958500784
0.03301795849975546
0.013768482800184273
0.025999286771874526
0.039998954405442745
0.05446947036156749
0.024709569488025645
0.02341407131491049
0.028027574657902066
0.06420760866684865
0.044505160881826746
0.021646779418527815
0.025939398440660146
0.053245790163732425
0.03471644290919973
0.016336799635173007
0.030460637654123303
0.03008908028702816
0.033197469480031265
0.01509800059630557
0.06501769826001698
0.047119124462541996
0.023801542194360426
0.01946429489056508
0.029214569795618234
0.06480084737552308
0.03697995414928878
0.04306774780093618
0.03333147457415088
0.02800751039762793
0.05385560054762899
0.04735488089647014
0.04581514967787307
0.052563438898048966
0.05050062728039648
-0.004247982751005626
0.03537453645712395
0.05185954817239718
0.05679947104333516
0.016180630095500432
0.0445475271278459
0.01698260697770925
0.04740666488090802
0.07203781144486117
0.05895174949675883
0.03498501976903762
0.00623939611045114
0.023289091176329702
0.049916168024516164
0.060395070942162093
0.04426001656252977
0.02445859980599821
0.045591389311886735
0.04819414343920453
0.02302901631984429
0.01675414827550444
0.030610561345177936
0.021283219050776285
0.029241996646157963
0.019855471472347643
0.03825758327869373
0.025679536367432955
0.042168114277942766
0.03229810845908113
0.02359139716287672
0.04308007779883764
0.034129605827181435
0.038952643974930666
0.06770380792081702
0.0145926181139461
0.05203300425765754
0.035024209230661386
0.04167872338745564
0.04671622686703457
0.012331090494701545
0.051426506950326446
0.0704707886249494
0.004620242445183517
0.023954813256117022
0.033782038548388786
0.004198554144834316
0.018689850131441622
0.04613377388878564
0.022094631181498344
0.03792757955010182
0.039637667404406336
0.002055634141576331
0.05061944404912965
0.06423347931895994
0.017808061214271212
0.03325835687344164
0.015400288213660795
0.046092876672938085
0.029830692073683007
0.05643093396552849
0.05300702485406987
0.03463302216061808
0.0366237327716956
0.0421581835878709
0.024577753858606416
0.029363579520299537
0.05239375197524586
0.04448127551839747
0.03896644105070256
0.06482257704469632
0.03502473475618462
0.047819309201677
0.049574385124790156
0.018661902010705844
0.04834088601887868
0.03990295272889545
0.04104061105191647
0.04948289380953502
0.005524829732422247
0.0063596379839084265
0.023776649513454932
0.0320451258642796
0.05445634692069993
0.05541550034842768
0.026761311568571908
0.02931616209483369
0.01490300629821941
0.0628190264599915
0.049946566245591434
0.07368240160070548
0.026525127880996823
0.04373404495455438
0.08142286211979993
0.010304880800024882
0.039732392590999595
0.0493135613560337
0.027946813799806968
0.0146089875925056
0.0237358157856759
0.042691375024479
0.027590282545606953
0.033305202295517464
0.026868153035968238
0.04285036236953844
0.03236366333663184
0.03581425133446204
0.000903423368474708
0.023105890171812606
0.053273863020133025
0.0493256577967684
0.024463411214869432
0.01304265516074478
0.045886532060683306
0.030536708756669688
0.05184869781143323
0.03342721468247701
-0.000445764930367642
0.035461164552254724
0.045203963840981506
0.035751276550826605
0.026159465141487627
0.035752770443731346
0.0043583494872028936
0.008579409752110679
0.045856191702711734
0.05368483436984761
0.0716600783045758
0.06180929376663844
0.03894979895130762
0.02989190733145189
0.03252246784810604
0.05344269611847805
0.042655222703430064
0.05803815683869033
0.0034138083202298803
0.04924640535097312
0.03612674246642453
0.053557670031256555
0.032550767052485594
0.04182883608009804
0.028134806876671924
0.052886857249807004
0.04528490519198211
0.049668215211601426
0.048163075063424335
0.05409509457828497
0.03705617419235628
0.025303972260153754
0.02249008763304531
0.024161606596964733
0.025498591555212446
0.028900334963757608
0.061438112017940916
0.041096864368357265
0.04182124265033839
0.015811050581670084
0.025058096975336622
0.0260285947235601
0.030279238743919797
0.01661587300437267
0.06505446380575762
0.06276771301948235
0.03098743401469966
0.024397644958613723
0.04179018021265215
0.02221642185034848
0.03622984871417444
0.007596555699488934
0.03326750065188716
0.0032161080180035393
0.054360452386935265
0.037569753383146214
0.0383660951422726
0.020544499564865315
0.01701050518493855
0.04204863202883603
0.05169730664547336
0.036282903432257325
0.04700661063858202
0.01824439994941282
0.06988672260811914
0.037658328489085006
0.04106900694850735
0.02019180975245249
0.05117338897222325
0.042972786341176496
0.01609996951422162
0.027647340815493665
0.017825181819599818
0.03847093628085782
0.010311990613003426
0.014876975483197361
0.03760378982062305
0.02635349434820607
0.027730626320248506
0.05332642682060634
0.04198822142399251
0.057067373483994877
0.028595293680263156
0.025956919809024075
0.04543011492114131
0.02189011498457641
0.02200600486890381
0.01632159312174634
0.02980212485313565
0.03616068007193832
0.03614737570237766
0.00802586080139234
0.03327566906624849
0.03779525089715673
0.03923058338516616
0.04159781627408182
0.026962497583797
0.035819800895438306
0.057782479666970636
0.049807404853539065
0.034414789527561565
0.05134604219732765
0.030717736453079694
0.0489147781656349
0.05887224778556385
0.054834501920882524
0.02168021213712787
0.037541183353404124
0.024753877677602485
0.05996706505881362
0.027974371082639646
0.040387372580378084
0.028470411932411635
0.0277035764513032
0.014680533309493912
0.019559185683785167
0.025512507336945975
0.0566667805188229
0.04759740114412964
0.03147074941709111
0.050317031614161775
0.03715089523014673
0.02728857067538367
0.015451076639098062
0.04544868101141629
0.028031533145916547
0.05075583573690795
0.06363676250149355
0.05260898356174048
0.02004087239574873
0.03123214072980294
0.017316036372647243
0.047411774004726764
0.024498832379767077
0.03550489795493061
0.04247259911113287
0.024847373336470708
0.01870701986946839
0.062136159387678976
0.011759805394751157
0.02291417718978187
0.033259733949136824
0.05033948473749274
0.027309228377757587
0.00621142370753725
0.035910658902929056
0.06065852973532038
0.02832820025266051
0.03384072933099069
0.003299061347958483
0.04373323483075372
0.04842373936999428
0.03905925411221126
0.054330765747024765
0.02245495769511447
0.013524529336897887
0.07321777942170106
0.02289307633374495
0.01894533070268056
0.034087250579250716
0.061459502917041414
0.07724004652662207
0.057920693814008814
0.0468970029611717
0.0675346146195485
0.025432120450404234
0.04898984645979838
0.02538364663289675
0.03636244176121004
0.017935898189969993
0.026208554610792904
0.02763638023760783
0.053661035031112456
0.07098953379682298
0.017356977398738545
0.04136907782248727
0.03842571144102776
0.03833575141683773
0.046375148557277764
0.04921293652856664
0.06118468672373558
0.023685882376462426
0.06892213629637503
0.039894305182485705
0.026110240884745336
0.04105252079519197
0.023962869596090064
0.03268113057819729
0.06910311168554562
0.04544443364671279
0.055826296840928415
0.01959346248205567
0.022233297703209497
0.015093837480193476
0.011512929143271757
0.06112149227073256
0.05021101601917223
0.031744003075782186
0.05049549523333215
0.04862397366323341
0.04762480669521278
0.05301261630436847
0.06591831442893158
0.03684879516623032
-0.0009323292722418443
0.01693357263226565
0.020857942359760292
0.018955371513151187
0.04515858377049557
0.004529412245536674
0.060629905844871754
0.03502733067908547
0.01569056058712302
0.04020590567496288
0.027501569170034115
0.032032421588681075
0.06897867642047256
0.013540280516884612
0.03413129727811208
0.040031908540388315
0.02564381203358571
0.019801260623551576
0.02215671834714215
0.07383923822697062
0.025756273607431452
0.023086221640547643
0.062450197835295956
0.04518643022813355
0.03114768569698743
0.03761994055019752
0.03399412873835428
0.030321851690839546
0.04872168383582075
0.02869772791164926
0.04845187943445418
0.04890359387160974
0.026968828959524998
0.04739236131458758
0.01921645112826514
0.04202359893588338
0.039679427972262725
0.03314906621117864
0.01948449450890619
0.02953643728975617
0.04024691525165049
0.009007416085935561
0.045281918867117965
0.029712845218076774
0.04434224884955692
0.04130765076118527
0.03277182126173968
0.0697638503196255
0.036933366975619476
0.04082141078230223
0.04611655367841911
0.00997570910362211
0.05054356962516321
0.05742652781545567
0.034278677642480666
0.018168515460577593
0.02686225954218141
0.02779673429657526
0.037516732690849874
0.016223917910307365
0.05733343824947144
0.00428884043974144
0.03932142574044949
0.046370517423120115
0.030785068965759686
0.032612281107683355
0.065040655944474
0.032737016835716254
0.04798026507327074
0.06537214496040335
0.023802307820475585
0.05159088585337954
0.031476509595988085
0.01049028611211702
0.010889188636850752
0.07379238521723336
0.016279051065154326
0.0274481067938128
0.00544706223408335
0.05079575573204464
0.027405209138555264
0.017892656552174393
0.042137243470048186
0.02354681661771807
0.029279419586460412
0.0632855979285293
0.03305229890128038
0.02343875064809585
0.005807582551143374
0.026037261786875626
0.04006042391313727
0.05050167637353255
0.03963696827838777
0.04023386164155031
0.034800397034114916
0.0355204097678802
0.033021856312184183
0.038866975154400324
0.034050049279122356
0.049867868932454394
0.00453918591702579
0.03455078901875347
0.019686418659920223
0.05107498067625983
0.03529366097856685
0.027365752221062932
0.04009047765412461
0.03611343038502093
0.0613725445837022
0.0393607105753667
0.03276975465132019
0.02764222018685041
0.0053664093533731146
0.01928891696761811
0.045475091438236054
0.043743146183392326
0.016120838861128396
0.0295799906709784
0.021487111663392247
0.03223924272881395
0.03579268545275301
0.015718325451282912
0.01386900897241368
0.024735956171865265
0.06908100856142474
0.03298782151808674
0.025264273049848254
0.04963423790960807
0.05475751110984727
0.039229056064051575
0.0424592380290297
0.03557997305245059
0.024512027226976388
0.022638219722296644
0.047749191693118795
0.05138684753337838
0.06640397107418149
0.031412778404419466
0.059091951048081494
0.01572673175747659
0.04134443546538573
0.03290547969007308
0.030133300803538852
0.017948573005693056
0.03939288471244453
0.06214156481863889
0.025041976556431596
0.013276957344386173
0.02148737337640178
0.0185134861314759
0.027170827010363875
0.04663905576128675
0.0367110432428294
0.03312877614676952
0.03813922988926523
0.04967167591535603
0.02705815047962043
0.05916434164253961
0.026962154188951926
0.04076156290767858
0.008368397290826413
0.050902509586214194
0.04765739735433846
0.0042917706904736196
0.028137671709569698
0.04374102470962485
0.05245354866911084
0.025073557339363995
0.0002638313444027782
0.03478548968482393
0.06728217745868563
0.025193713039788432
0.04356581866256534
0.037624083992277436
0.042345855043230934
0.01654338876494392
0.039612815835070946
0.03492963433390951
0.04231634406718868
0.026617651143901754
0.016610478744180427
0.04818969857758791
0.03291489273998481
0.04609234369935863
0.02454870030527199
0.03450794407025784
0.041431255854382815
0.04230317507238111
0.05353835738792161
0.036937858622604285
0.060864207999692534
0.02461528522445533
0.04345484719992913
0.05414131523232502
0.030336316375100196
0.05917440295389052
0.02959885541553188
0.03878670308598065
0.04381005499816309
0.0313280695096571
0.03881783204353458
0.012867661582721497
0.04890909179150988
0.05161453765137319
0.047136775498970024
0.047124905362785005
0.011235738317839179
0.022885153737487163
0.023707139402204442
0.03905642562112609
0.029022611186635617
0.044807468643455715
0.03611969026420059
0.007779096729882242
0.024454852848278065
0.016482130415085613
0.012487609683879899
0.05283825887668787
0.033983659147043724
0.02534739249561359
0.035929046621180814
0.06856575617375311
0.039625537944378564
0.027560710057448062
-0.0023975793887111158
0.03631562861745374
0.041215034693427084
0.029533198039412033
0.02638750049095328
0.024809542065063913
0.043861819273119815
0.05073257657208235
0.026052977623622322
0.007282131803437415
0.04254438178281241
0.03943959266424735
0.045945757249115204
0.04618271560816674
0.0179123800529311
0.02919942213114581
0.05099033093807319
-0.0012316135303639144
0.020015571374809717
0.035985637733557785
0.03230495029653824
0.013042995259698445
0.016644255400175483
0.0464961398365087
0.06225154067775642
0.07870334528645824
0.01953237223514249
0.0423448483133047
0.027479802385479063
0.019897003008666578
0.06354258862505377
0.06116848401192041
0.05140512072620358
0.03403909948189971
0.031086191822684354
0.0514689224689028
0.030371878698476202
0.017860596070898446
0.06040985093083241
0.06838702413659777
0.03328408738224197
0.061055138604614576
0.011552297866953758
0.025763786321484135
0.019804870283641373
0.022287658644516643
0.0193588635665539
0.032081440576220095
0.04246599135355528
0.00890096939653593
-0.0047624117814000526
0.047091075262609645
0.026139351993480615
0.05980183402612731
0.04366207698202629
0.049708663099978484
0.020836572580492704
-0.010410339933262463
0.04791688736614273
0.051621036855632414
0.012380703183663048
0.04020275153804936
0.04426568471463704
0.07178997430153353
0.04258832826506151
0.01825073466660109
0.038024103628425766
0.04240979540704795
0.03668190367281924
0.03404438197705266
0.03785977279052953
0.04702417887346588
0.027118423771834117
0.04528843871197621
0.030658165646331566
0.04268711246265221
0.05019489482749034
0.04588458228095565
0.03532868585473646
0.029528925890950755
0.043794812012815564
0.01554368322062646
0.036536719661421586
0.0624123802674208
0.045379803716242284
0.07527126378876701
0.03494416325432533
0.041493739316021405
0.04730949216784988
0.08328589103640646
0.0329634341858301
0.03159988374974746
0.05569397119905464
0.027832123480688645
0.027971282332442466
0.027389479468153517
0.0014690627522682886
0.03851935829487329
0.05149013174516227
0.055010089403286715
0.01715086993425651
0.03761663176431533
0.017746380211949343
0.034862844955777586
0.04899969825972995
0.02326629821188967
0.023759063793593452
0.04384598565626994
0.020201438839073747
0.036717378531910164
0.06223100793345976
0.037019253322914274
0.047018178369089114
0.04054414568183201
0.03090152830499144
0.03788330109583323
0.026840468873377935
0.032062119728833424
-0.014458383613400098
0.04370452093915737
0.05833609457467351
0.03854007643637052
0.020862601981715925
0.016796573084768555
0.016929892913364886
0.048491346514818075
0.018062775478421098
0.03160770071824349
0.033337546282937634
0.0531916422692471
0.019890675338418557
0.02831988188357004
0.0377070774635222
0.022943219017521166
0.03783074939443457
0.023731576860177305
0.04570544703917513
0.03087531989648424
0.010266248358124825
0.01900758168839379
0.05336913686210268
0.06171946040505959
0.05471581785834921
0.02949775618783131
0.02927274754858627
0.03409627582039522
0.02662472815235504
0.03295357983250382
0.041043506470323184
0.022838517791794688
0.03887040063620232
0.04373391140620839
0.035890740155344984
0.0709981763023931
0.04283993404167144
0.04783651081748497
0.04141993160744224
0.01998202505692573
-0.002365345169710619
0.022175720604697576
0.05787496826289335
0.03962008107274949
0.04215734329705601
0.034897343689616694
0.0693551881125623
0.06813635681952103
0.035542627763586916
0.04039587082190064
0.03289918135138333
0.025002250731435142
0.057139332016977344
0.003233590712520481
0.0500645755427812
0.03830521634694116
0.05005639934332736
0.02714094891414117
0.03878754910511797
0.02718866009162379
0.02061420262302923
0.045883242957613576
0.02667488462497442
0.045244444709709536
0.03388422005779897
0.023988380283677786
0.03466692785759982
0.03864420203140657
0.03357402246636734
0.00928462202691682
0.05642004575097728
0.04702303810976405
0.05696707137090666
0.042251936692292755
0.046386113137868994
0.04504767616978287
0.02995998587406964
0.01051500115011242
0.020817948326365562
0.051499940178755685
0.02955422193943462
0.026162167675886375
0.04284190156905818
0.04762199558856837
0.04785117352099291
0.0591480297267549
0.02448288894457121
0.06062271230809481
0.0213736700451519
0.019319695080996367
0.030158716156610803
0.029161188367424647
0.03387046168524909
0.013982677183559621
0.028491966333879147
0.027384867788842377
0.04237433272594945
0.023589528667879642
0.04519406291235045
0.010146874453531955
0.022350313849169523
0.013775852674352072
0.03990973835570818
0.04018906468490293
0.03289556559913064
0.010730415502200844
0.05582170736146192
0.05849829358244137
0.04993554693423558
0.02334405603880186
0.04761642694689679
0.018981746046441792
0.02890351548239658
0.033607537044242054
0.052623867462086554
0.051643534777502935
0.03733908239502354
0.04210040959668904
0.029126890307229182
0.01320868941665404
0.03876856974407037
-0.00010485002923983546
0.04949119491441985
-0.0032292374826335462
0.040626319546145116
0.022326671274866084
0.05412131359844527
0.04418672315629519
0.02722992473265976
0.034373097114202014
0.045628382758424464
0.030928223070740085
0.06439954612022647
0.018135670569906663
0.02568736138382651
0.04044686777352001
0.04490520431115558
0.006302968764789938
0.03270903691192678
0.03649748417845998
0.03489255509529538
0.05462998287164826
0.017179020741842247
0.014056486199632333
0.020160558794367806
0.03518840103296319
0.04587872682003575
0.05010130525585117
0.027546054425712098
0.03686646693528494
0.020791786387634795
0.015365049887615122
0.006931428082768573
0.08154282774905638
0.06376485194977055
0.048917643467542134
0.02271720579431222
0.03923752267617891
0.01541890047230658
0.025864562742101218
0.019922397676463505
0.03464310836038694
0.019400119212230303
0.05199612213099125
0.019628272481279678
0.03433279633104606
0.02945045621154202
0.0315808417308213
0.0134031164372234
0.04018144619340664
0.03929718133062391
0.02824433582753804
0.050585669164331805
0.03254188606548102
0.03265820959971036
0.013949102081763356
0.05113362146867668
0.03178408643302247
0.034265093201458735
0.04308303949547226
0.038906720672601855
0.03812840834916379
0.05038894375108453
0.03802319702500385
0.03910845745023397
0.035868623465491314
0.045904306610909315
0.04240699934682287
0.020652335316698116
0.042291377091730226
0.018043564514999888
0.02372477219617373
0.04929251275863978
0.04323304394024226
0.051200796160187405
0.0360580759194206
0.02255021667700842
0.03544348020148555
0.06018228449795203
0.021785696757563654
0.04974944308971187
0.038590945968350186
0.05396164763602156
0.053515661452267146
0.052566588667195484
0.03926552007320648
0.03704098199208868
0.038357734322092975
0.03316115095814844
0.047253279758386765
0.06203462441308118
0.014795623532493562
0.07122836569165344
0.033738034610121134
0.01879188646679808
0.02873909902359601
0.04027798927513289
0.01422702906382392
0.0665030363977575
0.04266249081983075
0.04822663234851465
0.012259149678120494
0.051015863018659305
0.014610895852367425
0.052421968935932574
0.012201054665816998
0.03219523737633096
0.03480169964854675
0.03224867486493422
0.05595546091839248
0.04203199798392758
0.05588491185004977
0.025849085804117166
0.05087901346658681
0.013477777742648906
0.04391566614544877
0.019983497968912266
-0.01918439337273087
0.021951025556509126
0.02936278091574917
0.04311378564016463
0.04858395348676932
0.04300290651059234
0.04553312578230327
0.042203229283853054
0.037579784590357095
0.009295257241567687
0.057873329808954606
0.04856347046119867
0.045289494795128546
0.02587813122261139
0.03335325429567572
0.06190685649333211
0.04323104015871653
0.06935034639736912
0.02933185127486164
0.04216699932952975
0.02527539183250428
0.029326580065488196
0.0314752542195705
0.038400182910146026
0.04274470333979671
0.05459005981424315
0.009493092947413625
0.012056160923076546
0.03856722765651035
0.02994459337305146
0.03586708792090833
0.043077547461045765
0.023602379163201428
0.01470102421290809
0.024317094863058015
-0.005132187069894729
0.039507847598711815
0.02915103319959538
0.033309573248867304
0.02834821493528154
0.017808233045281983
0.026778052728571644
0.02918600588245448
0.046220874928379035
0.04855809044151762
-0.0002113352925628516
-0.002620822398128172
0.05094736305013852
0.021684224615782895
0.06029178295196952
0.02062395442051019
0.056063246872976404
0.032884370606061565
0.043102763347347216
0.016073192434269506
0.052630880530431495
0.02362190144878535
0.012207567660997046
0.021966781951741565
0.028873331957149653
-0.0029135427835152404
0.058947518092969386
0.02593436260483937
0.034680469807637754
0.019741126111286658
0.020217080161161954
0.013048883035739214
0.030930784415825027
0.00878753638855334
0.04109963545007278
0.035561024070895335
0.029758209993273135
0.03158348049666032
0.05053931929029492
0.06280257814862904
0.0222216860293619
0.049481600610053265
0.03203863260926061
0.0331657797320957
0.023403442210536574
0.012302404826484682
0.04994311799951707
0.038197236283617195
0.05913082562295451
0.05015835232268084
0.029037779438234646
0.04636893768885631
0.026551454010609533
0.059346504026703294
0.0376675676539657
0.0325585990822866
0.016145483356690787
0.04572670399775308
0.01631872584337623
0.022469799040019046
0.060751951383950564
0.02230419609672794
0.029278316972067064
0.03581894926422114
0.05419265954219205
0.01921101091660897
0.0705560627169836
0.019960939372769722
0.0017930359656738615
0.014581677075422206
0.02129739644551987
0.04827631946381441
0.043487851051257236
0.044283625098618294
0.01072652156957216
0.037779201603982765
0.010550635437332829
0.05381403255362347
0.04154016436659611
0.0708640309277805
0.054493360232311716
0.033701618397846966
0.01526501590028997
0.05952869457936407
0.04025374478604155
0.05447010498644671
0.030511348366144813
0.004997408931409402
0.051450018704644246
0.045697545256971527
0.010737301476259934
0.005882562062547895
0.009351583623740556
0.03087651929695779
0.02345629013936493
0.005286196333820603
0.06174436293703772
0.03527645436936695
0.00909405897060521
0.03912710285937794
0.07284789933321198
0.03639975963245994
0.02836898650768348
0.021873200945154308
0.004157936625806181
0.0295073327818196
0.07541858306287759
0.0031418560494572228
0.05789896100642484
0.028939833582495772
0.030180694425089392
0.012773416975391338
0.0475160627284372
0.020679607804926815
0.031286206082283864
0.01736469414258374
0.016154680857292204
0.04154504543555243
0.03968497368331779
0.029477890839713305
0.035548382547967515
0.03071758162192289
0.017435383699060825
0.019911152964825558
0.06629244882697093
0.032496197683794636
0.023882940557435218
0.05960908783396978
0.043585858190446976
0.03070774164354812
0.02803953670331048
0.019942119449647147
0.03590903555080928
0.04073756520371013
0.02624889700697438
0.02738787858336563
0.017976311130872336
0.012969396053979091
0.05221139496681125
0.011458491806507244
0.015732411869090808
0.05380754201861711
0.05265045346127067
0.05614882476077975
0.053496121465288295
0.030808331012613703
0.02685875657307673
0.01376939925295559
0.05776895160807665
0.0660128371141913
0.048100187697769914
0.021468297564948245
0.03382128743030718
0.01102407611750151
0.031512096417748096
0.020217530844488206
0.02533256711832103
0.047280591276950876
0.030254316954931207
0.030838355337596466
0.04594985340596764
0.04463048740236551
0.05470090183913513
0.025512385273310942
0.032781979524732247
0.04692212578265742
0.008119043765242877
0.048376898028204225
0.042552690620799465
0.028284537642502577
0.04017899653634229
0.03224010121201112
0.04562244411228069
0.0665193379205126
0.015754350453078752
0.025543504503029252
0.015319689486307774
0.02536586013676116
0.020777678702620726
0.01108654182445594
0.030645111485664334
0.008670799135461392
0.03167082414891124
0.02529153388842869
0.025381775986189972
0.0018013364218753733
0.019322778099330695
0.04233243520901391
0.03487176801541897
0.04549069236579208
0.020266844647065723
0.07289643797975873
0.04935333369953612
0.035786054591582836
0.059944802667060856
0.021895107326915863
0.028121346445164768
0.01965699683558711
0.028581805448055126
0.04642547135704021
0.026107890110010006
0.03577038853228184
0.05156570637691704
0.03369034482430665
0.014193596323563259
0.03173545385489684
0.039031312197960084
0.038892766422205856
0.049228124472696144
0.018153178875727937
0.04520175601637308
0.05706007176058324
0.015227094394872397
0.048975617724956934
0.05717222858110842
0.04086817194441545
0.03300656289207122
0.029733379335394765
0.0365345961993096
0.04538851099156716
0.02487834053486544
0.04602875753791384
0.015555427108746796
0.03995771667200645
-0.00017590419038791957
0.041320253491802565
0.034068031694589995
0.03214054492034693
0.04163819311390033
0.061066754688054004
0.02011030783716276
0.04356874666992952
0.042123410553566706
0.053977496736298265
0.04854797341904713
0.08320669260686829
0.02256509655443042
0.06961221587367007
0.043442507271740205
0.02671264513329886
0.05051552442432826
0.023786867857322584
0.028145976636459385
0.035645080746600305
0.053333541015599666
0.042535046743512085
0.04466215147041825
0.0670858310981439
0.026797739891563598
0.04883885282233714
0.02806159786055221
0.033370850140353264
0.012827199491611596
0.02778065509259228
0.03756335333177477
0.01826017141612336
0.057903821471927054
0.037933004593388116
0.07545700424920902
0.006156696991466749
0.04197236502461454
0.021687685429065903
0.04206468969911316
0.022844968264566553
0.026000616318416627
0.016500880831347393
0.03441182483890535
0.037962860366739064
0.04603129406172586
0.03923162113372805
0.03339838728988246
0.03688240143422322
0.04613735274552437
0.04151971529790978
0.05851367224946545
0.05394810836500262
0.010426735359964709
0.047105163035169394
0.025712780761752863
0.01799159731883572
-0.006999492488644524
0.04900209740211667
0.01807648143295883
0.0265516061106449
0.04044838113619362
0.04027190396483142
0.01263110862085345
0.042905481547994596
0.03217237023191292
0.024751824967043333
0.008006475828295619
0.06087998322182762
0.027006250126148875
0.023406443528550754
0.03290961742000854
0.05947895356086506
0.03571472249490784
0.03493412526522415
0.010241532359335526
0.05163804877791588
0.050459270780038354
0.0444643839212354
0.02139435092202667
0.030992101188914236
0.03754259855119357
0.04351337904978471
0.04634475359218077
0.030532968688334532
0.07908820588717534
0.03910927665620614
0.04188421315986839
0.07117888363474474
0.044643356684707404
0.05223540967883079
0.03555551446709241
0.011838165775043208
0.032051990423915544
0.004840451287804759
0.028166864363344674
0.04743792599839413
0.05603711167201832
0.034451949810686756
0.037239350324127896
0.04505157415892093
0.020122879241019093
0.03917534676987469
0.011584948665111752
0.03553859286130565
0.029614692240449332
0.026169197254226874
0.03837007988564855
0.012728672174213931
0.05696589422042329
0.05113405069872802
0.03503209759579297
0.010570228442836787
0.02496767066399139
0.039814557248688556
0.053190910699267395
0.04703696466806504
0.035401019182962824
0.042661462291306275
0.060069161465146834
0.031470875260235606
0.07069366703355585
0.03692029040740129
0.025024788807239774
0.03092746637277725
0.06375260028891329
0.04907943537471579
0.029567955303702022
0.04156127570413158
0.04606696703568059
0.04213217264907199
0.02796486464202091
0.05185856468115293
0.020892773242497806
0.06302780163123445
0.03512366131880726
0.06777549350894439
0.048891805047033186
0.01003252564255246
0.0193514039313039
0.04343414945108553
0.03604291116231704
0.04596209833406335
0.056877456818852395
-0.007101771313952939
0.024136944741393763
0.05088005408935969
0.034464416247521494
0.02841706684747821
0.053367074425708955
0.0011104512660126352
0.04841757257426008
0.02253254970580645
0.06261807862633081
0.04303614073857197
0.04885954595716197
0.05791677484606484
0.017531102533477807
0.054833894540032964
0.021474551162494557
0.04802502009332739
0.03800091186444647
0.04883084013870879
0.04369046983931909
0.030799919251243143
0.013263270123799645
0.01582226884123668
0.021570544123588737
0.018886931782010497
0.036675225203686636
0.01792870330112398
0.0183250101750912
0.024442213549613963
0.06369844727572953
0.042105841321033156
0.03285427030383917
0.04360543137322494
0.027887762044349583
0.04461874136213286
0.028131908409807806
0.04414769939250768
0.04889585080887794
0.03151224001740075
0.01956065791968083
0.04348067123029718
0.04555889280160498
0.0599188718434255
0.06025959707579482
0.016633341673986946
0.014414926575104294
0.012852568062970401
0.04206321848672206
0.024475962508649717
0.03008669831985974
0.054345524593887584
0.04623216446616314
0.029452832862910932
0.03131708390840289
0.06423674866861802
0.023744806038766848
0.044516026980310264
0.02312781737799554
0.041386353678705357
0.04926022755822985
0.03973992472328694
0.04467353762711692
0.02731957034808255
0.05203211151512201
0.03834248212222207
0.042059888975518774
0.04613323162799474
0.044241360529143126
0.04684855623210314
0.0320007725760996
0.040678943975426055
0.03728221933698666
0.004694747201956668
0.03791651861971711
0.03433187250151888
0.04685328346333086
0.02933074377619167
0.033213231450874625
0.018592017294432304
0.03127382675995687
0.04674888182222331
0.03670874823731741
0.040697137493570235
0.03760800602167464
0.026195540852407
0.045839734480226005
0.017585269018426115
0.032065391738574256
0.061051508811999944
0.020547358697369025
0.052897112011282436
0.030515437216583282
0.08980622213300984
0.051981311214037304
0.04592420294891851
0.05195361497502884
0.042234658825724095
0.05102675738158869
0.024579591897548
0.011487269428834651
0.05237165972670212
0.028539223458527593
0.012425971056519568
0.044569395526899126
0.026872984628254083
0.07027819243414819
0.03295960086839051
0.024806026591101964
0.024867086620516288
0.011921059324174582
0.006855924034334817
0.02410258547018823
0.0006284206171219971
0.03602208533516104
0.031975346105499756
0.04923329320389997
0.040463884477383444
0.02703356445024991
0.02009373971341723
0.01325341655396762
0.030647244957062576
0.020024820316668128
0.03786465767272173
0.06914593749996946
-0.00012281269824917138
0.038364024112359445
0.016933843451699442
0.045887630752219875
0.018891176439354666
0.015065378326930836
0.028168279525382412
0.07283541434170711
0.0498664588533833
0.04135481453521108
0.039677054321122875
0.012925228886347208
0.04285945377961684
0.04113048931339267
0.030302302858748655
0.025514910292803738
0.04237929595264846
0.04139631589518316
0.031924171948303895
0.023297804409118772
0.027054661606388863
0.057144770461670304
0.055026035787105104
0.02884030011074679
0.03710920672312967
0.058204473625363747
0.0020820946918464027
0.02425039289187502
0.042709741606843536
0.03593831409475907
0.040047792402441135
0.0017348992808977185
0.04875048198180601
0.02838592104972493
0.03938748838068499
0.03419801082656371
0.033767196739780424
0.029864873081474792
0.046247056897751625
0.060315268640375654
0.022033128318589834
0.011490753607077023
0.028048168337885024
0.020012228391308756
0.039739426985270804
0.03554093079463433
0.051976058420205674
0.014718883116466387
0.02790912570070958
0.027414253209483833
0.0235993643291562
0.04074984709380116
0.03366494525713978
0.03296172111363885
0.03084501899863795
0.009467061846876935
0.024544804297221907
0.05423923992413645
0.05659159654403547
0.03136719375325763
0.03245566673942677
0.010604002834960847
0.04331881790606456
0.023733556245880454
0.03273068756851676
0.04804465014144356
0.03318954203316759
0.035742510446623285
0.04763931081700234
0.027154926899810816
0.04649687131412224
0.020589024086932046
0.06489890491324488
0.02295067690874873
0.03624976179904884
0.036407514720075966
0.040822496553389154
0.045992324467327275
0.017913099357253662
0.021441904566471586
0.06729709674095584
0.04244503606054978
-0.003532507916196068
0.05698117549337671
0.028141140233663247
0.06423697928123862
0.06167410242768457
0.03375975555191612
0.04439582974927165
0.04794970544185571
0.00440551380837732
0.0126702601961719
0.010951320991835538
0.03884218898300604
0.01668291540329972
0.04564324816071631
0.021483616551413513
0.011867836946404314
0.015288257561701647
0.02693726183282388
0.04746072918127555
0.03197845315794368
0.044846574490518466
0.028944216487167287
0.017638548026570982
0.032123384381967456
0.013158266171052823
0.043014614213961855
0.02913979426454262
0.057745091304690445
0.004678277273871535
0.04902534162877784
0.041871991059034344
0.04618383399886269
0.05502612320369234
0.01728834948356029
0.04449038976525573
0.012539378315839816
0.05182767692217227
0.02896343217960984
0.066223481656462
0.030974891534814995
0.0598699516489901
0.04085024466335775
0.038686893272183324
0.05220554281278595
0.058733655417386135
0.034522918690501
0.035333204529626704
0.06062000879198909
0.03810177584278474
0.0467577195485686
0.04019990577585672
0.029668112104284095
0.03809042013767923
0.052842773643474554
0.03903356232517161
0.030090531755359584
0.02281308550527787
0.0022994566978351227
0.02960016090755845
0.04316165551891831
0.0390956337930478
0.006490260554348009
0.026647707357977654
0.03827089786441519
0.04188829561199554
0.03819794474166804
0.029986377956691443
0.03340648873730081
-0.0005987870364951805
0.03331771835562735
0.05217191990682853
0.05138999875065471
0.04142706233801925
0.04123390220120816
0.04703820750485575
0.061785137319099445
0.024558343474210632
0.026071762068793775
0.015760299568103667
0.04419773582515871
0.05054202119074157
0.01873931126260371
0.0030901177366724287
0.040120173964967545
0.044630515972877365
0.08593259109688418
0.03169097353741144
0.03697333283203961
0.018821504137332076
0.0024138534616212812
0.01723104404961407
0.023155720550520953
0.03051379887710674
0.05925721757115943
0.024364698266426083
0.0639968547162921
0.03888634711384543
0.046685367772029154
0.024828000413037135
0.032236181782802804
0.02491603652913634
0.04663235783985923
0.02301359240243064
0.05075027964101909
0.03946564073777103
0.04305948492543212
0.013017954519511099
0.03155390658450221
0.04575737567335675
0.06049604591115423
0.03029673267096557
0.039753406701688226
0.06583871340288984
0.05855499498934744
0.029473371208523457
0.010624743933025066
0.02050483532826828
0.04025224490043126
0.041192286746129084
0.015403869720845943
0.033772343909804416
0.022570689882544997
0.029208454515465762
0.01661735053779767
0.0443667387818456
0.051582235272962476
0.018323794387689284
0.010228017075083768
0.04679817605050208
0.05873240798438304
0.03997178029820131
0.050499710743696566
0.043578798922704574
0.04686821692093787
0.020967302277838905
0.04162938316585706
0.06172977419611573
-0.00018284907565946048
0.05065579033453596
-0.007697363815277338
0.032899175226068084
0.05322852256268811
0.053741066177737135
0.058999410485573806
0.046912319452956694
0.0346711316495022
0.014757300215269406
0.022491088493349777
0.02751534507000818
0.029597011199212916
0.03842307564742064
-0.007463568873324352
0.05981231117009618
0.036427439083995795
0.0393775760393142
0.004198261753996786
0.05266735176681795
0.040393100569551366
0.03386571926202813
0.03105264435446023
0.0276642021439371
0.01018362288245061
0.03345752526001623
0.022318528001244283
0.02149938103201762
0.0376218210187108
0.03872222621863392
0.02514624776003773
0.04858709489510246
0.04769528650411841
0.04687300961640613
0.024729833219677474
0.045977340943022194
0.0480188240865198
0.037392427531361835
0.013509426554348267
0.014976607813070872
0.042802400055346745
0.041770541099630326
0.0316544749908428
0.02943666537941987
0.007915271268983568
0.023667855751313704
0.025847045244884657
0.04068497659941825
0.05731866198775936
0.03089871361934089
0.031122055921136194
0.03406424143136259
0.040561730749050395
0.06011396557613003
0.04261960102705305
0.03929382414653144
0.0415449293127942
0.051808059286850325
0.016772989053737336
0.055266094448916586
0.060030358593967756
0.03308415684661133
0.07546557738464547
0.01940985373383172
0.01353462938501587
0.0296741238379449
0.04860472144426819
0.043418960859417086
0.03232445393107742
0.02950775011725282
-0.00175469092766161
0.016531733936306532
0.01212712571914669
0.017860573599443944
0.04620060214243049
0.04791441947951291
0.03763462346664536
0.042734612726240226
0.031483818097525054
0.038432344691948235
0.05327415989430423
0.02138020946722876
0.036107897989188634
0.03554978915554806
0.05513293300525305
0.036926550706176495
0.04772436490173289
0.05901233632452327
0.06687117910740081
0.043668258395277604
0.022195977174187285
0.047288858497525364
0.04669802620378321
0.03399032538699392
0.009505291123780032
0.0334591720836648
0.02286371813361704
0.039597592819368414
0.015584726294706207
0.03296067372801117
0.051774631341278625
0.05827367750947029
0.01601194227246499
0.02785134045331361
0.045450857353324645
0.04238864742035888
0.049992313323051374
0.03225682542022357
0.02588669500006174
0.05701681989922395
0.01147315763895707
0.012366122160535023
0.03008886138486799
0.028168190573772258
0.043189851709417935
0.03965721556796026
-0.00033879277513242133
0.017994861833941833
0.028324207970804614
0.030725166087221967
0.03312337596225206
0.042952375144086785
0.04372139774057238
0.03170542301581302
0.036891870298854754
0.01589246662870862
0.030240023550708525
0.051451815955728245
0.06577617896995674
0.024637300309497193
0.03944470679119726
0.01484403016555605
0.029390328874375926
0.07006757877294059
0.028322376530212044
0.06733762908811532
0.04348087607649984
0.05798792186280541
0.02111593107268282
0.04803929212106769
0.023969257329584975
0.032171119496912225
0.024153411483881105
0.032224827958422964
0.021661013483987107
-0.002274031957390732
0.0245937903638487
0.03291155820878028
0.04964041739738364
0.0383826173903923
0.05881827110521927
0.024013208289715954
0.021976181410622967
0.04286483692632796
0.044437887846335435
0.02209157265430237
0.03908714428474763
0.014153607103750375
0.03423334100137338
0.06911568630987572
0.050120362829953906
0.0296672059387406
0.025229617385464514
0.07682058334092456
0.051521333506723145
0.024070103768622647
0.02930641414207564
0.04107595129936346
0.02780682002583032
0.042084002045312645
0.03968586134794777
0.010270673757347372
0.03904216316362778
0.009537951309079013
0.040609846092375855
0.07640070289131864
0.05457277573325786
0.021071381599421294
0.035651434585154
0.040165775304882835
0.02204191858261094
0.01490837754040897
0.047797261783495124
0.03696475989068365
0.05774334243409647
0.03592277874057715
0.07290100007966369
0.03063782720193629
0.02612678406654229
0.06259114864591718
0.03360076786321302
0.005277015013769133
0.015665853277404
0.04458884898981548
0.04174498329735754
0.03714478299235756
0.07039089827650116
0.051844401725287634
0.031059177124682306
0.037628505369973746
0.025272991785117147
0.051824203968717036
0.06313300899149976
0.007443776783122126
0.025332621396504672
0.04615587518056768
0.03411891646136228
-0.007402433893222427
0.06476711904591712
0.041758024410174316
0.046085939569300335
-0.003722374496090665
0.03424766809221096
0.06412057556838352
0.06090859729162613
0.04953404504622876
0.028137328207313246
0.061163679962065
0.04045834531379151
0.025432800847626072
0.043578371403046365
0.008863570830969395
0.041734330024836286
0.02515618190517619
0.033894168685690805
0.044647088096417716
0.02617382632724287
0.03142755436877923
0.03296272054640288
0.025056577065903893
0.03643833836238878
0.029878149196019773
0.030436157398729603
-0.0012995698865735197
0.02662186176829387
0.056088735516412816
0.005950957182659413
0.025655318586032615
0.015190458258097108
0.05608441064779654
0.03962714685787909
0.0348345663169264
0.059235991850641635
0.015719494036808456
0.03711665120009275
0.03373029114775954
0.015318599656122743
0.01938232648630562
0.047099734991770996
0.031782989778732854
0.04544031359443094
0.03179448284227771
0.02888239929556896
0.049282236337843774
0.02083000445956781
0.03575063867971873
0.04163692104101039
0.024371558464865963
0.035502314597093784
0.014668394967725781
0.029227274007578862
0.03193750235387634
0.04872182258139884
0.08345248973767154
0.04856962973757392
0.0035322369276728663
0.04235626605616398
0.0006847825792640644
0.04447085235666648
0.033443678009252444
0.034237867157280014
0.03612564375024127
0.0352978382557124
0.0017276931401474583
0.05896190992357036
0.05487426771183672
0.0343510225652083
0.04927071658857916
0.03979803568948478
0.013300288327434294
0.029146360601904245
0.043948870831994176
0.030486172603402553
0.021359816064799933
0.049208548900404304
0.031197390812540297
0.005404280884669855
0.059375350647269835
0.010960608781378422
-0.006731183482800458
0.021217283914492017
0.06884206793619922
0.017524508405062957
0.042204375405094974
0.029330018239542614
0.03450135739584443
0.038042608414397064
0.03230099329064391
0.024329207213646783
0.025525734583821545
0.05232127882762555
0.029083891614030324
0.02301044599938228
0.02863511983204848
0.02200763248484355
0.038843660186390794
0.015984596572476712
0.06168878580296915
0.037883344364782225
0.03883820589163024
0.022968437150576847
0.027536171087630547
0.010942212265956285
0.034088162843483524
-0.00513207355938939
0.08461402668290247
0.05259721032188016
0.04166283226277693
0.029676356173924043
0.0586159316472531
0.04468152353098111
0.07513228543137274
0.01772333542780395
0.023592929789677003
0.020221971722147295
0.02474717732081944
0.008949575649546121
0.04698979206871967
0.02566219448519966
0.017628471950640143
0.006406202994252418
0.02064790590375809
0.03926165713297502
0.03880934723394667
0.024212654072167918
0.06326827216209267
0.04100080508288212
0.032949560893354476
0.05988454843423839
0.040556482721769684
0.04023307278461854
0.03984106060276243
0.03248439856250646
0.042278897194380244
0.02401085777740343
0.010221971792834399
0.04675609327267281
0.029954375660478677
0.015635920971223252
0.00038997277073152275
0.015204329359609563
0.021033415141545837
0.03612597532946741
0.021989402767911788
0.038731132509193425
0.031804397359332846
0.04012742891886476
0.03246505667112134
0.01897712879464131
0.05787463078473623
0.02269813743478132
0.046417572945949205
0.01860104751587986
0.022545288732068926
0.04225737156125728
0.03620110177406307
0.01739190798038471
0.013560649912206114
0.03356789020395092
0.01074649304199327
0.0389720990857817
0.047151610719469834
0.011370350776669846
0.046818770583562125
0.05817968301662758
0.04437628503100547
0.06684425581282148
0.018951383673762864
0.05864620521589968
0.02515726509430704
0.04063502164754966
0.022729057198342787
0.0294619374845267
0.035545805665997715
0.05087932676720995
0.05605453691552976
0.03771015260217654
0.03201894322278099
-0.0013387712135120666
0.02280373066049064
0.05881054630849303
0.02337309496986518
0.05094334866320693
0.028750334815914803
0.025579835637472303
0.03844128533852638
0.031241260979266577
0.024853082516785484
0.050399344552092565
0.04510208156076848
0.02653018071224982
0.009601573922598144
0.05091757786461959
-0.011382804082843721
0.019158187057222623
0.044425860665421035
0.04970424135771912
0.05820734242174567
0.05432514588685312
0.041784339642404765
0.03351379015061352
0.015021628386838924
0.03464601115052522
0.006053275065838627
0.03539624798172882
0.050676394198467936
0.024034787015899086
0.056447576723176886
0.027872390677368568
0.06853861018662387
0.024635789616715906
0.05861863529156692
0.04873505644054751
0.05109974446769223
0.015166109051563825
0.04300141315519398
0.021927340150453518
0.052233441127606646
0.022838447966219092
0.036657801496277335
0.01819217902517056
0.026767057858657108
0.04878273260077063
0.004638568415482598
0.02403770040487242
0.036610466929033636
0.029841937886715
0.03591180055463926
0.039144763194236466
0.019267060441591422
0.018914511290243956
0.018607403865349627
0.03554602226906488
0.06074611913857829
0.05828364572909531
0.050575375776806916
0.02246859175329298
0.027909104092248966
0.0482670668052682
0.03542344061099717
0.04613162605612323
0.024052259936135995
0.02520696019956919
0.03614503085264657
0.03946213492522709
0.05517192469597653
0.0364546036092193
0.05302589632762923
0.037378550893682014
0.03040451681555242
0.039971482476969564
0.04599670102732272
0.005918631670235256
0.029146042493277232
0.03190533456171092
-0.0011098380250603597
0.05290160663300325
0.05099033457961339
0.014556013163203433
0.05924682569589485
0.043090927712905645
0.04383183486368475
0.04170608162247831
0.03590199412279792
0.027253019087009108
0.05156114601901031
0.013030362711795179
0.04029689086491026
0.05446860750908373
0.03483566088270788
0.05772472546188315
0.014259532316750973
0.031718442215238445
0.01577750989229987
0.04687274076879097
0.024401262777876267
0.027229289739669777
0.061458422981017086
0.03060809251459125
0.009134967475530942
0.02117714367216491
0.049649464371662316
0.029056630107655714
0.03228294902692955
0.0391369719004612
0.051427619810296
0.018538603202220644
0.01713164839223952
0.04630690966254955
0.05900145635532205
0.04216570584266156
0.06644945737093529
0.015989602750454083
0.025541788912079876
0.06482312998778307
0.035439262430206085
0.022436562682404015
0.04712262310345934
0.007791271116735615
0.011424858073853267
0.046311953650645124
0.05965818376349469
0.03274007557415841
0.03640228909097854
0.037391783247498526
0.057128078201559816
0.0245614615274365
0.034596321274395915
0.04581685041379835
0.02024613253187243
0.026526189396063365
0.035084739190038045
0.04572709674169531
0.04053382004339436
0.02134349198450072
0.03660491915554181
0.033365754800081485
0.04593813359921987
0.04379797269703513
0.013604573584711963
0.03214764374184302
0.033161485662875294
0.062344082496692106
0.0462270868915601
0.058571605074699884
0.030168035271284182
0.02486231165340101
0.058418102662103226
0.07235469060631974
0.03524657389787023
0.02847285534507229
0.028210282968274103
0.05905769554636113
0.023928366610566035
0.02963784050126571
0.03644188106977341
0.01902147696142334
0.045820175424236616
0.00771332455378664
0.053290917415572174
0.02946148907762603
0.019682640313196713
0.027004534656103762
0.03398196134227418
0.028746282604585137
0.08544118480451694
0.047114553821539513
0.03305415884984957
0.03358147097122331
0.04919436860364956
0.039359363823645695
0.047973648241069575
0.030861137502248243
0.04957771940669423
-0.00238459819835303
0.03826618788133958
0.05353747950374992
0.03597717562800837
-0.013628685756405069
0.006666020153560493
0.036114058673962134
0.03263127213052092
0.04060215164442551
0.01542772057910634
0.033426309776320176
-0.0037335569451001946
0.025318276380333116
0.039735854885947185
0.037125472415020504
0.05177430128012271
0.03551803426293127
0.03993945175607323
0.05617892316365346
0.0394520672583307
0.03248856614125227
0.046677817729765786
0.03136947964022431
0.018231075472537585
0.017878349628351824
0.047468844580001744
0.07902370664478076
0.022339125041348478
0.018682393934907338
0.030482488527501635
0.026223423379127416
0.03745900938319802
0.03909286035063026
0.028767014699222073
0.010761236098317254
0.025146884812762275
0.02961731001342444
0.08319653012760592
0.050837958374037547
0.03730942544321765
0.054148068284757475
0.05175829817622164
0.030805107159802822
0.015282753804695855
0.05375336695239595
0.04900177283011186
0.03701483461273863
0.029744630281120704
0.04115761623803347
0.029268888465817187
0.04747117800366009
0.0527512783185066
0.05207176985270266
0.023244996413419348
0.02731785699072737
0.04744313817435582
0.03327647934923651
0.03303446962822051
0.029671309660994353
0.034031991613444335
0.03895849698148117
0.0537852209093389
0.057725615894795836
0.05410432615546632
0.053686769455177294
0.014337007201273027
0.029562204113961786
0.018682116463460605
0.027546168213186926
0.024454684744539906
0.03501557314593727
0.014086698479332723
0.05721152481694671
0.04377063384125642
0.01660230985700144
0.05485733526982422
0.055597179214857344
0.03293651903440649
0.03873587175276459
0.08043462026542199
0.01634949932532245
0.03190596170939066
0.038691230009826674
0.018165771586645327
0.005141119841363593
0.014583654890861874
0.026303997796114646
0.05349593938050297
0.04121029991691852
0.016693944305675005
0.027603107637939966
0.06051211245420993
0.036298530601751366
0.06469521752358058
0.04173829096738175
0.04022464382943685
0.02346586321879008
0.044468187397305264
0.031798417306201754
0.0644892167454448
0.048673761737648036
0.049647048886624086
0.05339473299107736
0.020407762532378533
0.011089045594105215
0.05788432950738515
0.04075508541647931
0.03987939249689699
0.044504871275998996
0.036059928546830024
0.05898578487683491
0.03595826298039287
0.054244841787239595
0.048112456087325374
0.027118437534191814
0.016168041961114647
0.01305990086148505
0.04809436739548947
0.03085899100811492
0.03802706436248215
0.00742915069564218
0.05555349086172494
0.022777985330214804
0.020602733053597142
0.047665188902210935
0.007202503641393946
0.047709379138722384
0.018295294807295012
0.05415215445360452
0.06856241345868637
0.03784970606377466
0.036815215832355114
0.01997868677814287
0.04533658586327443
0.03546240500493533
0.023018685345996687
0.01753335318232957
0.02867421672162244
0.014512652104669859
0.005304673384327793
0.017334618764521713
0.024952022308694723
0.03448283134472482
0.03520648527769919
0.04226043319882951
0.02414984593235787
0.029724044379863
0.03366189133219871
0.04032216557579758
0.03127078661702337
0.029860075036601288
0.00659249447387323
0.03704466301333716
0.04049928083808176
0.03794255839653758
0.05610053696070298
0.039372071049036936
0.021490425976055515
0.015047833648033993
0.002022094528088307
0.02582145579984113
0.017374154679036385
0.02203964071551454
0.04478358937753674
0.08157049658118891
0.020456039764106725
0.029851737791163582
0.042934371369512586
0.05866915768106108
0.05341816071270417
0.03249482635636096
0.058484309150056445
0.03914144676612822
0.03212404769378919
0.03133497812649871
0.049055801204703604
0.012908176098926506
0.0229145854574155
0.0030475904267137518
0.041232478950902735
0.029958773451059774
0.048008120259312115
0.05889576830882504
0.03465092104806861
0.04241795494762285
0.04717632547542816
0.0500763292624925
0.05830095491849557
0.02857835089248304
0.06552363934994572
0.04785724867234642
0.05057719131202945
0.04348154958427546
0.06042158684133897
0.008429812121744264
0.040185814131797566
0.05514705102108634
0.031637471228495806
0.036659691255379254
0.01881748210593963
0.06307225703255721
0.03669453582978457
0.013249731785986811
0.02792801206521184
0.048668012336604824
0.00833198195989921
0.02944615594186318
0.05823595342115107
0.03394964662004875
0.051347638114930254
0.049345443595828764
0.05173514403819503
0.026204497712257396
0.025403948511645673
0.03549160412707105
0.04005386792574826
0.05166376774881682
0.0016030454493999805
0.033110184542312404
0.018986565932088483
0.03578596339055136
0.049046859255258
0.00891158055738528
0.03582663224892661
0.03622044715563018
0.03698921956356314
0.03753099064475808
0.02781379964450878
0.06367210534479582
0.07724070860245144
0.028110078736882562
0.0473042217181218
0.038249910702318625
0.022842748762957193
0.06761082234182213
0.00808307012784576
0.010246766004785576
0.04567115688299246
0.04639884010659848
0.03643569225667542
0.031808956175609804
0.04912161658785771
0.03696012941877009
0.03648528228654807
0.04028135603266703
0.0589677549941395
0.035243557746081886
0.010560066896479162
0.018779212225351748
0.03414639811261976
0.025661698475997887
0.026956387117019528
0.022727841164720118
0.048656336927474876
0.056340566117499866
0.02708794784396807
0.04909982384795036
0.03643371465225906
0.04554841918919412
0.013477003377404904
0.06849212859249564
0.04973502357887166
0.04801468702116668
0.06110114495999451
0.027225153094205156
0.049620047318169276
0.03472900166058387
0.03965506606585698
0.03621525397383631
0.052514893678451566
0.04469918941531932
0.03129698877292908
0.0719705617296803
0.060630114541255276
0.014965770662965224
0.0634529194847431
0.03198012617982263
0.035378019020544806
0.04469246885218186
0.004259491714617151
0.014125308814161042
0.00902878845426564
0.020007938546123368
0.035913882057640234
0.0013446488556996589
0.06838329755738622
0.015932065226832708
0.004740108839856122
0.04723882205895102
0.026236075783305984
0.06380719470101388
0.043222622334151514
0.046339421412490846
0.02950275810147382
0.030351324686976308
0.04444640547740852
0.02700988426318774
0.026427229418259236
0.03845959722789547
0.020941562337618454
0.04417063567754325
0.0046617466505092025
0.004745854415821975
0.06175990604517601
0.04006928283941022
