0.006396145625063927
0.06421256268339519
0.07114237324450873
0.030827979712301584
0.05941127623134116
0.001831870641774258
0.02357043747989514
0.044922045115850795
0.04147176777078827
0.03913652556547845
0.04432855297823244
0.044441036878844174
0.04871169241068719
0.045793463796748236
0.0320378915705243
0.03659900521125444
0.04125901103184923
0.016683513298651954
0.05104975185464356
0.034383020813769316
0.04351909211142643
0.02439151248751596
0.040038974228222786
0.0492389529246716
0.026519690204323765
0.01507112300356288
0.023309421011542784
0.04341347814470576
0.04944156395573534
0.05000953835978473
0.033593224623083
0.030893483399780982
0.03589457204008402
0.03738685737990244
0.02971450481952186
0.014105257519414108
0.013539618235594629
0.0474103405993507
0.0413843003301501
0.02469734879702514
0.02441066565039962
0.08072834571148771
0.019047313212599313
0.04136571720913682
0.04235216248209247
0.03436452369278467
0.039714079694028
0.05128522467087055
0.039231996438987476
0.06434474251714588
0.046587701805467986
0.07526181376381812
0.061145590984129555
0.03551529028565989
0.012665830582486418
0.03578383550154681
0.04298433803283135
0.03801068322495448
0.04066399893779657
0.013524743867157837
0.051497889990305266
0.012173772251825848
0.05048364347668955
0.03838332680579275
0.036035989148960806
0.029952096726428148
0.021672333344604455
0.029819628754531216
0.061461367215647066
0.011280943400415456
0.018023614845683544
0.04952055517911491
0.06352013530438837
0.024676315607719455
0.024327185063976027
0.03359675584869733
0.038347199340598374
0.0245044364598291
0.05406139844556615
-0.000800882177850035
0.020118354030056244
0.022676405467191945
0.015313062611593362
0.03786077828991807
0.042260372085939565
0.059762764950979375
-0.00831968649810463
0.026341190791984218
0.03671604794385507
0.056366721798357014
0.032862390628188805
0.0510210006871298
0.06462788547264223
0.03989894790132035
0.04018218875565866
0.016364848709886585
0.07703305430429623
-0.01092631906969736
0.04140630475969725
0.03277494354975058
0.030641765290774187
0.037569062795138206
0.06789657119393741
0.03559993954783945
0.03695515142644503
0.05368094815183076
0.04493063649839939
0.0613015010188218
0.02651904096809287
0.023864566398099765
0.03307361396106195
0.01323626781764985
0.04087149530462788
0.04621920938049301
0.02359369598268138
0.011810375346836903
0.03144929408647005
0.04571347429777588
0.03477392999757286
0.009514674625910918
0.054832587384392666
0.02875878551026851
0.02308458585046768
0.05660994666692879
0.021671499725791254
0.02502843669105459
0.024891273782175802
0.024004644909999383
-0.0037412748380258746
0.020317982307122298
0.06283764778397453
0.03796310187093793
0.04806033383748248
0.03165963209361761
0.024129669595786895
0.025973869325472857
0.01592236809370177
0.03955315281448513
0.03546175064837526
0.044154791763256276
0.07542052073524885
0.029427055486817393
0.02641609544220858
0.0285013248083825
0.024277224640230726
0.02660279259826466
0.04497907751751274
0.016263904513957414
0.0503356183446648
0.039453960131077485
0.03865947659413734
0.04192718461193616
0.02003671427539264
0.046672131777503074
0.020242496887533174
0.06573763025808295
0.05328626344550301
0.004349915435556136
0.003988569717510146
0.014987902968582451
0.05446519382181179
0.056119864340267535
0.037543355145163985
-0.007886600361454693
0.05600567989047851
0.040759112964571007
0.04330678606661955
0.038419213120608794
0.05923045769353956
0.03155540187397639
0.05215849679423672
0.023334075092734503
0.009600763090393299
0.0038307049702345965
0.018738435235291555
0.010542449572060571
0.03018188772525294
0.053085043690117614
0.03152366915634171
0.029728705025351188
0.04441896855351353
0.03737334318278023
0.04279921583601345
0.02525613924481701
0.0253413570318056
0.044827096414507286
0.02641734620866281
0.016730506004187014
0.0712576742022027
0.05835141462184686
0.0657013410807668
0.03823516504809969
0.04110833535710142
0.056231364033696274
0.08368751452465366
0.04345879649171638
0.03290108154819024
0.037132907152909726
0.02653951957496874
0.004455974881241767
0.03491503440934642
0.02536656554294231
0.014968173914795728
0.023280039001494317
0.04566936030213814
0.02864516025529836
0.027702627803849262
0.036188922348977935
0.028435177211669226
0.039642190749568665
0.0620166319056843
0.03354790601570613
0.011222595995454877
0.023631462732616508
0.012947660480346063
-0.002207469297165244
0.019961496048715194
0.053767359854775855
0.05044178175447414
0.028083024801809336
0.0552671173933987
0.06029832724689036
0.05285800869624813
0.03662078042975514
0.01908124578455114
0.025857173599865186
0.008063562092459384
0.026423729705765727
0.03580055388026703
0.05551274351720995
0.025056426937664328
0.03151457859029552
0.018840280053676682
0.009147500118121519
0.053922695968249654
0.03560475291806738
0.03907218160845871
0.034552759774218206
0.03724239868879574
0.03547805660220129
0.019973099351781314
0.027897423612602827
0.03256790093510692
0.039722296560563704
0.03040819095856585
0.015629122559374146
0.025773815961754758
0.0735958587080745
0.05316959437283603
0.05468778738456649
0.044640520146187315
0.0734716392306207
0.03545412557433148
0.04596574294149329
0.026818806304046615
0.03417175558917603
0.036465104815184134
0.027747078454920873
0.010179724786048058
0.03907768147658436
0.049161024711923976
0.039657554677241504
0.02898171129772686
0.029285546257869506
0.040215113482635095
-0.011116622326007306
0.03589154360943027
0.01726327362618328
0.048947713271444114
0.02476043733211047
0.03175679211856484
0.011387868704335322
0.037493809464508907
0.021786851211321512
0.034190717013022114
0.05944143772957724
0.06035050248115351
0.028776296010918828
0.010899038754482126
0.05177596829338326
0.03229076236806866
0.0405283356473219
0.026064328863010137
0.025207345776181316
0.020173075828907452
0.012131017742953408
0.04619540823643908
0.02246327178792304
0.04031031080509891
0.062230684836041036
0.05352771648069929
0.032128530973614476
0.06769970184722562
0.023278972923877192
0.01121236742987885
0.01820035264416237
0.024063306385331888
0.03742328570862637
0.03382647970248928
0.04790923578681165
0.011259117373130149
0.02510450465998848
0.023736042757371723
0.0177638571271167
0.017348030292317948
0.026652679374545834
0.037910009775098986
0.029246129435957717
0.02473863261588246
0.020721369162143538
0.053133252076836
0.05542827985849829
0.03610826129323988
0.02821495949388876
0.022159855335147173
0.02870507607866212
0.0948950114509068
0.04757271593508038
0.049276536613149395
0.030037810053649784
0.0750819985831502
0.01848862372615576
0.04657660852208138
0.04574855800676371
0.062444614329566224
0.03068729602566259
0.012253651716553704
0.02156595511785126
0.056113944120633655
0.03394162764724864
0.026180690069692168
0.011281717125979888
0.013781395208051207
0.05310234584423819
0.02386730429587046
0.04552674039509571
0.030679132800804924
0.037077778305459566
0.06608074839551943
0.039439173054194046
0.011457564156871977
0.03950125145320613
0.06892784849736786
0.014630502292785908
0.013626651355855833
0.03305170984550441
0.048066224166758376
0.013392627837593494
0.0420960775597752
0.030421816369990952
0.034838824874344435
0.0402897815442354
0.033512101226458584
0.03706855217899836
0.06007888040878426
0.02607519954351857
0.04792363289330693
0.027413188938613987
0.03905684005891934
0.050094878267496916
0.03352804711940214
0.021800005937423254
0.027186459703198267
0.04236223842311889
0.03668030195763408
0.026971684244060455
0.047111448363155305
0.028965469581153903
-0.006647533221134299
0.025516733243577568
0.01698297012497651
0.051064839554425236
0.039501057314049515
0.03685919068728019
0.017617949947571928
0.027817538806679084
0.045824746515909086
0.048344574446969456
0.022939942400482808
0.04730958199099815
0.01021449471835097
0.03508341670859339
0.04513992763325478
0.03577925975610024
0.05760052259012897
0.033541837770302896
0.052216373258062235
0.027324588628914702
0.04987741512679817
0.0649457784700013
0.06250420358043954
0.006803830350114686
0.01994177806848012
0.02316856123308489
0.06206192649338232
0.041664326248416504
0.05473516779176579
0.04440252636659406
0.0476559647810043
0.013920338759411103
0.018403272369380327
0.019652303982736385
0.01613369051337078
0.04454942367957938
0.03435727132352979
0.011531051332460296
0.0314504390929864
-0.001915712396569094
0.037819519307539885
0.032860948897401016
0.03212114546761
0.027624627345699083
0.024780427906758197
0.01759463651562647
0.04144513182193114
0.026130021278137627
0.03783304077347835
0.05327343164638024
0.039754300527316336
-0.009412451201396894
0.04437886955930655
0.02534611258574192
0.03765749380268636
0.033355494028049194
0.008482147472536785
0.01847557928930196
0.05099068350981792
0.044710298660815946
0.04232972775803729
0.019400269869764192
0.05726979329563211
0.0713015869857416
0.008763737815353292
0.009567077705513299
0.038751601648582386
0.050180106387648825
0.05051787165919678
0.0042488971531707805
0.03164824881197207
0.002905968581329731
0.04443789730454984
0.05339535058342127
0.05818758350083403
0.07390276392446599
0.0477336412950485
0.05058624270215881
0.03612239381787234
0.029019010768181978
0.005587524150016652
0.0377850322527068
0.034434765910969965
0.03596319162000847
-0.0035482234225309396
0.058048036147342275
0.022292907417719467
0.011921657984124697
0.02891540101070676
0.038625075195833254
0.04445571078463942
0.04830067797164031
0.030653566133317822
0.017545972682674604
0.04029806683731411
0.02431896974086341
0.002693586250142841
0.030272288894507025
0.061669749741469514
0.03413215236588271
0.03952477850546343
0.026894678467618775
0.03425144899198523
0.047850962155633524
0.06693935880004231
0.01812177315756849
0.01873880248317026
0.0705271949709729
0.02764653413532575
0.0432051653190004
0.034640005374578044
0.029499178407084332
0.05120938144236536
0.008242120264836629
0.03382259271229309
0.03319930268760365
0.017133496862428543
0.06815225257743493
0.011525465883363362
0.025979814671740462
0.021831137588299097
0.029472540035686647
0.03065977931759606
-0.01153600122093098
0.04716682431988623
0.022233094028381396
0.02146209316650907
0.05645524102857871
0.0046084041456205755
0.0407223291596281
0.0433770675564226
0.03439300797223726
0.041434559119521694
0.02746083325869456
-0.00028601476688405985
0.044521044257912507
0.04406645210976622
0.02238944978226907
0.044369884777435385
0.060658558577545624
0.035944379194668204
0.03970477175221041
0.051017143252703935
0.02368519817642436
0.03374370826549904
0.026933816229208846
0.0528857147003389
0.0373446196078025
0.03768243335329146
0.07159564115964155
0.06817128130909435
0.04992594556561795
0.025812945544022494
0.006710417340558015
0.02795057456362566
0.055204409898787644
0.01989129086787516
0.03174500230524112
0.0653917416837257
0.028605205968753163
0.054464179501317815
0.02960728258960409
0.031123129100057954
0.044881919677132266
0.014789159390801204
0.02781129268162071
0.045248206320196
0.032611536894423615
0.07947929011070684
0.011135359297845615
0.0569979407408759
0.032119810041240704
0.043857944977455376
0.030548097788934084
0.031185832593899624
0.029881392066137838
0.02216908583607007
0.0453626036555693
0.026100675855671156
0.008267269728293435
0.06054927685576515
0.02689804824973294
0.03613462013712286
0.025921247315975414
0.025480763738772012
0.058359541462384826
0.04131446107908755
0.01947245588546621
0.023712202722725596
0.0414900139596221
0.044730715833302556
0.03557776835423702
0.007976099273485799
0.017723696853408643
0.0258417570258873
0.047830261318311196
0.05904735131460879
0.050937020567121606
0.057555417067330125
0.0539569713864878
0.024985678769129153
0.04526357088859209
0.025098431891685154
0.04734494441513403
0.020182017854027623
0.04254780962265311
0.06834001370078317
0.04376466076469067
0.03782134250117045
0.03030781898117349
0.03099555057813523
0.053482446466787535
0.019174016649256328
0.06154471599273347
0.024342171671248053
0.026129494677846477
0.044870453968282806
0.0019531001106671351
0.023235216131912706
0.04286654383850101
0.04077676617742135
0.03729138906967993
0.039870645137513726
0.06319306070608745
0.008727119277244323
0.01355821896530023
0.037836447983544984
0.052918965749568496
0.05413635792433981
0.020768662450557685
0.05688896588066479
0.027476675117788972
0.0694744056985404
0.03860220190766121
0.06267248914961102
0.05616756693290432
0.05913819773618649
0.032323657674830225
0.0656930804041251
0.060332028333751724
0.05947674784402841
0.04922124843475626
0.02246911622050858
0.03138190110087126
0.043626236674302106
0.04212817964135485
0.027459765928818516
0.01506945372982396
0.022654335058302597
0.04202112362725427
0.01976908680841733
0.048643046352738736
0.03392929188926558
0.0007602010418367563
0.048785271013904834
0.03168506127636248
0.01845048381853599
0.057531532738833886
0.008185859993045094
0.0346455308999647
0.07625439277121555
0.03445850762875305
0.04086943404372231
0.05284132318451848
0.023747506041137977
0.050437917421067
0.017354010234745754
0.03145715812131194
0.012309489212780715
0.027525118474121247
0.035729222370537765
0.037317479817568236
0.00885159211432819
0.021583020105441764
0.05188131618384485
0.050367056335785095
0.024523670109668796
0.05594859790737493
0.04565476049355852
0.031784392426316414
0.02877635370374578
0.04821123906748553
0.03297640047420782
0.02518043056970282
0.03721241555621355
0.0180920382635571
0.03006445618597908
0.02805171329923772
0.03371370443507267
0.033180972457194674
0.02918853180458404
0.065973074974294
0.0184062620428358
0.046478055598053666
0.04706378665373745
0.032809416468722055
0.0004971083575289958
0.01300808908122663
0.049140233945537265
0.016304102990963954
0.04096851880230721
0.029357983312976735
0.006585193305130891
0.059444910945927715
0.038690573362847785
0.05353751688956692
0.01907666101020922
0.0394492026956412
0.014278462768219336
0.05789809303038411
0.04785704230018537
0.043159507883500876
0.043306321450720026
0.04713411769430011
0.03065432132479879
0.03808097385485077
0.04104103439033853
0.051753479898588244
0.03990670103837731
0.01791088846137689
0.0006874876013524117
0.02657925308170371
0.0416340731186506
0.026213748946935782
0.043718786961893234
-0.023413959486839366
0.05836851428202509
0.03984577132848403
0.059711381264433816
0.0162210465577342
0.048251253800213556
0.057395254514044425
0.01844474444715879
0.042439624577248175
0.050330005602048505
0.022771242084635553
0.03661414452205862
0.04950229119643669
0.032599538909572165
0.03201739103064564
0.03228356101388187
0.034653790972786
0.04352835856446251
0.02735176496583082
0.028034013412837323
0.04198862389629736
0.0016548547258316564
0.026861413881591092
0.04640467799853998
0.047871847703008126
0.03956568171972094
0.029381496736767074
0.009074435682989043
0.0372579712763063
0.017331922633303996
0.049143899618215844
0.04867818122617835
0.0401546403505901
0.01677217424954094
0.029254216385514974
0.04064869119489209
0.05196798982815543
0.04718887473346422
0.01570805211102277
0.009243280050882841
0.04519651061755813
0.06175805207356634
0.039600643717951335
0.013465142324183083
0.03396160056354568
0.03546041680437895
0.03802821161532743
0.05976585934440213
0.014523714767092629
0.031649865272222195
0.026075661900029346
0.012506408999035304
0.02117832928401748
0.03434345687900671
0.05421050207097389
0.0322178875809654
-0.006574362253823544
0.014608026696229452
0.03306889897662251
0.040502019790131724
0.07355725938233156
0.06559247357687861
0.01824775984657185
0.02576716028055127
0.04099605114667614
0.024049311164820772
0.07268771306116323
0.022866017235480877
0.04142396573480408
0.06685434077852437
0.04688984731599242
0.04723486730547685
0.033368707541995245
0.05155174072085807
0.01944534665559055
0.04198726319958866
0.06882259470639435
0.03748909082812349
-0.004526934600150301
0.029383837861074357
0.002467049148855347
0.030721181273452487
0.029251025192350254
0.04027701356234495
0.03506433277904454
0.06603888779988354
0.06283580955204071
0.04042734605274297
0.041621180598833456
0.05249142100682863
0.0279600327852738
0.02605897821352874
0.05465628593074973
0.03575762783536011
0.05572353715456161
0.04926398809078717
0.0035397047748311583
0.046753493467171114
0.06085412802356548
0.023619612941306573
0.06286009032890373
0.027239941982225624
0.0746965041690235
0.024544722927557598
0.015484538091506262
0.02483841414578289
0.00866465322842963
0.024388820222318523
0.027176913901064824
0.05983195158330385
0.020383700360600294
0.04383989600724797
0.025001732179321227
0.04094055858148508
0.05970573816729261
0.019433977449195644
0.023465526496980454
0.012937462084787575
0.02043515542514989
0.04317283684329525
0.035531612292567474
0.04357356373756669
0.021411279763638984
0.0341562246463479
0.05719366208392629
0.04971910269498419
0.029044274149069987
0.011456804110071762
0.033299468024878355
0.058118748643151086
0.04031091949840511
0.07816453969325926
0.03280045746857194
0.06338446011651722
0.05080633896665854
0.017511169593015827
0.03453911344154334
0.01124803663689219
0.04367170034618756
0.03523524129894732
0.026085295516749762
0.029562039920795972
0.024486167392638633
0.022051381520267394
0.01738999857688866
0.033221401418832695
0.038776530351902545
0.045307243771619786
0.0322894421793438
0.019512140129111594
0.04364306135898843
0.018520652830882365
0.03644871035139328
0.029521143705362962
0.05835512595448739
0.06288412804175206
0.036269055350534464
0.0454508077531449
0.02621754060263502
0.04357964052481168
0.04875214133437245
0.04707714117750565
0.011171876504489935
0.03445709916486878
0.03816339062333998
0.029211554317486038
0.027262261159951125
0.04370201311320836
0.030561036011366626
0.07112464576155417
0.0416060647933878
0.051453052716183514
0.030443455689062603
0.01552683202124839
0.020081251104039223
0.014625799551212822
0.020061579058253752
0.05885204888388869
0.02964778022246664
0.034138142251404414
0.07798296331326772
0.050044087624765796
0.03262922325909387
0.04135584062257804
0.03934647540396362
0.03307079568062553
0.03024951231208176
0.021125932557663676
0.048194243313559704
0.07306056444144984
0.0448097259781434
0.03708683118098597
0.029861926183776085
0.014955178318924631
0.028695996684729486
0.052577164282531466
0.017642107462531607
0.041064760772885386
0.04139821366651489
0.04273146408796075
0.026552761881299822
0.040392287431237094
0.035277294169873415
0.028801562240762357
0.04505954379758842
0.009211086101253476
0.031377435235606904
0.041778517638659925
0.012725762338045838
0.04829063304082064
0.02596071530205867
0.04677678784915337
0.0007431797245833572
0.04032322971997216
0.06171699267992926
0.07009884115865392
0.03331356811574409
0.04221694903167603
-0.0014150224914989962
0.04225300628715223
0.02760869968519561
0.02088945352080072
0.04265445200736483
0.015487677800321092
0.04532760297997417
0.03804895434418383
0.05531781542371438
0.04012905939723604
0.01907748065572867
0.034548896919953304
0.021990603276294162
0.027067651594499847
0.019730983771165247
0.05825579992943216
0.05205511029194419
0.03612135671303853
0.03582701232654407
0.03683417787846537
0.023522341650892654
0.0336632340105624
0.057837429750760616
0.0578181861429961
0.057137438557157576
0.013886722729145512
0.04008405486834321
0.012817965203883654
0.026333528078057146
0.023019148608360147
0.02500303474001894
0.06706490769071666
0.05335505738127288
0.021079065478583212
0.054122860075522576
0.02573649738672261
0.02111465919830281
0.03078026375714915
0.034274631104265894
0.03396031994147986
0.024805537704948696
0.03137692751041319
0.03121958456164614
0.0626182811357163
-0.011064997275514602
0.01705373298464571
0.04926573356239093
0.024579061322101935
0.032704190134673634
0.01642927019758107
0.02522115878845989
0.03048960762768488
0.029461243977444457
0.03264987154958787
0.04655308589566532
0.01861813811661298
0.03664886027696681
0.03382414907098852
0.02225283850813781
0.05208108570825181
0.03762566804588848
0.024680531487795362
0.04894752794808627
0.015338187070661898
0.047006266087726734
0.06475130779998345
0.02629920401174853
0.0237124069759022
0.015953341719728946
0.016566189192296393
0.050581045897869686
0.009003001867704884
0.07297496293244035
0.030477893515669954
0.055706102382481415
0.06249013575681988
0.017211859868069602
0.030515294484442262
0.007205793147266549
0.010282121525603916
0.05697659132996202
0.07168591430333746
0.0072770265452312384
-0.0024967863933457062
0.055844954576367956
0.05751847609482622
0.018020346789995263
0.04838075922758722
0.041223682167770115
0.012063417879612737
0.015220130083179198
0.053508355861227506
0.06957090618956392
0.028619893707165014
0.058738504381417984
0.042570006650382526
0.05649697176378656
0.04287738176375316
0.06170105666843877
0.011804006210550172
0.03811185154018004
0.028344129600900415
0.041193636099989925
0.03434573532078701
0.046656419580655556
0.05262938763800166
0.06615220198828752
0.02824202402213414
0.039036633204521734
0.039843244356643
0.03029020341485325
0.035760618723176665
0.015338006198141445
0.03541016519680692
0.036234709437577985
0.0311864309599017
0.05606865893055528
0.02464730584622331
0.023352210312989827
-9.775031122244735e-5
0.02142287915826398
0.03693459345188686
0.03448414375044136
0.036275629251098646
0.027082904646741807
0.040638107611218346
0.0506916976585038
0.043340690615113656
0.010674607112771439
0.0390724692551817
0.039137570418923434
0.048957807874190525
0.049483045239995575
0.031207658513816974
0.03698438483085931
0.02238862484422208
0.011296061754710918
0.04740551980841172
0.031754996123141185
0.012358790249181708
0.06503843224902665
0.03510431367056339
0.035828095423370496
-0.0014095094775646569
0.05837715812480809
0.01670177376780349
0.009974446465123651
0.03509979525310135
0.03298205946140021
0.019698424570708313
0.00821014486877999
-0.011776839789924106
0.05573816340509878
0.05356895605790388
0.01234545770372716
0.037912664187284166
0.04441798344967163
0.039018855179181064
0.0406232437643091
0.006265376966111469
0.022087333980904095
0.031444121564287546
0.03838566085171843
0.0494333141642952
0.05616211717609423
0.03703646968149952
0.046373885143746546
0.04824589270011175
0.04224655942736881
0.011660121691595648
0.03301015617322911
0.023349875663277064
-0.012785813412668275
0.03203861959504003
-0.01070211233041391
0.05819590867284729
0.04606439740911828
0.035261655498109286
0.0655192403985309
0.03538390931212678
0.05257962653814704
0.053241726696808385
-0.004705781804989819
0.06162297136865245
0.08587282576639942
0.030452316771250463
0.048025725131692516
0.04583687391572086
0.039093311636363495
0.024609036661773335
0.023014106834904777
0.008661621302114493
0.009381442144693955
0.019229339443546035
0.014854942614529852
0.03907335507626969
0.041034359133177455
0.04605829676851149
0.05123405941033498
0.020506105180494397
0.040976579258278606
0.05450998332318132
0.022577557702929726
0.047327065090165814
0.05444543689569462
0.046396947050873855
0.039366041398875916
0.043814311678655446
0.04109597802069498
0.024122475533325746
0.038773737881634386
0.005133573222980543
0.011090324534912419
0.03884054443018102
0.02549973141528965
0.052307881235574095
0.013735543948800581
0.014580302228651969
0.03419853444582817
0.03208943726764736
0.027830116378194245
0.03659081187194645
-0.006504837584082507
0.04633198242150414
0.04058713047388402
0.02733026244929471
0.041765405833773715
0.07076461116433734
0.014884187535664908
0.027691999910652954
0.028243849171203247
0.038184798524656144
0.04136042902199863
0.040947803949761316
0.06874906173514989
0.010592184742339668
0.044540445671178326
0.025752378380129518
0.035455618266814225
0.03304972286472848
0.02814446334192981
0.050254274505091914
0.01528497221816579
0.01540583113498271
0.019232551432771545
0.02725538760424791
0.03111087244028654
0.04752341365017539
0.03810904127315154
0.04200875767380555
0.04216726396798488
0.039494267185996794
0.05458826958209308
0.059397614877131244
0.0361253280191153
0.04836530309091735
0.03472630814515213
0.0043994347221176944
0.04175542480499306
0.04043518814865671
0.043048036708619355
0.021447766796057182
0.04502535901981646
0.037030819980482875
0.012073849374106141
0.02194166676479556
0.0207483044105339
0.05957325395500534
0.039534787576984816
0.05657943920586064
0.011911238574891726
0.030059556249984295
0.02854138517932937
0.04639793983658494
0.03660410784167929
0.03377451474905444
0.05422417823244573
0.04278556865452773
0.007298211269242764
0.02625106016819952
0.06638238771480419
0.04803777080357831
0.043334293160697604
0.05165264035044151
0.05438795489281936
0.030794716960432924
0.04294295413531474
0.06833495928853989
0.0160869620546184
0.028855054650194296
0.03914491649439836
0.030919542295316144
0.031884709879417134
0.023965882284105365
0.05315295782894263
0.0010675613098950476
0.004307460134113098
0.02754084070489895
0.06189903306176835
0.055845067802420434
0.04490126301558479
0.0472109644340536
0.07316203948967123
0.029210473354833563
0.038960969546945314
0.025682150172380017
0.04434464792699553
0.02333601606367777
0.029692334005959702
0.04038603949438434
0.04150411169284473
0.028420773015092323
0.0044985513267614356
0.040219612106889555
0.0405601972284693
-0.0008010010054407138
0.01733134414870343
0.021492255320995846
0.04105747897197354
0.06469383649347281
0.025182904895283922
0.03296064605649343
0.044392330157959424
0.04260457898825399
0.0695254043795774
0.011569559625132947
0.06836462164267983
0.020235241381349814
0.014461803811645415
0.021475043411713784
0.04211533708422227
0.00863670835041312
0.04101966558507946
0.047165080011635344
0.013200475053760966
0.011279504718093988
0.04106441091068025
0.0019347196288111795
0.032794320662490536
0.01636538133501729
0.04531621779629959
0.033571401228774465
0.0424979361541047
0.04983124589392282
0.00781635796082866
0.02885338451214175
0.05138140320034028
0.03065211436920922
0.012973683078933517
0.029597458123424736
-0.005232363864278291
0.01691647903617539
0.048850736411698625
0.04167256225553077
0.007558784911923513
0.06065777485043152
0.050600942775274445
0.013054486360847203
0.03915413188190248
0.022434826707093118
0.06277113241688946
0.007836191202288583
0.029446964743575523
0.0516255596833392
0.01636966558265692
0.020547692566169163
0.031388717295210616
0.027930622154348925
0.03155195741520574
0.024194106750244703
0.008933565405876675
0.06261989089298414
0.03922194781922262
0.04719418830209246
0.05060941125405397
0.017057967327078167
0.03510938915038672
0.03757266197007362
0.027729679979201987
0.041263633347027956
0.043759650656201285
0.02110050013426269
0.012446850616613912
0.021855244686523567
0.046817648535880586
0.03668414832276269
0.044742583211969215
0.018638218318769502
0.07418049924421763
0.008379973085792983
0.04957833177402634
0.016660834299867623
0.053542170268534174
0.002781781925005378
0.012846542189156075
0.049381953567858974
0.015427853891226313
0.023470482228216794
0.03697106803262739
0.02246562120317974
0.0402676617850073
0.020775102975737005
0.04219361366619284
0.03432216172961914
0.039702242646049636
0.03795050500685375
0.023693225152509812
0.017922854906008465
0.06362392973415477
0.03418970084087487
0.06404071034509216
0.02677820533842211
0.020540127720087047
0.039800950063112524
0.02132451917407052
0.007981405526692475
0.005052873640948409
0.024343284754540066
0.05868075299907212
0.030318225588395652
0.05307211760210155
0.019451774491075973
0.030154287177385056
0.030955063376131763
0.03432905138472811
0.019356213481204126
0.04901638848904028
0.02631114832102262
0.015169812275021767
0.024214364103791394
0.0069379167223684295
0.013013775664339765
0.022983655941542943
0.03008912114211335
0.039475922975337786
0.01991680677660714
0.025065623474322545
0.03908575743603192
0.040084218692865034
0.05214682907686148
0.05386225214687928
0.03869453014895015
0.05704774725314283
0.06418130220141804
0.03292562758846714
0.026637002195657303
0.03934154412873139
0.035820114765073206
0.025889731811818854
0.03008844781856979
0.04951125983656231
0.00378011223272863
0.026320400410909616
0.026566759996804527
0.02971965952413285
0.03708747733034478
0.04728768282103444
0.02984710378403126
0.03319058875686819
0.03013864485154618
0.08353307952416142
0.05328308528696321
0.06126591220319402
0.0025455285560713956
0.060214058723600875
0.034011013041775826
0.057789700388842055
0.021531487278771154
0.026999335219961104
0.03822710457892179
0.018184699478816693
0.05260254295865116
0.05435005603843164
0.03584570906900085
0.044338455289476005
0.02333248828610936
-0.00022830195429160319
0.04205100332031666
0.04590830760483275
0.00021069200495358288
0.0412705425921184
0.07604867217036199
0.031288138347004696
0.041198237508968526
0.021262936158958863
0.07517732286012105
0.02606341786689303
0.029373450702126262
0.04304848727513002
0.030521745000208385
0.0653362968544932
0.029367548429689576
0.031196961672920326
0.023075548018712526
0.03912346061184398
0.02672302708783079
0.023946393120744938
0.01036186127282678
0.03342530383986362
0.04379511014849215
0.025344855668770865
0.058387921070896645
0.06327576723320745
0.03572403139946768
0.029513698197176988
0.033925088641692865
0.005259149937559515
0.04530157175610785
0.04376179002878632
0.043299862734267995
0.02218391057599553
0.047061994774077485
0.01182178490571984
0.04438344554348662
0.01739009041864605
0.04531305576625852
0.03376355087101245
0.03276060083378341
0.02585389628514563
0.023621409319563833
0.0015027683144099204
0.038678832675165704
0.03898392105910334
0.009226071383963405
0.03060754341215553
0.03674049498423232
0.03568533929546678
0.038201805024808834
0.03050335077545341
0.040020203098684856
0.015691703648289985
-0.0008518152523984819
0.050534775136233105
0.032942550413920565
0.027274001975310554
0.03369281849368284
0.042807810568822935
0.0038259691315160613
0.04457768718072538
0.04128111805741562
0.02748737858562328
0.04295822703958922
0.032723832284077096
0.020528405041705822
0.05326316705537357
0.042079935843043745
0.04135856458355653
0.03996950539191307
0.04547867353414341
0.053071331169552316
0.03488153421327668
0.030444744814490568
0.04260030174257722
0.015527717006949873
0.04181896996168326
0.029077301781919987
0.03686260202450271
0.013639069192105193
0.01595941507482228
0.04021586458389005
0.05907644993602711
0.028666973597596738
0.03897051935642889
0.04756864487730288
0.04768095156046182
0.04775311127234674
0.04535231045151379
0.01097580901333831
0.04314013673288159
0.02450519761587122
0.065296726277554
0.04490377676353255
0.024890232383579947
0.027160782585873393
0.023427881807396446
0.03847046861326751
0.03350409878536991
-0.0028446313130914263
0.0435692308443666
0.044902297078128865
0.02351939405665275
0.048884175450222916
0.02665332234395812
0.040071334666397125
0.018076555343686015
0.038685102128235616
0.004406566524561168
0.06597546039844204
0.02522555622526788
0.0473262165961415
0.06261043723983356
0.031423160508185694
0.029887070350259077
0.03960051090689882
0.035804611444721225
0.021445768017142902
0.017677123965708946
0.007886983221311726
0.019337298685296236
-0.00722102193913135
0.028825495413637308
0.04322610592264079
0.021099162135534096
0.02773590055090682
0.03449987300333001
0.038652726225581524
0.029830845561440555
0.02722206671013842
0.047400510006155964
0.026670079937047453
0.03216432603691171
0.02113837393619509
0.015808869885788467
0.022858117605294444
0.001040092278605726
0.022096469543697473
0.038293319800679244
0.06011295772279763
0.014585560690186924
0.042133594889906735
0.020905920913689566
0.034306380708229334
0.016228373864011356
0.04680549012816004
0.033200465555146955
0.02734700971382565
0.03713325389296771
0.0371221540793195
0.00428274383414775
0.04413206413850655
0.019820144084430537
0.036699712540033666
0.0442921256290714
0.06128038129804985
0.04217901012649301
0.016586773958417775
0.036748719920001234
0.05001713793012936
0.012341877973185134
0.043784468257337304
0.00044509543147159945
0.043366044557997765
0.08708297471408559
0.05784952831532769
-0.001099553127141233
0.04513590926086421
0.02411763044196117
0.01644931405815
0.04066635706597367
0.05850645406222779
0.054387466317366184
0.02152664264165892
0.01946374046435161
0.005370068603497758
0.03479646903919946
0.04313756133398268
0.05297558537742205
0.04989041485203609
0.0162323205665922
0.022255199799960827
0.040810985646136555
0.04796235155007119
0.06248357606339929
0.06028760075445531
0.025952904758032136
0.03885102629190386
0.06522241997607289
0.050555908110998596
0.048971604410968005
0.03778296151774278
0.03366025058340257
0.03765625503213384
0.020302043250256974
0.04994168697109486
0.008505418995785165
0.02399674963064332
0.02671238443733681
0.03936271132896784
0.04257229034933694
0.046121691596403024
0.0469549999904907
0.03825280218658045
0.05493899955278913
0.0857049424107439
0.025358721443490644
0.07080026813911158
0.06043055713369932
0.04855551624855197
0.017645812264822095
0.043360887830165916
0.032210160954367795
0.07599212386363591
0.041835829237517094
0.02789541390266662
0.04351703490371416
0.055799754237827265
0.04065541933382936
0.03294875438334795
0.030249710949333108
0.006861611686431842
0.022284910638467912
0.04442604237630838
0.03835370463174587
0.03693748314512074
0.03367106993679729
0.03273357802235852
0.047930689132334864
0.05520016934619329
0.014758744281004179
0.024580230200872098
0.009549282645877396
0.030467631998662363
0.047534538884372805
0.060029510957541714
0.024369546855392242
0.037574272444810826
0.05133533801348259
0.02312680134307362
0.029809431443699255
0.05055402505451578
0.05466194027357275
0.020803501454722484
0.019589266802043145
0.0339128290122188
0.036888881205461334
0.04563757534698971
0.018481039599409357
0.0431809107080416
0.024496928860005134
0.05015452933019864
0.013930256661881113
0.0165196057910625
0.012625246340260242
0.03787505255456021
0.03342518992889891
0.05065404083003074
0.054005074621911835
0.060277708294698785
0.04702118794226283
0.044419788893890554
-0.006723936911281338
0.011678761465668609
0.02499518060465579
0.010731536526813294
0.053975055339979115
0.005684531442952171
0.022624159631253183
0.06671367418383048
0.033048903068284376
0.04785638571586392
0.050734184707532874
0.06164903880682625
0.02352022556049655
0.024098016135225404
0.011323987885889312
0.04017548760760408
0.035129872300467865
0.038771785952743665
0.030351607628963682
0.0623691949159123
0.07717847681015702
0.014020216057348402
0.05557959873516884
0.05611755977116515
0.016707258807024842
0.04049295550160243
0.039519216225207536
0.03064379951957409
0.01212618079832985
0.046763505272143624
0.05179304259179876
0.028415760695962765
0.00804117646742863
0.04409256389696518
0.062062787681394935
0.04168244026563105
0.032698454919394916
0.05165344789723473
0.033546950623182796
0.04694428283148932
0.0161593525525707
0.019353109925410738
0.022979454628144963
0.01686122284124838
0.008783225623353427
0.023341534053268564
0.045529255612795555
0.028957187454818102
0.0611558424536854
0.04890511484924472
0.033666411143570225
0.022681765729504633
0.05513353456181606
0.054680668916092384
0.039478468651988126
0.06546191657710858
0.03629392517260719
0.04152971808117648
0.02803433226572536
0.024737465749174462
0.029520244590106673
0.027883674781161313
0.025367772461085646
0.03682162873336648
0.05749883539888846
0.05037961811734984
0.03850157766647962
0.023832936823311356
0.04900740689019355
0.029218889970794037
0.04420840840066539
0.04636621677413657
0.013289267412170286
0.027733704735826592
0.0028924698787529193
0.04110581550463859
0.03807955812024017
0.01899782128322603
0.024033783901250227
0.06055752945252047
0.054603069011937254
0.014290396376400241
0.011541682123978445
0.045388766502149125
0.01730492683820737
0.03008250075965717
0.03787153448086178
0.04265265659104065
0.05527908325999306
0.02604490780379282
0.019905855299052637
0.0434240444970625
0.04519337320080612
0.053317156819447466
0.03529822829683472
0.016260551035793654
0.0479858099151565
0.0878635838967996
0.020723667677084622
0.0005388071029510436
0.019796222457907266
0.02996353534195667
0.041578399755427896
0.015242608931569228
-0.001209852143592638
0.008536068379702909
0.042743197737602615
0.040292951998379206
0.018478613801671633
0.029832578116682933
0.050430593029642354
0.0691785152306289
0.03654172069055799
0.04337003554936371
0.04210027737108486
0.054007052647420464
0.039137001641740055
0.02246731469999116
0.040416953426298675
0.03412409904949675
0.024240896264448343
0.05382763611485547
0.016540513121766926
0.0267766348053323
0.04421733280283119
0.033432019915039926
0.07031805434247379
0.029465408061303325
0.04188157074958898
0.031713181196318024
0.027346833787089703
0.019479079206167108
0.05629168347935461
0.035971472687919795
0.04844540873918678
0.02529812012736763
0.006270145419197303
0.026603732377450652
0.034969071154984405
0.03890432166839482
0.03449010607183226
0.04126009529939534
0.04383797461685471
0.046013017596352096
0.0286804699754409
0.03113244595591456
0.03450822281593354
0.027414670370287313
0.026446736595843248
0.01277647361620991
0.060861327210654785
0.026828783157187598
0.020217953216032626
0.022430375944267257
0.06089619820688063
0.029625139072593922
0.03508181545754413
0.04999822338899662
0.03019460155064793
0.029492321724352236
0.033655814217082664
0.043713841447971566
0.03217284648502803
0.03536263290191817
0.048206961812559825
0.014383361341995957
0.020882126999285863
0.04467205562579648
0.046036492581871674
0.034976092976428244
0.046305738170781485
0.05184940029208859
0.0462985283267485
0.06814912252265513
0.03973523126343381
0.029831423858301325
0.026807544163774115
0.04059996240435061
0.045114419586021415
0.015056804143764634
0.019145946851288904
0.06163129942043156
0.034013214641778075
0.03509584074139537
0.043495089634473995
0.056362569365974266
0.019182540663302966
0.04914264388226723
0.0461262448547581
0.06096824884569718
0.019760413106669785
0.020046520854069882
0.044398819708525605
0.055193095958951846
0.043757651104389846
0.05152129000478508
0.03437999438139651
0.03236655047244941
0.04044190362724533
0.05044087936997071
0.04409305895830307
0.05213105211055631
0.04773839944404483
0.029277463324974204
0.04696094683469457
0.041227828824000244
0.05798570411683699
0.03795474491474366
0.06659274134823336
0.01070091840469847
0.02874337753575965
0.037647875813514024
0.03916619308558035
0.0416593886438065
0.06094901232196496
0.03440521917462893
0.022308102009299703
0.0381122397939491
0.06852955669574949
0.051366114123557995
0.027271642576365232
0.04524636969420248
0.06277192684364769
0.07689977763716113
0.01817070333123591
0.02864150309810567
0.04354050959718777
0.025156610853606765
-0.009878553919026848
0.038128538914978284
0.03829455676256458
0.03922589244719533
0.014225555901778073
0.01999185880414722
0.043707634671560504
0.03188837120245522
0.01927716262953292
0.031065989300899752
0.01894923146335095
0.07812193825970656
0.059053934563148294
0.07309120817651155
0.047633851134485594
0.03455386629766453
0.00905217688690062
-0.0035141811503633835
0.03519917232835143
0.020521256414026672
0.03779745499265425
0.035339914166032965
0.009349914424053642
0.0655016227891055
0.03294327762286567
0.04887622004468793
0.016344389753850316
0.05393182156156804
0.022163429923217865
0.03295789741333906
0.0306133491411983
0.021057650341160198
0.028446266932226398
0.005442053981251892
0.021631533033696308
0.03280708373828862
0.05774903301661999
0.03383076502614671
0.051574357992146096
0.03474670243275989
0.020119612275416573
0.020667311164238634
0.019128006826778548
0.042782220585541056
0.05191758457321492
0.03507548144637809
0.01840471412951623
0.03901365639060967
0.03417496081104165
0.03648421886529764
0.0397348182382808
0.03983422868691311
0.053300281091739656
0.0049755561729214436
0.03008876731240793
0.059717904645561974
0.024470553664124508
0.024755229776573878
0.023805342641602563
0.03530674994332254
0.04189241888694612
0.05441988383582974
0.033630714660806284
0.03391863922322682
0.03917069171471524
0.04821916821775201
0.04911691301910559
0.04034095394590628
0.007927122112342283
0.040193423793463766
0.029683098316285413
0.039692612499526526
0.030150335829659737
0.040163184357072
0.0143543889162958
0.05515706588238656
0.05968529330490942
0.021388450316597214
0.02211652322850422
0.019904244938046333
0.02610141266699262
0.04626815553354713
0.0034113403032235757
0.05467963124504223
0.08025737489248473
0.025486229142300514
0.05765250393242147
0.04877206566349388
0.027386538241257093
0.02631364038282424
0.06278737963799964
0.0560355292110425
0.05812244356211106
0.07302779140968033
0.01515464036523214
0.07307282150119927
0.03585095974213399
0.07523611880860051
0.04165059101907015
0.052893587657996885
0.04884062109012499
0.03611930049569684
0.08488349411905546
0.030658441476110115
0.02542510791387351
0.012137067627979253
0.060410026157686134
0.04743083008957353
0.03860126003738518
-0.002214088480996825
0.02792988725200239
0.021830373982361397
0.02828530941883593
0.013946695644360164
0.05345034578657506
0.029236318389657335
0.047308058439563365
0.05964684125156882
0.018392250608650556
0.04899358702712889
0.03982354412092476
0.06468886121636992
0.04576921003501442
0.04962010986013562
0.012680018276620941
0.05159672559471809
0.005740731945760883
0.02837759593087511
0.03168687492509786
0.05698142989044359
0.005989389178562609
0.03422471292320636
0.02046240656821688
0.018028334208415552
0.037735229478751464
0.010736218714319262
0.0389789068865691
0.026226152561485937
0.0443954608432667
0.03763752180562919
0.02985757354965856
0.02947619068884763
0.0438422367581136
0.036507348127771094
0.06690403124933017
0.05193140608385015
0.03496755094035731
0.028104006686461295
0.00772998120146425
0.043396443117906996
0.04228821628666739
0.043566269181086435
0.020040841201818503
0.05244265656424035
0.04287672305728931
0.014481054730024508
0.030149546256834175
0.002375603113741424
0.06998398990365878
0.007904594784151515
0.039714754861382644
0.04752918208080941
0.03997199311429814
0.02727344458740013
0.03579772498456149
0.03688078895459555
0.01575999016588428
0.056658842341671
0.03048425058093777
-0.005541451969717477
0.05819555916681291
-0.000416056574850685
0.05527730317341298
0.02835746885883443
0.037180941905273185
0.04242243932745676
0.05049832220486993
0.028939657066877428
0.014530955551604025
0.015432019681523646
0.03379375312959047
0.045946974577294464
0.05131796173503806
0.04548210007142673
0.03770832456596469
0.020167685204768804
0.03952806641552686
0.028004330493494378
0.026293845354533708
0.026584921341562637
0.039517221884313
0.036432708885235275
0.007030924222530124
0.05079992694872834
0.0174376157455632
0.010850460481802946
0.03536861194699064
0.030519012752901656
0.028736652420070563
0.03830849131872868
0.03876535702381832
0.08777845692001793
0.0443737205599819
0.03675089790151663
0.0476560206974528
0.0269665181319553
0.0301679016584725
0.06373470414650098
0.04663786613971521
0.03003952444553208
0.024280616444771183
0.005071868359144969
0.06294950918444712
0.012563753821768575
0.030956901526608727
0.056246132132846294
0.030135243061997687
0.034949812116305434
0.016142397984833336
0.011710126931160825
0.01059728855576366
0.025479771716680998
0.04428091385043731
0.058072563350195366
0.027976896478862655
0.042080293594464295
0.0019604126583618845
0.039446693531577356
0.008844140986589364
0.06645110143120506
0.03403102100315551
0.04332597783555382
0.05072582602192981
0.05005206815820722
0.01820307113684456
0.02332650120047231
0.030925437221736355
0.02175159432986024
0.04145403289364083
0.017210619743648112
0.06321522698090629
0.012307757314920604
0.054910807810025414
-0.003621216378214879
0.03925144994163585
0.04773063935253505
0.05443295219568923
0.055690101977495854
0.047739850747629826
0.04801999828265961
0.00588748867913711
0.028749833070314486
0.03892619233049741
0.02430607400732733
0.03010361593906371
0.04276342423824811
0.02955438162257403
0.05614449224997924
0.01975445365095485
0.016149867134539603
0.02490841211093579
0.035980131192291084
0.06416727870914427
-0.0007949456502282454
0.035775500763285666
0.045527324909377546
0.0751696580701066
0.027459292432367638
0.024212074455336886
0.05704312770778413
0.051087759676014
0.0363896332768379
0.03584503057235619
0.03142263249118568
0.002773135600702617
0.03140571546303933
0.011598539021388653
0.03113900609421027
0.05191463032210803
0.022766614984712885
0.011812021552625847
0.027260176752998504
0.03387735200046969
0.035846808747821195
0.06921592831966498
0.01591871331026761
0.03762097459586075
0.05047244719016718
0.06475983321098994
0.007557270560249395
0.04017961651551966
0.0602833510276357
0.050360502297711295
0.015049487146139575
0.011097578022262964
0.024319101704130076
0.025059694924228774
0.026948786512064265
0.030596186724902292
0.023547181908458968
0.027313254475014436
0.019003864825462756
0.05355443773978945
0.03702309737103616
0.04088449429925039
0.028992906550536327
0.02274431978141185
0.03890181388204329
0.005863077804519797
0.055733047044511916
0.04713519870814449
0.04276005127022201
0.022430277367932728
0.04259165135484621
0.0227680979361175
0.022802221906231143
0.07049029032483717
0.04609574387670787
0.04779303280570333
0.013645368570894236
0.052483287735356106
0.06722985744331003
0.05030444551303927
0.012308857915025848
0.03671735952996908
0.03558974445692097
0.01135566049821367
0.037656860460207574
0.05391330157513551
0.03634864423293222
0.05507260375702384
0.011979172707924736
0.02633634831002592
0.043425008178190255
0.014228516298388408
0.015236700430549739
0.009545530067925426
0.05517387209211179
0.031300667053027954
0.04503547427824191
0.043241575287772976
0.046349226936143614
0.025908986948547277
0.02604885435459593
0.013684657550163695
0.03220293804739519
0.07771562441231894
0.03866392957899035
0.02910129607482604
0.038554380669994365
0.07175851237137745
0.014244278514248735
0.02481724816922977
0.05605213637006925
0.06354261880055971
0.04680057285853854
0.05209233880289496
0.04963102088506944
0.03623592517467753
0.01105414075096281
0.03638432486462715
0.05024441117409486
0.05289223938757523
0.03424662041522737
0.03308687704206634
0.0522208066532261
0.05459062128817292
0.03855962567922933
0.03291373193401277
0.040930879649807884
0.055772278886717576
0.03752357356620724
0.03167602953385127
0.03581173176138141
0.024558036789826033
0.03460536712544332
0.033140797429198295
0.019133925480834386
0.048782707581905095
0.043112790419102084
0.060601542958553974
0.029085912021089868
0.051785061527374644
0.046519819072480914
0.05191859143286722
0.015350760811483451
0.004164632715542865
0.042292024036112034
0.008988365059296536
0.043493133746219444
0.056376408106299736
0.0024888054306436425
0.052679383096227134
0.03539797348087193
0.04042048179872433
0.0014045632199520745
0.028402053804195256
0.03816123727895443
0.02156276133939698
0.06912358394895202
0.05030785956870828
0.033908445617489194
0.021196380185669744
0.011455373211704024
0.0577266061645429
0.05330683871756107
0.05329757477523556
0.003738248112276313
0.037473618238644174
0.024713631884892402
0.04797230833416746
0.05324980417691962
0.04162828621542821
0.007870346417770522
0.033678422879861454
0.03931508111036002
0.07760510914228136
0.02322275541017693
0.024361643803491994
0.041610480075816754
0.034399001912729085
0.025710453437411036
0.02833497793292947
0.04224063261369207
0.0322979915798419
0.04159509002380953
0.05529823526738414
0.0586006571274578
0.022738132048101996
0.06122922491302082
0.034380893882238694
0.02269780085631984
0.03430406982801881
0.03556509087237986
0.031870085076523925
0.01615484467858963
0.0442627107044387
0.029097534671818585
0.047523113017600975
0.012190841517383042
0.028325500922806682
0.0411419010333143
0.007912603732547926
0.024110415354464558
0.07108843414219132
0.043201784962332526
0.048170943441199515
0.05763639252976515
0.04880026982501712
0.03297946805698785
0.07569136374603606
0.04298857186229583
0.03267102662032184
0.018999411471460878
0.022520704584893553
0.005714131102954743
0.02547937450508788
0.077481694427759
0.0374359703190146
0.06995337677090782
0.03239223141499532
0.047382260579307264
0.024546752175311153
0.02536714007980242
0.03600363303059723
0.027678976981822485
0.03330544928750445
0.06595803848091805
0.04985835946712766
0.025057089326609785
0.05370760376265145
0.05464607205961012
0.005970596452523348
0.018612705609325524
0.04974086544625146
0.04721474329560844
0.03724354048632409
0.06230144999172679
0.017695090083768954
0.044202890301210496
0.038664094829849456
0.032550676649931734
0.03716090711428449
0.05336854024000371
0.017175999266883957
0.040149340223046615
0.047907766338781785
0.023052464233729114
0.029290393917436545
0.04329660529876978
0.043118280700402814
0.06626377458083414
0.05390766745853629
0.06686503410461721
0.03470535638313919
0.03174855909330223
0.04787691339127327
0.040277034141861894
0.013084527362111542
0.03934505148053807
0.029693667537292065
0.011845447034992207
0.03617473924070339
0.007761392662703003
0.001969481667443649
0.02816637402332789
0.02265523694048588
0.017417478291060683
0.022044803937077466
0.04288757139272378
0.05417256765419614
0.02539085715670313
0.014902721410957866
0.04140521541922496
0.057197824704799526
0.04314497758192367
0.05067839216389864
0.060505447136351635
0.05352769715045276
0.01866791907392383
0.023183853339582595
0.052761759555077885
0.02883484743116084
0.02107891874018432
0.011536012203238981
0.015275741765253563
0.02418139741803599
0.06663495633256637
0.060942265307493186
0.03157379915071098
0.027871350148387892
0.03214778699453491
0.029563623953156138
0.02661442337009906
0.009056740480224363
0.05943301235397418
0.04028884966849785
0.0042682404427227625
0.032194205215616056
0.04679970616649521
0.07790941326985791
0.031413357116901665
0.03297294138294599
0.00917950718462068
0.0257021284585978
0.0546159998575826
0.03575642537379704
0.038186541844894964
0.020949830722443965
0.05116442082483905
0.03917029089043823
0.03353706077196487
0.03748783499478466
0.044507482548411276
0.01909259191263153
0.03898272181963911
0.02424181453684897
0.060910585483075375
0.07950334564204734
0.04844184754284463
0.04497810930536744
0.035214608948066856
0.05452741495041569
0.017188029914986535
0.058499857201499264
0.037225051564189905
0.035175591839396975
0.020214393797901808
0.06128323821933719
0.030151052558342387
0.039899591270520035
0.032145540112651506
0.04407190821653095
0.03713916587334635
0.039594159001589045
0.028758656972534137
0.0842247010473125
0.04741045877448021
0.006827111012202541
0.0456953927012523
0.030641156421787993
0.004954837757557214
0.03253519476735184
0.04553602691061939
0.030407234691936933
0.06061842752134813
0.03688145459462913
0.03248348543587582
0.027746721114475303
0.04717142435962949
0.027471588423565646
0.06301427196960456
0.0381936916625066
0.0294619903017093
0.02463558989120893
0.06780771621989004
0.054488594174019425
0.016908428500119862
0.048193287870157045
0.05043822846842261
0.04448386739524868
0.04258233869652391
0.02450525611432828
0.016349968706989876
0.02030350184993654
0.024084916397465763
0.009359914881995307
0.04640073653776847
0.028147395917016385
0.010140972331506327
0.049385608208282396
0.04215422968268637
0.05508965273510564
0.0790883311709016
0.004822152661078653
0.06310997152144573
0.03596266208582849
0.02874729893856516
0.033631644716311464
0.013828300782984873
0.013381799142229483
0.05167341968554601
0.025191818786562705
0.020758319439376855
0.027984801365046563
0.004674055668361229
0.03560287915547793
0.06847619414900159
-0.00882073982471146
0.008041575936702358
0.04876000741677659
0.030665194849721075
0.02047286970473414
0.017621921600678735
0.03900814517001313
0.049749359362189126
0.02414002340261413
0.05675104459536315
0.016228035775231863
0.029425083502196737
0.016485901659517715
0.02507788196045923
0.028388963842415127
0.04527626772143422
0.0730229742464504
0.031108558772364132
0.04529492914154011
0.0507739875491464
0.038251449002791496
0.03155423507030423
0.05282054115741363
0.003700758022247558
0.02482686414666409
0.0533806201655087
0.027739683094582097
0.013043288012213067
0.02775750388789543
0.021603108974493263
0.03933988815548305
0.013860397854977178
0.045270560707817056
0.03409575070418525
0.04975125244588134
0.0258831203051718
0.04753915056291735
0.0425176255396668
0.028864275147665902
0.047363772224804736
0.0012034017236900055
0.017263582014940226
0.019130179205603885
0.04470224562292108
0.040694497310891704
0.0065331208179570405
0.0485257573672856
0.03996327871424908
0.042687269292439996
0.027469345155522754
0.047370007340249494
-0.012000223970460105
0.04445258532257673
0.01013193550355164
0.04503827440537928
0.025858665850281265
0.03705165045250765
0.06418524339385573
0.060548669397166646
0.012357391482998628
0.028933884652000124
0.056631427189140375
0.0141717567890464
0.028198005586970873
0.016514314422657626
0.0005258301797488994
0.030401009007282712
0.03905433498753507
0.03396290164244303
0.028226360992418657
0.03030706413149481
0.020288416586535886
0.06229037299708645
0.042474884848066524
0.038598020469871215
0.028139885056153602
0.04831764131265435
0.025145808015697466
0.025900021897601065
0.051188701318338165
0.04974101861029093
0.05157604613168073
0.034631892095753534
0.021614748199579155
0.02137991328237289
0.014239856979861605
0.030914873310577434
0.0720136206501571
0.03330783063797955
0.0436063218391715
0.04392189944258452
0.04218001170141087
0.020087662048393372
0.06000078445454527
0.017016534448570722
0.03642481795408841
0.05036668787202657
0.019400697393234346
0.03185709155440198
0.03971688917003891
0.03502326673326661
0.037703004226160415
0.012879813980033574
0.02746749496261679
0.07634345998061633
0.026191423208751383
0.03784883942566981
0.05261107844504918
0.04498169026989238
0.047595519623176756
0.031328539997407236
0.04997355864536269
0.02251061181974855
0.020004266112343176
0.02834846053503985
0.04470924369834701
0.021605646650564424
0.018986206266922726
0.04453813664069013
0.032519336045570786
0.032685809077694014
0.04745789259393367
0.02943695697446423
0.04737991558246848
0.035576016954723066
0.06586719538980246
0.03585890786745308
0.010526563806839147
0.05459356356286089
0.035902099468608506
0.04713933065938352
0.022339459101670137
0.05135995051274825
0.02110520800745741
0.04953766362588328
0.03460594654687967
0.012328808032220293
0.04966527290414992
0.03565543523226312
0.03634213954364454
0.02105379838020823
0.036688000794979206
0.024520534235961254
0.04715569846242905
0.050145209601628805
0.034638708919529936
0.032577609971592175
0.017512027045250757
0.05532813373883175
0.013642611041578545
0.005586138165788221
0.03508384709934857
-0.0003203749478393101
0.05432034915058656
0.023035360142708718
0.028549095975745613
0.0056869910432443
0.04175823323612093
0.02691817333412578
0.02587704945463757
0.0343995336711243
0.036759298684414035
0.03680476248087116
0.0208302941490403
0.03831281613920712
0.0333477537113028
0.04894389334349483
0.030641642770654003
0.03883969106451171
0.010714639528043801
0.0657458687612959
0.029557337949061936
0.05946544466173942
0.007561948433807888
0.003588918169565418
0.02727862215922248
0.055437467362318735
0.021809629534478493
0.0389784701863632
0.021114007368475036
0.05495021647034521
0.04817626948432897
0.03597273932187618
0.05396234192218285
0.031898014569953136
0.03992744979307392
0.045869218641519015
0.0262710717275564
0.03848418700750857
0.023571525286312418
0.028431704446361544
0.022910867580378132
0.02630952533728651
0.054115128945897026
0.043367456361212454
0.03143991538696861
0.03473180082761028
0.052546262281496024
0.04559755224937525
0.035585256859130984
0.040391884516361456
0.027224203663517237
0.019577024849839336
0.021801589269753358
0.05764976126758652
0.023077739995135613
0.01659178187697329
0.04457395391824901
0.0005935022703588742
0.039987220061692676
0.04017677654698315
0.06404571207067086
0.06729276224097973
0.054412372968866925
0.05192117625237537
0.04591754292714271
0.013324903665312615
0.03150200232816697
0.005331052323253936
0.012037414204993827
0.0057621868148935405
0.05200143263601262
0.033134109401065454
0.040679329433252934
0.023052742940571143
0.01931984060133865
0.0425094475779445
0.05265788743297049
0.0394001708423505
0.044304637379320576
0.05514020607860619
0.07262769274753225
0.058045396185840974
0.05602194792369151
0.035121863281331364
0.04447569235336005
0.05982849944456798
0.010296975809202623
0.04822257369118696
0.047127832795658915
0.015218195418356159
0.0506373013826739
0.02122493908375814
0.022616764710657558
0.027167562350724938
0.048506771246776825
0.03153428859235197
0.03182455623825493
0.04719425059709137
0.03225610717352766
0.053051715326551
0.015429050081182366
0.020185159500713933
0.025357548152422475
0.012937998338970066
0.006416802325392797
0.013088643529549387
0.050608448781901814
0.027147222137109628
0.016081005689288663
0.03706319613508951
0.023506986459225596
0.017233001037960865
0.0431635039116313
0.029967229205848864
0.028798049245506326
0.07513840816459735
0.051375567951736645
0.0501306134738351
0.03203209873514558
0.0324405901822527
0.0324666258520699
0.04563379088161178
0.05497808981328241
0.026916597686337574
0.04704995098842433
0.007835679712391139
0.03989732172882597
0.020495090468643236
0.030230930999054408
0.04372103962582015
0.017250978550267207
0.0791906638627046
0.009773949281416654
0.040422353883444374
0.015644219874923242
0.017306259146990986
0.0220264810728995
0.03992324458268725
0.03266435418215118
0.04702777441762335
0.021376389072942793
0.04457813493041599
0.03912274055038063
0.05274873214106639
0.03985358127070504
0.05132254775686093
0.03958633631422924
0.035526940401569715
0.03185659463990582
0.025355124601327852
0.029314818016555895
0.0005193721088964993
0.051010103635644635
0.05262240623611111
0.005624099276408123
0.07524235732687325
0.03761375165749665
0.035427336589072045
0.03987800131661316
0.02183506793458748
0.028990818534725918
0.0629857099425465
0.038373118485376875
0.012045697297306505
0.0427722858635805
0.04641001592839438
0.05143778710633558
0.032339834604412414
0.0037402003354869767
0.04699461335181723
0.05090375660563017
0.02432226321710861
0.04114369633367944
0.04186950096546789
0.027203663958929654
0.026368283809252373
0.03568574955783405
0.0350996244238943
0.03626143014795049
0.033916256996080675
0.04201638250488998
0.032327986027542235
0.006530365829301251
0.07184432621482502
0.04321954686319974
0.026616300896428278
0.007447893384636111
0.025882211662909306
0.05283718151326145
0.023268825172154034
0.04929094973502001
0.04204793081529166
0.013312987212159585
0.0329010565088133
0.07225619284519648
0.06438533172911308
0.024751799532011162
0.00883070735859083
0.04165043426423138
0.029987893440207546
0.003909399266848933
0.011660513781202805
0.019980461285658183
0.027965248103349837
0.015216078906433448
0.05456235414805657
0.027672528440050553
0.028970871289143846
0.021419531384188627
0.04435749234688709
0.07330493124839382
0.057530966122126784
0.04476594147056227
0.008375396254356834
0.00912051764791053
0.045695476749276626
0.04026165198227874
0.0331383939096174
0.035890947477830046
0.032230031306697896
0.028884641361452995
0.0027814139635391768
-0.005864851638001196
0.04038665617811361
0.00919868012698216
0.028616834180376992
0.018029836600581488
0.040877399672292036
0.02307882360969363
0.02938941513852659
0.01932565597988586
0.043943764610664786
0.05266448521858651
0.017777854467448388
0.03301062208276169
0.04355764926116541
0.04217571218657827
0.024452201984725516
0.0507857724210336
0.05573445488375361
0.018093113283570123
0.0712119460718032
0.03441778795218263
0.04559702091385079
0.031010464958700024
0.040042979916537165
0.05420002988763289
0.006079888196469857
0.04287662619146749
0.027207887243049404
0.02385628544933512
0.01930111208644676
0.056280705227465366
0.04148802738188976
0.03286725613996621
0.05744614639723253
0.038452386403454296
0.04122523377165553
0.02637964808584426
0.04463758573819546
0.02049008300683713
0.040946908033487016
0.035300270508967085
0.02232565794457185
0.052069325353225046
0.03215380599797808
0.040614559486087776
0.04963274032487294
0.057016237598274115
0.037756665328817565
0.047413975979936046
0.0336148365724763
0.04052210339417705
0.024736816380768526
0.034831989971941445
0.04197075015589816
0.027898396595002654
0.030864124204734784
0.02135799683417923
0.039306309017970456
0.009978300601305853
0.0396077998556065
0.037303672373206996
0.03500172700618914
0.03439864628099227
0.03753079781415452
0.04229411710910674
0.0159313988624442
0.06759946404573385
0.0506255422940342
0.04233667695318642
0.025351204020561468
0.043758344267635474
0.026829012964420466
0.02082214705643965
0.0465423474355318
0.061771613299807786
0.02803289961327849
0.05166707053828519
0.02580313929885052
0.03227884234921085
0.0485789859012739
0.04528944135374536
0.029592526661137503
0.020456116876322518
0.0077939530929036945
0.017722419320429155
-0.0002547985001897342
0.05498943823643704
0.045077950044150925
0.033221449764130294
0.03793308313735979
0.07676927556160548
0.058015774985256195
0.036600344851378114
0.06544886254727471
0.03212737007116398
0.034261925251134154
0.03254482103067988
0.052448617767807446
0.006095707890303761
0.03534278574109806
0.047019550581595695
0.04763398379429993
0.05151468426835953
0.018948943224212922
0.031015611924094588
0.04432177181102677
0.029632232685410275
0.06596611454509999
0.0509966601234057
0.034520907467484756
0.02975375346885749
0.05202430525182747
0.048952402754005045
0.06800433924545876
0.04022306720958054
0.05340393724840027
0.037067539531848215
0.039407987144667936
0.03539091482184052
0.03180646897534588
0.03364645808640992
0.04042500765973153
0.06038196732176098
0.03237954864171392
0.013952977955261988
0.028127112799959404
0.0454159712048539
0.043694400850221554
0.03607784335312538
0.027147672683639
0.005138715750654147
0.015426967010381706
0.05352193609533751
0.051090702380350544
0.021716477593688936
0.024897361952619452
0.058924561858300056
0.041412152109361895
0.03642158666728835
0.04655274278862478
0.025399673390524992
0.022184008353264457
0.059920694200515434
0.013048161832027538
0.06276989233904885
0.035024582420000096
0.03716167809168409
0.04107598165176434
0.06404855736020108
0.01829298994677291
0.01357825090003369
0.04919826165439645
0.038744260311316975
0.04757909836180549
0.025586138218868383
0.0018620432777347422
0.024211566130735152
0.012729111039694006
-0.006032750116232049
0.024929682797703172
0.040132466380136754
0.011825550696203481
0.05439356027722501
0.03720034021731102
0.024134724367518394
0.0432815029583338
0.054391102957157905
0.020212913874430263
0.02223196694762744
0.015687144089232722
0.05876851093744332
0.034326772357181866
0.056205136920920454
0.04076386574371942
0.04519074455051472
0.06091746302219866
0.040435335277983604
0.014943712156585954
0.01433653227827288
0.04982280718018404
0.0576184924020705
0.027727379660015733
0.027682473426222
0.02782980119531582
0.06141108196959899
0.057381837874637666
0.03448564436556351
0.027902213338618653
0.03651247277059599
0.048578633392824304
0.05674492044827984
0.022714670413627694
0.036845563938368464
0.04596610432300391
0.048411020836042123
0.03664487021188799
0.034564558972232866
0.0636171089984474
0.04307508545062214
0.03566772035076402
0.06143442981909044
0.03448250620394101
0.020346957583543223
0.03786760898938205
0.04077599244448105
0.012176478814936494
0.04776821079656443
0.024712519050017704
0.0446331247219622
0.03565716852029367
0.0402621617041703
0.010605202218976678
-0.0049626320313625625
0.04462079686317141
0.026219026882702844
0.03883180533340605
0.030657639009835685
0.049893332697367426
0.026330197847171357
0.044655501227213075
0.028405979310687363
0.03405840335709464
0.024425147444933168
0.03322649688451247
0.01878234668285824
0.02918439386428363
0.04247608891203449
0.041810057667868765
0.03694033092529761
0.0425808109118964
0.03028363826692197
0.06238587570908193
0.029654693653820806
0.03298629127025914
0.04041599585964496
0.03261336823072933
0.042321878011272775
0.01830308860916894
0.021374563272219864
0.010621814075019458
0.052445222256559926
0.03398547557922424
0.05337509945870352
0.04014591642653974
0.026913881026536194
0.0352594923126537
0.05256300090871755
0.005817180838207914
0.04004439361811836
0.014514480776377896
0.027659747565148326
0.027519559755071515
0.057298794360433454
0.051790650915981847
0.004123701485828939
0.036937666254588865
0.04021360421280714
0.05005710924906738
0.056251158292944595
0.03321449932423522
0.0678912089877029
0.03499482244102128
0.04935145238606948
0.0418535612956817
0.028974249963823775
0.060825477353217326
0.006908750737136506
0.023853352077039508
0.03744239072102322
0.07341028487575177
0.025890526000154204
0.003864116885347841
0.037210485751702056
0.020059953977544096
0.013224283468260099
0.02696478790549081
0.01729076735285519
0.043373691191017694
0.05366777283676633
0.04594874001238345
0.025045430533531227
0.05372703543957792
0.023526961829394153
0.04968227769507312
0.04429882759779779
0.043811795107626464
0.07926970412939396
0.05907003675922975
0.029388589032336383
0.026591678385682643
0.017849439781511045
0.06260477487582843
0.05809817056444384
0.05992728534082031
0.046719348560983906
0.01831105391378036
0.03733042596056822
0.04315251875749369
0.048887913094141186
0.005601345959088419
0.05989893784637417
0.03960869430045677
0.006898078456266584
0.03605563112652858
0.0349040431326058
0.03282523034944903
0.041704405705093775
0.036272710810511505
0.013376427238378778
0.04558444327888136
0.05938408991907024
0.0741442919821689
0.021766243168541834
0.007613963978206825
0.04835875027492589
0.041360636636743435
-0.0003081259518987008
0.032990384944619824
0.0413964839370523
0.02589019193743672
