0.08157355410405302
0.07984307203449435
0.0823180855145933
0.07960839756524055
0.07015590830534416
0.08033145664411567
0.07888678399578201
0.07890113593342299
0.07870041606198462
0.08370746005667748
0.08389220331665084
0.0801129451373839
0.08127722505448999
0.08474220907257381
0.08078590792122914
0.08552421104738957
0.0858370993742193
0.08277747110426259
0.08946287015488866
0.08609296366242442
0.07997807216848365
0.07627723994055594
0.08307264201473058
0.07927049520301516
0.07371758265406451
0.08138302366274622
0.08618062021604646
0.08727989152171745
0.08411969707847233
0.07615741289589115
0.07445867425370489
0.08516803763139569
0.08158525238132054
0.08669130250640687
0.07745785255501776
0.08195300937697964
0.07474106169907105
0.08193773782330803
0.08680830054466021
0.08331193792627067
0.07799263183809219
0.07599274373427192
0.07981305261659236
0.07966050635774738
0.08061420531385882
0.09194686734430224
0.08658289319806309
0.0963647674090016
0.09171596049521674
0.07721992216044726
0.07448604349266999
0.07676788025231698
0.07520282132128803
0.07675734574229431
0.07461632891889891
0.07730606243202295
0.08244948045013391
0.08749934168794152
0.09072202774713661
0.08465352426588592
0.07687089749071611
0.07975575209765413
0.07882286573680822
0.07515671099241876
0.08295261694023798
0.08416736567843203
0.08409844561005522
0.07339970568655074
0.0785597152760148
0.08615716385833752
0.08150416930517511
0.0812621795930687
0.0748487720791163
0.08361118869209822
0.07572043772528989
0.08166658544442955
0.07706746901790762
0.07719313937087152
0.06635888521885282
0.07901936201591135
0.0724488867261305
0.08005037337650465
0.07816817525587803
0.0847050735448398
0.07733579498568233
0.08417685542938946
0.08280158368258962
0.07658926096843768
0.07966528837501463
0.07748821225594785
0.0869949761732387
0.08062140995805325
0.08019312707275392
0.08833209936155789
0.08059137951218043
0.07949381707696823
0.08084187911364066
0.07650397704169531
0.06573482201867098
0.08458897462814194
0.08274944268809961
0.08089185162860947
0.0847166752394217
0.07999996181172177
0.0797211124305727
0.07936777610435734
0.08011924698525073
0.07410180929892334
0.07698591460021195
0.07391842653138186
0.07734779424966677
0.08581359979096342
0.08224417274447977
0.08195880278973935
0.07907923609952243
0.08430483637694412
0.08207131398695652
0.08314551431142152
0.08049058018769917
0.08069690004628065
0.08288285386455879
0.08736539330175433
0.07980357938532517
0.08549630509158176
0.07535914945985361
0.07975468086941123
0.08197747684701655
0.08463033353855604
0.08164643960473761
0.08804803434695324
0.0801172549396229
0.07921862983136606
0.08024615525635517
0.07990233521169218
0.08559420804016668
0.07310363054570185
0.07621558290734406
0.07697456214298606
0.08040655527800805
0.07157229270453208
0.08655853138187825
0.07700250838785948
0.07972522291188684
0.07680659364749769
0.07461219248060719
0.0871432791031685
0.07947648493552158
0.08355447579296621
0.07586814388508553
0.07740222287889864
0.07963525797713542
0.08695460459000952
0.08477469711855444
0.07627870327427792
0.0928590775422978
0.0888480208835186
0.07826153979019607
0.08679968929256296
0.08713364915442665
0.08007969496516656
0.08434356886924049
0.08981409641175758
0.08610687381215433
0.08373313822732817
0.08341635680883941
0.07959928295477992
0.07998667241453991
0.07925420450689852
0.07915546835973633
0.07884906409801792
0.0783618166283451
0.07977462375297326
0.07789672346736404
0.08334246456490009
0.07842633656943537
0.08477931227953378
0.07740562827781605
0.0782940215238046
0.08562824763247179
0.08087923650936307
0.0742036564514792
0.08482280586575032
0.07937610304584347
0.07808338085181252
0.08356633200617135
0.08027414792248666
0.07960482816279765
0.07903332038466983
0.07688446008885189
0.08587874173049104
0.08307360587343235
0.08477538396996122
0.07714210290492901
0.08313473284877503
0.08340646250822809
0.08175046578099811
0.07767146667484562
0.08045402159134943
0.08163505524980011
0.08520990369008975
