0.005034839580859563
-0.00421877343866192
0.002472524867709117
0.00025067837876042765
-0.00016157608851095464
-0.0020897033591710185
-0.0047092901816839835
0.0044264415982308665
0.014330125262957842
0.0018181586773852235
-0.004863591317006435
-0.009996134440544766
0.0029603407010350483
-0.0026770142890133355
0.000705830672654913
0.0010812389529464238
-0.001925880144756924
-2.4211998525723204e-6
-0.006700315932431085
0.002250714480727774
0.005304268614822556
-0.0028232982480195217
-0.0019759348160364675
0.006151026940976952
-0.004434667252689957
-0.0003430568253530422
0.010813681498162588
0.007056298110894799
-0.013620533806308989
-0.0013096583038549594
0.002023401185395576
0.012927979647403677
0.004476770870202684
0.006350628008568456
0.00975290534409673
0.0007633596513886981
-0.00322893975346065
-0.005442876402965904
-0.00234454819134921
0.00036661942169651136
0.004212698539746625
-0.004010857754748807
-0.002062284187302066
-0.0023023933162012607
-0.007788949846783151
-0.008174963769382862
-0.00017886510467715917
0.0006897880500970189
0.00233946022778853
0.0050847998892680725
0.0005894981801255148
-0.000658460976496818
0.003156663876334335
-0.006111666542848362
-0.0031480926793282494
-0.0038713292244874214
-0.001198391738801188
0.0006128580907972936
-0.001255844589629716
-0.0004134808588761238
0.004824097860046191
0.006161633952053435
0.0045250153995109715
-0.00737249204311237
0.0008719197393064516
-0.003399248566256671
-0.002494910127393129
-0.0018059708749392986
0.00021052594396070128
0.003125215597003438
0.0036786221449302777
0.002337180719785082
0.0022081469341122505
-0.00799130436705089
0.00041330580193952443
-0.0018194995949519256
0.002668267506748607
-0.007458829618214021
-0.0007260170309961717
0.002244406978787064
-0.0076054634214343326
-0.0062844780467894235
-0.003790347000484279
0.0009589402125095308
-0.0009223667131157986
-0.006213641965705986
0.003958658040146497
0.0029504216341431637
-0.0002784099924717085
0.0037593309929309492
-0.010720112716920515
0.0033296864771038917
-0.005589093035798216
-0.012672945995119896
-0.0012975104189286212
0.0014277101443851972
-0.0007969491073841696
0.008235464317919808
-0.0023951442742205114
0.001893134201711319
0.005323065328961568
-0.008337152854491778
0.0034574181139892086
0.0007800788068529126
0.0015154434317444648
-0.008481765528801699
0.002977382278246442
0.006651292290307132
0.005316044868242726
-0.0009601716483500056
-0.0008299521669635127
0.002616922711056634
0.00013501390390467045
-0.0030718366626971178
-0.006027717495698457
-0.0027371246266635345
0.005796801697393005
-0.005867318825362779
0.0045937038691649
-0.005346493702853516
-0.0024154040642679234
-0.004108608867238733
-0.000965097636102667
-0.003242115189854176
0.000749196395893761
0.003204631303179724
-0.0008172721383349317
0.006311431394414687
-0.0017004260418741386
0.0030294711811877564
-0.004914328570312898
-0.0011293541269732689
0.005191777985582335
-0.005200463647558734
0.0011120443048039225
-0.00467611997462745
0.007349998494565518
0.0005607092071652448
-0.0034521236302213604
-0.002534990334688888
-0.00451124027548272
0.0042867604149740696
0.005009377934493809
0.002605512290575263
0.006029471789928558
-0.0031441404894472194
-0.0001287395550817306
0.0015861542767526499
-0.0063729612824731255
-0.0020449365902923213
-0.0028917481916114884
0.004003881947622488
-0.001776666616026137
0.0035401481495308668
0.014373321722136347
0.007735655875866534
0.0037267625277340125
0.003403506591717558
0.004607829323778398
-0.0025565829477661047
-0.003874991207578646
-0.010213058855151304
0.0011900895500678618
0.002761631790203776
-0.0003728557409358442
-0.007029508011690957
0.017121669609550073
-0.0035308822533660186
-0.008750717939467674
0.0043395658512278045
0.0011714857571434735
0.006707492077803689
0.000848164678491678
0.007722889613106868
-0.007081406850439936
-0.0018934266939849705
-0.008947604015668515
-0.0011098039776391607
-0.00466116323177755
0.0018391663916551713
0.006511752420223585
0.00793631780097494
0.0032880772842990603
-0.0017227200373946363
0.003462905172533292
-0.0014139963752393947
0.0012788036177230433
0.002417521747174609
0.010956561016112741
0.006143825752862645
0.0020585019288591167
0.009653681454880563
-0.001856384128110719
0.006551512909970984
0.0011374862161370243
-0.003007343436235491
0.008128664338715596
0.000673656941186367
-0.004420248341216103
-0.0035248542434743184
-0.0015302594989232352
-0.0037803028727043937
-0.008344198892894224
-0.006972942922780812
0.0035791576819005602
-0.0031235536249164457
0.0020744686416852972
0.005699074647539665
-0.0004151874657791997
-0.0015168445385105752
-0.005843048821017553
-0.0029651958743876646
-0.004009617409991019
0.00012481777631363612
-0.0014025426209427745
-0.002784706409741149
0.0013142376706829436
-0.006930664733394531
0.003079223218066052
-0.0012881206809038906
-0.0036001340230986893
0.0046790079167771115
0.0019209671971752694
-0.0019004495268410812
0.000137989780962262
0.006962905981284943
-0.001621945562981721
0.005753390679946457
-0.015333059143463933
-0.009279894566702388
-0.002412095014811907
-0.004377076640151438
-0.009225083160606305
0.005592109849516261
-0.004095151227654597
-0.004390482128394845
0.010200519915077557
0.00023709511019143434
-0.0021116653118388395
0.002996765901682104
-0.004309805859383957
0.002301178980801579
-0.006170951064581764
-0.006161420573544897
-0.00035220960618602876
0.005394256375860187
0.004158032747569352
0.0001043817897660591
-0.003701977112505276
-0.003937449606733441
0.007483464826262814
-0.005557975024233565
0.002253233841087708
0.0010425316204691118
0.004588211502153861
0.001432762387800434
0.004015983973511926
9.055385496407809e-5
0.004367045567133314
5.304031135263421e-5
-0.003723224372529983
-0.007741604771039755
-0.005856645481867018
0.009573153888089476
-0.008368792830250707
0.011815385613966575
0.004221569948843705
0.0005278475529445893
0.003850512129124557
-0.00755500086955404
-0.004738910143083333
0.0008195417365911666
0.0028683012784778725
-0.0016481680391481916
0.007492283530945475
0.004148034901383667
0.004920984870110144
-0.0036837208959797224
-0.007311596920314274
0.002837903315114449
0.0007403054106631895
0.0163483169868451
0.006264063664169585
-0.007391294431832302
-0.0017931132525148055
0.007696377648511319
0.006556546006296574
-0.00262348577312177
-0.0014026621563986237
-0.003720839320957077
0.004219365375241203
0.003780558527081209
-0.0001585729143915798
-0.0075358589850915945
-0.0011572668743452907
-0.006585353115768907
-0.0014514870644960476
0.0012782940229214077
-0.0008632921106977446
-0.0008192051168840344
0.004156408932672732
-0.004832973193061508
-0.009063787473703438
-0.0009088628313866295
0.007325504302603433
-0.0005527490918674011
-0.0029783217349441775
-0.0014336258323698959
-0.0008978722035462009
0.002422105711754626
0.008669325637129762
0.00689614146288416
-0.0060121035735982405
-0.0005943509342781818
0.004417302357660693
0.003937650752302396
0.0038957621194675943
-0.0009779040265785644
-0.010799894284234335
0.0027989527691762556
0.00198651940271286
-0.0047022942908963835
0.003619512054754036
0.002396200113344534
0.006793430582231782
0.004901603623692655
0.007044323800411127
0.0024390810599132797
-0.0010958158653536813
-0.0006073013469666004
-0.007930983742895806
0.012974551213942295
0.0011834045356079812
0.008981689914779493
0.008060856690724061
0.0038922898878365124
-0.00023068709839097056
0.011634824379286653
0.003344534373448778
0.002920730574871915
-0.0050328368954098675
-0.0009422926198672213
-0.0006030643249697159
-0.0052797061522794515
-0.0027632570557866057
-0.001502207334670858
-0.007302209099321468
0.000289791320990257
0.0024627342190292243
0.0032351722452382044
-0.00033995393805160253
-0.005727654041609889
0.001609556253351672
0.008350496799823578
0.014211001201860732
-0.000802763095212363
-0.0012640456357891816
0.005881672751477537
-0.0018216535256419747
-0.0006129136665464673
-0.006269454192548789
-0.003539504216638459
0.01277348999083109
-0.0016802452766241105
-0.005711032659360842
-0.002747356107957569
0.008779777399302694
0.0001574210472727081
-0.002796626500289338
0.00021622561150560856
-0.006269082015271119
-0.0012314486890970665
0.004629086289689642
-0.0028786713144554024
0.009233170611059046
0.004792261597455197
0.003067432271273218
0.006796549511237801
0.003924870984210641
0.0014380726070481783
0.002065692663769452
0.006152275324066723
-0.011478598090993697
0.006211451385334556
0.0015946849315506871
-0.006972227002607467
0.0022526213994259457
0.012520250424074833
-0.005527450828620096
-0.0011640567594247738
-0.004914622721565136
0.002092822703399624
-0.0012711203072243778
-0.0005841180508745715
0.0006221319230744328
-0.003600083244784058
-0.0067323788785282
0.0023600790716496248
-0.0025974705185642087
-0.009731967615669324
