0.6862864239147735
0.680532106366774
0.6748265380495091
0.6801876671289977
0.6935967186727383
0.6835292403871672
0.6957565717590559
0.6921825845213829
0.6983343706864406
0.697836729329098
0.6924881171712247
0.6874376372168526
0.6856441642843791
0.6830098558467996
0.686785003752701
0.6700215122719908
0.6698459610585752
0.6843815731646351
0.6729127164757512
0.6602587301704912
0.6776032892410906
0.6866591568231988
0.6751473518418092
0.681372672239647
0.6725576552499712
0.6783916104673675
0.6759014243752108
0.6798915194178315
0.6854044301191735
0.6852867486412558
0.6904834801620036
0.6806632533433639
0.6764884411472406
0.6841553293175795
0.6780965216831634
0.6769415349266448
0.6630475104550451
0.6717606636507352
0.6865665779556157
0.6780808928283051
0.6807815346449757
0.6682979230269985
0.6817782967293597
0.6884612440185688
0.6912982971593991
0.6653828592037438
0.6743481500756361
0.6701160996768332
0.6762277446176763
0.6623532496039524
0.6742652474355617
0.6630682328292529
0.6615422477041137
0.6643279189737692
0.6545306991392921
0.673301668663095
0.6757900971888713
0.6714054231563668
0.6744339644864599
0.6801986335653325
0.6635907205896558
0.6637647002277988
0.6661840195183322
0.6637374675094249
0.6710720661433439
0.6717768410464171
0.6742359393928352
0.6687066315564962
0.6622165800693922
0.672832633964206
0.6790346816370307
0.6589172770694938
0.6698423083532012
0.6784329992865548
0.6788549832956254
0.656630165719899
0.6595862653640561
0.6779586279128824
0.6724675765026552
0.6622202648456813
0.6646869274152536
0.682083859193042
0.6822967805039952
0.6913135616145425
0.6821524450616092
0.6978568311968777
0.693200050824891
0.6831394236598791
0.6713795161041213
0.6629337332821441
0.6756654802359218
0.6838442015850414
0.6867120795329433
0.6780442403049944
0.6667382396266864
0.6644738138144431
0.6680394312804127
0.6602548915469072
0.6727334981591186
0.6803042140039764
0.6714148393651058
0.6700467977050797
0.6663998120268873
0.6777510036344302
0.6764245273398444
0.6967499746084002
0.6901873851623053
0.676856910118588
0.6922662694209871
0.6830795582343308
0.6919878075355517
0.6803190160471735
0.6724460718392041
0.6850532705065202
0.6705138837939957
0.6700184826126538
0.6749154556628926
0.6667408407391586
0.6714426592755176
0.6838806718769936
0.6685733111588843
0.6852869105387981
0.6686634095846433
0.6671072738345932
0.676873378280467
0.6740060104143153
0.6774918583791321
0.6793065997113201
0.6740944142839327
0.6735828281124014
0.6816242777860666
0.6829210633310991
0.6855917610416995
0.6739018748351301
0.6765082782949319
0.6656819552470232
0.6688971966807342
0.6710816252430785
0.687404207317312
0.6870769155069388
0.6741389387148261
0.6721872856660853
0.6796911341481255
0.6902971853989333
0.6775260805742496
0.6825396882545558
0.6903906348207716
0.6699435548922003
0.6689938846862471
0.6636487935633784
0.6822464362567282
0.677424137997087
0.6791161230194824
0.676521222179283
0.6762496974456869
0.6908894617404684
0.6869549669280827
0.6738620774315123
0.6765547326447674
0.672243815713615
0.6870174851959188
0.672137818961464
0.663789616233458
0.6693477658823475
0.6779059112044702
0.6743102200781445
0.6668671262927925
0.6820148933449223
0.6853877125506018
0.6771936125512145
0.6674826574659092
0.6780087516645841
0.6795638195917862
0.6671518234936361
0.6702905631854363
0.6791511734253765
0.6702747932163816
0.6801453867179879
0.680935697345509
0.6774057022909943
0.672774254589881
0.6715503025104943
0.6739513661171713
0.6846396804097525
0.6779569997699388
0.6661540618494828
0.6583543756131738
0.6694115416244286
0.6695265949215159
0.6768719294126915
0.6767643953382659
0.6789436261324876
0.6681460780305479
0.6840211593036138
0.6790350772773721
0.6857592072444676
0.6894170755820415
0.6744735877361787
0.6709974485376797
0.6711345854411872
0.6863001967115351
0.6841229989020143
0.6902804316776361
0.6802737377857662
0.6799244716258717
0.6491308566475615
0.6657764980212717
0.6616107299255263
0.6663869837025211
0.6826308314247302
0.6794520384117385
0.6698953921898074
0.676199522041673
0.6780090591574512
0.673199972867201
0.6839287463365431
0.681458584788911
0.6781112329034216
0.6664607180581071
0.668720381668571
0.656402494657657
0.6783102755593164
0.6674611823674615
0.6788681392112351
0.6771638761373161
0.6858651567447074
0.6665413686748732
0.6862561530296165
0.6853547169165981
0.6776920822169539
0.6841033460042275
0.688832071812754
0.6763012722229205
0.6881769981742498
0.6820452443495266
0.6799006620884852
0.6896298822604958
0.708211505918494
0.6988856310611993
0.6896295726553399
0.680031403619155
0.6810392790746926
0.6836128441594088
0.6948853769822282
0.6847283429138078
0.6796616470713294
0.6814968305629476
0.6689282597287634
0.6744845426556263
0.6830674229088143
0.672611361482808
0.6789676236415516
0.672316231470826
0.6677485827797758
0.6782788868349942
0.67861443492241
0.6695098037901372
0.6887159703949884
0.6823538469100289
0.674385738546451
0.6764959898101867
0.6784238994987924
0.6907877303949566
0.6784542212056178
0.6841963334917279
0.6891198683680319
0.6742806754602098
0.6787424888764659
0.6859053922969057
0.6874819718367965
0.6688499221643381
0.6796478792937294
0.6873232190439199
0.6849613525042422
0.6824469540913356
0.6730292024806552
0.6898729778700377
0.6903072898775593
0.69039999477652
0.6817747403371853
0.6658207953174575
0.6957045715369101
0.679878526302369
0.6774092746307594
0.6737499219409859
0.677083529150245
0.6716017554739833
0.6672478789394911
0.6640411019316759
0.6708853798850523
0.6787415312094497
0.6779037210439934
0.6623839188223832
0.6682837137670563
0.6629936487509087
0.6797876564045556
0.6673425984372794
0.6738031511649095
0.6814792370426812
0.6790937004979636
0.6637922169395707
0.6929829532056339
0.6816870265832413
0.6803273588633837
0.675341168379542
0.6786078198730174
0.6702881721750671
0.6736309166300856
0.6912992741264901
0.6708920487062993
0.6755099540391207
0.6806077999315552
0.698372942364115
0.6879062814310615
0.6835476092981976
0.6785228471909898
0.6601995950402338
0.694567957350651
0.6790861389345513
0.6855173935099186
0.6698102104206174
0.6878925582772777
0.6806085191885234
0.676726245674147
0.6774793486629807
0.6778969194607711
0.6909617075214336
0.6747381118074158
0.677882012991597
0.6827017396393212
0.6753769720786021
0.6827601922125452
0.6787507193267738
0.6792701262842242
0.6720120038831914
0.6817812838054773
0.67562154353656
0.6724607521112148
0.6681068397856619
0.6721435788442003
0.6725976891177174
0.6787168234525924
0.6866615779327699
0.676359336491812
0.6770460182544831
0.6793002145220439
0.6851995279976041
0.6630585736087833
0.6650907555567527
0.6842863261168189
0.6814385420008956
0.6936526352110655
0.6803097683024709
0.6726203667736154
0.6829226566641351
0.6758820153736914
0.6961362861875868
0.6627588985708829
0.67601740937469
0.6785160917702431
0.6657474976567836
0.6700904945827686
0.6711998119747016
0.6585541743300524
0.6527578479667571
0.673731805521204
0.6613939430169702
0.6634521383473604
0.6793958385342802
0.6651595276541196
0.671150920912406
0.6693678857671148
0.6694281908335069
0.67088715943055
0.657818917934867
0.6599525989485988
0.6612309781439039
0.6618528917817601
0.6695519543705304
0.6721833506635662
0.6636479825218891
0.6766883926077532
0.6622958712338014
0.6711806477605423
0.6555327455595533
0.6758591844657109
0.6691337771899012
0.6688423683229716
0.6717639609019945
0.6590009678994424
0.6684358406766926
0.6777651693410471
0.6648441722829169
0.6871079108196735
0.6734131107747008
0.6672981983998706
0.6905551459065655
0.6876265781200912
0.6762796036125979
0.6882414824502486
0.6759299978998872
0.6817321819913629
0.6683027205491637
0.6776915131046727
0.6731173212240507
0.6687319740893549
0.6684533735647864
0.6785770785018974
0.6853409411221955
0.691861423997802
0.6785356254366708
0.6637734884102614
0.6786853569152718
0.6918103400410462
0.6797223285772371
0.6806659045688169
0.6690226008539669
0.6731626292777533
0.676038045901987
0.6739849336156882
0.6766038401375292
0.6748539080471783
0.6805896349519138
0.6819493419341153
0.681199857137327
0.6859729467139483
0.6835714746764758
0.6712109393784242
0.6803104106843272
0.667817217031807
0.6649781400173849
0.6602823172144041
0.6843415246636636
0.671311746710322
0.6925529440180527
0.6796438588736395
0.6714800139508337
0.6742530167625005
0.6800706810129555
0.679537317059331
0.6814157115859278
0.6742854437851455
0.6690593917321971
0.6733053649109269
0.680750040277596
0.6831788180636301
0.6877611953945768
0.6838025993857731
0.675576630393773
0.6750615936532905
0.6714249956384586
0.677253867309116
0.6684958967281673
0.6815286209417544
0.6739228466104852
0.6717682692477904
0.6836735849628006
0.662910091843655
0.6690952221581071
0.6638629527382324
0.6670780258896125
0.6622669450817728
0.6793954718840586
0.6748241791251979
0.6794089594781714
0.6715673552555823
0.6775011518119853
0.6754620473593327
0.6703864115310083
0.6718006331257438
0.6685342564787494
0.682266720947778
0.6749982684186122
0.6903938409181798
0.6806129275545028
0.6761799228163774
0.665241610344234
0.6722939485539076
0.6791204555529686
0.6818999837124256
0.6731963539843657
0.6805572364755819
0.6867027821437741
0.6788713138492942
0.6853248215794407
0.6912714965516945
0.6810701726551975
0.6765910366212007
0.678132328128755
0.678988303824916
0.6771086318571212
0.6666355883309816
0.6714336550318857
0.6804439357458356
0.6651961830847528
0.6766111623622599
0.6720771584172841
0.6701353756015737
0.6722449633261168
0.6662491873846556
0.6777670385235641
0.6852045072575375
0.6696819042516378
0.6841888834051
0.6846116910056357
0.6761236745494599
0.6764312159797611
0.6801549634019113
0.6702992468173853
0.6755173504931697
0.6663275200029624
0.6834452451544635
0.6752854940994437
0.6798483461948124
0.6716874970074086
0.6680865412585437
0.6625044747442155
0.680998357177012
0.669294417273179
0.6649231770087473
0.6705683417473307
0.6711239629316305
0.679389011923196
0.6585510643557357
0.6764130382412495
0.6769492058103697
0.6827134311694384
0.6697333056250956
0.6675023280240715
0.6855141320888791
0.6838206838417497
0.6816671459458439
0.6736736784273007
0.6687128807986419
0.6868163092322626
0.6775695590331299
0.686981731083343
0.6886787796383267
0.684634541695113
0.6861479797018403
0.6716620298717688
0.6743969134867331
0.6717009495497975
0.6708111534414748
0.6786947604515987
0.6761234746063135
0.6899576406687521
0.6897818809066398
0.6833907232632719
0.6741682836971096
0.6815024706889552
0.6798978858477133
0.679465611397778
0.6801007644018648
0.6788064022479889
0.6777761451366493
0.6753629521320994
0.6658135712981468
0.6761802411489796
0.6668566816061205
0.6738931074103031
0.6628049324163459
0.6619331946309052
0.660546724337889
0.6824324909813969
0.6709818631119995
0.6749615110407174
0.6753304160563172
0.6644882052844183
0.6610055976707359
0.6717409741015996
0.6773801962742749
0.6729980070754396
0.6737799482802216
0.6861632711871917
0.6819330955729015
0.676384109940219
0.6768181750391451
0.6772774761250976
0.6833915358870244
0.6922200223658762
0.697170924637343
0.697809550225456
0.6881494395874217
0.686639973146782
0.6750232612157212
0.671097337956339
0.6852534639674346
0.6715900066274343
0.6773099999445154
0.6766993888436954
0.6783597304113181
0.6845857846816774
0.6716802591161493
0.6832805482317463
0.6710658046534861
0.6752188750667971
0.6751685755477859
0.671768724579019
0.6739690116214163
0.6646664579038918
0.6781655376544273
0.6762951014745873
0.6693822602286197
0.6965886018329155
0.6838971922341468
0.6633563382195902
0.6581837287160508
0.6884670566359357
0.6750033388839783
0.6686618244168896
0.6710689254628777
0.6822515721524214
0.6667753914089547
0.6673528706989218
0.6784701637601952
0.6739403626422706
0.6685695479034732
0.6736215198157933
0.6862834668170289
0.6803131648237942
0.6821868694253399
0.6842595875288822
0.6768992993172848
0.6806994732982844
0.6726279744009527
0.6899192592219925
0.6877579083693888
0.6737580995396625
0.6753347722112664
0.6722355425314607
0.662276762189242
0.6656102946543356
0.6797916538139507
0.675316850824257
0.6735466831799198
0.6720920836694173
0.6733150932865768
0.6747498712646064
0.6843598712180525
0.6692199481772803
0.6661632405469992
0.6596635928984802
0.6647995131474883
0.6771138516081323
0.6699679314596089
0.6740685672544628
0.6716039286392073
0.6666225825935634
0.6774880973292248
0.6771194454463163
0.6724585646701899
0.6681910100763535
0.6728836993878705
0.6713495062679495
0.6755638106091991
0.6788018719742845
0.682904676218147
0.6923351824295607
0.6899792276823216
0.6968094997057217
0.6995534430728203
0.6855765470871489
0.6701466914559037
0.6694255166316901
0.665089900912674
0.6663950038872429
0.6684360363282547
0.6812880576180265
0.6613721596958777
0.6721250379710183
0.6702013047717381
0.6794316059114692
0.6762626017803234
0.6671895697032939
0.6738758765387458
0.6751933378801641
0.6841929751538536
0.6788295594612415
0.6607013106795097
0.6659779405517527
0.6834019747908735
0.6651722542581708
0.6788859702217462
0.6690678993267465
0.6847450222887635
0.6838186281158781
0.687201938242525
0.6819509611938177
0.6770433220628183
0.6673676405420094
0.6810206301794127
0.6763062611369247
0.6757382470893467
0.6837441039791753
0.6765976364606117
0.6677249437087546
0.6771185142708293
0.6698667095237959
0.6713871405976852
0.6746721462126328
0.6650255274158128
0.664290719895362
0.6766937208289697
0.6666546654321226
0.6785262519334482
0.6783532790372864
0.6766116267125031
0.6713887142726721
0.6647246551504983
0.6766536903142124
0.6754539766993564
0.6787113189076428
0.6818131158810559
0.6786831080183081
0.6825856475341525
0.6773749524856889
0.6840676737733062
0.6786642277604389
0.6756052421652877
0.6711733111986966
0.674506395560322
0.6881903760545239
0.6817776015175259
0.6681837232249499
0.675456414832627
0.6938385467180613
0.6755092374715753
0.6830393923249409
0.6886238736386302
0.6896328727173487
0.6803012724871136
0.6811023305993982
0.6769814026372486
0.6758895004987695
0.6704605905210173
0.6936405604675914
0.6736337024647467
0.6867636533505201
0.6836387061337666
0.6537067397908637
0.6688949207339764
0.6612447456386329
0.6785289713927876
0.657313824199002
0.6652919951991312
0.6834201536787494
0.6800434076306604
0.6712052335158467
0.6672175972527631
0.680849488251599
0.6679964681504895
0.6729519126292806
0.6648863848641525
0.6591058730053405
0.6859179746145403
0.6640686356731869
0.6751039161835714
0.6790858079606116
0.6735477427370165
0.6909251753896641
0.6756541182589112
0.673280780641887
0.6635923553309226
0.6697949293447509
0.6701830487221484
0.6649646924636047
0.6637491857433773
0.692315345103559
0.6877188268796441
0.6777705741000293
0.676817963700455
0.6821373075805277
0.6739004759163355
0.6706928122460694
0.6726595722658717
0.6811469059953299
0.6647067692258778
0.688001326683457
0.6925502120912168
0.6781999627118335
0.6844716990738777
0.67912265867613
0.6747165131619073
0.6955191567762941
0.6881897731833301
0.6874394642998529
0.691844758729921
0.6781662062550655
0.681616073038738
0.6852201528437925
0.6740578353508995
0.6812959471518979
0.6689875009253585
0.6626449132149315
0.6646459075028079
0.6641046259604284
0.6771562290572244
0.6716732504555429
0.6713149527183188
