0.28230575846102113
0.2821499828484054
0.2870122121241195
0.2810063354220082
0.27952783010736837
0.281116107351596
0.2913322318223453
0.28286101155752547
0.28742777106748746
0.28131958418611613
0.2852348965096689
0.28249790207524034
0.2836746234319739
0.2815789529362034
0.2829919356872909
0.288754745782769
0.29036545390171353
0.2852583725567929
0.28737648688693823
0.28838881697512564
0.28639047121505445
0.2969303237847846
0.28165205614834005
0.28028566377330383
0.28126269177949564
0.27842519387821624
0.2824825945931975
0.27812143874691586
0.2816145263827659
0.27722664183111717
0.2865918125705523
0.28487354331681286
0.2777475215267619
0.2701078052362177
0.28832115617974213
0.3008140216820213
0.2888699565367593
0.2862472062086644
0.28926946789313684
0.2985149718787414
0.2902872986057959
0.29750858708737987
0.29391671593165886
0.2879246767343339
0.2879885640067961
0.2862611348822127
0.2897170728365191
0.2888524274447965
0.2944932327782192
0.28497906787943555
0.28645730549900256
0.2799980631595074
0.28514617817307925
0.276517233086403
0.28326519926936716
0.2697752735628051
0.28085005318007034
0.2978857491455712
0.30212968717004685
0.28799251183972235
0.2871201561314346
0.2902860243701104
0.2894850755862213
0.2894656305569491
0.27771449635873807
0.29669128999855865
0.28804027924750136
0.29057634758526324
0.2917421554010967
0.29032283183653224
0.27563603273168763
0.28582507815307584
0.2836816969690206
0.2838260220367597
0.2736204619652347
0.2834684413541667
0.2883546398982256
0.28577687292587567
0.27899829849860447
0.2838018991561638
0.28233473759995753
0.2752969364663787
0.27794297758092606
0.28485059504020543
0.28360191480708796
0.2823034971684045
0.28747196940088543
0.29015785869656124
0.29127238111798637
0.2869251903303061
0.2839354206264531
0.2788915971499846
0.2790874622449562
0.2869861402565204
0.2852249491819868
0.28150877145202724
0.2791345128707258
0.2828631186841709
0.2891271759774656
0.2774699258616174
0.2839532988154617
0.28580084849737536
0.2831259376850749
0.28515451696954636
0.287658058913743
0.277854488813633
0.2824483105701206
0.2789001232890251
0.2789452063940983
0.28090324256123217
0.28708381615637374
0.2820857948106957
0.2847295764745296
0.2841961070512882
0.2844970948143036
0.2904388631502323
0.28351798635695474
0.2819330194352631
0.2808233904929626
0.2824255846386818
0.27965792042889476
0.2771995016115462
0.28380694547516694
0.2815781858799004
0.27952231665723365
0.2859611339268188
0.2872287143568832
0.2873275809119849
0.28808772266942445
0.288765938320991
0.2808207164722591
0.2826998472538513
0.27380789735245753
0.28026824078796936
0.29332265324768375
0.28793743709580644
0.28352054959668915
0.28602243681765044
0.2888845371606215
0.2720189556779869
0.28552191807254
0.28835444397219856
0.29468763410064563
0.2886001424594676
0.28780498320465864
0.2949278419619517
0.2919016740957555
0.2953942989911111
0.2959136500256145
0.29883032826584194
0.29385447704191475
0.29175225059561966
0.28357565130316154
0.2885585188887006
0.2888288441078977
0.29657056190309333
0.2845001841382842
0.29370401081374153
0.28566254405231745
0.2792475916121505
0.27855586693105155
0.2789852821445855
0.2883121247994446
0.2935419528661062
0.2899020283340441
0.2832701685214706
0.2867366336459785
0.2769191291135458
0.2795080777318834
0.27943987036022894
0.274537405650218
0.2788669062804236
0.2805849850684308
0.27927271569720685
0.2856414957773505
0.28102943209865267
0.28747870928908015
0.28424116923056414
0.2771482283012055
0.28030434328340964
0.2861193126425276
0.28862162253866874
0.27977712255752535
0.2871198291561197
0.29410265772357735
0.2834894946541217
0.28419447488657534
0.2884462706294767
0.2731826990471046
0.27993690943506117
0.2766827916551186
0.27854587484200416
0.2820632128102623
0.28351699122361157
0.281154555269786
0.2846120660363177
0.2743588960302111
0.2863869796914978
0.28717571301210293
0.28343357001494035
0.278616662789197
0.29155973229402476
0.28171857991129706
0.28619031185040306
0.29417304757615514
0.2821333110558894
0.28719991277625995
0.2837834492708772
0.2775155184038276
0.2821270046641376
0.27362321844030496
0.28910527063883934
0.2784348806629372
0.28539559977900575
0.28987867569151576
0.29419925204270897
0.28475450173861533
0.29424785006898674
0.29142666861623584
0.2814708273367737
0.28489765731482136
0.2985795726327461
0.29223114153184265
0.2734523499568324
0.2902412074921079
0.28421108578617843
0.28994489735086
0.29421352652316163
0.28745846009805165
0.2828134054719254
0.28366664439402794
0.2883173613364139
0.2830108836014702
0.2819979864137953
0.28971649800474725
0.28389236961274017
0.28587878349846846
0.28616552343371143
0.29348860747703104
0.2916755635442649
0.2855657285881848
0.2881191346328233
0.2866455092063152
0.28122916772523965
0.2857380225072495
0.28830760286495255
0.27960163908566044
0.27614644767087165
0.2878303911368974
0.2904960110381338
0.2861222930101629
0.2844935442179894
0.27341632902975593
0.2791998209680965
0.28106083278440536
0.27790094852154723
0.27931041206933344
0.2901758375094171
0.29470124276828463
0.289883059129094
0.2862622786169351
0.289150513245603
0.28169268154629
0.30058868691825585
0.2848211454628232
0.28163893081274616
0.2862453817087956
0.28289426089364156
0.2942030406571307
0.29034811414262246
0.2889021390689214
0.2840629717559384
0.28371650259163683
0.28617086806061315
0.2882050278548588
0.28347273209244245
0.27622448336390437
0.292985639792493
0.2925092271494263
0.2867766558763905
0.28336200440208853
0.27882579839627825
0.274791726829272
0.28075790322608934
0.27956132934998285
0.281403153863125
0.2852182674616146
0.2837950512905816
0.28161129711480504
0.28966033420273024
0.2874426867510933
0.27886102275510716
0.28987620997330515
0.2875385363398845
0.28668245171528844
0.2829406761726581
0.286046354303417
0.28903122357142774
0.29539254040142254
0.2901994690272106
0.28611000287640814
0.2834018580798376
0.2882974295569762
0.28548066393720245
0.2916229296435951
0.2922490034532522
0.28535185242181577
0.2797793688342101
0.2912479799116623
0.29136049343962256
0.2844059162085112
0.2854248155295625
0.2812254409286035
0.29400885264081505
0.2955879604592628
0.283951560848098
0.2852002488281518
0.28034088301898963
0.2789558886405155
0.28678103769899227
0.2902029799256515
0.29954447944774515
0.2793479653711817
0.2879125669944185
0.2810656655391857
0.29071648745429257
0.29570067580179665
0.2904196747328914
0.2943840889109879
0.28514966695316585
0.29473842136920225
0.28655956279666245
0.2814802552181849
0.2897504344892788
0.2884271874303404
0.2825222559025144
0.28469022066333277
0.2920632932142441
0.2766414824997267
0.28001994775963873
0.27930721223992366
0.28052064818934513
0.28252318452730457
0.28855712958177515
0.28237263271777013
0.28380990184963373
0.28534227767514614
0.2753968962768149
0.272623528060927
0.2755226959141722
0.27753585519673424
0.2819033559195279
0.28403475239461445
0.28666810958071487
0.28451948321041537
0.2911036459553964
0.28586431382891614
0.2790014229454412
0.28883891333466244
0.28262211689476296
0.28454367008528186
0.28701269254562617
0.28911997022263636
0.284936050102458
0.2860957733892631
0.2862178372667031
0.28809763963470775
0.28813165726392537
0.2815598601643329
0.27316560934045075
0.28995559383191744
0.2912022119344398
0.28374082256818695
0.2912438338087937
0.2860254961679275
0.2721887820329347
0.29231841784153206
0.2881706232895926
0.2809446906271072
0.28248307587285165
0.2879709019292715
0.28823679658310475
0.2905613329600443
0.2776274329176588
0.2895538649109857
0.28585063470926386
0.29572842298435587
0.2923918222439071
0.28336175193492963
0.29305849563603525
0.2888617318533909
0.2766832283024159
0.2877734929057292
0.28821385500940444
0.27647059443702576
0.287300495673321
0.2811498489137045
0.27907328606833354
0.2712029745586531
0.28030296889174167
