1.8152645802451952
1.8168723654893506
1.8157701222417513
1.8187497797351013
1.817065063494125
1.817580070514349
1.816432000403848
1.8157629012843373
1.8165287749268477
1.815699417985626
1.8165697469043705
1.8175533368126395
1.8147146299648864
1.8143166472484862
1.8157034812922102
1.8155458398517736
1.8155963809040774
1.8178105235815152
1.8177116217824711
1.8161235530742332
1.8154455422066735
1.8161829771637548
1.816363058595734
1.8167756380762552
1.8169011437169345
1.8157409447126178
1.8175820284469664
1.818756439246467
1.8186412608687883
1.8180582064718078
1.8147675678889776
1.817046082131124
1.8178282168572444
1.8162409777232247
1.816455130805192
1.8168163316230326
1.818099079025669
1.8180450212064794
1.8165856321664609
1.8171511871646207
1.8187626983170744
1.8167968779951984
1.8148578388411396
1.8182591226010345
1.8169311531836896
1.8169086257814016
1.8177558263506397
1.8176146285972905
1.816992846142015
1.8167554822810195
1.8148021579071716
1.8161555784872827
1.8147448110371867
1.8130497316271497
1.814115060799684
1.8141565652937104
1.8136466804707243
1.8146071914950057
1.8144134150159639
1.8155864491398614
1.816322930849041
1.8133029530487141
1.815448595288095
1.8165162811453652
1.8173364071570557
1.8184662715377735
1.8200571947103188
1.8187183043010073
1.8181917938827306
1.818158265335111
1.818915058995711
1.8180825033895318
1.8187189422041774
1.8175167842567883
1.8150623465516107
1.8184404787411514
1.8175661601199344
1.817627005681186
1.8177638791383433
1.8177578157037402
1.8177211812580876
1.815526681381371
1.815082004994916
1.8166470167502644
1.8159898099908913
1.816372363712174
1.8174096793365155
1.8184273543007614
1.816674714464754
1.8161675648579074
1.8156426633037042
1.8151291402470968
1.8153062058313134
1.8166031179059081
1.8159596100778983
1.8147079750715829
1.816974910585739
1.8162180198933897
1.8135175553766751
1.817549373811358
1.814062854298347
1.8154420176591024
1.8160601617602627
1.8159072638831995
1.8154535497403965
1.8146167400698192
1.8168408225003825
1.817436234398496
1.8173300287361709
1.8161104962102212
1.8170506484337499
1.8176474461699819
1.8172537150040569
1.8176401899380377
1.818024027472232
1.8182797158087394
1.8189951557204949
1.8197517641606822
1.819324022777379
1.8177927793324078
1.8190057445125078
1.8180661073289326
1.8175740373344211
1.8194509595127422
1.8171449365470096
1.817730152571846
1.8171055420587308
1.8160963813329083
1.8183635766575126
1.8165757577091672
1.8178054527108722
1.8166210015873268
1.8173702590559926
1.8181056998729288
1.8170278128991768
1.8163288161880407
1.816960086184505
1.816616458839113
1.816050367282113
1.8145025851937056
1.8153627801687457
1.8165663876252491
1.8150676309106586
1.815213065803198
1.8169785704878059
1.8158158969973501
1.8163708629914623
1.8126035894539183
1.8141505991419318
1.8145283114187434
1.8150614054478784
1.8148322872472207
1.8156860155904466
1.8163523997216204
1.816911413939798
1.8162240611258884
1.8167594084865715
1.816567489011593
1.8169065867162648
1.815535371823847
1.8175610193253369
1.8174592557198497
1.815887752872531
1.8159676441345778
1.816325113934182
1.8174075853834497
1.8159725030344434
1.8145505852825152
1.8181831745075907
1.8166065004278127
1.816335881864053
1.8149356286673362
1.8164637914360133
1.8153906974484935
1.8151620898661092
1.8137000480494163
1.8172363176732247
1.816628933869246
1.8170992644983732
1.817349699008587
1.8161346712305093
1.8160012120926032
1.8155058945189637
1.8159883129843633
1.8141036436561357
1.8141430393098492
1.8138874328310812
1.8126125300249551
1.8142157301657007
1.8124806087524026
1.813837229798106
1.8136679387044539
1.814023121627187
1.8158916751724816
1.815131107472176
1.8156109984274296
1.815582735965767
1.8152163480503927
1.8146765242468692
1.816078395335556
1.814575208264508
1.8153858103179796
1.8162354219878822
1.817388554265901
1.8175386025381939
1.8192026781630815
1.8169024195573362
1.817431726835167
1.8184308059022882
1.817548839680891
1.8185593623111438
1.8189078469761046
1.8181985499231663
1.8171361885612352
1.8175942755009604
1.8185499278963733
1.8166987199299969
1.81738146742682
1.8174691988210827
1.8183512743857961
1.8171429509086265
1.817284004049793
1.8182709820351066
1.817206856119249
1.8179171490198314
1.8172695938373185
1.817622473943457
1.8164509930768977
1.817171759832799
1.8168133012237753
1.8184164219217034
1.818290504901463
1.8169687788995874
1.8163425484849653
1.8146857944747685
1.816125878337003
1.8175647865458964
1.8148556392755804
1.8155825185917664
1.8180661854342612
1.8154480784114244
1.8173728423529145
1.8178550437187138
1.8173592152407014
1.8175098007737223
1.815240989982623
1.8174778640893332
1.8161417552702235
1.8150143174010784
1.8161770783012572
1.814824779136305
1.8158678379847064
1.8155151069411168
1.8162666527450464
1.8154653644652505
1.8147610364514737
1.816257740534518
1.8148264817633095
1.8173544676062823
1.8175820394927664
1.8164145871066886
1.8156555607104705
1.817721407325682
1.8166836706866651
1.817015002548693
1.817088774552298
1.8161974824114053
1.816263011614073
1.8156078618958322
1.8152347991438114
1.816838379440063
1.817428757647163
1.817245776290326
1.8182316785102413
1.8164971641661551
1.8182279162440662
1.8169114263487587
1.8150766858988912
1.8146825141911997
1.8176779172013908
1.8168963836822387
1.8184845436258115
1.8168664054177377
1.8172204896052253
1.8184704713916144
1.8178644980943781
1.8169924940008562
1.8172744852751719
1.8159892762518879
1.81462350615177
1.8165226375661718
1.816887140265872
1.8171622850705207
1.815641103898923
1.8157622196670196
1.813787364539061
1.8158451013032897
1.816868148029922
1.8161180949827147
1.816141836266317
1.8153954577590465
1.8153974384571534
1.8150602573179189
1.8156026394184246
1.8155601687596747
1.8151826512304152
1.8161721792550218
1.814313959559469
1.8158500110221953
1.8164513102150286
1.816418129249917
1.8152299122363922
1.814746011205226
1.815470438012769
1.8148418365794827
1.8171092801594262
1.818246734413714
1.817944873013654
1.8174424982503492
1.8179936580602942
1.8172711874776635
1.8176886301387376
1.8163748534764395
1.8166378655336743
1.8181322768802979
1.816214236084206
1.8152882406466744
1.8158642130642528
1.8158595796455164
1.8160737297011136
1.8158615590727447
1.8158397517782845
1.8152198822971726
1.8126574372806468
1.8146318732276638
1.8154937511579807
1.8149798833465456
1.8147470928314389
1.8176241267444349
1.815494314909639
1.817428133955719
1.8156981103475105
1.816678710043151
1.8160824162090894
1.8172470990174059
1.8175808280675594
1.8173363447738233
1.818048286333752
1.8167979709618618
1.8174743117249492
1.8165843586906025
1.8158518927680962
1.8191487721720276
1.8173897756782071
1.8187213704237908
1.8175544325030308
1.8175608643205718
1.817025108820736
1.8179140640620224
1.8178528065510362
1.81835609817671
1.8178543848626845
1.817318166552759
1.8169225641800875
1.817446066092481
1.8178477067700416
1.8161941997070457
1.8165964572391302
1.8171699437259177
1.8163841088316723
1.8159582585174339
1.8171923761404736
1.8163708873319604
1.8176296445778561
1.8140735542313662
1.8165285786173797
1.8182159884985558
1.818318141060325
1.8176711056246557
1.8181990245484254
1.816821137608477
1.8177258844945456
1.8198932343838394
1.8172407037819989
1.8172229431728155
1.8158018711206194
1.8146121253584115
1.8161693086927249
1.8142739189093628
1.8156628679008826
1.815929284961327
1.8141524516199277
1.8147462897835132
1.8175322989809484
1.8172007557008545
1.8160500769780572
1.8162876598867443
1.8143722795625057
1.8143599226182152
1.8159405725271895
1.8153042768552983
1.8152895906816875
1.8151828216130224
1.8174741524996636
1.8159478660067334
1.8166437407647633
1.8169182179555317
1.816256375887107
1.8178743923946634
1.8167377826775657
1.8176495287678525
1.8168141324581961
1.8176726366092517
1.8163325142836129
1.8161697379529644
1.8151438695956963
1.8161540475542148
1.8151952033946497
1.8168273311182856
1.8177825852091474
1.8169032390378002
1.8175102571181732
1.8164609283066577
1.8161343245683406
1.8186193282939676
1.8171246488117698
1.8180010995688631
1.8185899796352096
1.8178082529873607
1.8173905254038694
1.815726725053201
1.8159567378657675
1.8166643447777449
1.8141135819749032
1.8146264252257134
1.8171636945893146
1.8158110376320042
1.8176763319722165
1.8146058086873027
1.8144387885488333
1.816949678635463
1.8155743634050117
1.8154696357335078
1.8160595751305202
1.8161742023761926
1.8165166336989158
1.8159189437101024
1.8160579191355728
1.815810427052572
1.8158768710844488
1.8187635171565688
1.817052403904805
1.8166768142395757
1.8183915935686628
1.819020123696174
1.8184388673304293
1.8196081956490144
1.8187776414889252
1.8175639506247894
1.8189730671815547
1.8183896646186284
1.8164479428278812
1.8179962202893574
1.8183139121109038
1.8158303719216877
1.8166961903952856
1.81580939126708
1.8140149610217995
1.8163201143555425
1.8149594589323108
1.8157916310182547
1.8151051071423232
1.8162989733925827
1.8150731795526718
1.8157527288623112
1.816629339432617
1.8154472790298242
1.818173688842502
1.8178205091460398
1.8161725322572766
1.8184700312394724
1.8173432532888347
1.8169742339349584
1.8157873913923268
1.815348455900883
1.8169500349898628
1.815270132806385
1.8159187808296893
1.8160284425663538
1.816585322157938
1.8133805675146362
1.8168860957321151
1.8162613893279584
1.816972009541093
1.8176968095121988
1.8191654764816243
1.8161778332725564
1.8172919065527668
1.8186581138880182
1.8175061337189347
1.8170220404184825
1.8156927898381645
1.8157222191222118
1.8153607853951095
1.8158210947021223
1.8159364944330059
1.8150141390100112
1.8177039275571962
1.8167261303636468
1.8164270875644153
1.8184686529078302
1.816349959484538
1.816344533403295
1.8154962038335487
1.8157147820460984
1.8152149942325089
1.8173427232613095
1.8155894689912155
1.8162687527002452
1.8141000597180947
1.8162388840079347
1.8159247583752847
1.8166378582681317
1.8156583128602977
1.8164000290107338
1.8170377946969034
1.8174144234225014
1.8163431737895386
1.8166971235133709
1.8155713517190182
1.8178236739215994
1.818711257731313
1.8188396303464494
1.816330119737416
1.8140697302948081
1.81470562982026
1.8163300320954434
1.8157864493381635
1.8177101203576393
1.8169560982581436
1.817924387544842
1.818482733042016
1.8161985330261814
1.8172566433671102
1.8170876623694219
1.8174596080280248
1.8168846769424156
1.815365393142314
1.8160679348904005
1.8159192612074786
1.8171378743938698
1.8157866313833337
1.8158659221902425
1.8155238913931389
1.8149336249343806
1.815188779196093
1.8149520596433864
1.8164992849313502
1.8174936650175888
1.8141697577332332
1.815778264566677
1.8182105991965174
1.8159588599689793
1.817822002443578
1.8185511531683785
1.8175733558492118
1.8175704693173436
1.8172828970980144
1.8166972212875065
1.8169928795396317
1.8187022225068374
1.8179473703045739
1.8182956536506047
1.8173745496453102
1.8171570795965772
1.8163543891223897
1.8154116434317056
1.8153683494553932
1.816485240495167
1.8168327435755818
1.816254604891972
1.8182189673972922
1.8178037933204352
1.8167253344627317
1.8170321253765926
1.8176802864941664
1.8162486690164712
1.8179362718812513
1.8170284062965836
1.8161762842030136
1.8161555803336078
1.8162295674540558
1.8174248088056069
1.8167290663758473
1.8167153446492719
1.8154904530680231
1.8138117475744862
1.8136048111060674
1.816047671535563
1.8159045493212587
1.8139186596836256
1.8179722071146287
1.8148721135748414
1.8163423592438415
1.8152172424616952
1.816619148316653
1.816933255074173
1.815804642117646
1.8178378405717295
1.8153145565408377
1.8160262483498593
1.8168069566029543
1.818015372725569
1.8168025884805412
1.8152906336859567
1.8178807973450541
1.8168502077534043
1.8161263023332626
1.8146715617391023
1.8151496602278625
1.8152696327188909
1.8154559193023185
1.813393343108474
1.8145160547816919
1.8146509701286928
1.8139835826628146
1.813092881973934
1.8145624884547313
1.816071744039923
1.8160213535523504
1.816074182172795
1.8170331604880003
1.8170053734601654
1.8165202017474686
1.8179949698167128
1.8150893944607847
1.8153924441541776
1.8158261158261624
1.815455145225128
1.8142070487173687
1.8157522673230506
1.8169199811711034
1.815536010503339
1.8157786784274983
1.8159498894640627
1.8169015441073286
1.8154571647003566
1.8162701882218322
1.8156630889280647
1.8178659691530379
1.8159000919451578
1.818039689483276
1.8181661107379066
1.8179481832387323
1.8176418541921389
1.8177923901874116
1.8183915259671943
1.8192092174575079
1.8186092620068215
1.8202927409582523
1.8187256338356403
1.8192571649579592
1.8184230403549897
1.8165617420780373
1.8172375771953821
1.8184354819473294
1.8197157169425542
1.8164816089623397
1.818195836439266
1.8189626125506655
1.8156965367825941
1.8181483083598107
1.8164258863493252
1.8163444940670903
1.8154705774442594
1.8172138762069432
1.815927540908681
1.8168998580855635
1.8186874610912622
1.8181224340223516
1.8166849882053637
1.8165065836363177
1.8183745618386173
1.8193323154806813
1.8167115452699918
1.817614095769005
1.8187943755399576
1.8196106564779122
1.8177140825299642
1.8172031819868562
1.8163813937259767
1.815221185027363
1.817725690871372
1.8161286597734856
1.8156619475145492
1.8158682402533957
1.8163213022033065
1.8158398684603063
1.8158366603877398
1.814649036416795
1.8159337535069513
1.8156570400270415
1.8140153394943648
1.8153028453706328
1.8140416515011455
1.8160500143792784
1.8160497769780557
1.814699225857317
1.8148520595036521
1.8157259766678608
1.8173021104387859
1.8163697108465786
1.817013633539541
1.816182509117966
1.8174663579696815
1.8136442673361426
1.8131568740223656
1.8144554738864107
1.8157446828747394
1.8151864989247866
1.816417244430907
1.8141442355171633
1.8152491782891333
1.814023810025875
1.8144455871647334
1.8139094101766533
1.8144911344253014
1.8152788323493319
1.814061544886706
1.81398083159938
1.8144423493684196
1.8147461887268126
1.8130326455245604
1.8118657012992836
1.8155497709292312
1.8144009764011684
1.8132303895597215
1.8142087077969036
1.8130729889708141
1.8153547670365895
1.8146006855307322
1.8138673521371245
1.814989302831825
1.8164226460998791
1.8143936103298066
1.8180104028990791
1.816629772742918
1.8183005519101036
1.8190691014573181
1.8171472195958758
1.8167550871621172
1.8167573773748642
1.816701060068855
1.8170788901755492
1.8179644233557863
1.816462069675831
1.8165348545719586
1.816925582501348
1.818384091135019
1.8181248769253746
1.8181006598494265
1.816195777931334
1.8174190798151986
1.818308273285474
1.8172538022276314
1.8178209500438225
1.814585505799445
1.8153342673574162
1.814247269873499
1.8149702176505595
1.814937735192708
1.8157267139824629
1.8175637297032041
1.8180690429971755
1.8166383003896003
1.8148606394193794
1.815663857358893
1.8155203313162989
1.8155331152485596
1.8174882331558848
1.8148281936941544
1.8152404608012123
1.8163236956357534
1.816515431707236
1.816541785389579
1.8145099594797196
1.8153123811270717
1.8159499323778696
1.8146586754260587
1.8151681821890033
1.814350407036328
1.8169267612883278
1.8175158232204942
1.8145378567559827
1.8148323084286475
1.8139496790694507
1.8122156518531203
1.8141528423673041
1.8150720325888483
1.8148504647979828
