1.64163608044412
1.6398061973683
1.6399561030934973
1.6410093590367003
1.6398748263047758
1.6387102690810884
1.6396149453159246
1.639722337202521
1.63879952419477
1.6372100381760548
1.6373167224852905
1.6378752466237323
1.6371512821699608
1.6352023940465434
1.6335382927463888
1.6344252286045196
1.6320622320460936
1.6286454028107238
1.630652051516449
1.6297747969576986
1.6329902736854933
1.6344970119053452
1.6376237715324755
1.635093135485344
1.6373671982066809
1.639107876803347
1.6374095847882115
1.6360598526204169
1.6375018744216987
1.6400756281174025
1.6404658280987503
1.6367814296842846
1.6395090232688276
1.6380080004604536
1.6385986797252983
1.636060607257492
1.6355880193823238
1.636375930919105
1.635300124550764
1.6355873931824831
1.63547110475704
1.6375601810633416
1.639126657063829
1.639233170527162
1.6397146675212708
1.6370417084942643
1.635752325818133
1.6352564364298314
1.635294308688991
1.6361918902197616
1.6333193137657913
1.6338861390928363
1.632455891894862
1.6329467652090488
1.6343021871235497
1.6343712219315931
1.6337865181456412
1.635223476066679
1.6369722678185203
1.636801550633295
1.6379944987108286
1.636718372773048
1.6348369197957777
1.6351764877919972
1.6386211045772026
1.6398257606026718
1.6395106065756038
1.6375655223084356
1.6377971759473682
1.6396936927102408
1.639742074585617
1.6421183687392307
1.6410975159654988
1.6391092825741258
1.6408501144771546
1.6379968949441928
1.637090030948227
1.6348089293005215
1.633138679031458
1.6341063513047471
1.6328745179506607
1.6346634974490677
1.635737172058065
1.6393453987874314
1.640590420434228
1.640578627014146
1.6425108427011619
1.643149344854246
1.6410505273426361
1.6407132291051938
1.6397683050234422
1.6384420369177453
1.6387457409167936
1.640580501474822
1.6392283648604777
1.6409653727354585
1.6390217338197786
1.6350594108042977
1.6377667667152243
1.63789381613383
1.6391091427464295
1.6369367518511373
1.638162305301853
1.6383122031217399
1.6387513324472993
1.6427362469302402
1.6406658244557428
1.640410657173467
1.6384237874980918
1.638359054818251
1.636446939307193
1.638577324525177
1.637269437188967
1.6385190762837805
1.642700497274872
1.6414577531310461
1.6404810009670132
1.6414001213170855
1.6414126583753696
1.6379860032268834
1.6391883827230678
1.6413816531382617
1.6402539540138283
1.6387461946570052
1.6357341607367675
1.631479143060792
1.631385809528214
1.63210485511597
1.6335349619001305
1.6356877084494963
1.6332486906138384
1.6351707796785355
1.6325903842256184
1.6313933353913381
1.6362738815272158
1.6371690807003159
1.6393138500169537
1.6371191370489167
1.639208450688878
1.639681618659322
1.6421349315926632
1.64283479311955
1.641541204483857
1.643332546436234
1.64337845845018
1.6427286056130315
1.645322854038812
1.6425301944226902
1.6401397244928537
1.6408464421367297
1.6399383985974079
1.639942093685588
1.6416995711268376
1.6413866377265156
1.6389248133795138
1.6386225418122313
1.6364519181827797
1.6333574894894747
1.635607972775342
1.6381304258079006
1.6375804475693836
1.6346628134533203
1.63603487416479
1.6359941041417696
1.6397839766888263
1.6387721160579913
1.6413737327139675
1.6394492606624733
1.6406323516701502
1.6405981978195645
1.6388212652042422
1.638852334407855
1.6414002112305626
1.640220975595494
1.6424850894543839
1.638572438742737
1.6350865734870978
1.63557339408562
1.6376862552062181
1.6396804364723294
1.6389086163990902
1.6395935016621632
1.641253315461244
1.64250258886784
1.6398239304556337
1.6375473947005232
1.6397366651679117
1.6416389914391076
1.641932360186461
1.6414600763715645
1.6376542033353354
1.6369107125576154
1.6372865084603878
1.6344390757515754
1.6350523761011357
1.6381928193093611
1.6411301980921358
1.642826094581481
1.6403128834402807
1.6400215280545865
1.6399785952133148
1.640321902875471
1.6397746684074552
1.6365915923771144
1.6365475061132564
1.6373497988906283
1.635963079807248
1.638079270552435
1.6382973042004316
1.6416860803398892
1.6400899220764102
1.6414899934964424
1.6389494224740038
1.6422723490952191
1.643177026172208
1.6408269610848363
1.640890983823802
1.6382307613022293
1.637406880891074
1.6325833244663648
1.6353051469132938
1.6341173392699209
1.6339062150302714
1.638045895180608
1.642031634614708
1.6430618031285291
1.6411183864132393
1.6405560634373073
1.6358418854445904
1.6317262833805664
1.6348701137645714
1.6337005096531152
1.6359338325103914
1.6341064458064811
1.6323887566684085
1.6355160950812748
1.638536737702571
1.636551867265836
1.6366337525282697
1.6345297958908178
1.6366529509495404
1.6349257883405999
1.6343852936058723
1.6357994993600355
1.636713505162684
1.6355731363477573
1.635143982282864
1.6349461781873889
1.6366275307380052
1.636385186152599
1.636591332271832
1.6358924500682808
1.6343662322378816
1.6304862742813586
1.6330476148135875
1.6311475289866924
1.630630249337388
1.6301861383663576
1.632106813501005
1.6360230868297398
1.6360835264397962
1.6352014193145052
1.6363689451035437
1.6365101509832993
1.6351025921401576
1.639089233080735
1.638205307096196
1.6375440783446682
1.6390606108852783
1.6385807353489392
1.639872298970247
1.6401831115682848
1.6364302877684485
1.6340810835762796
1.6357725224343203
1.6394636562436762
1.642671434536759
1.6393932343646556
1.6382957320914269
1.6363880887444795
1.6391285551655084
1.6419341730408772
1.6403613925155034
1.6388797755461395
1.639543523365742
1.6376030793637382
1.6406413831369262
1.6400692427040091
1.6430133777379412
1.6399497037069433
1.6386123950351927
1.6388780055901095
1.6379709282320982
1.6372455818896592
1.6374812197716209
1.6357383385014503
1.6370278244092349
1.6346972159392457
1.6359349452173082
1.6347344895356624
1.6377292637619403
1.6383954380793215
1.6380448348879695
1.6383775531903437
1.6394864231274402
1.6391296617398499
1.6408371012762635
1.6413513042309278
1.64153696014743
1.643122456425107
1.6435670740795834
1.6462883833297122
1.6479103370169446
1.648981901967925
1.645991061149355
1.6448732848034773
1.6445178687250126
1.6429369026410625
1.644472745065184
1.6431951565499279
1.641082081853945
1.6382095819612421
1.6355987695806564
1.6365480959795504
1.636582536491366
1.6376831512815138
1.6391972930194159
1.639830152841823
1.6395184350754533
1.6399353124728564
1.6418102386803752
1.64182627368481
1.640861818774951
1.6388863004292311
1.639187849552601
1.6361043573365455
1.6338690541021152
1.6372941950652031
1.6391182200675898
1.6393030639370048
1.6416670696838336
1.6419582801976016
1.6422313328135536
1.6418497246512957
1.6411351521429123
1.6404936253823077
1.6376977948378073
1.6388708457540657
1.6394330284289533
1.6380442874521823
1.63851837046278
1.6378303949404065
1.6398207617128702
1.6410927530554895
1.6404991586788136
1.6400396113515077
1.6392909785559655
1.6398472065723038
1.63748489396237
1.6376918103030835
1.6388437973593055
1.6375591926246509
1.637369546886519
1.637915380538797
1.6382516990587115
1.6375682869082229
1.6406450531534136
1.6381481065602668
1.640093713910599
1.6391117122969423
1.6401569908707765
1.6365207104104078
1.6357906722256044
1.636899675319066
1.6381044383025358
1.6352240369970954
1.6364784719292078
1.6396921775032214
1.637480999900815
1.6348466330339597
1.6333024967911933
1.6315218683940123
1.6335325174513826
1.6316437196234124
1.6345543499666175
1.6342935381644463
1.6322541480566244
1.6314720436652297
1.6300924668899937
1.6348780019720495
1.6348229674497414
1.635608092712894
1.6386068328718832
1.6375683094994988
1.637371059298658
1.6416603747145875
1.6422714578997297
1.6422133101113208
1.6424873709476226
1.6418405426600244
1.6400726791267877
1.640950745338402
1.6442163253719486
1.642276573940912
1.6383004477800478
1.6420146566976466
1.641398963215914
1.6401843668125862
1.638216333242183
1.640234478322965
1.6396667955068276
1.638662454288272
1.6381714547497832
1.6400704737328475
1.6419195917840357
1.6404637738996124
1.63727280574819
1.6380783646897077
1.639340319615864
1.6394006850051566
1.638005123861989
1.6388319567570937
1.6383910567980584
1.6376178676805577
1.6355241996185654
1.6376087814217655
1.6376872947727452
1.6411326303700693
1.6378847594246961
1.639212276117979
1.6361398133634382
1.6336350900153027
1.6362492052767033
1.6394536270379747
1.6388471442717178
1.6391122301284462
1.6420286027883293
1.6420888147593788
1.6417233266785223
1.6420247902897944
1.639311612495723
1.6368635913419445
1.637915556914609
1.6381621290415678
1.6375435684607016
1.6405200136932523
1.6398063198383213
1.6396442759392273
1.6372926853561305
1.6393174898383798
1.6380200677707675
1.6402191617823165
1.639308759686958
1.6397301527503951
1.6400885576104132
1.6370956515152788
1.6371520895764837
1.6366965832173463
1.6409777927784832
1.6380120908486482
1.6393667674647618
1.6418320093721501
1.6399601023375328
1.6394118520719272
1.6366713375299529
1.6371625986293772
1.638047129239566
1.641468985692362
1.6397875234488009
1.6374774801518843
1.6360508097883466
1.6365979243621027
1.637698538390108
1.637501822033794
1.6375182778947506
1.637308029096236
1.6349120476999015
1.6375593375292041
1.6382443481895892
1.6404959317366128
1.6383023654632671
1.6370143342585695
1.6356659935278326
1.6385663255874634
1.6405135844838308
1.6369012989211968
1.6361684760393906
1.6359414885812675
1.6346194688238898
1.6368349281408812
1.637648270065047
1.64029241716863
1.6412522243087477
1.6408181058072746
1.6407779893549561
1.6383433666969882
1.6377579029731935
1.6371253951452276
1.6373641949179993
1.6383375719010809
1.639870478786567
1.6428888540506332
1.6401790802560159
1.638859596581148
1.6370172248633759
1.6372967204714755
1.6347002578945884
1.6370150344028898
1.6368699278193057
1.6366788851135083
1.6385476159876775
1.6388996422495739
1.636854701585782
1.6395955782374592
1.6398855650501605
1.6410159398939632
1.6406483981506452
1.640902157173099
1.63933592303078
1.6392859349054507
1.6401876631136143
1.6389422229050232
1.6402884935624016
1.6394332504480071
1.6404481976411844
1.6381906027517898
1.6390996866923533
1.6404990519944351
1.638731355276943
1.6416322617878758
1.640642495155915
1.6390170735924376
1.6360121043551237
1.6360448469652047
1.6339146029201546
1.63392193427173
1.6361245570039467
1.6369722442890386
1.6377273471765743
1.6378666887995996
1.639961270701665
1.6377371518948014
1.6374115801974911
1.6375294128583862
1.636408932959582
1.6356232533989894
1.638490300153021
1.6375877224109066
1.6406114257671107
1.642730492480172
1.6413200619025354
1.6404340489462994
1.6436874413610225
1.6433557254911682
1.6419033621187435
1.6410139784160354
1.6381108952900658
1.6360842118455308
1.635673548988277
1.6371318471801748
1.6379461979220862
1.6367070801206995
1.6373564310892421
1.6372639337074884
1.6398825116896247
1.6387146866297861
1.6424061057614487
1.6430157938161487
1.6464032708530743
1.6452359460125354
1.6447242917520961
1.6429364290489947
1.6396306251520092
1.6402278153920822
1.640362632554335
1.6392264377174266
1.6389404478484608
1.6385080478164926
1.6379069328801892
1.63807204745466
1.6359779298780592
1.6361337458659708
1.6385500342759376
1.6407832348322242
1.6392190342408628
1.6392728338419869
1.6375765034502716
1.6361616134277317
1.6384009821931538
1.6418271875224666
1.6410051627396909
1.6399493276966963
1.6394560388138393
1.6407476043191953
1.6429375180827885
1.6389901014900192
1.637218436583598
1.6377773421909576
1.6368131500027527
1.6368665621115557
1.6350382506808383
1.6375455234768563
1.6391397711811906
1.638448572101981
1.6383265439979044
1.6398007093711553
1.6371995234768368
1.6351571840936119
1.6353067112705941
1.6368662597697206
1.6359936026095043
1.639178793818508
1.637325975123087
1.6365230769527817
1.6396368165999
1.6397022393840497
1.6372400836545777
1.6366645323640925
1.6346850515416826
1.6355965999124353
1.6373795633880297
1.6393627907269481
1.6407108106235309
1.6367180212505668
1.6347630653451963
1.6349373959936395
1.6358952838921792
1.6379170253268818
1.637400010682366
1.6385164474887857
1.639863227247434
1.6396214348112268
1.6409399802436757
1.6406826917000379
1.640378840225326
1.6380897510370618
1.6366432267264477
1.6373751682839235
1.6384558944043053
1.6365310786737663
1.63520352269214
1.6337823309445483
1.6352606829434666
1.638509970876398
1.637165799647577
1.6372592623924316
1.638124974775025
1.6397111098956552
1.6364366091190246
1.6385594995536552
1.6407201083022738
1.6407665367072495
1.6417063833405536
1.6404226044992116
1.6408502726225642
1.6402210854852162
1.6390105800727746
1.6398673900842964
1.6405433478620475
1.6423664917571006
1.638972204821708
1.6392540951060834
1.6391747654436837
1.6410276758017162
1.6402215441099566
1.6404256834124171
1.6394096206662674
1.638449181113781
1.6380244698535078
1.6398378293881757
1.6358885852082237
1.6353548308443753
1.6357973651036444
1.6357499174734103
1.6368383165253286
1.6368962929320288
1.638524979161649
1.6390247273274414
1.6356554128154437
1.6339303392157964
1.6327229432768027
1.630604059505802
1.6288753158434754
1.6325559366199138
1.62957800303453
1.632924724637042
1.6354771615936614
1.6330710938362327
1.6334426653278942
1.6357166021525447
1.6357940807009097
1.6383908498102686
1.636192030891746
1.6370366277379622
1.6365708728738935
1.6374256033551253
1.6374103484671108
1.637562598249077
1.6395744417112934
1.6392935039338359
