0.08338815980850356
0.0650621297465955
0.07491869945113476
0.06613304346687375
0.07805988532102126
0.0628319955712548
0.0752218956606818
0.06904280849465048
0.07681859880829667
0.07848656907529009
0.06745666989574227
0.07113674586122955
0.07163406530701254
0.0768667244945046
0.08107677622694848
0.080042448873299
0.07013719144410013
0.07457570104245412
0.08073971182867412
0.09517349680437798
0.06267649172814158
0.07741858590012697
0.06394147281591439
0.08451049842760645
0.05606820014792209
0.0644247213520011
0.0635558314623732
0.05821266232759866
0.07256980638235422
0.07969505866190577
0.07134698546839857
0.05984196215864938
0.07025370730769392
0.061250912173189655
0.06986569103609944
0.0702829353478869
0.06169304145689743
0.07639467043782097
0.08070447772144643
0.05718026280262867
0.05880000103963494
0.07841242615870678
0.05597296948217325
0.07502957435262192
0.08126410771930569
0.06278712203564768
0.06853686779871404
0.07004506859515534
0.05400185702904246
0.07191467544588331
0.06770130286406707
0.060082109884152995
0.076931575575537
0.06678162746492719
0.07478580872667898
0.06584611740630085
0.09130612338640572
0.06541936472902156
0.0676259120476411
0.0776509627945349
0.07604188813260179
0.07281407546025978
0.06430107694734322
0.07255962771714497
0.053947331562685205
0.06908178979348648
0.04939727148267895
0.06787627735445148
0.07655114873294065
0.07340701341176503
0.06967197722494298
0.07128721288744704
0.06607990825166189
0.0665194266919434
0.06700382245340401
0.06645801043228591
0.050626740222554395
0.06772551507367365
0.06384314291596416
0.06209534838547886
0.06753966085079618
0.079416654803995
0.07743350744424327
0.07629883573178917
0.0699374652877775
0.07366149901053062
0.06718179698173249
0.0808163126026489
0.06779543782393363
0.08050725247362758
0.0632408364960313
0.062235604948066736
0.0654844679668827
0.07455275067972547
0.07753075779593277
0.07385671362167678
0.07355818977304626
0.06658453307295367
0.07933228965541467
0.057873414530092135
0.0655650928666193
0.06947703970475996
0.060863178702189505
0.06945793862089071
0.07638904102286537
0.07734197426822964
0.08124639825609947
0.06382300339873441
0.06541644571035549
0.06755577317220203
0.08314593406172235
0.0661915081729415
0.07394414000247068
0.06539161589373824
0.07552300378930397
0.07043125954630544
0.07924048567099803
0.056911581818234025
0.07160871691765547
0.06449583691949051
0.0819946248576943
0.05757558205597334
0.0658253397420351
0.07788947899120852
0.06585203809698932
0.07179949692527791
0.07863857062185138
0.0727983655603743
0.0734185280869793
0.07669122536820602
0.06400068676335469
0.06541460124701633
0.07236983854781515
0.048178361522709705
0.0662805019546272
0.07479372420409017
0.08478641532621821
0.09085462818407232
0.054692934405281564
0.07929047689312083
0.07679153563535822
0.06888532210661807
0.060047196870459
0.0758042685690094
0.0784739513993307
0.07533721862366931
0.05992083259322534
0.0578935631325302
0.0733127623564292
0.06798549918825181
0.0738591923389199
0.07830510731121314
0.07461277952707866
0.06103392627628196
0.07957015004367265
0.07698806402515024
0.08877744830937712
0.07947484998147605
0.06529992797207597
0.0698463234293414
0.08323635910438539
0.07474847585756186
0.06373551683656639
0.07512987009854996
0.06765063263325144
0.06693047403160837
0.06513731512551138
0.06587530989915097
0.0630054501189275
0.06988484525149471
0.05966824219551774
0.06888091019668638
0.08148883924657876
0.06065454539251916
0.06799812552140744
0.07248730059761897
0.07730839328537373
0.07250485617029723
0.08083572518578142
0.07369904141255505
0.0875245396602021
0.07605666165920433
0.07651046443479302
0.06952694740421035
0.08014927404381877
0.05634204302386827
0.07616101282073945
0.07464424967169214
0.06572588924197965
0.0875688684913738
0.05211729130881104
0.07230583365647976
0.06318446687015081
0.07212000020983568
0.07369787913859552
0.07205672948719176
0.06233290140462661
0.08106761847354424
0.06165572333696909
0.07489527557540093
0.06948269049345351
0.05922319678980667
0.08367818217620562
0.07881522034752586
0.06914666535242756
0.07109577182723566
0.062108404528593814
0.07572016882176412
0.06449296953457162
0.07225224854381182
0.08169592637943693
0.07046385025697544
0.07247637556402575
0.08523082322890008
0.07266091683996931
0.08447369763256776
0.06663917970225361
0.07584774303876424
0.07710549798913148
0.06839678440694243
0.06872528109017921
0.07456356513794334
0.0629654195549661
0.08222871875869786
0.06926499053327911
0.08864914687492989
0.07360749179035742
0.06399974759966176
0.07055099440712768
0.072673806169195
0.06060464578011539
0.07118501012305609
0.0566673595464342
0.0642395709533137
0.06604680808217164
0.06927934000987378
0.06167260181199576
0.08308739030445121
0.07204286742179941
0.0743183816619109
0.06612465836968107
0.06398842384939794
0.07009841119073243
0.07149964192918026
0.07776987622842385
0.06397819027644128
0.059805753041504275
0.07917205143521316
0.06826523043945393
0.054117840194511414
0.0719966550480575
0.07985247429309918
0.06356521422656708
0.06356372893718241
0.05151658024150271
0.056121732660825485
0.06726052177217604
0.07445522909790686
0.07210666327346997
0.06367291869192439
0.07226825924166252
0.04892490002504862
0.0691498144670864
0.06889625095986271
0.060968511035345556
0.06287105276893722
0.07060448885583367
0.07068820699224022
0.06130424763362262
0.06733838647419371
0.07350514048807992
0.07135227727777887
0.08305817874582797
0.08875759944121578
0.08161838962325293
0.07371987902872915
0.08305491206296917
0.05592490006916051
0.06524757168395653
0.07777045524738145
0.057248544680660644
0.07758386018062222
0.0813873206388647
0.06711909813557423
0.06499257280301755
0.08040076111539243
0.07292652376229333
0.07611921565145575
0.06003220514494242
0.05390014272845663
0.06578227338363506
0.06274189769710746
0.06540018846388532
0.0675776489206067
0.05041992779678207
0.08256986381020097
0.08103869973326741
0.07894526716542612
0.06034050061896959
0.07654787588784592
0.08143213424790921
0.06843815797835055
0.07239956210092476
0.07113206391569675
0.05979325084321431
0.06721997626455008
0.0751869285522144
0.0695724861094838
0.06695346993894136
0.08335340288102197
0.06548163546927886
0.052684401692501284
0.05873433102095563
0.057082233056624056
0.07275607478518416
0.09010861051938403
0.06461709183745867
0.06632267629581501
0.07001086175848262
0.07349291907441513
0.06724553334087137
0.07139052178290861
0.0821205724181205
0.08309420543714291
0.062211767767184976
0.07305341765273793
0.0704100856874256
0.0696926902805187
0.07443829998189981
0.05368255491736454
0.06007163079170491
0.07831096716859817
0.06408229833200686
0.05913051903931801
0.0883167133741126
0.06383226100554942
0.07707798438692076
0.06992804153806398
0.0669777903163761
0.07791389848989999
0.06757372911963352
0.057134329776238627
0.07656653623132524
0.08056834647195807
0.06641853769292598
0.07224236060086607
0.07708893677034846
0.0673622353975106
0.08220998614120067
0.061091997784120104
0.07291783581787709
0.07114755930588322
0.06546582235080284
0.06887363962696527
0.08135202752790308
0.06189659115841584
0.08022779169367428
0.07088206083349899
0.061592373766037115
0.07846447513889046
0.0866221457500118
0.08020732379649381
0.07389283683858394
0.07335179383803868
0.07038138113905085
0.07426229719144917
0.05883821876505356
0.07937759263628202
0.06298854354567146
0.05706915502311182
0.0752756075743337
0.07241442794591546
0.08405336461224353
0.06662981786878715
0.07429094346437104
0.08079764901276328
0.06572322508316604
0.05906796714147835
0.061715171283115614
0.05920792943622777
0.06981412559547653
0.05830466908954021
0.07459455047582288
0.06567800792956706
0.06196813110534383
0.07032799070958279
0.06123170352612553
0.06912036203150675
0.07223406365512264
0.06275765131796543
0.0669739483021618
0.06558856217025597
0.07225658247429115
0.08660880173470453
0.08004058843907855
0.08315923596387652
0.07500782198936126
0.06701466450245176
0.07841503630746909
0.04946068525460172
0.06975332415039706
0.061804953701977854
0.06866329400762089
0.0717382912032778
0.06589510766245331
0.0622126197379784
0.0784686405515901
0.07086417652938867
0.07284990145492777
0.08055124687898188
0.06944880445759256
0.06885659156446629
0.05727393921443478
0.0866207836628416
0.062275510373269186
0.07326595473801376
0.07757196915073815
0.0752962027766447
0.07617034270470849
0.08043490295683475
0.0677666587965621
0.06717903499501655
0.06876218369261966
0.05884198366802241
0.06276298359082462
0.06035091964405093
0.07431690743445488
0.06758479245465139
0.08083665038051425
0.07307132428939457
0.07201242325981011
0.07956244657843597
0.06034790095557846
0.06291412965561188
0.07713962145220364
0.08256540847024371
0.0866027754661729
0.06415073204836134
0.06285786306131413
0.07019017325971183
0.07955456049172158
0.08474967866247607
0.0699859849958437
0.08492789277543952
0.07197234010789438
0.06531188017353542
0.06942867109987805
0.07192352083353494
0.0747424535739424
0.07828169322616921
0.08408327993172773
0.06744531696222067
0.06310182232568595
0.07506690849057357
0.0754293909543099
0.059775943480361554
0.06844317307518907
0.07316967608959254
0.07073428232356128
0.06844960344469767
0.062447581716242304
0.07217472826665006
0.054237540924772676
0.06325715719450073
0.07153427485618437
0.06060701966679266
0.07503266955946618
0.07205587142022893
0.06645244973842747
0.0510498527817298
0.0530298712249677
0.06912710273990916
0.05569343061793701
0.07761406357805052
0.07130971875028777
0.05974619115728779
0.08711760043733122
0.06804868942789555
0.06928109988467748
0.06437632155073701
0.06943444808638596
0.07452516139537024
0.07653879876958129
0.07147890205113994
0.07163149204387602
0.06171401904285209
0.07154346624669111
0.08842972375730274
0.06707589947424927
0.06752477684007903
0.05348905093050868
0.06474320049984277
0.076616989663388
0.07784246863427637
0.06927323151580547
0.062013725041298276
0.06992407759484798
0.061759757202057855
0.067327695355561
0.06574516290269773
0.0630112791443968
0.06947111163774011
0.07279453873852165
0.07195546520776971
0.058310529829735044
0.07416321462423694
0.06180314024403186
0.08237017281515861
0.05319059703894398
0.06117721482236242
0.06681516595697526
0.06216767554497306
0.07405478328881618
0.0699093029414509
0.06608002208724553
0.07929708419018248
0.07927813890858615
0.06733082896907215
0.07907017439501876
0.07190194329092589
0.054424681064903634
0.05855040881492556
0.05215493867492166
0.06975897481478861
0.06059961145937865
0.05801360259650848
0.06414334919948775
0.05853155260736026
0.08070445218838188
0.07849136435221757
0.07501649065940869
0.07971467090155485
0.06624621999968351
0.07814440441569412
0.07225311581636194
0.08080068060773643
0.065151831270364
0.07651458025843073
0.09327549540068866
0.07320129895307707
0.07672507417087215
0.06592690059160625
0.07118394759552893
0.06921475075465662
0.053223867653972454
0.06605014086505265
0.07491279833159992
0.07855217182104253
0.07584327037068103
0.071440078596931
0.05931223763213302
0.07903314515376536
0.09032021137286844
0.06336308805977409
0.0610543483547658
0.06049730198865209
0.06811961377140519
0.07450379733674076
0.07972103283331104
0.0795007398263208
0.09319262995038141
0.055959919508263636
0.07850590665693663
0.06470316925677368
0.0629471797831281
0.06912358292132384
0.06657347144114625
0.07643526359397598
0.06675857991469333
0.06478140777978773
0.06687709851201276
0.06974657359226827
0.06896072790526325
0.07407565141538755
0.0756591920925735
0.0625320271786233
0.08447974911656694
0.07473626532349144
0.06463871657777803
0.059672265211826586
0.06412199746051422
0.07240020196827725
0.07424915802071254
0.05356338777503185
0.062203033261428904
0.06499974752655183
0.07091623666245178
0.07521058493879784
0.0790481722974321
0.0699867363087607
0.0764384392345576
0.07647982546762697
0.06767260980662526
0.0640666560025217
0.05613237345434893
0.07590251964832306
0.06091015481640298
0.06899222721337644
0.08641073622675369
0.0855277271309075
0.07054829406266705
0.07711538780725152
0.060221705535823955
0.07642176945989794
0.06113389262024487
0.06218997689827055
0.0678942416206483
0.0806898383790081
0.07613465274367175
0.06542443364035244
0.058992189423893615
0.07805003801522988
0.06766342458939997
0.07073465876370816
0.0654989120552953
0.054660657071413495
0.04800319029562182
0.059084119430852136
0.06141108705306403
0.05662767994415582
0.06672047024509176
0.055131554208240015
0.05312652333666113
0.06176005362491062
0.06561747695754178
0.07910832235628296
0.07442941858266992
0.06897602406585279
0.08110445329552983
0.06681982620937478
0.060073143621953255
0.05605617373309136
0.06589537972803618
0.0738031644987023
0.06791348628177205
0.07854489822819352
0.07217127985736226
0.06795733023208435
0.07879507685865754
0.07514267737372854
0.0683669435540941
0.0703900815553119
0.0710202722219728
0.0733071905229387
0.0810953651874401
0.058984200511384234
0.07585302418878835
0.06281939132628737
0.0733228647001936
0.0575391771712408
0.07548847701107575
0.07319080746460861
0.08538066647410258
0.04934202667835348
0.07328650646101993
0.0768646212361776
0.06339528193780339
0.07343881844785147
0.07846202224993337
0.07121702740030181
0.06887738337122506
0.06209470846514198
0.0737436469211444
0.08590889120136083
0.05914051187121629
0.07457027709488304
0.06889278740887349
0.07610676508828187
0.068637825417982
0.07896958477734278
0.08289494413431611
0.06732265143343846
0.06146978051506393
0.07651286207991168
0.0733817594288853
0.07421435781138963
0.06283205402049845
0.07106149111721694
0.06907102575194528
0.0720813994103387
0.07593680632579058
0.06024538271472098
0.07762184156313774
0.07879795814959263
0.0577777947510199
0.06835696854465204
0.06627810537391825
0.07507208725804657
0.08904094948431816
0.06936319353551787
0.08084343654055723
0.05174590913870724
0.06685978143063828
0.0745364995551782
0.07454965451583954
0.06846267638167852
0.06301811416891268
0.07588208499372354
0.0667508274171515
0.06467296190384429
0.06928162875753203
0.06076210929711057
0.07294302145305948
0.07063497899161782
0.08092608168375116
0.058252123256779344
0.09048035880593391
0.0680952924101988
0.05717561626546025
0.07083517442671974
0.07838580235477136
0.07239269634728329
0.07085901235827899
0.07288317392792741
0.06628420299215844
0.06254312517033728
0.06207900460171625
0.05348702938796048
0.0668052159686614
0.07956462947109007
0.06588736829163275
0.057085410263140145
0.08561758085128501
0.07912684029954442
0.06066429017790011
0.06558720579360111
0.0787438940718315
0.07548983436215152
0.0589505197277818
0.07018568665253584
0.0772768382840563
0.07523855151723198
0.07678415303101563
0.08704832073514901
0.06906791496109906
0.05614843743124164
0.07604603319177533
0.07958576519781674
0.07249080464000901
0.06970846846988947
0.07650198571732082
0.07291105521091931
0.07561361823411339
0.052122859590854206
0.061260644717687995
0.07375886202760154
0.06270723768670114
0.06362781598754405
0.07209816237378715
0.06328998093406962
0.07099785968349465
0.07322860853697172
0.06976937217469542
0.08190885703098152
0.07070513014362459
0.058193980745342724
0.07011035049330577
0.08852448429758998
0.08292852023069458
0.053441417074294444
0.06950950184053609
0.0631074885802532
0.06695218518275609
0.06986336131456651
0.07101374783935287
0.07115473460699831
0.05925677805766437
0.065579313591043
0.07105782827438462
0.05835378159255295
0.08063294749483299
0.07706189697247243
0.07632858475869875
0.0764595713896484
0.07800581319176147
0.07356261255781918
0.06986757266908986
0.060192881109045415
0.07846604394251988
0.061616847354017706
0.07128796933079605
0.06158253469227827
0.0812651752393769
0.08303398225562067
0.07185615622365002
0.07833599400417736
0.07798811501746555
0.06572126038548853
0.08191599341779059
0.0665041877697839
0.08302338262176448
0.07790779859204186
0.06013919121457028
0.07414103761342508
0.07473917852706904
0.06526641962196428
0.08780991655098246
0.07919463821995935
0.0704824742508022
0.07429227320703166
