0.5779566198178445
0.5757855554019851
0.5756088237222853
0.5769023771126787
0.5782292104924758
0.5590297989135742
0.5585543861594067
0.5682368287060044
0.5641200084839517
0.5511462772411686
0.5629091588778218
0.5567573313100886
0.563873816315008
0.5842210172935527
0.5757089160517999
0.5660643236839789
0.5764542827482799
0.5893175047598405
0.5805313530004645
0.5909077487501113
0.5836863077349258
0.5870805310844177
0.5778864977208855
0.5836544540462927
0.585745579305583
0.5862762021873329
0.5661454577780648
0.5734415141460303
0.5889352281788987
0.5797971920287585
0.5778551966915626
0.5681191297278908
0.5792924310405717
0.5763375229373071
0.5845725555148333
0.5829099682338856
0.5775748302332102
0.5819990448250795
0.5725287480819368
0.569591193394164
0.5748586657754038
0.5756637828549375
0.5827234684413918
0.5639486081714106
0.5672107234892914
0.5702568603055205
0.5750169772143141
0.5788965508083765
0.5678761664754493
0.5668145541388345
0.5628776814522398
0.5614356267598257
0.568465825431069
0.555643976546075
0.5614629658265424
0.5662867269141427
0.5689585993547048
0.5743203909550008
0.5751004881087362
0.5749961956680469
0.5773717456467388
0.5803457272819245
0.5760636270507076
0.5840359201061314
0.5651316174172745
0.5613218281710499
0.5681849955898144
0.5720542079004756
0.5711070364073461
0.5734288921827487
0.5701759062003219
0.5698726397268854
0.5693561881151301
0.5682328011431764
0.5662280239944492
0.5653379606197168
0.5609147592486714
0.5768568205180321
0.5851370065747352
0.5784800240399477
0.573529655610975
0.5671575306229654
0.5592322833046665
0.5617878949718109
0.5667000014526508
0.5686933558720964
0.5638955091997043
0.5762669994196625
0.565415252006721
0.5759284190487264
0.572625966056532
0.5707567762412928
0.5680500613091477
0.5672748086430537
0.5614650649526742
0.5591924863071549
0.5648498070782446
0.5653005561522235
0.5731986034098315
0.5655811902742214
0.5811047754456173
0.5683643202699047
0.5718902288612228
0.5695430349955212
0.5842887494092485
0.5752481967671482
0.584355843438966
0.5736134422575598
0.5670968843849646
0.5757123479366473
0.5833144198107216
0.576840167676048
0.569211736659277
0.5736448547205732
0.5722597464820476
0.5722418267720861
0.56516252018384
0.5713511577599883
0.5812885391437836
0.572399342691975
0.5773327278496769
0.5767755953119678
0.5753685240326385
0.5692361484892977
0.5594922848157677
0.5641962342310453
0.5598783400297529
0.5660820471663666
0.570281006071603
0.5661384371725878
0.5655369058598441
0.5702309831142556
0.574490457443986
0.5714342679032716
0.5752470372034224
0.5736755882875728
0.5634527678065054
0.5691197214791566
0.5755067610444546
0.5744069604983157
0.5710566109552245
0.5785518280569246
0.583650613058705
0.5723050945088545
0.5705992819507091
0.5697935718128596
0.570337534159165
0.5645543837590021
0.5686632915554585
0.5650523708768362
0.5836662259754728
0.5706000832542534
0.5568608789090548
0.5671270942438233
0.5595181938471661
0.5620708536837993
0.5703412629032376
0.5712165100169745
0.5568399886089476
0.5722464515284582
0.5646783234169068
0.5670574740094216
0.5645154954698951
0.567421456976017
0.5718692217900052
0.5722842736731008
0.5786270226334167
0.581951743369631
0.5672343266592391
0.5608755511937442
0.5782967179120444
0.5734994475769907
0.5624005193458191
0.5770368301412637
0.5729924940394169
0.5661869857149717
0.5742512508550038
0.5718379111879045
0.5670704876236349
0.5694135692040888
0.5780920278581189
0.5782658214642438
0.577929716482523
0.5744719714284872
0.5753204063426578
0.573739315910076
0.56415974216177
0.5569432688579612
0.5615027125173981
0.5606485026420502
0.5639713423178376
0.5825006137633313
0.5747646403317354
0.5674714755223338
0.5589458707437789
0.5675856246916213
0.5706046104840523
0.5684662411544944
0.5690672491477164
0.5559548134970373
0.5565762641395205
0.5559347190662369
0.5633883048862296
0.5695705055268778
0.5797388255245184
0.573368570352572
0.578140938884933
0.5794627763014722
0.5863730723917697
0.5778193877731976
0.569906888845306
0.5883417135960533
0.5780934166927931
0.5832231112502524
0.5708681001226166
0.5844017913276041
0.5807315137128286
0.5720105291397467
0.5792198114426392
0.57315281566315
0.5805291808592352
0.5771784256942467
0.5774464554301766
0.5683171158046603
0.5787952951699861
0.5736438691612018
0.5786307802715309
0.5741000250244664
0.5746996674677436
0.5634482471275191
0.5751163865646566
0.552050281416129
0.5730892750911052
0.5566894904955931
0.5757536956348057
0.5654731367774642
0.5616786737521086
0.5742915908133384
0.5759812847497492
0.5682174146301189
0.561929774809225
0.5718246574438257
0.573982663612445
0.5790860382341101
0.5668291635770798
0.5553585553348738
0.5534514782172292
0.5701811631475082
0.5619304413911411
0.5594187168984802
0.5595882847033069
0.5551945778772771
0.5505083050377193
0.562970675498883
0.5477228539201003
0.5649196139004526
0.5606715221661597
0.5642178826603538
0.5558242673103647
0.5525146346299689
0.566773545176249
0.5706288844292048
0.556769582089661
0.5661099664921861
0.5768378143952885
0.5662844920779396
0.5851823087438941
0.570507808589986
0.557912716684797
0.5591763092818504
0.5639075323872962
0.5779983347302601
0.5795951892209812
0.5741562740533128
0.5798247476637165
0.5775582722088972
0.5730797718417762
0.5743328281805624
0.5785186268441891
0.5798703223638155
0.5687972655108439
0.5717787629158568
0.5731143115956956
0.5838178867144888
0.5680137228382552
0.5773993543201108
0.5799115619815991
0.5835949340260111
0.5725035557226402
0.5694925719560462
0.574425504018391
0.5739186914651018
0.5681809005529304
0.5756013240421101
0.58434269402114
0.5636271992533115
0.5674754420139676
0.5715800937544715
0.578648182730136
0.5636199729694942
0.575616574645115
0.5571020306587497
0.5505731064944037
0.5520111549818167
0.5649359099468486
0.5620781139971477
0.5732779550799874
0.5550674337627208
0.5616507608238634
0.558309692819428
0.5616219944660684
0.5551297224027365
0.5640514941903131
0.5644424893375404
0.5570355903624972
0.5680156047233214
0.5630422039579766
0.5684002382638172
0.5506412411266153
0.5614948134423579
0.5613434114810276
0.5594345680252535
0.5670984395295746
0.5725888618328387
0.575942878935139
0.5677682013155041
0.5557508685430939
0.5686239383237445
0.5600657960499119
0.5627706374476142
0.5638711640097529
0.5696267399492223
0.5530166754066708
0.5580459730876588
0.5673783113605496
0.5649146672146459
0.5653942253050621
0.5690743989086935
0.5640016270912926
0.5775792657466611
0.5592586238201399
0.5659106225352029
0.5616351147292719
0.5662979034389705
0.5777339783798998
0.5717576544501424
0.5756648898880317
0.5791181036469901
0.5759547658332794
0.5774774123757086
0.5767329288920222
0.5766796914005932
0.5672085411600248
0.5719209793640698
0.5745836637687032
0.5695372401657284
0.581743921267579
0.573843105631707
0.5810886313025398
0.579727995023483
0.5865018520281706
0.5835083543744617
0.577380074701404
0.5770005397456421
0.5821382947935527
0.5817680457441414
0.5615292382141872
0.5742651684654722
0.5760746916096402
0.5720941735000373
0.5860979626173802
0.5795913215290591
0.5804864958128586
0.5745906059378432
0.5681608916972997
0.582934965299555
0.5743074657090864
0.5749343499471207
0.5748338744602624
0.5797950229770206
0.5764428788277455
0.5710377340591719
0.5813353486688766
0.576696334379876
0.5674113363520987
0.5643970991624301
0.5651559698213029
0.5677724858807149
0.5687785113436897
0.563806349357202
0.5692510366548671
0.5616781748088436
0.5642600814691934
0.5630930097250493
0.5581164969973096
0.5532910264692565
0.5587230386054094
0.555568914711013
0.5678058128057553
0.5595607064019696
