0.16336275492151087
0.167483670468358
0.15950852386196057
0.15571163982791653
0.16513039676244406
0.18032080401313522
0.15871868215365884
0.1693994840209601
0.15817561463890112
0.17557650947274106
0.16599997255708404
0.16745025648537898
0.15719849421127283
0.1657423012371021
0.1625114305069287
0.18313042160981802
0.1576694053822248
0.16347717033214393
0.1703533003291547
0.16375925719518014
0.14963513278680893
0.16948132193983476
0.1587999305474984
0.16382103135108894
0.16714981107711374
0.17773014048434851
0.1675549064495656
0.16991266865198532
0.1726446753796209
0.1568996457358504
0.15693588294092997
0.16551903579532024
0.17132817900784805
0.16066691855479165
0.16375896834172682
0.16790199537113967
0.16022847998920642
0.15279278940286206
0.15827444648220004
0.16285662937125447
0.1660220235382684
0.1689453518882611
0.1597499460069038
0.15955050516822328
0.1612682289503587
0.15230195042098113
0.16220697358669733
0.16199940345571895
0.1654729844652007
0.17295330710167844
0.15907782892226446
0.1660252291005509
0.16836658251318254
0.15643766546590354
0.15740996827240106
0.1567301777576651
0.16431797042245788
0.1668854034511678
0.16276139014775662
0.1740246486783785
0.15552578499372277
0.16817618364584752
0.1654627092039866
0.1683787734805501
0.17585236719603559
0.1638193192699543
0.17107504726850833
0.14781575091289376
0.15691841610201185
0.16949517530104816
0.16443076325093642
0.15355022183759143
0.17585215333205337
0.14598961447536185
0.15671484168029987
0.15641955332753268
0.16140754799105633
0.1446379400917454
0.15114529784498545
0.14946414201735272
0.16077212164284044
0.15438816829954854
0.14903613463148663
0.15808615616838428
0.16031035280174663
0.15794764015555326
0.15272223707013316
0.15455394298016467
0.16270059736992337
0.16814618501549072
0.17843047826809638
0.16977510773864446
0.16704647859347582
0.15405463995701657
0.16094697159623167
0.16081888580691192
0.15703609288488277
0.154253736261653
0.17331320262517105
0.17621434523165705
0.1577641757188385
0.16504312220115824
0.1606344203708837
0.15987283928129803
0.16434510809841085
0.16520675218710268
0.15842332488250374
0.159030383304317
0.15567178695182007
0.15195695297504738
0.1750677216677943
0.15757258231786853
0.16379664593762316
0.157277841159153
0.15937533511945728
0.14870427427047056
0.18362635667120872
0.1713521404888752
0.152080175081236
0.16440474376091335
0.155812037648077
0.15746058449105987
0.1642149615853586
0.1759106662902991
0.1681618396042438
0.1546059619034882
0.16418764293600852
0.1621888578840156
0.14685071181500012
0.1548750444161685
0.14601693203575944
0.1514088483663707
0.15736289197096753
0.16726382736226986
0.15506958332258544
0.15860177118619861
0.1812472215143175
0.17126510101725345
0.1592999959137915
0.175190467354784
0.1684162549715655
0.1733293004863198
0.16100925803604488
0.16813639078053363
0.17164670623161174
0.1384868400015234
0.15181861480603615
0.16996924750790837
0.1641373125791714
0.1593320930048602
0.15250203679276753
0.1553252977522963
0.1642224065023528
0.16130951085601009
0.16697088047034636
0.1547984757354895
0.15268713708855902
0.14977483688580182
0.16527619001483618
0.16258425859066683
0.15679012932278688
0.15329210233284452
0.17207801795610964
0.1709500934167662
0.1580495779374937
0.15784799117251955
0.1548297977175251
0.16381345884018345
0.173789739691305
0.17554436355031805
0.1652179910271786
0.15005414546449147
0.16274702721508466
0.16806198370824504
0.15021191748832272
0.1666263052597201
0.17058374877672747
0.1699150831902776
0.15953199241791285
0.15903989165498345
0.16847986968672446
0.15811571223075105
0.15987572589984841
0.17124854759641167
0.1535108643601922
0.159327000726224
0.16192878574800834
0.1691021048872564
0.16345584864262558
0.16134832315596268
0.157372809917405
0.15992417032583103
0.1494008339869196
0.1551459822515982
0.14954081562942126
0.1628913922453503
0.16193587378814128
0.14892082028634956
0.16366741102391352
0.1821043958504005
0.16785033755202977
0.16970064294325626
0.16153558836892684
0.15871947363622244
0.1491229557697167
0.16590461126998346
0.17008702232201384
0.15346214405255504
0.17015588511463625
0.15717879241463417
0.1631719951916965
0.15235445308340784
0.1556014494718998
0.15702595775296854
0.16324983243362023
0.16890083421412333
0.15591643070310124
0.1687681534392542
0.18890228577701496
0.16839282978034642
0.16604682783273467
0.16803178713373773
0.1692690701641479
0.16337617230177143
0.1517098897089239
0.15980937054884525
0.15981408261206623
0.1597582258243736
0.15392779927243855
0.16784092545300178
0.16851638597490712
0.1665231666259325
0.155790353845689
0.16100166606617822
0.16345999502729164
0.15945196626307448
0.15865624906214165
0.1515302021544999
0.1604613489598313
0.1510297218402079
0.16584930537542114
0.17384160782307972
0.15313623191003678
0.15714339069813876
0.1551598607311647
0.16541351109322602
0.1800360658576946
0.1673063718363036
0.15839172954361752
0.16000542891601166
0.16667482146808016
0.16019299525103967
0.15462093063426574
0.14945523936148608
0.1708513968068385
0.17000282619779178
0.1659127845645592
0.1625024530348067
0.16106580493362052
0.14911723986613104
0.16542608920964585
0.15700696531180153
0.17033139510158266
0.16833605882297262
0.16795528447052727
0.15710441852457868
0.15757881085398256
0.1553959902093358
0.175087087963645
0.17561500984292575
0.15432528312910507
0.15731404521142817
0.15818916452911685
0.16366795905181147
0.1504626015264749
0.16535773599511916
0.16594866129334834
0.15861032117709217
0.16262107521748484
0.14362921119610525
0.15813458095066216
0.1684200362723833
0.15565824273077924
0.15988535734196102
0.1571638306653217
0.1616050273214743
0.1537902435070236
0.1531878460900294
0.17930014692495072
0.17086288051721796
0.16607056129727377
0.1627427193042465
0.15893761577402338
0.1569904509943137
0.16206987116411675
0.16211781328194544
0.16255541947340424
0.16847854963835496
0.16682624511120087
0.15831487802998234
0.15380554492034032
0.1589236536485812
0.15936181998546933
0.15874740096904658
0.16664834676557227
0.14708276431969275
0.15857831494351893
0.1606399706393525
0.16065487858055927
0.15291519251768582
0.16883484353434286
0.16503836869037158
0.1646572833909767
0.15951729146013632
0.15911808910816783
0.1743392603774398
0.16459275364556775
0.15671282305385487
0.14782881434136896
0.17063329986862194
0.15575585882011447
0.167126303668568
0.1651464186403252
0.15036011998433857
0.153996517070595
0.17848560705118974
0.17124620404428315
0.15295593146633596
0.16680235980327002
0.1712737585924044
0.14292367319998261
0.15602044854810687
0.16346943641093098
0.1548231412976489
0.15034348778975798
0.1660234223301501
0.16743990504414846
0.1456884209607393
0.17211920367715133
0.1557911093295623
0.1451986117228723
0.17573874513236512
0.17066105936066492
0.17237586999631171
0.14982536370060642
0.16865537168855108
0.17263594429807186
0.15744605475400175
0.16508166399836247
0.1826640865936878
0.12700540555150824
0.13801894702676448
0.1452682161719736
0.1634309084301419
0.1635276649551868
0.15975787029832725
0.16145181894061328
0.14966960847971061
0.1654630367737893
0.1723522807563545
0.15910370776889232
0.15964840925091678
0.15195934639793476
0.17087677667090312
0.1620871310757821
0.1599573134931245
0.1660787781031645
0.15710139333228335
0.15697830922014128
0.16131427719881017
0.16126971534045603
0.15138896392400167
0.17587521115089444
0.16014209691692913
0.17510215962675818
0.14999633283457514
0.16778527637098484
0.15152636377798548
0.15990679840078315
0.16838152124535508
0.1558034348371924
0.17337785133614472
0.15639246838128168
0.15170571818229328
0.1517046907026595
0.17049526079958754
0.15872091941564548
0.16233522754005575
0.16585119575755833
0.16702268885353994
0.16317956192650826
0.16284815386511095
0.16009882618852303
0.1577855759582773
0.16354574106831266
0.15731677146507547
0.16344145593528106
0.1679589812123628
0.17937225204319407
0.16938719536990493
