4618008
4708456
4799028
4889594
4980019
5070344
5160970
5251347
5341789
5432269
5522906
5613756
5704178
5794771
5885498
5975917
6066426
6156876
6247242
6337818
6428263
6519010
6609764
6700412
6790934
6881419
6971762
7062526
7153190
7243848
7334271
7424984
7515655
7606167
7696633
7787124
7877708
7968313
8058878
8149710
8240201
8330686
8421338
8511880
8602320
8692925
8783663
8874483
8964780
9055414
9146065
9236757
9327279
9417927
9508493
9598957
9689572
9780192
9870633
9961065
10051528
10141967
10232694
10323258
10413737
10504141
10594918
10685331
10775727
10866382
10956877
11047443
11138173
11228882
11319406
11409941
11500512
11591013
11681687
11772067
11862620
11953170
12043739
12134654
12225206
12315711
12406250
12496779
12587428
12678031
12768564
12859013
12949515
13040162
13130698
13221290
13311920
13402184
13492910
13583354
13673843
13764463
13854844
13945533
14036095
14126966
14217594
14308280
14398863
14489453
14580395
14671049
14761764
14852185
14942535
15033082
15123492
15214004
15304671
15395081
15485908
15576498
15667158
15757717
15848122
15938712
16029386
16119859
16210522
16301110
16391800
16482385
16572972
16663701
16754211
16844703
16935160
17025381
17115972
17206566
17297047
17387612
17478017
17568530
17658965
17749291
17839872
17930524
18021144
18111541
18202072
18292580
18383064
18473757
18564241
18654747
18745333
18835777
18926101
19016551
19107228
19197843
19288241
19378860
19469451
19560116
19650621
19741144
19831589
19922307
20012732
20103154
20193929
20284492
20375037
20465762
20556026
20646637
20737240
20827837
20918466
21008987
21099652
21190003
21280548
21371181
21461807
21552254
21642843
21733378
21824104
21914708
22005210
22095649
22186171
22276746
22367492
22458230
22548680
22639152
22729630
22820350
22911015
23001612
23092059
23182545
23273308
23363945
23454429
23545000
23635712
23726306
23816978
23907414
23998058
24088495
24179241
24269768
24360349
24450691
24541184
24631694
24722193
24812727
24903384
24993932
25084387
25175022
25265683
25356244
25446796
25537357
25627785
25718335
25808804
25899351
25989869
26080354
26170960
26261760
26352071
26442607
26533212
26623767
26714331
26804842
26895424
26985973
27076631
27167141
27257448
27348041
27438626
27529152
27620044
27710716
27801237
27891727
27982322
28073291
28163857
28254424
28345118
28435559
28526271
28616769
28707426
28798034
28888473
28979076
29069649
29160053
29250439
29340995
29431438
29521909
29612264
29702993
29793439
29883975
29974380
30064829
30155472
30245794
30336066
30426698
30517254
30607796
30698463
30788783
30879302
30970138
31060915
31151454
31242149
31332552
31423073
31513743
31604252
31694450
31784748
31875129
31965577
32056226
32146939
32237433
32328145
32418722
32509304
32599955
32690549
32781194
32871842
32962364
33052974
33143632
33234186
33324730
33415251
33505569
33596230
33686708
33777333
33867798
33958300
34048725
34139391
34229938
34320250
34410878
34501319
34591839
34682470
34773265
34863693
34954160
35044693
35135362
35225743
35316211
35406797
35497453
35588145
35678699
35769156
35859770
35950399
36041043
36131650
36222411
36312994
36403552
36493951
36584688
36675428
36766065
36856726
36947248
37038083
37128857
37219574
37310293
37400885
37491456
37581870
37672535
37763111
37853807
37944367
38034819
38125374
38215968
38306552
38397207
38487676
38578216
38668892
38759648
38850107
38940659
39031196
39121653
39212212
39302566
39393046
39483729
39574364
39664991
39755526
39846184
39936848
40027307
40117745
40208173
40298776
40389319
40479862
40570490
40661150
40751561
