1.5354909161249917	1.1882880503483575	1.178282293999369	0.6999686792421649	0.4289932603278532	0.42109218045039504	0.20370587064937568	0.10042374367627135	0.08583504998906522	0.034885106424168755
1.5304826182394615	1.1776912075525328	1.1764160327237165	0.7061055963986559	0.43917970182477795	0.43458186264948545	0.21496506001682547	0.09728979384841202	0.10661980502140084	0.047001290940651995
1.5301495072332831	1.176641532843711	1.176816205058661	0.6974168710780096	0.4075700298425629	0.4096933566583505	0.173883365478366	0.07176578727784996	0.05893011477284846	0.011946336707395616
1.522981566849114	1.1606847874317077	1.1611613776079617	0.6738592184409032	0.3939852747570746	0.3914614431866206	0.18023194096001374	0.08572142290954719	0.07657691891103513	0.025920828967008036
1.5166866240075931	1.1475613853139517	1.1392379884521984	0.6447323879796553	0.3730308970640611	0.36895893769799515	0.15995348357090206	0.09473700655045235	0.07424419542086753	0.032745813828368525
1.51667057156651	1.1506703714135385	1.1509684295893714	0.648719093461189	0.36781001710761035	0.36287781462825586	0.15269283840178532	0.04718613621128852	0.06301570104948556	0.002304412943542817
1.5246449771091848	1.1686572578092003	1.162454449971894	0.6726656519559815	0.3977209484377592	0.3936260380069451	0.17627888204029804	0.0767805949066363	0.09065489997952117	0.04111368001329521
1.517463712163568	1.1479683631107898	1.1517125447545504	0.6552537052724186	0.3779633732136176	0.36049528418350496	0.15815943301096436	0.06915592354229999	0.06032948452974946	0.027822473804449115
1.5176390011269076	1.1486281995701555	1.1498651128089763	0.6542569057020188	0.36643433635184564	0.37474357443231693	0.15483803032005636	0.05578953416791686	0.0708451090773179	0.01726316811827959
1.52915494040387	1.1760503975803402	1.1685212438437402	0.6857232482430506	0.4018182962350241	0.40931552627801765	0.18315712127778136	0.07564450474803691	0.09743754547029514	0.04352684420602478
1.5328391755694684	1.1795679887906547	1.1770722891632086	0.7017521135730127	0.41054410164333544	0.40457025952024706	0.18988403745495114	0.0701839078015671	0.08363361847935105	0.02784182461671393
1.5278348872517162	1.1661224067951343	1.16275545663581	0.667027257525588	0.3820504605918301	0.38430478873878354	0.16119359830160362	0.07795227285913413	0.07400254034631235	0.011994027479918026
1.5354514032072661	1.173486418213936	1.1673147072287848	0.6755806819581898	0.39143353356812693	0.3946743710940574	0.16839677678914367	0.05892156717861514	0.059675328516630995	0.003982580095731137
1.5310250833674697	1.16523609397375	1.1649246633910528	0.6596116980889702	0.3649429945425037	0.3950399828196905	0.16978709605519085	0.07776977009612773	0.0699076305495182	0.028114329153294496
1.5297344381916829	1.1706958610503237	1.1652170283316285	0.6867750115802128	0.40083017524733694	0.4097044237263194	0.19963332514516816	0.10359396066862624	0.07558505860570608	0.023067851536189322
1.5257768998407557	1.1594673766654706	1.1599674508715583	0.6634721735586431	0.3722929903510843	0.374887477319905	0.15646530585189422	0.04834721117183408	0.06385215118940096	-0.00019038920814657475
1.525997322251452	1.1672893677672884	1.1677137256673769	0.684842617095479	0.4192488438734785	0.4127396591225254	0.20575284599090196	0.10255789574964336	0.10815708920783179	0.05519462373683917
1.5213381598518607	1.1549020740104368	1.1585032618766191	0.6602906645582354	0.3665855240344211	0.38663572223069725	0.15136661939319945	0.06519558673717472	0.05801974510020459	0.026320299779433447
1.5175459688409605	1.1527190701592909	1.1560414701338788	0.6712300530344764	0.3867551417999862	0.38596794203660345	0.175242060939361	0.09491566232435941	0.07839226153898164	0.018771353131316077
1.5189872474885684	1.154668976096148	1.1551692347682048	0.6695839165160828	0.3891340141941851	0.39314485781122155	0.16724888963181017	0.06325693794437602	0.06407934302442612	0.004770904147816092
1.520966501006133	1.1562179292147898	1.1524584488638583	0.6653954840568006	0.38877135457583617	0.37982768456063587	0.16977609088472814	0.07566789854286207	0.08026973564818063	0.04462195353143945
1.5227897377399775	1.1604249184151452	1.1628297516220998	0.6827928376859931	0.403135908275084	0.3864994942793572	0.16127050194418366	0.07985883615135306	0.08101460936291671	0.037202629338620806
1.5230493223737598	1.1576734383183256	1.155427510671533	0.6597715247150054	0.3703111765921858	0.38262311525732434	0.1602422103884066	0.057182116425083945	0.08643823399980072	0.03381834423922464
1.5301023659718664	1.1797297556874864	1.166891500450117	0.6937698573945723	0.4185865340803705	0.39996176389039684	0.18941529371864993	0.08516242126778316	0.08383473471485219	0.04777751287596191
1.5263381077587468	1.172548540613151	1.1734199242284271	0.7002399937488074	0.4173502250291656	0.42170595308997594	0.2026942131857935	0.1025302974958328	0.10569037318125404	0.045019457996570665
1.5296590314751835	1.1702766539708556	1.1696017955012588	0.6939178684133303	0.42180477264470856	0.4216061847914785	0.19906353177415653	0.10302519116098735	0.08812069034313613	0.04442222697876035
1.5226096544617123	1.1556069850134731	1.169460828050828	0.6847567980671595	0.3979650076817393	0.3920063919744284	0.16881620850399282	0.04845403768768626	0.06857297384591401	0.018993589499625794
1.5238422751158633	1.15435935877082	1.158197666022779	0.6626521086551761	0.3847643590481716	0.37068532578507585	0.16256788156532387	0.05804139067670201	0.06996554774005465	0.017767495352716524
1.5192273683569102	1.1546521700117662	1.1470144641033346	0.648939410160572	0.3748573207401018	0.36049146840152907	0.15158200174185538	0.0747844584932298	0.05816196521219051	0.04017209820920545
1.5206788440276604	1.1524664881059312	1.1581757049508015	0.664490743077286	0.37888472222717756	0.387514147648565	0.17333463299499685	0.07629218924628106	0.07151884638574714	0.008515385164544748
1.5203570682548213	1.1510343565833183	1.154436484331263	0.6520635655940334	0.36780960967775694	0.36783247263949587	0.15084340772154192	0.0730040351986397	0.0558804284490329	0.0006312362193919332
1.5281060048416986	1.1666701119626166	1.163705645525389	0.673840685244238	0.38922866060517414	0.3990185920582847	0.17906843596197372	0.07392600034482773	0.08322501266536893	0.018213976475287424
1.5265372407401072	1.1555120621950443	1.1658416524138726	0.660149231963906	0.3779249783458876	0.3810758528509892	0.16684846202182463	0.09361037538651334	0.08372451211969885	0.045115885935271
1.5248789126699276	1.1604986362556913	1.1655949677560027	0.6687791903812363	0.38550164955585614	0.38157454643013683	0.16799910887502414	0.07406242801093804	0.07194415232689097	0.024937619721214062
1.5189388990297954	1.1558808354582781	1.146578410122273	0.6762387511644398	0.4050843910575459	0.3910336750684718	0.176002961333237	0.0791551886383017	0.10358570142875412	0.04181741902669668
1.5281526505746257	1.1733863615214681	1.1743290537603417	0.6973884900844992	0.4180800833101361	0.42806790759056995	0.20174541519961775	0.10043137354510295	0.09208811387546915	0.04156101969176816
1.5295179927637526	1.1649309659856815	1.1736243471826873	0.6835383804105715	0.3868506337947723	0.39560518237664616	0.1627649773117656	0.07808195656271905	0.07232797228918249	0.026097732900234205
1.5324616491691305	1.1749631166034755	1.17462368257418	0.6853110364508286	0.4060095904200125	0.40082630662513946	0.17303040212809384	0.07991427388012094	0.07521318026083268	0.038780372852009824
1.5317025493033543	1.1636270132796345	1.162870341577788	0.6673836256322416	0.38166636936906895	0.37731411179589464	0.15894186526559348	0.06902872922170494	0.07320186571041222	0.02845922662701735
1.531943664047405	1.1771866711154813	1.1736104737920026	0.6965929099537772	0.4195728868642789	0.41430664525644184	0.18557053749352043	0.07535301879571855	0.09330352706588829	0.03602488012516063
1.5288624438535894	1.1684649127954054	1.1608601440952637	0.6732567492802043	0.39563884005164	0.3970795439030754	0.17589476144635036	0.05837983589115218	0.07183548028822567	0.018264966411910975
1.5287015487632136	1.1661878534552141	1.1566277501092068	0.6625549052828734	0.38037141777604844	0.3771835618817632	0.17022008951732098	0.07231697732029838	0.07020200965485225	0.023381955305236176
1.5260950967410685	1.1679012706780867	1.1649781100277525	0.6882093075953841	0.4057495500787542	0.4133216478093349	0.18550101384034565	0.07693987340110763	0.0761184405542233	0.03620452660049248
1.5207076205746501	1.158235892252774	1.149624248245825	0.6658281134126445	0.3874781229260409	0.40008534724895956	0.17132223484391235	0.07782402189925773	0.06665646751504213	0.0207352029738251
1.5179238985553707	1.1558652055792649	1.1532928614338316	0.6663067886939944	0.3603623193083198	0.40209497670244093	0.1731693410511302	0.07921021764995653	0.07962441764308338	0.034246699537337895
1.5306148137999045	1.1732466543994364	1.179835578265993	0.7036284275929552	0.41662286922921243	0.41133620030644547	0.19401712959954043	0.08484673373148933	0.09782153773774868	0.04155149013945558
1.5314866152610653	1.176080457252322	1.178392405702011	0.6920840208051904	0.42051743025557864	0.4149674539600599	0.20062905026548297	0.09035948269342864	0.10667359835578591	0.030903491873155164
1.527042894592299	1.1667696735628166	1.1644662052943084	0.6797887872077161	0.3999134960941476	0.38234069776485263	0.15689960954353507	0.06605612467826287	0.05107726953505723	0.008500945045653449
1.524973668304865	1.1665504181620834	1.160421063628124	0.6742712611795452	0.3885795632281696	0.4028107811908419	0.1838670844367656	0.10815762211729314	0.08025841633355053	0.0410607211881802
1.5268653289903464	1.1675997571618921	1.1709105826399175	0.6846951959727545	0.40920420185351325	0.4014556549517917	0.19184887982833823	0.08333334807262169	0.08183586455887946	0.025378731666142993
1.5238580453957176	1.1711073022009473	1.1556332989961176	0.6780028784333858	0.3916567834695353	0.3895410332008979	0.1684360478716698	0.06017031160044666	0.07639570308901995	0.02984478225061302
1.5281862213316164	1.1723465029289377	1.1746120322353983	0.6954474535625148	0.4120004272527879	0.40859266071486616	0.18611624384425943	0.07924544194033632	0.08323262308333618	0.02940771918579752
1.5253685689098617	1.157566824042933	1.1731228101254347	0.6761718360606257	0.3950140942752982	0.40009214055967285	0.17198249626581377	0.0846723585091344	0.07130413976648163	0.017086663633534362
1.5264118376718065	1.1584752541013954	1.1707103506921495	0.6837234199963536	0.40637075608976825	0.3828686815472821	0.1717093467487298	0.09069328436492137	0.07999362751570781	0.038840823934898655
1.529212935003284	1.1663741807969745	1.1660763685298396	0.687630785417569	0.4232716310781643	0.4059680613945813	0.20321797003152794	0.10121044216035838	0.1086900216476035	0.03199345508540087
1.5284322900414038	1.169670083852678	1.1723098457784988	0.6900951283607593	0.42799933305359183	0.4012157455620955	0.19726976664792645	0.09211022602808734	0.07732910864504973	0.03233962432250673
1.5288223598061959	1.175210502438671	1.1648207363356564	0.6879412497185003	0.40973441403215344	0.41145222379848784	0.19048792293531844	0.07604485923084296	0.08688255481580136	0.020655986223861784
1.5261794591739466	1.1593167581412498	1.155738970997834	0.668038598992149	0.3984671519799911	0.38157742351836277	0.16605339030650032	0.0638014483399651	0.07057899502603497	0.02020745292842768
1.5310051425699867	1.1726989872948619	1.169797972196905	0.6844149380795993	0.39712704923420034	0.3902137819988133	0.16828216601207865	0.06910697399021999	0.06842411380876329	0.031741805554979866
1.522435339407505	1.1561683896597843	1.1608611221594691	0.677279283903763	0.38345785129636706	0.4068681190910826	0.1853453693880628	0.08314956530275595	0.08738098397366027	0.02854986496716479
1.5212249049604436	1.1519761717736923	1.1591123683956879	0.6629168386497726	0.371070029393102	0.37939741446385467	0.160464463293579	0.06905647646281841	0.06193140883640233	0.020942067320101825
1.5255754658157734	1.1704599971099643	1.1617475779833362	0.6804811006728282	0.3998659139632053	0.4081377224325007	0.18755235518300703	0.0790221012281672	0.08280501860217199	0.043970818447658294
1.5231416802312236	1.1594855794155197	1.1654117050026032	0.6732532715012118	0.39648715750997776	0.40278215986711324	0.19311482605061234	0.1034706311311943	0.09512691160008804	0.032202612772044316
1.527700547421176	1.17739096305721	1.1732039631776539	0.6970180459651133	0.4195725114480897	0.4026566598479593	0.1839932266254614	0.09340548901521736	0.07610442868764415	0.025109891706469423
1.5305566823540144	1.1705546984456185	1.1744177995402518	0.6854420907306127	0.3981050858726974	0.3976806820595735	0.1718630061844276	0.07460534842448438	0.06692718319433306	0.0003736420393462204
1.5270328335741006	1.1706471654227149	1.1638501566150095	0.6849036089964173	0.4029919673298223	0.40688426126369115	0.18175865726371412	0.0739312085618266	0.09572625734347809	0.033156030930216636
1.52300527681504	1.1652494386655192	1.1615520277996598	0.6750805157409115	0.40069955105519234	0.39244738794084394	0.17985282922126036	0.07551521626158779	0.06589490728793301	0.026677814055350947
1.528908665140154	1.1664618179081843	1.1755547813925185	0.6885563632355437	0.39774448521996547	0.41002401445339726	0.18564928333684588	0.08462174880344414	0.09801371750176502	0.041371391259285045
1.5272699248140076	1.165061655514912	1.1607759108704832	0.6761081747214414	0.3889959972107897	0.3890013472657968	0.15621640086231092	0.05748476606340875	0.07110261887177055	0.028666439978211514
1.5245261335833784	1.1543890201372768	1.1665775705728396	0.6813561841063798	0.407874668321675	0.3944752291744745	0.18344480599858973	0.08221424595412014	0.08316776303193252	0.04333630908003973
1.5209509818540503	1.1594310511187151	1.1556766157317702	0.6729243036873279	0.3868175468699876	0.39069208998788507	0.16641092696819135	0.05619979725133738	0.09139024476534802	0.02728457578130681
1.5234974917843067	1.163933583978763	1.1626516660569395	0.6894972486294694	0.4051206412651677	0.4122033663248798	0.17254469751458754	0.07583677997565956	0.08222906177440109	0.03771977564588101
1.5214796767347998	1.155789790134499	1.1596016468054242	0.6842367607836811	0.4034755665858337	0.4000248582677579	0.1967982574278905	0.10811703432053249	0.08514620640187615	0.047166698713569995
1.5270025117803339	1.164964263855034	1.166765506330245	0.681981393494266	0.3861366039807763	0.4151049737586232	0.19058974323999842	0.08536921763535298	0.09234132098514738	0.04727431752592003
1.5225241486691723	1.156428271283818	1.1611840163757772	0.6635844714858501	0.37753201171955086	0.39170766072938257	0.19280251506763058	0.08987468723380648	0.0867688215677136	0.0200841897052304
1.5253541258112733	1.1629577330554326	1.167015001449648	0.6789605440576147	0.39987412078365125	0.39226226237440237	0.16781161961951593	0.06560623765937065	0.06705427085288619	0.023657299452829954
1.5168738533930208	1.146516589131801	1.1447419159161605	0.6559513068271516	0.36497656983944204	0.3685107564931254	0.15273160761910326	0.06246284752770838	0.07537773526605175	0.027357529880468842
1.518538844758873	1.1550699402295317	1.1562811016004995	0.668065146651169	0.39247653211770217	0.39063106835774164	0.177357381494314	0.08038522358507945	0.06929323009017406	0.02016181372624372
1.5239256399009267	1.1517632699600435	1.1626061621135708	0.6657376292654802	0.3792972224040357	0.3760396044217424	0.15464053116235782	0.06926282373957354	0.06604231007859426	0.038170318346032656
1.5323898789830244	1.1733359613805865	1.1797232159773412	0.6991744275486517	0.42310657409836333	0.4320866537309698	0.20576419724534856	0.09465206562179408	0.10783481137210271	0.052328283494520345
1.5292726214963406	1.1639212173892772	1.1591696172577788	0.6655303170058902	0.3908023903703843	0.41333137844737905	0.20140917582680173	0.10023565725027003	0.10840114823890143	0.04611042971211559
1.5291551454700123	1.1698959364503858	1.1712485849411463	0.6960669904907699	0.4109933903394136	0.42867665820422396	0.20876850707505312	0.09888212771509214	0.09617976029576775	0.03877690864923335
1.5299044757759266	1.1677535104292405	1.168343455372971	0.6731725723084556	0.3907946175402579	0.4078902044645141	0.1857129121834115	0.10040169472458868	0.08256270395321501	0.04169202329571273
1.5308906642566227	1.1745536795562161	1.1762957747517133	0.6966492585209121	0.39949031803554635	0.40396544029705705	0.1828528431785611	0.0821484623957567	0.07825484798628105	0.03120340460385724
1.5283315916001956	1.1671872981744467	1.16979582965038	0.6809185533638639	0.39069114281536904	0.39941136496983337	0.18211585500024727	0.09322191216737837	0.07890446206965421	0.0252484366239714
1.5281269849335692	1.1707799195144613	1.166860516512939	0.6893283933301644	0.4275516751407017	0.40174176994123767	0.19811002207534545	0.10615521847062565	0.07811890638813432	0.031755890647906196
1.5254343407857485	1.168449590743643	1.165768705581885	0.6922821658076211	0.42086039495374045	0.3986800925602383	0.17609165957995657	0.07802963557661974	0.0764609379415016	0.027034849373693066
1.524385786773481	1.1588917145043418	1.1664071975678552	0.6889880759109357	0.3994125789199757	0.40652750896091877	0.19165905050089005	0.0985369355748695	0.08112840699220618	0.02825539150666083
1.52841190639315	1.1744407596539341	1.161877004303635	0.6809829996367677	0.40570113593951773	0.39320936135408524	0.1636449210912387	0.0776670165363185	0.07097589916122521	0.04031519510467433
1.5295365413320061	1.1688041868980195	1.1568174250594965	0.6672095131476561	0.38977363601710713	0.4084061722236878	0.19553638135864948	0.09149705704964638	0.10141546370762661	0.03299603292478998
1.5312828589105392	1.1802510276438196	1.1658510068118886	0.6894422433414376	0.42105484769240914	0.3927983059940935	0.17520913766089358	0.05463458805422974	0.0735430796897712	0.013364122016461068
1.5264193394267842	1.1691984879516317	1.1792583876010536	0.6988364263296203	0.4112104123248836	0.4081202897164828	0.17467567355041572	0.08097499338936126	0.08227370056639353	0.0400815218122255
1.524633296134616	1.1643476427883472	1.1708127195902942	0.691207181253207	0.39928260676252847	0.3966945111013393	0.18394851543893576	0.10749494649779018	0.09178192360729177	0.05536763002802408
1.5314808969186182	1.1767474055137686	1.177906895104965	0.6990481696440433	0.4115353354805788	0.3992000173025866	0.17076689014537164	0.07739200885258167	0.08559368396279733	0.03408247113526257
1.5231078552983535	1.158750672370284	1.168259338474795	0.6781456160904193	0.379222348224604	0.4032221720511452	0.17475492534210327	0.07816983894140005	0.07399334008031297	0.005449803747364442
1.5242157711150561	1.1592928898351755	1.166951634462164	0.6755443524617788	0.38428114924654805	0.3917877284834094	0.17051470338060826	0.08328522917909693	0.07694815246384977	0.03698606217469283
1.5313711745706646	1.170991627198501	1.177651767116767	0.6891991391436366	0.40539735621346157	0.41875442224775156	0.1947400026004909	0.09434641563774904	0.093026711473648	0.031953701320726356
1.525830095503328	1.1640787230457101	1.1589994268809714	0.6798382164377698	0.40157795515916717	0.4043048590617124	0.18408546042151852	0.07675394447913318	0.0826341131651682	0.03337566879679911
1.5251695926165039	1.1674411507910318	1.1658257287868858	0.6940917653562063	0.41882438569508973	0.41269023405879246	0.1942901429447527	0.10223713054049641	0.09213651017806712	0.03586463497239556
1.5238556044540303	1.1583977666318768	1.1624163050495575	0.6779519651511479	0.38076976158137604	0.4089364522801083	0.1819497605487907	0.09808563238011557	0.07933583175431434	0.035560108574145696
1.5252900358760355	1.1638504622353887	1.1571160836355345	0.6740058547235894	0.39210217557715593	0.3908238309927486	0.1661640247265733	0.06964979669723667	0.06988606781862358	0.021452124993122008
1.5299061626632957	1.1689511393820726	1.1718300078836477	0.6882943286406658	0.39748929708689645	0.40480332543751846	0.18451153437519022	0.08777995153999607	0.0726728772183372	0.03169935671569133
1.5266867027402589	1.1628040405919207	1.1677222844365964	0.6682293981980659	0.3757475343497559	0.3947276717847756	0.17404082831925113	0.08112957537192213	0.09946833249765633	0.04602568355611256
1.5277579520614608	1.168049333737118	1.168323610674233	0.6822739362810236	0.38577482487615683	0.39891830339601864	0.18203452066716816	0.07473799796901837	0.06531578249376492	0.009321017001070686
1.5165859946407432	1.1422986781537416	1.1472769885413308	0.6482469649550714	0.3617369002674004	0.36909944971491987	0.14259431078911533	0.046238008742407834	0.04965873191530186	0.007221976396258763
1.519505005250272	1.1527812858264115	1.1587804923099496	0.6671719920079545	0.38064869171631627	0.3770520314154744	0.16464896994545297	0.08076815656139731	0.0664010818123481	0.02961946820934566
1.525026973209319	1.1601599053024623	1.170467238234932	0.6884409758072343	0.40341030725422716	0.4156309113447327	0.19573348974918847	0.09046292009644485	0.09292878802958017	0.023797687429328616
1.5221855160425444	1.1591280665873671	1.1600442679552379	0.6717945846822746	0.3900976671185463	0.3876144164546379	0.16418100756523074	0.06425127080232396	0.05525654420289767	0.020001422922671794
1.5253172328007645	1.1615109343339372	1.1619959190905722	0.6667523712178453	0.383464032955741	0.39679577639791846	0.16473759440633598	0.06918885224719855	0.07842681703882451	0.011475301106312816
1.5271429181973544	1.1632035213255079	1.1659458561486933	0.6717632423616053	0.38400305240587734	0.39657839574041553	0.17729888602688873	0.07828085020994713	0.09416051949212287	0.03842212479820554
1.5330544828600454	1.1781177604329387	1.1742778560265181	0.6965533675029896	0.4134511820332924	0.40688847752364055	0.17851621024175066	0.08304170547324066	0.06936384581149324	0.04018268678765738
1.5322277346768516	1.169263176286182	1.1767431083642932	0.6799827617072248	0.38273269632605356	0.38704860364086907	0.15045731296439147	0.08518870266632891	0.05413619682322244	0.0223588034696385
1.5276969875127477	1.1706015437347763	1.1703497010388346	0.6815068048525654	0.3938617616449989	0.391347856312515	0.1662788843365686	0.0713896537276396	0.07607616390021714	0.032526352749296356
1.525156508490705	1.1671325993590906	1.1673305182468598	0.6819722531092499	0.39359131100939293	0.3767654610448552	0.15062576605658823	0.07064056253876719	0.058989641449742995	0.0006917661412349269
1.5276984835617593	1.169805191829231	1.1668716711751683	0.685467093406215	0.385064321269399	0.3955737711422205	0.15473534384332563	0.06161396488351767	0.06415433996830594	0.023546219936546695
1.5303870963416377	1.1689093263347468	1.1753697983862637	0.6847050462905367	0.4002658281577247	0.3937416473540956	0.1816671781367813	0.08476519157019634	0.0883708776115198	0.032609636216201006
1.5289507545444656	1.1689278894409165	1.1686568660076295	0.6806904803154527	0.3822666128308348	0.38121218612679897	0.15763492019525824	0.07323705235522243	0.07561913659638687	0.039692509654379676
1.527137272786021	1.1651205454526594	1.1699171869436045	0.6818923420202313	0.40987611853287687	0.4028768065032429	0.18604577828904242	0.07724417219454009	0.07824910207212842	0.03588224178089066
1.5210810760515128	1.158894078417021	1.156577419467414	0.6702709441446981	0.3729765014895244	0.37791499294625175	0.15009310798629708	0.06104091163142225	0.06045467958731362	0.00957444979176738
1.516037544523491	1.1498433326839708	1.138272065861977	0.6416749503120704	0.3670267447029842	0.36272625554910587	0.1588522479941534	0.0660680422053451	0.07254009501695807	0.0173077509708406
1.5246941411514612	1.1637378685584625	1.1559254660213885	0.6673162466784784	0.3761483223013538	0.38863938000809894	0.16126571844301874	0.0675962352352763	0.04969722741021387	0.013286526386824593
1.52361939408296	1.1585272829626376	1.1555179338865296	0.66239089552211	0.37786903673579153	0.3775025416048334	0.17123201251738523	0.07413252467038103	0.07606581790663786	0.0315667524132031
1.5226227621297723	1.1672310059881335	1.1569882080192921	0.6806738461243591	0.3939550318774677	0.39032641174115373	0.17690490098630082	0.07692701128038681	0.09211630839503965	0.04373807945901861
1.5204438909059133	1.1547761977121604	1.1521382953787014	0.6699345937686072	0.403419167689379	0.3837391045380477	0.18413485467544785	0.1030273619033118	0.0954217992995506	0.0464012464824356
1.5257498320684146	1.171699627538508	1.1595198999834329	0.6844894537824067	0.398882487032987	0.40769432282648244	0.18927551181433222	0.0786768380177505	0.07358833377621946	0.02023547218352136
1.5276396686716467	1.1617230541063068	1.1605195775911166	0.6715355110366941	0.38120008966197905	0.38606927149051706	0.1598134550968024	0.06710380898417834	0.07087081770609813	0.03885449348929129
1.5232297856855839	1.157717372263127	1.1548757941927636	0.6794651366186044	0.4039455087932545	0.39298048082902715	0.18080000583415906	0.08723943802690078	0.07028351728947718	0.013419964736189567
1.5245174831936321	1.164529372332907	1.1553423242687886	0.6671036823560095	0.38511047327301295	0.38324494746985494	0.17181200922799553	0.06583178253176575	0.06817999299504104	0.0013948545998608405
1.5239741150687722	1.1623357870541746	1.1568136718791096	0.6700907130178924	0.38666558962630204	0.3869831814533762	0.1757827106681189	0.08262298445213699	0.09064322964414608	0.04204872129326287
1.5221506415283552	1.1575455610892758	1.153597467698126	0.6616290600749077	0.37676677622208576	0.3760844510169049	0.15194631064927927	0.053637366848648865	0.06634589002081807	0.0061183119084269695
1.5234240019895375	1.1615320049668638	1.155622254236273	0.6697157321888759	0.38539400716936156	0.37547570744661996	0.16337792630920506	0.07572273489040847	0.05882287615860644	0.01926584260106685
1.5214760779334153	1.1677547134811397	1.1535246497752387	0.670782853442915	0.3923112136310887	0.39038187244578837	0.1754250433008412	0.06651040784910132	0.07154913727913825	0.01838827304765568
1.519755979169573	1.156142959897994	1.1506173843233687	0.6627381047025598	0.3853389618078288	0.3745672245935756	0.15995726876232735	0.07189689489894284	0.06605896931525274	0.03716584016688418
1.5267612052101875	1.1587605718102414	1.1742953101299427	0.6842857903232112	0.4001651557715009	0.40360401589363326	0.18207786702103324	0.08766069905388305	0.07133851393321154	0.012747174967444121
1.5197707032281669	1.1535846202818318	1.154449599382373	0.6664496071474714	0.3878716716319117	0.3808999659962722	0.1649899492430832	0.06205257030110594	0.06453498763128757	0.01586151372003949
1.5167952557477926	1.1508827811774613	1.1469976002352835	0.6602900756638662	0.38231884521812165	0.3686431613747472	0.16790912481363982	0.0650291006668195	0.07989677393249292	0.025084881851607996
1.517928257117762	1.1502841020627603	1.1524657814643464	0.6617247855572379	0.37466652438491266	0.3728693586961363	0.13853425708530642	0.04575508038184041	0.046619050010863604	0.009549352803051334
1.5241758497129554	1.150304190995384	1.1579419874653138	0.6554184219253602	0.35392867211894946	0.3610362889731993	0.13564021131750573	0.048511221775194464	0.05026115097151376	-0.0023565149810922353
1.522159871218411	1.1483317610173884	1.1537862356524253	0.658759881691586	0.3669208539859415	0.3990632325394837	0.17897300829863438	0.068894947012554	0.08529025556411605	0.007063597269933075
1.5285630669600054	1.1757192401340961	1.165286047627662	0.6812954231266222	0.40106130153734565	0.3905256607384908	0.16366483468249715	0.05182817130459353	0.0627858225746218	-0.0031098360612717532
1.5260816610389822	1.164421223940595	1.1615212359449316	0.6761338269452617	0.3875800468309675	0.39980201728424025	0.17882699570558389	0.08645807823754706	0.07939362480738359	0.03490037278464264
1.535214156602155	1.1818930585727694	1.1770737087750354	0.7026673863288282	0.41396231403937106	0.41451544289157777	0.17665307371446526	0.08797852510986906	0.07949123458903196	0.04270160931550867
1.5247241198566794	1.1657135445291331	1.158301683909829	0.6679965782871325	0.3852617814030847	0.37987163039350796	0.16295722888055697	0.08228344217415064	0.07780612072071665	0.02582678315972137
1.5315744179704425	1.1773487338430033	1.1718358095229318	0.6980363701008839	0.4117309217599065	0.41555342097962744	0.1887902761968012	0.08893295972553478	0.08575391912214408	0.015174644421854726
1.5223025226864488	1.1581966319511234	1.1582323642123273	0.6653185899782046	0.3765569551829894	0.3867723364360207	0.17338039037524608	0.062026945600593714	0.07546900973598297	0.015459734078343501
1.5236822424550809	1.1564048570814986	1.1542324412729836	0.6656162364220104	0.3740463365691632	0.3952894671699525	0.16507616935301142	0.06670586362168734	0.0868848642394828	0.03906690239860842
1.5232210971250335	1.1555203188626608	1.159373464428344	0.6762289309541751	0.39801021406922554	0.40285885032313473	0.19585706352275067	0.08164369463338302	0.09582773974223444	0.026376116546618977
1.5269629992212712	1.168172009243273	1.1628947683163111	0.6792985193230598	0.38779257360714453	0.38716379558469943	0.15529522602790433	0.04820012357449439	0.06018194728389211	0.000890395246052889
1.5316637576369696	1.1776175565571743	1.1716125388518075	0.6905580004479278	0.41351919653991165	0.406518082273888	0.19214123448381346	0.0924886978378064	0.07934852732568887	0.030384833710827435
1.530374353124466	1.1716802046990291	1.176376176493478	0.6912489996954941	0.4033110657587946	0.41087594093949725	0.19766075895034727	0.10036452455614639	0.09704220909166889	0.05154482120351298
1.5307277282476894	1.1665983195376117	1.17167862341249	0.6823999597960773	0.4110115912024428	0.4071668100111851	0.18894313568998225	0.08175153401898314	0.10595090233531836	0.03281550162060995
1.521746416055774	1.1636717676961066	1.165703961850863	0.6830014206797344	0.4032597430651148	0.3944696659723075	0.1834274721445439	0.07764579931238673	0.08828099627265701	0.0207670746348861
1.5295308969148254	1.1734601750477882	1.1671128877566355	0.6712289176724764	0.37327218267320217	0.3753367978101662	0.13581580952975733	0.0314794208830878	0.052685831973172934	-0.0020584025782971285
1.5234161009278526	1.150775157615002	1.1587043910748482	0.6610041385183296	0.3748290940824991	0.3753842155562968	0.14769269937406249	0.06674643455878398	0.05748899682242059	0.014986365021120003
1.5213241339197154	1.1484496743394592	1.1567796162923445	0.6568766732730468	0.36790282713280836	0.3713306585326895	0.15822898598048155	0.06887682752428537	0.07253049209022443	0.024911730651250522
1.5256606475567311	1.1664014808935559	1.1641390499523647	0.6741560520282588	0.3843595587141226	0.38977545349520626	0.16890410378427953	0.06455306210130989	0.06952224598942837	0.02384090610094611
1.5195998508001434	1.150409727811446	1.1507710694964741	0.6470036958301275	0.35798067534171074	0.3791977794993253	0.1558046212043202	0.051042834152903414	0.0865881686942546	0.03391038904671298
1.521319290848721	1.1597596569462447	1.1563058927102596	0.6678553753455295	0.38945230394007224	0.38913735788163184	0.1743972785211932	0.08517491610390193	0.07885471524964088	0.022718527534338326
1.5207318140887334	1.1542342219588457	1.1571482108898645	0.6611661203405732	0.38307289383646126	0.3791900577243609	0.16378121190112072	0.07756316177696145	0.06919026276548207	0.007052125873716496
1.5197341083735507	1.1560118282536676	1.1541537258605747	0.6589691684450324	0.3821589317606774	0.378238211898608	0.1691582567316034	0.07344804831741909	0.07703592216136007	0.035020987483009615
1.5186817976688431	1.1451542547355003	1.1534097373332182	0.6612632943577926	0.3729615771212885	0.37144963098256717	0.14091965496865566	0.051876780988999824	0.034758801472971786	-0.008160605536774997
1.5177051569805604	1.1515161099936775	1.1451787236061746	0.6547335222199315	0.3827941119533849	0.37567379133466827	0.1833069213009298	0.08085880739094253	0.09102004850682908	0.03761228551668683
1.5186736283719438	1.1490557593403894	1.1577891910469384	0.6690525581505917	0.3724304767757565	0.38906288902834313	0.17854240579859817	0.07238599064327901	0.08908734368568334	0.022216164526253742
1.525293842571902	1.1659874837078377	1.16551973052273	0.6970005572237951	0.41478320348486064	0.4109440688542767	0.18252587166950052	0.0923092022451289	0.06855723527812274	0.024989990946187715
1.525079445950388	1.1654305384668315	1.1612231235688963	0.6757629924900355	0.3951765534029162	0.38924666438257727	0.1805784820811206	0.0836569391974911	0.08133332674396265	0.029322702224472315
1.5282144158602249	1.1680139184019422	1.1729542298673696	0.6896056741562444	0.39358667968218897	0.39781339692424095	0.1717568634733035	0.061621228348818814	0.08987614348332684	0.03162339621296446
1.5294598924788556	1.1678270202495793	1.1620092893075684	0.6734127271338964	0.3939575797970215	0.39935682077874923	0.19072094567214457	0.08697444459780453	0.0834554441097694	0.04054111663933371
1.527841506900662	1.1706870241206109	1.1656312375517714	0.6820015683577368	0.40377152424827867	0.38994980443933824	0.17283890979893035	0.09598191752769619	0.07658339746304159	0.04041514223173765
1.5274337024090379	1.1598069671451519	1.1661203566721632	0.6748344170977353	0.3896693249820264	0.40391818026249304	0.18644154092343102	0.09154272066221686	0.08450058579291897	0.019136247976058913
1.5268101494704485	1.1683300067464353	1.169954408569298	0.6767174434102936	0.3744165702185061	0.37835081285854305	0.15227916604086378	0.04815331704669558	0.04780798411410888	0.005277101779394753
1.5239052970625548	1.1535565095621907	1.163011244832497	0.6655550789825052	0.38906418902724454	0.37532883096571784	0.15691049891253345	0.05625537524662653	0.0790964262336528	0.02207800236534374
1.5271214771390815	1.1627003280413402	1.1599919969200698	0.673836895935297	0.3888900944906404	0.3973845789768678	0.1744398512808529	0.08622293970023705	0.07221016980875247	0.039487704243952315
1.523801520617296	1.149387871513736	1.1666765253870293	0.6661146319181444	0.37487605080936254	0.38749784108483776	0.16429007380298086	0.071685014210356	0.06674282201409854	0.008046988347335225
1.5204862781647774	1.1540619799317686	1.1585028282738634	0.6647333610125199	0.3717565340951272	0.39166606664785086	0.1669765683396734	0.07279687839739392	0.07121490726690596	0.03867780092486961
1.5219198533547091	1.151707347924658	1.1554311258589618	0.6573902500902911	0.38764839916941196	0.38560320259266717	0.1860932122043258	0.10100296342259855	0.09814159362071831	0.037470163794246995
1.5219179024570788	1.158542347303227	1.1541390163151735	0.6599630787096356	0.3831518544545618	0.375747007124289	0.1485428867994467	0.06355293030171273	0.07699738469901979	0.025661527301017024
1.5254754013852927	1.1662250169359896	1.1667123977244824	0.6785961389564704	0.4067982061160045	0.40791725961892533	0.1899270076083119	0.08919028237235244	0.0831006313593846	0.02778842493906053
1.528110368293201	1.1674795493523646	1.1698333906740563	0.6852141744373448	0.41848936438651285	0.4044015463482855	0.19221170728514225	0.08819477373802652	0.09355184513324216	0.033916720978332725
1.5286256596057566	1.1610905667291147	1.164944043108622	0.6785729974675082	0.387585995129359	0.40448193030469365	0.18708499277655713	0.07180027365967726	0.09371816472070137	0.0319100877926746
1.5355284569514982	1.1813964205345888	1.1802863489543038	0.688219996102908	0.3903327340372332	0.4012393198677144	0.16708456302613317	0.06380375034444287	0.0764444910923719	0.019262838188989155
1.533100920522558	1.1808370382252622	1.175146634024549	0.6944095132762876	0.4124965759141373	0.4104433056121344	0.18212600029735615	0.0847635208890641	0.07503863518449742	0.02962282828218577
1.5293581582855942	1.1665457434371747	1.1669305089178899	0.6716987438529569	0.3809306877600852	0.3839631296102015	0.15240888901852184	0.06090465622326478	0.06180440600967455	0.00880949732508882
1.5283308488757692	1.169090573834598	1.1754346905365207	0.6847914722363576	0.3980483676010447	0.3978558510027923	0.1802621893262176	0.08133513116808382	0.08931805169419668	0.03436561912897175
1.5299853628572608	1.1747020898985723	1.169758590167021	0.6959617118664967	0.413059974813306	0.40645228739709105	0.19221942493386993	0.08499967988333577	0.0948709799340502	0.04440558659693608
1.5311226900579145	1.1785389308612255	1.176731438001755	0.7100388404267621	0.4401719007016942	0.42374206825586264	0.19615915489944738	0.09782898556886953	0.09008836130249115	0.038789137639045124
1.5333278869218827	1.1737689401583933	1.1781248313353383	0.688057617742578	0.3976088567176779	0.402902513416102	0.17569772974389875	0.08551075353376716	0.07809548596701713	0.013320335527267291
1.528730675928315	1.1700632535782323	1.1784845649915985	0.7062272295956307	0.41631223687664215	0.4228086988991573	0.19801962044431265	0.07697027588131442	0.09421350359308446	0.04134245961005784
1.5320055692707841	1.178448501596709	1.177225557539784	0.7063456894692065	0.42459709072004637	0.4256341495738439	0.2033495400883662	0.07374793507900468	0.09214971229585817	0.013941936375254026
1.5259756598879106	1.1685826200850482	1.1643518955088021	0.6769594053978963	0.3870945896359446	0.3957339645688858	0.157830709139831	0.05972340623995831	0.07179985294070297	0.010548853840346642
1.528779229723279	1.1699818821247676	1.1689106892399124	0.6802154568600581	0.40591391717523795	0.3995803370337085	0.18076445851968387	0.07610650605230486	0.09676423536016096	0.033938248341558876
1.5305469983998992	1.1774797743797913	1.1799659569343908	0.7027413473654565	0.4282639005826405	0.4158920315126901	0.1901870927054887	0.0804486903272016	0.08275729515499498	0.023589039184303454
1.525090699424402	1.1625094399036964	1.1700141763352354	0.6833300470653284	0.39730459255945944	0.3980410961081617	0.17705581881081292	0.08544905550031998	0.0727602725785213	0.02069978325254473
1.530294627144305	1.176433622944619	1.1688759465239063	0.6932288431599467	0.41103189004766993	0.4045322234561579	0.183118106878497	0.08008305131445193	0.08477002324068793	0.0357533989408345
1.5249988366683123	1.1620249620521992	1.1618638814692557	0.6704344214816863	0.39786002265200876	0.3742079207399594	0.17816870340550553	0.07918418282940892	0.07615464440356254	0.02863215973128319
1.5248496155377207	1.1636956362070068	1.1706441218622363	0.6875008214481318	0.40289541954235286	0.40182803160566277	0.19177575555630005	0.0959320553937077	0.09228589374019759	0.03882913052024542
1.5241231626859262	1.1598636590510527	1.1652549837514976	0.6778431212330676	0.39045337850205847	0.38590205147327034	0.15024309644225575	0.06646002345814303	0.055597288155858945	0.016296536071148327
1.5230768494073246	1.1546530999418008	1.1697591619160919	0.6828732494992533	0.39673734669215205	0.41419282076191827	0.19439555041382198	0.0939755105447694	0.0909196862660099	0.036689586183959955
1.518675726239827	1.1525213976691835	1.1582141323221975	0.6658782485135382	0.38182806635440425	0.3836584763471121	0.1745611907988942	0.08599723592752277	0.07169101404248031	0.013771742022008086
1.5173420082492752	1.1523851414818767	1.156838791632834	0.6637314023434637	0.3788823072362794	0.38331154063247275	0.17770072729192588	0.07442365599422493	0.0774286560339524	0.020627113737085215
1.5242727061119696	1.1637240840750103	1.1592767451657977	0.674188624764665	0.3836086499019225	0.4053003741967713	0.18279488473981212	0.08646883595841862	0.08251943836434425	0.02333746489802492
1.5305517153912394	1.1656942965643036	1.175686690788264	0.6828690050640582	0.3907373190545531	0.40078748256587715	0.18670395334163836	0.0796974262452353	0.08271132124038061	0.035632374782808444
1.5248867287522923	1.1709870031875	1.1696955832265223	0.693696569962716	0.4179072249211486	0.4232790009866074	0.20175133003441192	0.09551572292540134	0.07857372325961037	0.030441426329226084
1.5290693254926089	1.1771499537845929	1.1749672485973566	0.7019716382201353	0.4165596247758845	0.40343834867080175	0.1728046137965401	0.07399352003612567	0.06406210969680026	0.014307458410367263
1.5277094039600922	1.1745867238952572	1.173342516431084	0.6880506907297065	0.4077552297154356	0.4108412579125772	0.18430784259327812	0.08863252421419617	0.08883652105361993	0.030034047921839297
1.527777957753238	1.169997564310907	1.1669239120313304	0.6932722596375726	0.42077028599968286	0.4177836465795427	0.20915028852282813	0.1139353554315753	0.10022939244711376	0.04130131778014547
1.522727456731428	1.1622954369314442	1.1614526994308747	0.6692980298396556	0.38758824343709547	0.39488755408148535	0.16801598236376003	0.06091398700421356	0.07097566430917533	0.010462297434250017
1.5265279307508826	1.167482836035391	1.1623250768322804	0.687624469624274	0.40016857430224645	0.4241677506886994	0.20315593802966608	0.09843573692028554	0.09997028914361704	0.0418849471008986
1.531237425737352	1.1747300524820306	1.1686507600222347	0.690245873669434	0.41391991158174446	0.4058908961355511	0.1888494523564483	0.08521536860202963	0.08890580499272649	0.03481669501005838
1.5336100779059525	1.1753381028242644	1.1726210573125195	0.6882439668994808	0.40930543588077634	0.3948865921260221	0.18243237957620856	0.10196360184691806	0.07201910708779878	0.022456366550754614
1.5271806679807949	1.1705562405392702	1.1717908840185811	0.686461843253253	0.40893961531310113	0.39238790831840853	0.17778949488806164	0.06767473830353506	0.05997653661803527	0.0162055941005075
1.5219380638099824	1.1663046830251658	1.166064084733802	0.6991848145505712	0.41112092398568806	0.41357648681297476	0.18642157409699447	0.08743101606090808	0.0771069958541798	0.027249532568122806
1.528527537915843	1.173087139174093	1.1623374475732284	0.672308311638297	0.39900323714418295	0.38460683492099335	0.17645248952471315	0.08342371010556333	0.08335318738006398	0.026808423230196356
1.5234613868144242	1.1612516581323835	1.1683503675665854	0.6941742674168236	0.41350893501684083	0.4204793769339281	0.2145670110527502	0.10599703389527791	0.0886069987555016	0.03515540953467173
1.5218015742377622	1.1520096270200162	1.1530637077428356	0.6543363925918523	0.369258888145091	0.3567348759945236	0.14414410769888789	0.06721139644216206	0.05565924744318925	0.016122517588129007
1.5252963198228717	1.166548818617152	1.1570171660817925	0.6790958716847391	0.3958680404168228	0.4019251037418987	0.18524653568145977	0.09177191148005259	0.07486077952566626	0.03988479856143116
1.526207285914027	1.1628016675492507	1.169240760515	0.680999506998667	0.39760824904731545	0.40679418945567886	0.18605743358839458	0.08424831939466335	0.09513442142946635	0.04016782049218206
1.5279546674384814	1.1646687097807513	1.1696141253675914	0.6906776666764611	0.3993403421132706	0.4022022928870319	0.1744689618278714	0.06686638026107139	0.07245216649640097	0.014280911106986776
1.5280246755804425	1.1690332695648051	1.164749133863531	0.6773541077724068	0.4009720874595703	0.3893000858763196	0.17848040755049807	0.07125708302527725	0.0658025556527693	0.013626200517105284
1.5310712866498344	1.1685329753718219	1.1721744553319229	0.6832092608485975	0.4110038867542568	0.39788297857972527	0.18707569459393594	0.083076886203288	0.08804130625505747	0.02991169660868391
1.5229772824918935	1.1626874683713246	1.1615751141287083	0.670936232549974	0.3860821644168153	0.3785161013353777	0.15047386597126255	0.07573960375556213	0.05438142106465364	0.022817952038567832
1.532230639555644	1.1701596691237173	1.1761355022063797	0.6949910233209081	0.4117210232631548	0.40149518670295964	0.16809921923067636	0.0706132371268311	0.06549035487865393	0.00873183056211736
1.5263202663660094	1.1551506457041525	1.1654021627777007	0.6649962198230757	0.3799951428112238	0.37372511344641246	0.16039573431946152	0.05768771459146465	0.09012467784846302	0.0317464518583923
1.522225820194196	1.1562648485058655	1.15776031789943	0.6750274869960263	0.38603973964938565	0.3907588015196728	0.1734361289660571	0.07276472038287153	0.06290133427914656	0.008542430978689817
1.5226072586942099	1.1582109736682407	1.1533697815727193	0.6591308720995808	0.37013175003560794	0.3684822482340961	0.1454885923420685	0.047124824454690524	0.061455740869936486	0.008582083775413427
1.5288987425528389	1.1666823525104577	1.1699485140418442	0.6699035367640547	0.3725815983690299	0.38849153566259914	0.164364803964242	0.07161597110406816	0.08258366136609047	0.029647043211966047
1.5288820522251687	1.160233704297021	1.1648274293976566	0.6658905083336366	0.364987436260819	0.3769194801369978	0.15545472941945862	0.07745051763617711	0.0663581422230431	0.025202838121616333
1.5273008201602933	1.16656643443434	1.1710059917357543	0.6898982926812588	0.40244371767134374	0.407944204110648	0.17908882001670667	0.07887627534527321	0.07454529986089706	0.01975770911952954
1.5368855980238516	1.180395645636394	1.1864723461311182	0.7062429668237772	0.4219975520511261	0.4164279364601002	0.1753404379421141	0.08222132490679013	0.07439752829463903	0.009911952198379854
1.533403863938159	1.1722176538173545	1.1804356380425591	0.6910119228628082	0.40463661844026483	0.4034072595145673	0.17835709360606103	0.08475506296078107	0.08583492336680969	0.041187534581445084
1.526562510257837	1.1582143519270065	1.1675313190423582	0.6712828359961025	0.39430866397894343	0.3903061949947003	0.1897812807062591	0.09123339158875403	0.08892310594107183	0.05751423474887515
1.5301840188392086	1.1662115108807936	1.176175255956531	0.6831333967483025	0.393630301562184	0.39531805837206685	0.18006838457676932	0.06320750660779778	0.06990637585884618	0.016976304128036093
1.528415287181053	1.1681521062113704	1.1690475839542305	0.679488955835352	0.3961091862785653	0.40362926771914087	0.18851338696056885	0.07357135216311463	0.08039267728715065	0.00982887673516613
1.5246127616855634	1.1611891297246169	1.1684949544558678	0.6767013705391662	0.4138001069167409	0.39865578754971126	0.2000430527323065	0.11089351786788107	0.11072306788706308	0.04586232542674726
1.5248282536162672	1.1674620655691303	1.16057903824993	0.6857561331374831	0.40573794751436326	0.40116539612559365	0.17728031258418556	0.08661897366978125	0.0861160418067236	0.028299229170057973
1.528297638662493	1.16919884100549	1.1621054214662425	0.6748982671254411	0.3852742611277878	0.3968955708766817	0.17660246284771117	0.07736548913453557	0.07509378340051293	0.014623657903293896
1.526422279746364	1.1674553659319624	1.1683908798315112	0.6886763911484914	0.3998578737935602	0.398312320327151	0.1855510785141833	0.0780944695131807	0.10178031930995465	0.04288234854635885
1.5273026909664038	1.161864916168299	1.160257749349576	0.6713772252186221	0.3830792949199535	0.4021071579277804	0.18299726684790768	0.07442792847293205	0.0790492537576832	0.03027634032159738
1.529798360923638	1.1680822103778181	1.1672486598764185	0.6842794002661553	0.3905044883244025	0.4025687178449286	0.1650788953764802	0.06629089966129131	0.07189623810321065	0.02591845959172916
1.52496091158059	1.164664222255685	1.1592540936799998	0.6801877603989378	0.38853122928554984	0.38830401073944526	0.16313320511434637	0.06912103263392183	0.07799332777774712	0.04166297749456095
1.5238505115046381	1.1556292187728958	1.1574385606902524	0.6580100426765119	0.36121779732163856	0.37881353989553357	0.1505736622584439	0.05461664873900274	0.07029959181420534	0.03018702792446211
1.5209061891398783	1.1521386641088895	1.1553529585927513	0.6637238673522119	0.3729344831690653	0.3776815642704325	0.14016413344304265	0.06228375394807643	0.06551381520871971	0.021026421549333367
1.5243661775872406	1.1733000396600166	1.1597075512573205	0.6837276631145301	0.40908629380784106	0.4185267311561572	0.20602676465793535	0.1011361257100073	0.09877522485490624	0.04148358948805342
1.5313171148189773	1.1723547826194596	1.1685424208948119	0.6802456064253395	0.3996521159036412	0.3970695642718319	0.1875099519767996	0.08086935613208218	0.09002469458973406	0.03199351231726598
1.525977856430654	1.164875543223131	1.167005430042706	0.6782884607687998	0.3882732373739932	0.392456689582589	0.18154537903234708	0.09322756995948792	0.10637608736872288	0.05352848517623501
1.5217834597270923	1.1586844095429745	1.1582233584377626	0.663726934138511	0.38162309627776003	0.3933948446546298	0.17105104953218708	0.0820350867423844	0.06007347065411566	0.015228017839389105
1.523639598847818	1.1635050869089258	1.159788267879772	0.684576279060933	0.40802188083891106	0.40741800106553705	0.1904479375980708	0.0743017431725867	0.09198384056654728	0.023291571604571005
1.5288715898035605	1.1682739508997317	1.1672486364330932	0.6868973738947213	0.4055468915660861	0.41575558083241887	0.1982489607136234	0.08409815621603554	0.08409815522077088	0.02064631435151114
1.5271034929422929	1.169534275768794	1.167811713138011	0.6879469462592545	0.4055773470669689	0.4164962449361692	0.19153866040464346	0.07621521056560258	0.09408312342474273	0.02381491288732732
1.5294651936909271	1.1746959378552306	1.170804505988636	0.6934184644402891	0.4126799032396723	0.415710827188113	0.18421043493286632	0.08420714860673904	0.10083362610484506	0.04619138626476492
1.5325094145504348	1.1810451328161073	1.1675411459284233	0.6971033286873008	0.4215620318631681	0.4190647113121838	0.195254516713789	0.08090171877466362	0.09665583340965132	0.04632131080565279
1.5309697167040768	1.1723206024021868	1.171098571043855	0.6894013459342125	0.4166570742131961	0.41474342986308355	0.18369444938386004	0.08985304630272314	0.07832396579047379	0.014776998256585874
1.5363194693386077	1.1810096686102196	1.1780049631663756	0.6968678756695389	0.4216450166080302	0.41983022409558035	0.1901912195387998	0.07134031815867228	0.09315855040919888	0.04288691495006199
1.5300194809645709	1.175306824220775	1.1713019087980265	0.6896420043116693	0.3941616450121228	0.4077121790329335	0.16706559237914942	0.0632752052389716	0.07274603242435808	0.02306994926733228
1.5281743626519437	1.1696032025037277	1.165090272276839	0.6802912720802449	0.3879635665987958	0.38783474647130917	0.1727386143356207	0.07942085996316625	0.0830377877752156	0.05172867694280314
1.5290980397665075	1.1783279020943946	1.1634790924096627	0.6814582410574945	0.3917616347956624	0.3983369867742875	0.17540799434307808	0.07699560401547055	0.07129234995247652	0.02328586755067686
1.527079276423388	1.169209037967121	1.1692959780696843	0.6870717764216345	0.39558765279799485	0.4116569817988904	0.1808349650224832	0.07383154160209011	0.09003013551549578	0.021780183680452578
1.5270001890538676	1.1676321689780684	1.1728949156268795	0.6940535059362045	0.41689230806778116	0.41458965502671496	0.19502003176800584	0.08943154925713302	0.0947193653519951	0.03473480084103537
1.529257885002371	1.1697016651209005	1.1655367689724734	0.6741934440261454	0.3838284579472362	0.3825975090761292	0.15613895704758626	0.06494423044981797	0.06182404326190857	0.013995350619620213
1.5267662990084698	1.1628665401819296	1.1736002005136295	0.6819603270894069	0.3870778540825031	0.39709256773123713	0.17835527475873514	0.08424591064208592	0.08070100861106809	0.030306214734081325
1.5263276426257486	1.1612021234823553	1.1660952147566894	0.6768220334294568	0.38265473144559575	0.38824487894702486	0.18500133364690163	0.08033033966225908	0.07927015336504474	0.01442960813819763
1.5334045295722598	1.1775646990367763	1.1788417226575725	0.6937927350849207	0.40035511042828226	0.4081465823265322	0.1741884226906797	0.07836080756937253	0.08760879076306488	0.0342882409889718
1.5273514962302182	1.170824368027693	1.1675240902309463	0.685789719600106	0.40442708125758564	0.40415558050808476	0.18822360822636894	0.09786838574559376	0.0871028931999932	0.03951036250837122
1.5245802507569484	1.1569620964406475	1.1670902351557706	0.6685735737800863	0.38457969920514645	0.3810262740004245	0.15592173167471335	0.06183643414657815	0.06826494284686226	0.026483090750927956
1.5249380189939117	1.159661112699016	1.1568229605863973	0.6679194581954921	0.3859687750433745	0.3920242745619492	0.16237062222535062	0.0617411272089505	0.06369955912332803	0.02063329517832394
1.5215901690003462	1.1575972610156096	1.1525579200046208	0.670492995300774	0.4032455510230212	0.3880454139513619	0.17557954110287838	0.06529819154418764	0.08631503136323047	0.02094108843847865
1.521492855419057	1.163343456167933	1.155781725137221	0.6682403217226679	0.3828687916662817	0.3933189798424017	0.167358635357669	0.0677288522855693	0.0679647269096017	0.0014804911177053954
1.526450716982168	1.1690568346254122	1.1722151630520965	0.6915783932734131	0.4039469706841208	0.40845408988144283	0.1815205975247113	0.08296803864863689	0.06679242422816158	0.007142752707539623
1.523694235190726	1.161035393041193	1.1599248821383752	0.6631815114519966	0.3922478573307471	0.373169796305431	0.16053619944870293	0.056284315990750705	0.08296952232575529	0.03586701174828195
1.5233750739836522	1.1691406012906205	1.1574692242062796	0.6874601511761109	0.40474062788734866	0.4095513548970538	0.17967110516489063	0.07582424648089242	0.08117953985143506	0.022062464495661935
1.524209213840179	1.16702002174724	1.1593010408260425	0.6792198576618567	0.39537626718272656	0.3908138229642254	0.16824293451215333	0.07681493832435152	0.0675397513371551	0.023126438070256494
1.520968915625277	1.153137952054424	1.157402490588436	0.6642908070578173	0.3716363907695404	0.38176082290999913	0.15982338308560512	0.06690541408336163	0.0714723912508896	0.022837414216574883
1.523062756188752	1.1532159184180133	1.1578670867382028	0.667019615656427	0.39532269606722736	0.3905694596894327	0.18708355757260747	0.10408409035449037	0.07958122503133629	0.05060916703308841
1.5249026660400382	1.1617035426109363	1.160342635258655	0.6622371432576877	0.39117860928577985	0.3642013876521684	0.15492530784701072	0.07458159240942178	0.06148148653529847	0.032333667349404425
1.5293122957849334	1.1696051517396866	1.1675221055272007	0.6877349217113672	0.39539261453347607	0.40388945634220375	0.1739704348601161	0.06489169746444248	0.08528272594345333	0.00903563369514257
1.5350748774736829	1.1761049683328402	1.175413002589512	0.6835737175721894	0.4057407355802164	0.40729891979011684	0.18446153006045737	0.0890454304684252	0.07622892053406817	0.028848751686229974
1.5352062197599474	1.1820821166478275	1.1814127194431032	0.7011988436055023	0.4096595229194532	0.4173676493791168	0.18345506630662847	0.07979311303618182	0.09099763825117328	0.024995219248554607
1.533225749432785	1.1821503517783123	1.1733450194621164	0.692221805847432	0.4187675932931948	0.40523065414009957	0.2002018239360127	0.08766617635538726	0.08025803286992089	0.030306382211575382
1.5278177970555158	1.1693245310366254	1.1676014568178266	0.6840943712583629	0.39340964613496365	0.3837128409369116	0.17473149760501971	0.07746361230414522	0.07397408318261722	0.02819026079372671
1.522183523083604	1.1595222944968353	1.1619108450823477	0.6797821963210664	0.40158407331677887	0.40754469033001306	0.17614586891539932	0.07197097809040398	0.0854806325790069	0.0280550392241865
1.5180572417213534	1.153714933950744	1.1484122454453234	0.6534886599649694	0.37520567239610236	0.3719274169233715	0.15345790747191124	0.06487888604264389	0.07176800568106745	0.02724796002603842
1.5198924391768653	1.1537722840621991	1.1577789638289389	0.6674273765916093	0.38159829380628474	0.3846971051635026	0.16916303361765772	0.07379088735070133	0.07814493165142532	0.03027561368721907
1.518284355802769	1.1477139724317544	1.1504549578363072	0.6576934348660046	0.3809722949839987	0.3636998614181531	0.15863457868034903	0.07785859823338043	0.08887725931502316	0.028421337558775493
1.5187055295385632	1.156579942971538	1.1591985014138098	0.6818629296105897	0.3948231695145174	0.386136162078796	0.15871092224878364	0.07193592576005907	0.06588293694747854	0.035402107809468064
1.5205063459483452	1.1529366493579714	1.1506046670797885	0.651052563695276	0.3721723793589391	0.36232872030528873	0.1568581945921547	0.0724546102829321	0.05396535834828083	0.011218875171335805
1.5319073908609344	1.163757658241015	1.171893480378956	0.6791901628272666	0.4130574656282455	0.3996365973126061	0.1914577082154792	0.08747860647685214	0.08559544700373735	0.028146863932357755
1.5274403884828236	1.163914350851134	1.163855690433478	0.672011087238237	0.3890663745975864	0.4005716802007282	0.17371994571358437	0.08014687041709241	0.07672116143702105	0.0185714070610486
1.5206577549901117	1.1515928011589944	1.1527183617385104	0.6609504352315542	0.37966325447878635	0.3691082671637762	0.15638019127711877	0.06194220085364447	0.05487178989200815	0.010729336273461851
1.5180222956870353	1.1547106618770095	1.1558337661512503	0.683277013602533	0.40292861754557674	0.39461546468564074	0.17688506647903365	0.0780577701795732	0.07664324923930413	0.008429252767711082
1.522400352785823	1.1619193452885548	1.1539363228648594	0.6601166673785143	0.37363937323396557	0.38271346073022655	0.17126651547160782	0.05687258109335843	0.07010013398914124	0.013923173400227461
1.5249503701025338	1.1626563992941255	1.1697385184052562	0.6753988287945121	0.38672680523424774	0.384764984117684	0.16821260515733746	0.07177790629980588	0.07565518393694677	0.019891742023699355
1.5188643750303708	1.1484935584235916	1.148373320141274	0.653377884853607	0.3727018620206783	0.375309776570154	0.16566558129924694	0.06234041128762929	0.06232420398191496	0.004263171277573644
1.5249959104410904	1.1584703109973866	1.1619962162281412	0.6710478856210265	0.37745982083494656	0.38729161723510963	0.1553241489818242	0.06083610745839277	0.06617190901004548	0.023455086088019713
1.5214364223530437	1.158054855105225	1.1621995692288567	0.6717433469018176	0.3807692716648773	0.380278504079595	0.16757596946806888	0.066758869430035	0.07537638961293566	0.02154244801312538
1.5235127712474357	1.156054198035882	1.1674297758999213	0.674805349253197	0.3866407868502366	0.39885835889103594	0.1887733271630383	0.0782497487354494	0.08482275506417507	0.019025878443323915
1.5255766372722777	1.1558508368397162	1.1607088912083634	0.6654825376805333	0.3836711068881825	0.3867515778197401	0.18579854121535438	0.10978144599271619	0.08548023876941882	0.04963841637700171
1.5259698110149331	1.1671104395076586	1.1666081256990435	0.6789628302977909	0.38729958673977094	0.40000395638365915	0.1694505550941535	0.06552770525498117	0.08289762054671791	0.030567370688336357
1.526644384354678	1.166801036887255	1.1538392455032236	0.6730733942931312	0.38468700662758704	0.3831227865847414	0.1621255492990838	0.055352149557684534	0.07121379290603215	0.033091102750828244
1.525168632684961	1.1625338393831737	1.1626614330664715	0.6854568878402445	0.41663483076303526	0.40084201115366913	0.19369848223827868	0.09832219498584231	0.08497649341826853	0.04257686503210156
1.5217610981972536	1.163331690677818	1.1624750688543986	0.6809581546631289	0.4079777973992288	0.40498073667436063	0.19257996073558253	0.09542561879994967	0.0886962185347894	0.03376823123835368
1.5285913940656686	1.164868417639719	1.1628799092940139	0.6709396461513791	0.37960958035828923	0.38857215376826626	0.159812262009757	0.08199791276508468	0.06026487041697981	0.02005449368378702
1.526529940203334	1.1648617078373091	1.1679146914159462	0.671167417582224	0.3911255058926064	0.4052043710304252	0.17988243398371168	0.06715644295307305	0.08881283369948749	0.03360964898616859
1.5286859973283191	1.1659188565841434	1.171525956747602	0.6772115864487797	0.395138463759708	0.4050887391936367	0.1787600934374437	0.08069368296137854	0.07321314913574897	0.02517282696038523
1.5274938765384902	1.1693518127338816	1.1624799450559464	0.6911848714658735	0.40582308904793385	0.39922910588616806	0.17453427772329397	0.05965995263531711	0.076858206307161	0.020469270175108932
1.5347784411995433	1.1817279133858394	1.1762819270839928	0.6963822076462277	0.41682892402378685	0.41204768641189093	0.19071121590993365	0.08877011542599596	0.08231923134304203	0.022402648241602877
1.5248119708490557	1.1659639547844303	1.1649141519266217	0.6836184834692792	0.40011837956039287	0.39746188018926554	0.17779889600555887	0.08076971522535228	0.07337042041843354	0.023302340672226765
1.5231075646154657	1.1590213866834225	1.1593175178348387	0.6655535030246524	0.38483217777863765	0.3961469800280231	0.1843754974829079	0.08206835064153238	0.07850499859808499	0.03309173316446665
1.527526768127151	1.1620536767769218	1.1730857528027105	0.6853740269706516	0.4011262863758271	0.39691680541587115	0.1901680417769116	0.07839376575426124	0.09792752622613195	0.029209382244098178
1.5256618921979734	1.1632003965428268	1.167939965296905	0.680974347834404	0.38899119414071015	0.40457279667165447	0.17737743159339892	0.07127196676744976	0.08792444767154363	0.004165620765986979
1.525502854929024	1.157724636296029	1.1683478766957327	0.6855184055941481	0.39904836754140643	0.4142481898412977	0.18810880008414899	0.08674403460217156	0.07079858916136292	0.019497280965056783
1.5295251662607585	1.1705967763033378	1.1718270292532027	0.69756279798542	0.4178963719990752	0.42429272656161665	0.1948179598566175	0.10460799112929782	0.08408494146909108	0.028834658900917742
1.5261995823276149	1.173314858215182	1.1672349257569397	0.6949889406348131	0.4013479657510392	0.41794223800139785	0.18536762722018882	0.07558272851276582	0.07284983919053586	0.01250096521398363
1.5264625342903289	1.1598898578454693	1.167127017254001	0.6812274952578997	0.41385746570291443	0.413356177552582	0.2051051098806257	0.0950910467335317	0.09198678277249561	0.028023576683427157
1.5260564575023168	1.161009903254679	1.1670035126813962	0.6743439988760807	0.3859436078549127	0.3924446194395422	0.16856603061457395	0.06722440615062347	0.08241786019432935	0.02799304666609835
1.5223431247319041	1.1563870147526947	1.1638732988463825	0.6758830624234081	0.3871507813142655	0.39313833201673354	0.1860401602794138	0.09189334002310745	0.0854967973587761	0.05236179305504948
1.521324131217643	1.1587652515287692	1.159505249873293	0.673910867125933	0.39934677255993545	0.3709980618102867	0.15520573640622704	0.07131666061309547	0.07026554995147362	0.02575575086515539
1.5254252988376775	1.1628780989319438	1.1598405756087942	0.6705435310807155	0.37886635124263823	0.3877513471819296	0.1793275295542431	0.0782253309380992	0.0980485304369973	0.023896083445654397
1.5229690419123212	1.153469153550817	1.1551839800701518	0.6639228686952419	0.3849438028763218	0.375446519167538	0.16806491220899183	0.0653098245460575	0.06159637838471305	0.0024859974963705313
1.526356992973876	1.1592692334968744	1.1666980063141084	0.6721169430419854	0.3790107300442809	0.37821804385517627	0.14399688472430772	0.0547450955940534	0.055887654419495045	0.006010862345596916
1.5204183811235241	1.15995437583109	1.1551958236173954	0.6699760529393949	0.39076720160017886	0.3975557639571954	0.17577839818006544	0.08399574663863403	0.07078525183892917	0.027187514806303784
1.5220738044642514	1.1573427322292735	1.1668225563999408	0.6829346711563204	0.40526985034420165	0.3917216434730221	0.18260300925916134	0.08884164797373174	0.08945004917890903	0.02673852436485331
1.5246558562729864	1.1544037440981774	1.1576433111974087	0.6602164847295191	0.37605657261915315	0.3733051633755831	0.14797217146629502	0.06335320667585279	0.07161663617939945	0.01713877011898514
1.5230736909518516	1.1604914179148735	1.1501017006861882	0.6523574973424879	0.376337340648853	0.3587377829957415	0.13812923039791414	0.047239129210500524	0.04312154985711236	0.00192705868255454
1.5196001296443626	1.1479726658953129	1.154464425321893	0.6465173616879067	0.3603132025356361	0.34774568038517717	0.13224636774353982	0.04168230365808044	0.05225461138054818	0.006785766766060656
1.5200800454964645	1.1471423752209704	1.160052127598664	0.656679919283745	0.37074047319217474	0.3749550412836277	0.16159707306932092	0.07188617206578736	0.06569945898247062	0.01781929722905251
1.520139210797281	1.1567985261236347	1.1596994962045217	0.6737589685319406	0.3807509460727235	0.40096505910787755	0.17348240278457464	0.0704888549344899	0.07386381669949532	0.03330920896325992
1.5233718838758452	1.1570045830228344	1.1651421976316287	0.6760142816560736	0.3920001048029314	0.3919877845230847	0.16707442439173448	0.0645208896098754	0.06360272267011069	0.006724645990221293
1.5201234853893844	1.1515456639777468	1.1528919398779789	0.6573841531290644	0.3593135450452165	0.3820071336883386	0.1539025462789469	0.05270283404298992	0.06982433064877364	0.021702423158276335
1.5213337454650513	1.15493776897521	1.1607000254071838	0.6752137134832055	0.3974406321307267	0.39451039883306865	0.18141994464970657	0.08930110434114555	0.07763209406712744	0.03516395048676461
1.5208396098060377	1.1642831757397938	1.1584974110880557	0.681720234455774	0.40480293874754375	0.40836318626506374	0.20081637805431363	0.10249828965773405	0.10563393084622742	0.07066338184009861
1.5277934773699644	1.1712057772768034	1.165589596936032	0.6792563750358975	0.3904958585438056	0.3909764699340067	0.1788026260337242	0.0892606695195946	0.08016895596200106	0.04466092516997308
1.528261083154192	1.16803476879789	1.169287752920219	0.674991131414757	0.38042222051072117	0.388469180974905	0.14742503671781282	0.054461072490340254	0.06327599004100296	0.02069779970053841
1.5279228109918197	1.16402658575956	1.16783576639333	0.6779488476238185	0.39840875103274215	0.4019668346214058	0.18361784456486244	0.08048157857525046	0.08196820911696973	0.022067330448221626
1.5275827200118037	1.1694216619993505	1.168223585952543	0.6880715403188274	0.40772853859055985	0.40927341365879044	0.19996125101833873	0.09899822051657882	0.10353671115961524	0.04548772913524538
1.5323964912996242	1.1748906961854628	1.1670585355058105	0.6761352879695016	0.4005353933893101	0.3894926695360836	0.1821312090903809	0.08882099457311943	0.09196452882667229	0.04384215481675005
1.5266889461012634	1.1584732008135987	1.168423101457797	0.676554066558899	0.38738829691712845	0.39499209333142066	0.17201371026745174	0.07243502352717211	0.07601572757686874	0.024739617375388902
1.5223147022756471	1.1600482321612509	1.159881767091209	0.6841458358227787	0.4100828039414709	0.4003082233270554	0.18743049635054268	0.09629177496034028	0.08285947379994875	0.0377167521481163
1.5195990740093197	1.1525949338746264	1.1548994597293663	0.6647210865961884	0.39280150613489057	0.40543216974131635	0.19130958076802476	0.08891473529167479	0.10385645223279874	0.03830252182525217
1.5223770791950477	1.1601858169167947	1.1668032184759616	0.685808898862121	0.4013725445730269	0.39830698120109054	0.18049399443088607	0.0745022087625659	0.07483653772614425	0.04284297752529213
1.5228518729957095	1.1619666090508995	1.154421724077456	0.6613442954646662	0.3901252212422488	0.38086319851086736	0.17606677820818833	0.0844644752899712	0.08617131752984436	0.048682315477276625
1.5185707446051977	1.1527660210867336	1.1541764465642632	0.6593762583889279	0.3756006818846331	0.3710656713820762	0.16295521313843375	0.07897753017072386	0.0699838394215748	0.03153799161130729
1.520154372760808	1.1446710019696111	1.1539995172688566	0.6528511206150358	0.36230015411439986	0.3780773846334301	0.16972610404542307	0.07756677750745852	0.06391602075752019	0.022963630914199937
1.5190294553033814	1.151224568455343	1.14840962055728	0.6655742064869844	0.37721729250419433	0.3957229605433015	0.17640731327069148	0.06812483870143077	0.09700474165358239	0.023510878747244883
1.5225317583252291	1.162765878243882	1.1532349126701702	0.6682763508905496	0.3963440552582695	0.39151447983746357	0.18055366117533428	0.11473235728292991	0.07267927602372957	0.045506056901974484
1.5218231204924946	1.151309197449292	1.157973139490555	0.6644743278171273	0.3738127378433414	0.4001105127781081	0.1828775022193282	0.09723113582390314	0.0828049708909013	0.03945909173927131
1.5190175294167747	1.1543242962345939	1.1610300364243318	0.6761241334993231	0.3868534962997908	0.4124363815284245	0.17971302140029893	0.07353594375194526	0.07987328726311546	0.03508992457253025
1.5210566032334585	1.1553991366978158	1.153809262371387	0.6666091609263407	0.38786168172726054	0.3869529069173623	0.16384265854519883	0.07138951900119128	0.06693010748146783	0.031396970881020586
1.523422112292028	1.1676440550627367	1.1592472226187107	0.698174909117458	0.4197090460498014	0.41237917417785813	0.19340746353909039	0.06716088370240142	0.0996444088186465	0.0212640612585967
1.523994768010304	1.1628035628233062	1.1477100318988858	0.6579428555270864	0.37472819790794676	0.38132637251508017	0.14972665224500206	0.059534594963790176	0.0842113091337212	0.04249572546056384
1.5258041351428646	1.1616532082842326	1.1593531135315995	0.6707150579763025	0.3921479875764508	0.3891463272657656	0.17972262705296377	0.08672014244760612	0.07968799415278759	0.01839197037992815
1.5247883198809222	1.1548703225074373	1.1684195292662407	0.671551349925009	0.3804978411651563	0.3839206550204037	0.17159961652963462	0.08294852598019198	0.08138773529096104	0.027248650553927764
1.5245772013448122	1.1606743511522157	1.167099520024908	0.680972227002135	0.3969091776872404	0.4024212219912532	0.19160662468189701	0.09507085333902004	0.09344612725772533	0.037882247425510086
1.524497570854263	1.1616775057118802	1.1581880512750973	0.6738666680259159	0.388222431663251	0.4019035126114654	0.1844381905606103	0.0887052630805139	0.08906286224379074	0.030128284199214102
1.5215673155528344	1.148925800874593	1.1518022926319937	0.6464467447458108	0.3809604889122569	0.36908391248348127	0.15097844421109075	0.05917702433514892	0.07089700327138705	0.011434340473316342
1.51771537986411	1.1404806631801345	1.1571490115150413	0.6562547252798523	0.3775495993301734	0.38381709190937585	0.17393869979303314	0.07536848484905984	0.06850623476258372	0.01885392577340036
1.5200197905224	1.1511862385622074	1.155751755872555	0.6607377410399109	0.38361261539213026	0.37857500361565827	0.17345759563994234	0.08060050335531209	0.08615912519256202	0.037193532540106836
1.5201868063371542	1.159797295308066	1.1524486214771177	0.671964568524862	0.3851614414086553	0.3918334901694382	0.16892462597433508	0.07360415504110114	0.08511236060824512	0.03619640406669114
1.5300671598773823	1.17163387573157	1.1677766523055142	0.6820177794607793	0.4069510680898254	0.4054816996571271	0.18718505914688402	0.09614938955746224	0.08542831379008227	0.030964873116978733
1.5275356905257271	1.1599474738662385	1.1650747414919518	0.6644720608841497	0.3718042203191866	0.3820681258476087	0.16380749166919611	0.07918190936501858	0.06108061957510416	0.024608057369236394
1.5251471403880579	1.155798621651356	1.1650932669283016	0.6557150792764597	0.37927155905952703	0.3776216826247663	0.15991103595865747	0.06516093088173644	0.05722272061619273	0.02709537744439024
1.520688625083766	1.1575664311532479	1.1575965752588733	0.6711964628915202	0.38964815974176414	0.3860504362082635	0.16938803180948236	0.0788330286520835	0.07124855779125644	0.029234681371092888
1.5213614995640947	1.1585536420389215	1.1566363146475025	0.6760093202438487	0.38674746866848697	0.40283256322687205	0.18012650936261607	0.08127395604919825	0.07055207689366051	0.011902648398900009
1.5265257543295259	1.162314583946661	1.171877656980963	0.6768096199813554	0.39654795389403585	0.37882232401790694	0.1620832256044228	0.0622468463589017	0.0649412538911528	0.01747142240902623
1.5254900631630193	1.1586271066359295	1.1690969350384561	0.684656725728988	0.3989519565767716	0.39871255015436274	0.1810854642957831	0.08592023650916883	0.09203983120773623	0.03298556653293819
1.5277303207169957	1.163256015908953	1.1644793695508433	0.671218841097571	0.3775246522482594	0.40054432327528555	0.17520311335343597	0.07710030848768874	0.07767106686624164	0.03699194588077553
1.5258109708407221	1.1699839653961144	1.1608577135710094	0.67884653416223	0.3893683796129323	0.3887748957369905	0.17974654869705833	0.09086029779877418	0.08076399919427388	0.03307682038326206
1.5308728132689344	1.1758298947481407	1.1765995617094935	0.6847272052412606	0.4125166271416803	0.4055892049553249	0.19220700881233008	0.08975705879905488	0.0974782337215002	0.0479741937757522
1.5338422171960668	1.1752083473373443	1.1734024917141272	0.696806487117496	0.4166539711458057	0.4127044654929414	0.18971737806869748	0.08980906682694796	0.09432456837127404	0.03683690234036719
1.5265992462594606	1.1694235171863039	1.1705386504944708	0.6912778382163453	0.41222286615122106	0.415891117148637	0.19810065073260466	0.10509422768994121	0.0784257632697247	0.03866433336998007
1.5243262981555687	1.164797337119053	1.1600402490823205	0.6866395239783949	0.4020413016680322	0.4211637353989261	0.18713596764041984	0.0763251883698065	0.08587689810206617	0.018734679934688643
1.5258595377523323	1.1683759205034858	1.1509148814293173	0.6706649635215324	0.39051311414260365	0.3752582987392869	0.16729305238558814	0.06198872636006129	0.07091382614298349	0.028068470263070418
1.5242286676244061	1.1621951385056395	1.1704237514067044	0.6845692299699846	0.3925122378275518	0.4045065559924194	0.19123992090238373	0.08742935998391789	0.07748336050578977	0.027222454504184923
1.5254976076336022	1.1663529453646935	1.1641039438446863	0.6810373242056849	0.397847104171121	0.39312684918793456	0.1824947750832785	0.09644892244210758	0.09293095122703429	0.04443521012866489
1.5272719115250704	1.1659090149871179	1.1701845401782096	0.6697126411370995	0.3714952328700901	0.3845195959252279	0.14574575639840143	0.05875464794756565	0.062459846590008666	0.02752124263891715
1.525682219221867	1.1606565303562313	1.1658238267180951	0.6762444774294698	0.3951686919402017	0.389184872333916	0.17123222190006201	0.07655720609923373	0.06872016140812093	0.039100416383033444
1.525219431466826	1.1621959815999936	1.1550952263932348	0.6643816434419307	0.39585507285655436	0.38882473120190325	0.18356946183995945	0.09338515002461793	0.10239031097165444	0.036324748281091904
1.5305393676975374	1.1686443867802967	1.1689630696800293	0.6777872171977626	0.3801489887591661	0.3729580262907408	0.15003073952506085	0.06024857659391706	0.060718201519229936	0.021522747783997515
1.5338901505984042	1.176429106309148	1.1772558381024185	0.7033076461029807	0.4208610455231714	0.3960300947809519	0.16865253000987815	0.07429961669345671	0.06520286412304283	0.032333606479538056
1.5314449991952932	1.176781082474326	1.1723562987155278	0.6902954658966576	0.4080522118043715	0.40665366206867665	0.17836312561662837	0.08117581697649522	0.07654161442748567	0.03128030032881852
1.5317013830863284	1.1726811205637173	1.1721756719896363	0.6882322235563854	0.3973909466708207	0.3969657898831263	0.17383246397209812	0.09476719917798666	0.07595257638830438	0.048878192827148274
1.5254571069296003	1.1664369756230712	1.1636516352133575	0.6923170856492677	0.4153773656390365	0.40192539263821925	0.20011299566100837	0.08823721101963687	0.08922930261364731	0.027341894352536172
1.5248827907316027	1.162676628747703	1.1663738690247836	0.6742126524536667	0.4020769960845281	0.3847028178227479	0.17215283883895577	0.10087662384717218	0.09009667292265386	0.04644162268354198
1.5261405475145764	1.1689761565980405	1.1621907005219456	0.690699496220271	0.40870847613733	0.3971988979559292	0.1614555606198017	0.06566448463895298	0.07867883204530662	0.020526881517756963
1.5245558209786307	1.1655892461354023	1.1613119523234205	0.6804039149397809	0.3925326268988423	0.3886985053111451	0.17376994168174342	0.07224651736561048	0.07512706713281518	0.018768391093648442
1.5301803079396463	1.1667596038926369	1.1774618519059161	0.690895808123303	0.4075345806225885	0.4060942103325724	0.18599677818737337	0.10089334753790302	0.08840400011781765	0.04097451218396902
1.525728169750388	1.167337355401616	1.1653389238720921	0.6864057130494003	0.4045795262386032	0.40778908828692123	0.1852353281992302	0.08136907051569094	0.08332107136653678	0.025161373201989298
1.5249577773659053	1.157594245109645	1.1586475303083499	0.665923867272952	0.390027425576204	0.4035136482874727	0.17482438832941632	0.06154736485816961	0.08329616750959226	0.02279290910416425
1.5234369011994418	1.1522932382076998	1.1574783098506793	0.6740532327155271	0.4004932850342367	0.4116755241987919	0.19397985319405103	0.08900939898514368	0.07548615097235727	0.026756116132244982
1.5251877126625015	1.1684528197741828	1.1570551883720164	0.6712777605154516	0.3829685895433165	0.3955608041510233	0.17108645658107174	0.08755414264750062	0.05887320970014447	0.0250071834444247
1.5222323623989078	1.154611424485645	1.1672694756519262	0.6761611862674619	0.4009969449332798	0.3944781847891387	0.17869575955614853	0.08580533918992948	0.08792645689292583	0.03181116414023025
1.5248565604411666	1.1674782475730732	1.1693354883353484	0.6943373117405693	0.42361870282137704	0.4125012390725542	0.2010995206315924	0.09692123204047774	0.10254637855738487	0.046849409432030226
1.5186094571150799	1.151971055923735	1.154976300064994	0.66629592515717	0.371709360944894	0.39222593140106743	0.15969503560802212	0.07363973514470001	0.06562630276218506	0.019843405581591315
1.5256861048152206	1.1676517419338248	1.165825980273317	0.6805486265136975	0.39934297898957005	0.38917361237693654	0.16786641401680802	0.0746127453145543	0.0636280433639169	0.014802297473965673
1.5268628611359045	1.1628595385029714	1.1648658187961667	0.6769085873687548	0.4006791602444459	0.37656949249866983	0.1487575489044576	0.06007516343816071	0.05829950024884037	0.023358298823988592
1.5295926206932267	1.1691716470569193	1.167119326854759	0.69087199162443	0.41681111037639157	0.418323610248182	0.1957707436989479	0.08791656416359367	0.09081492672012804	0.04228573152308609
1.5296553051395188	1.1694227745775843	1.168589762395107	0.6893195980451652	0.3947295926867099	0.41701818409165015	0.18273705025046574	0.08654380018575841	0.08193538779614001	0.03442840208888141
1.5332168609989831	1.1815222664716183	1.1769332771731058	0.7059015945329065	0.4103637132798692	0.41621389027483047	0.17524005657473712	0.0857156873169595	0.06393046494235934	0.045598697861829116
1.532256869457645	1.1756825737034342	1.1670197405251257	0.6831941290334608	0.40116476477944335	0.37730031358948996	0.16899168388897878	0.08160144338267744	0.07860507023384516	0.0399089805149239
1.5275477373145192	1.1635726504534465	1.1656891052782927	0.671414902232221	0.37712954563955187	0.3828927900305583	0.1817718321423307	0.08793417978171152	0.0875342343490264	0.05446366521929569
1.5283769627292196	1.169341964116126	1.1659803282509995	0.6790405604959254	0.39056055537255474	0.38648422895375606	0.1618658110679701	0.07074000530335828	0.06653272670027903	0.02878235916628897
1.529287759486753	1.1796212166137066	1.1641647747324768	0.6890750937527371	0.40753223514691456	0.40224087213114584	0.16467330842191874	0.06975186007325135	0.07579330351837119	0.01811024635697882
