0.3451989649454608
0.3514846388860413
0.3490526666738794
0.34042016701256955
0.3248925543752981
0.32705098014516487
0.33795209978861424
0.3218002528759904
0.3308591737867258
0.34684942194263985
0.3477870702519505
0.3334903808186027
0.3425957176129389
0.3408305023416698
0.34201754477629936
0.3315564303845952
0.3432306797888187
0.33681367128066464
0.33815522432253514
0.3333636032337852
0.3317523631717584
0.3410754588642517
0.3355592010984452
0.3427361030669125
0.34834642861103116
0.35176490848157954
0.3421592064016102
0.330486726018623
0.325818470116585
0.3378022569094828
0.32718515758981087
0.33966032191007584
0.3357888307663907
0.3330738694174437
0.33158439652730276
0.3502171607283968
0.3451209032405116
0.34200794533144413
0.3352272086819455
0.3449021940545045
0.34190487383791807
0.3275343270632421
0.3465668655634158
0.3386267983030118
0.3363709947288982
0.3450095625662761
0.3515413660306032
0.34030262390663424
0.34093895399459245
0.3445521789208615
0.33651398596134247
0.34513258808025044
0.34276393205305467
0.33929716656559683
0.3466447222527811
0.3496754785089866
0.3388632554104079
0.33019628040170457
0.34190747849891195
0.33915171527912347
0.3308754128657295
0.34153195910763673
0.3427968181420739
0.3405100406585315
0.3442611784177975
0.3454629982881252
0.34104996555477557
0.34183037375383596
0.3379304271857351
0.3367348521889096
0.3335753876396208
0.33949061633067656
0.34504835346105905
0.34043273839808214
0.3345684187580234
0.33468887393632585
0.32187252237349856
0.33217338078137565
0.33398491342834125
0.3513995955730791
0.34126182954758494
0.35551431888961577
0.3408896930826559
0.3460107452368431
0.3457681299059878
0.33870943936170766
0.34071678156772456
0.3409485900778601
0.3358494466239494
0.3378708239339774
0.3381173803292401
0.34322107566850496
0.34583333694194396
0.3439039014133312
0.3388378633185832
0.3433586655542928
0.3458692718063701
0.33815985347131594
0.34463549239258057
0.34746882082383784
0.3370045695381139
0.34712720067290714
0.3417735186228002
0.3411304069596767
0.3258640792610067
0.33542712885649634
0.3485945775724193
0.339810595754456
0.34156330065979823
0.3371496550882201
0.35020912647244545
0.34142711024327776
0.3445087532977331
0.33480857523447893
0.3439244778529473
0.345344766578437
0.33680712413372493
0.34316494345736337
0.32912190544349257
0.32857152674067647
0.33650427505512126
0.32885745699510477
0.3342622992302649
0.33166374884395833
0.33827259369565055
0.33581656246768365
0.33921212986622934
0.3302884546302397
0.33374228553686375
0.3343646688136533
0.332221949741914
0.33702204666918073
0.3281268122597886
0.3441116280641299
0.3330509885515561
0.32656476783622324
0.3322089900908663
0.32932741799722975
0.3390408556576489
0.33888889506593584
0.3393539283659379
0.34935671251910044
0.3319213711474715
0.34806104594118126
0.3284304781743566
0.33514311067137154
0.3371589493490887
0.3371613113482476
0.3424740694634169
0.3434325661391677
0.34361977619071987
0.33482011920272314
0.33435615681344516
0.3305239176628863
0.3254152025983941
0.3374963354553309
0.3296460012325679
0.3386098427406443
0.33308069455332684
0.329062610116587
0.3338201517549823
0.32629358169124634
0.33052050680060663
0.3421515807723869
0.33580048382639255
0.34677714501066464
0.3399789854688902
0.33913652093592855
0.3411001968513725
0.337595139512666
0.33273959782496726
0.3450226564439596
0.3401902703731825
0.33512665182422724
0.33524137503795964
0.33263421552965317
0.3393572823825087
0.34241818843873567
0.3430341618780805
0.344216620058352
0.3446435237620366
0.3374143894096149
0.34184711005446594
0.3430327033707667
0.3556840625704362
0.34435833669490507
0.351851796777555
0.35122853273405075
0.3386636682753466
0.34196632161525997
0.34567662676896066
0.342808396700782
0.34239798352975453
0.33232188286046976
0.3456641052378849
0.3412030351719382
0.342662430297263
0.33463654975098717
0.3289680003937043
0.3360042067218705
0.3400862775194741
0.3478505874585804
0.34356381621547016
0.34433167958588223
0.34356859444595284
0.3402489343377007
0.3532555505553787
0.3442009558832997
0.3383224451421957
0.3405946945110472
0.34652755956518294
0.33416784630842816
0.34237454858726174
0.3250824419379115
0.34158329664457976
0.3454202400439037
0.3465270092723898
0.3352755490391149
0.34282728166340815
0.3335942660966556
0.342350475783845
0.3349576962894465
0.3368710959927785
0.3281565896871593
0.338970045136324
0.33512413467009666
0.34672078962664554
0.35325707072014984
0.34550026327229033
0.3424288281857273
0.3430765353595476
0.3422102557704895
0.3376928401605798
0.33857648032320437
0.33757553591718703
0.3450377658362054
0.342456926768642
0.34630112611207714
0.3405519134835628
0.33092917858084797
0.32730858528661927
0.33791231980138514
0.3393054666073434
0.3429826393298334
0.33886380946653555
0.34068149101793116
0.34477160524718325
0.33932475536957996
0.3442740302906724
0.3464002386393698
0.3389841004705285
0.3516072588905399
0.34304485031776927
0.33858993245118624
0.33652280761185005
0.337675254235877
0.3428431757377377
0.3381924111152268
0.34427158886580583
0.3370258153460759
0.34564062338984197
0.3411900111267198
0.3397966636683541
0.33914726776422843
0.3330087467442125
0.33092900954730825
0.34255417328543136
0.3311529886264771
0.3419910757336704
0.33283086640159365
0.33261695404464237
0.33764208706130727
0.3270462126404385
0.3425460178242908
0.34051870275902885
0.3514925775670599
0.3411505511513327
0.34041567144380963
0.34140674264184684
0.3300869342629083
0.33842878857864284
0.3264791669665347
0.3388067151842417
0.32352431442679846
0.34086073681107787
0.3403672793403463
0.3277738449258441
0.3360813618336263
0.33244737535298635
0.3381261075396613
0.3282539742079251
0.34186400875988504
0.3354456146465696
0.34254467251200355
0.3365194216102107
0.33550156174724893
0.33051712862653215
0.3405398467440926
0.3404574480158873
0.33900044911975047
0.34314791682532003
0.3428549002069268
0.3416896444679986
0.3513876985754167
0.3449066160874034
0.33168067634743753
0.3469944494530439
0.3462286244284159
0.3424774632275462
0.3499413978521257
0.34901774092498256
0.342977128047913
0.34009775614346976
0.33610965852300745
0.32910655802069994
0.33229636578321653
0.3342143678246963
0.338635568449162
0.3385069242224998
0.34122922578820974
0.3330714092595402
0.32013480029340924
0.32603362927008633
0.33208008961766416
0.3372098253028168
0.3372118024961171
0.33382319216533
0.3343868289136613
0.3417011196009932
0.3405320372939322
0.33812441107329455
0.342966681836516
0.3456137726160389
0.33653705630513225
0.3390050049339624
0.34093205258137566
0.3419889333367465
0.3392954942501447
0.3343251717126701
0.32632546005327195
0.33283837727886645
0.3329264896729646
0.3352514386109118
0.3368885167513416
0.34274565684092934
0.33451957780859415
0.33754128725543936
0.33079284674921283
0.33298418743464536
0.33966407937547927
0.3374295852325575
0.33336922270245356
0.3228998719065708
0.3313843626859316
0.3265698087983739
0.33536916568038827
0.33912457744559404
0.33518221690936123
0.334274810170031
0.33157699306077343
0.3390108822947983
0.33532121502063567
0.3384762294041794
0.3362319537551157
0.33664045106055757
0.34655434053997475
0.34506239740383643
0.3438744145798726
0.3504224941219261
0.33273747147130106
0.33701976059220523
0.33800071010358496
0.3338565364601748
0.33943920456703114
0.33516272855603346
0.3362061060384416
0.34591163075509934
0.34301336005341326
0.3421099616774231
0.3358826426245
0.3394992583680294
0.3422819678504075
0.3395606277407129
0.34579988830264646
0.3417172110165128
0.3375896747928948
0.3445972536808823
0.3384407322969645
0.3393003877281713
0.34182622596418827
0.34155365565857704
0.3373367411764179
0.338619211870035
0.3458450062996799
0.3453867093359218
0.3476337279897401
0.3360875533704128
0.3372729797448071
0.3334376954764542
0.33845728025803257
