0.2933161279169186
0.2845193063047975
0.28608368313429
0.28126870057853676
0.282190523956754
0.28679487643116214
0.2948390090933609
0.2870882119735703
0.283242590116742
0.29068063498621616
0.28609627972002627
0.28890602609288557
0.28634900541924313
0.28432269163365753
0.2892473596584891
0.28417107953429444
0.2859730094798992
0.2889095173744453
0.2911597631466428
0.28493077437908376
0.2802906788868004
0.2776655833585056
0.28493484601063945
0.29261648389437006
0.29049792886045217
0.2897896378245564
0.29909288972176296
0.28837738772743665
0.2940728801689227
0.29042136030705734
0.2922060413987203
0.2859084783781454
0.28870547916136574
0.2949149129545859
0.2880179631805797
0.28180032433416263
0.29402865802013534
0.2876226578448583
0.28953777507830347
0.29346575082685583
0.29212224563339034
0.2870314456770279
0.2905778681768284
0.28275699716987396
0.27746719500397254
0.27481214837668705
0.2828215062752011
0.29285418628274845
0.29154745400274484
0.2823337918256405
0.2769674217052258
0.27657988980106646
0.2783365734955188
0.28067702824744145
0.28550998840698744
0.27257793866650093
0.2733794716720899
0.28083582518905964
0.2946260888938449
0.2848901877465065
0.28455411572738
0.27666487165848025
0.2868163928962116
0.2804332547126247
0.28105751304364956
0.2882881962368522
0.2818878965930942
0.2762911793794987
0.28762606588751405
0.28368610206189643
0.2895888867981486
0.2820774827641782
0.28318735760986424
0.29488395185582095
0.285783609173935
0.2801710810373157
0.27981275599178074
0.288003548772032
0.28703757838985616
0.28669752167510637
0.2740360763758528
0.27403988755290637
0.2795074541733659
0.2873708391206383
0.29019691957015353
0.28399648041035797
0.28950035916186845
0.281125786755481
0.2848945648987891
0.27835553103090077
0.29323880094154536
0.2872258430192632
0.2885631193553449
0.2846689506343242
0.29241838303266926
0.27761066518285193
0.2826781824305031
0.2796112505134502
0.28562957647501824
0.28865297590256095
0.29168422177054876
0.2872992247877339
0.2911797959177506
0.296382700018186
0.28661902453233196
0.2870867932538536
0.2980112568519773
0.2929885033504712
0.28649137616447795
0.28269117221229967
0.28349073305338207
0.2820788930586982
0.2892795178096562
0.28796343273311464
0.29489136181326747
0.28246179477434347
0.27743515536058255
0.27549511277880717
0.2777086779003586
0.28744518229114807
0.27950285651392853
0.2718162533315348
0.28565625007673934
0.2805873870350681
0.2774189379543512
0.2778004177250009
0.2833762977141133
0.285674862787074
0.2784390061291706
0.27452792874086956
0.2856007045517784
0.290075291678903
0.2818739163659353
0.2790134694411185
0.2877398750908012
0.28864593582654835
0.28199789453966123
0.2848900604562755
0.2783114897216675
0.2862138141379938
0.2924012731362048
0.28452348713504094
0.2746228784963776
0.28550816862986267
0.27184925923436504
0.27783334412898647
0.28571897211229136
0.28025962774773455
0.27895484826886097
0.2798642972522695
0.2925019581513676
0.28326595338823235
0.2847512126053348
0.2744745185549161
0.28280473717013505
0.28371265602352674
0.2765038930486167
0.2859989730871132
0.2900917681282862
0.2909382187629252
0.2864250277582297
0.2819988128081894
0.283587476290008
0.28322881661868016
0.28317623318225466
0.282304124892348
0.2885100716452479
0.2862820603691841
0.29314431765386334
0.29185881527847773
0.28585911240613365
0.2970687052288641
0.28716361585179423
0.2866348185919491
0.2948758498665012
0.28557620916491916
0.27909456371177893
0.28487892275379467
0.28072495588301216
0.28287041944333363
0.2919174935290845
0.28819018090674525
0.29240274626011437
0.28656874127129456
0.284404595865649
0.28446541430685446
0.28072301477935035
0.28392150947010364
0.2873392958096045
0.2843337590229899
0.28167852545346506
0.2928585646471979
0.28313263228912494
0.27913501089565534
0.285124853392764
0.2781209204706059
0.27750845901038
0.28068938093395374
0.27421125214004444
0.2803239823302869
0.2815335782389858
0.2846359067287481
0.28265104699935534
0.2812013307725354
0.2858083380422743
0.28140131834048315
0.28614514007053365
0.28779845944620164
0.2944916605605271
0.282462223961672
0.27900666070505326
0.2839266969654909
0.29397735349453263
0.2965995457494843
0.28851546619731977
0.29714858499039
0.2891090153976714
0.2926618145783234
0.28610584436017106
0.2902963279232256
0.28538537602713737
0.2851468299763929
0.2979311375877156
0.2877393467914926
0.2831088978023688
0.2817063173901952
0.2911354544910091
0.2872280124190791
0.2792023040673253
0.28831196344671933
0.2914052138629393
0.29512099591785607
0.30532652748212036
0.2875897123508842
0.2821960595115853
0.2883493125458913
0.28928082617175416
0.29115922129130045
0.2867345378130784
0.28715320870116107
0.28406351890991133
0.2795938781113863
0.28615802671120133
0.27981359394100463
0.28771238563539114
0.2911060908373116
0.2922110943463174
0.2874932831434059
0.2743194070136932
0.28943677548821045
0.293684529427017
0.281667596368086
0.2809297982287724
0.28061124277214533
0.28925585248971863
0.2934968158256807
0.28115818096682255
0.28036696634482267
0.2832834177865124
0.2825402720380678
0.28622977413774153
0.28411356305232166
0.28584307756345567
0.2881217373352615
0.28679416718627787
0.2892462953134259
0.2781613304891641
0.2842685761926571
0.28877203003778734
0.277409205480264
0.30037850438422203
0.2955297921158629
0.2841092981622469
0.2898692448278678
0.2914019058568672
0.2854705781586119
0.28439490601611234
0.2826651589725167
0.2979850762082991
0.29092118419005697
0.2782485533193128
0.28193621801985874
0.28119743540816994
0.28818948577209774
0.27587069194490305
0.2793529712832437
0.2875281850591717
0.27972374812975503
0.29382081970944
0.2787438793323229
0.2871253005904559
0.28657569137296257
0.28073353285872377
0.29225514757856264
0.28783710460942763
0.280094930962772
0.2878768513129483
0.27870347806521856
0.27100223022343134
0.2829187327397937
0.28550216670102063
0.29127955465682065
0.29139080196099476
0.2824259443568649
0.2829050558654212
0.2834408077365169
0.2842531941066226
0.2801913868125162
0.27873178723530057
0.28517121884633145
0.2955072686534903
0.2827397988551824
0.29309112697238543
0.2790749138764356
0.2840573980847144
0.2763305806428481
0.2848007833789975
0.28492805354316075
0.2837436722093693
0.29166527171061135
0.28206698406889996
0.2848421042240633
0.2812623453252764
0.2844655686134335
0.2913589779682342
0.2826050952843214
0.28405650877016086
0.29029379489796403
0.2786614419245426
0.28150019760232947
0.2890423618429021
0.28525419092371773
0.29202055388200104
0.2855327178060615
0.2801928173722105
0.27841245098310335
0.2792830985513008
0.2962074426015387
0.2990967592724885
0.2965698814473518
0.2889283906473878
0.28643581777500177
0.2879997044161527
0.286369094920456
0.2843992986316294
0.2818865666417077
0.2889213994718403
0.287729818374231
0.29045421152331347
0.29378040566533486
0.2819096235443837
0.27730000183485487
0.2853730825606438
0.2815726561298281
0.2858439154162285
0.28980766941494795
0.2907176666098669
0.28733990349093935
0.28222636244515314
0.29098125331970665
0.28661984061298834
0.27760617775060464
0.282322297284397
0.28835765087865106
0.28584445265587943
0.27920618925092694
0.27563304557881657
0.2834860294913975
0.28908382838551033
0.28352572428878686
0.2884179893439334
0.2905723285264187
0.2890372919181044
0.2841697950742294
0.281698672928793
0.2746804283901006
0.28332756382384616
0.28984157371119107
0.2923364470873318
0.2887994812085047
0.27494718952270053
0.28232042112988914
0.2877023468537537
0.2901059826731694
0.29495092981520393
0.2866757346132754
0.2806052979730244
0.2876479804769489
0.28295950216436677
0.27632133842407225
0.2911978402462269
0.2858466626187058
0.2890284953736165
0.2832122854848271
0.2786540213101462
0.2831157437904642
0.2901053109624626
0.28778435836251254
0.2867386241002626
0.27915692246268514
