0.43822233625744816
0.4413285597529598
0.443813223862064
0.4436518229416987
0.4455260748454612
0.44323435308206616
0.437149528678936
0.44246998578877045
0.44416271595325135
0.4443765673736153
0.4446397274687636
0.44170604163889937
0.43991127085867177
0.4397501552876236
0.4427042655487017
0.44586290864440015
0.44496708254868944
0.4485717949882848
0.4486201925477558
0.4416108697199686
0.4480297254380837
0.44347985101075593
0.44574643699099836
0.4436868367699283
0.4383346051038047
0.44087066366522154
0.44009426892838266
0.44255595663037817
0.44201423842047394
0.4531089223843919
0.44439581150055935
0.4450064013964766
0.4396066056769624
0.44254568846332715
0.44867597800137216
0.44577160937675386
0.44428063577947746
0.44600239643424466
0.44556445657518295
0.4517546459853419
0.44279075478277663
0.44153951092657984
0.44051547255671514
0.44220388447539893
0.4465258643629536
0.447425482632149
0.43847648671304673
0.44200336990859357
0.4429230579612197
0.44572843918731236
0.44999294134516865
0.4471585224429412
0.4408632718170636
0.440620542672481
0.44075636573154464
0.43816062623382496
0.4329243258863762
0.4387463951468644
0.43833477588035435
0.4394180946168149
0.4388515598421555
0.4449383466208702
0.4442075910417145
0.4442134830184179
0.4521389756080363
0.44837259262102136
0.44573489717071235
0.44731523005752893
0.4447362182421148
0.45170475123035264
0.4478358080327409
0.44406889608982514
0.4484650234672401
0.44654047092260263
0.44441407963771806
0.44325060388141135
0.44863765128555877
0.44668296520798945
0.4464604366647896
0.446446115719225
0.4435042406768198
0.44859013378067836
0.4424179879553364
0.444267393047998
0.440840318103098
0.44091555101775737
0.44168240996381736
0.43969155347485783
0.43746784077195994
0.4422079612578082
0.4382258653455626
0.44066972776528257
0.44399874069173284
0.4444957028254508
0.4446501976761842
0.4450281351802109
0.4409017654327602
0.4441910961838926
0.4365066157321555
0.4428883339998735
0.44197793186727324
0.4432901607534641
0.4402735824074163
0.44300884206007013
0.4438853551778057
0.4445208362789317
0.44453443951480354
0.44838689045138586
0.4483244974830839
0.44863685753040505
0.4426604394416869
0.44173620284938575
0.4464101520118455
0.4432978132704247
0.44516469458223323
0.44092669948747204
0.44229790657938134
0.4393038243807572
0.4354523750157895
0.4396504223905654
0.4456312788591019
0.44283600404245516
0.4452494138763559
0.4487610924261909
0.4411824584237196
0.4390932113408044
0.439941064804169
0.44495144536158737
0.4408801279291498
0.44197220437730766
0.4446636254955381
0.44052843784349405
0.44044462164325
0.4368281976053603
0.4444827543355543
0.44393031908529984
0.44255116369068875
0.4465375412757317
0.4448829204102593
0.4380770019264067
0.4478764977715559
0.4481293655333234
0.44402336939426734
0.44044877228913604
0.4466669767086638
0.4390476598236293
0.44212077336231315
0.4443933045644835
0.4479423592304718
0.44447581346860776
0.4416537635650457
0.4442215938819785
0.44357840642550694
0.4477342789607998
0.44394097210098615
0.4474478220756716
0.44494339848845976
0.45225451351788637
0.45246716409322646
0.4461044666432876
0.4478347827137683
0.4470641245844755
0.44762634390613615
0.4472590868524112
0.44277637800366043
0.44135381664030293
0.44183639947304254
0.4423133925525794
0.4429424247397239
0.4414345624684201
0.4465473960401449
0.445459636931525
0.4455408358057307
0.44791253905016026
0.44350248463326764
0.44062285483630387
0.4394030997147681
0.43974813303487503
0.43657020374982813
0.43539152478358695
0.4390011219751321
0.4435113092677967
0.4442175121762511
0.4438781142916933
0.44853632424306306
0.4472318114515921
0.44222232027373914
0.44470549558156885
0.44637529293093925
0.4440740830104169
0.4444049396577721
0.44603851787204224
0.44748764488764475
0.4405789527747648
0.44401131458367465
0.4426026918460558
0.44106441496560794
0.442697539981731
0.43898858438680455
0.43560105236329827
