0.3327737397797499
0.3369674674018199
0.3388289452227583
0.33988847458284177
0.3336338641858392
0.3349192424396469
0.33446655045931106
0.339262646902216
0.33377904658983665
0.3384422165905913
0.3434919800628855
0.34018216368214527
0.3291501224922271
0.3390879702711248
0.3391435607133679
0.34542635745647327
0.34633140098763204
0.34369033685259376
0.3465144138663986
0.3335493363993175
0.33849812822247405
0.33725003522750896
0.3319155765947779
0.34147127510449554
0.3357883261402099
0.3359884155457356
0.33381202678744926
0.3393201378919641
0.33512247422649516
0.34766920790278877
0.33653471655196093
0.3378753693088872
0.3339487835290692
0.3324562055992978
0.33593029858594775
0.33995658850975796
0.3405755572776194
0.33806176694432083
0.3431374118680308
0.34494561463846657
0.3402542346145518
0.33171005220085614
0.33454684047177186
0.33864530490021705
0.3417464981211822
0.33517741601617757
0.3291988280960193
0.3399234243812952
0.3376242761575886
0.3375762591593925
0.34498901339840965
0.3387738794998928
0.34635581424820655
0.33803974689601374
0.3384980790284884
0.33790432012819016
0.336171626113018
0.3359045120331805
0.3371806225764111
0.33127976124408987
0.3354090382995143
0.34234904658419296
0.3402204190551615
0.3407468733837924
0.34852243804983213
0.3415609202389823
0.34450658925799826
0.34064585588175345
0.34663659950840653
0.3485807320326346
0.34448614576342623
0.3387538092464336
0.34129824186600904
0.34024736928880295
0.3367178758609402
0.3447688368070526
0.3449899740505442
0.341770207955145
0.3396920328795259
0.3414995631473906
0.3399961885604898
0.34202665376173924
0.33918619270538
0.33717142467534233
0.3408071008128039
0.33541677014600324
0.33942708789451026
0.3343703635870938
0.33297721435870653
0.3381843118943768
0.33264277603854014
0.33588036560663015
0.33836172433983897
0.3379216049603151
0.331556592490892
0.34361091587865616
0.33646565330588674
0.3353362155386222
0.3276901620437973
0.33870686878918516
0.34178094368412837
0.3346683647230133
0.3394057617789798
0.3369167200750067
0.3357078349196176
0.33910620061535
0.3417804194781874
0.34941836376705315
0.34547637259292674
0.343255566530231
0.34520550795105337
0.33968425533161195
0.3406155653100944
0.3361606644965575
0.3404413847303743
0.33424166331933614
0.33758275665131077
0.3334058188602984
0.32825188080898826
0.3412327981087028
0.3397267644404329
0.34241469746769926
0.34116324839315
0.3355184954375957
0.34059247936485215
0.3343168927947893
0.33591690915725464
0.33786062502769787
0.33264819360315107
0.34031327138158285
0.3427856601141094
0.32986299039592615
0.3294403179297296
0.3356155785893457
0.3397168480689696
0.3408892344491362
0.34305712677955585
0.34480894393243616
0.33128295002782115
0.3392500463720056
0.3403823747995276
0.3488610080668989
0.3398574915471335
0.3346047675569369
0.34058847501942124
0.33294957277140114
0.3405896199440258
0.3373849324296236
0.3400157177276795
0.33675978447719723
0.33479172511248134
0.33888119797534577
0.3400102199682087
0.33842884799391115
0.3399849173754943
0.3439637678274037
0.33986406883137865
0.3468604787012923
0.34461843170374795
0.3353365529456513
0.3411709236505718
0.34857441501573116
0.34803220293834836
0.34169998184440287
0.337158155925616
0.33706414235085946
0.3370578683173564
0.33429535001513655
0.33997953569287326
0.34174760208228466
0.33844273659504126
0.3301226782552645
0.33710658691288303
0.34540513892185065
0.338196755011098
0.33880120577293144
0.3375827738470911
0.32822055893221924
0.33554101338157977
0.3380869726244658
0.32975022445269286
0.33806540769776805
0.33542727980074294
0.336537745251846
0.3423392963929971
0.3407291514894695
0.3341885600834288
0.3421323508445955
0.34231053386150545
0.3407437796495494
0.34100936176700347
0.34062732538448126
0.3416212176569431
0.3364424401738082
0.3345449521923041
0.3413421189298041
0.34105395235997177
0.3359355833343777
0.336060734911916
0.3299226441272878
