9585
19275
29022
38865
48851
58891
68993
79141
89268
99436
109602
119865
130085
140458
150686
160955
171277
181633
192071
202411
212844
223181
233587
243861
254235
264593
274992
285367
295725
306088
316459
326890
337337
347766
358208
368645
379059
389489
399859
410300
420770
431217
441684
452188
462511
472908
483370
493853
504315
514728
525195
535640
546063
556488
566934
577346
587731
598177
608647
619101
629570
639999
650434
660921
671394
681794
692225
702703
713142
723570
733992
744471
754900
765275
775715
786124
796523
806991
817400
827815
838238
848696
859145
869563
880011
890435
900927
911414
921857
932255
942683
953136
963597
974054
984464
994894
1005311
1015745
1026227
1036626
1047076
1057511
1067971
1078476
1088889
1099308
1109798
1120265
1130763
1141237
1151673
1162073
1172542
1183009
1193471
1203915
1214390
1224810
1235205
1245645
1256113
1266540
1276975
1287452
1297914
1308376
1318797
1329280
1339708
1350162
1360679
1371129
1381534
1391973
1402406
1412843
1423237
1433642
1444137
1454584
1464971
1475397
1485839
1496291
1506665
1517090
1527477
1537949
1548352
1558793
1569243
1579642
1590065
1600452
1610924
1621381
1631812
1642215
1652665
1663146
1673681
1684072
1694535
1704980
1715475
1725885
1736336
1746777
1757221
1767648
1778094
1788476
1798950
1809397
1819879
1830257
1840704
1851026
1861476
1871936
1882397
1892807
1903305
1913776
1924263
1934712
1945164
1955631
1966031
1976376
1986793
1997303
2007739
2018157
2028547
2038935
2049392
2059807
2070224
2080654
2091081
2101520
2111977
2122356
2132874
2143295
2153639
2164087
2174462
2184888
2195357
2205817
2216278
2226771
2237256
2247685
2258188
2268690
2279139
2289613
2300071
2310564
2321093
2331498
2341898
2352343
2362756
2373193
2383670
2394188
2404629
2415063
2425501
2435988
2446435
2456878
2467315
2477776
2488222
2498651
2509126
2519579
2530044
2540422
2550812
2561155
2571627
2582089
2592496
2602977
2613422
2623900
2634352
2644780
2655307
2665791
2676241
2686643
2697026
2707473
2717944
2728451
2738894
2749433
2759970
2770382
2780866
2791296
2801720
2812167
2822560
2833023
2843460
2853877
2864370
2874833
2885231
2895666
2906109
2916530
2926995
2937431
2947855
2958278
2968727
2979108
2989558
2999971
3010360
3020823
3031293
3041714
3052240
3062675
3073107
3083559
3094046
3104397
3114809
3125285
3135805
3146270
3156704
3167224
3177671
3188102
3198546
3209002
3219420
3229864
3240272
3250653
3261092
3271514
3281999
3292436
3302896
3313369
3323830
3334267
3344711
3355130
3365561
3375998
3386465
3396933
3407411
3417960
3428387
3438916
3449357
3459835
3470319
3480721
3491117
3501557
3512001
3522463
3532861
3543326
3553782
3564240
3574652
3585030
3595532
3606010
3616457
3626915
3637372
3647851
3658182
3668640
3679058
3689504
3699976
3710413
3720838
3731289
3741741
3752202
3762628
3773068
3783493
3793884
3804292
3814664
3825078
3835559
3846045
3856482
3866958
3877397
3887821
3898310
3908773
3919207
3929631
3940088
3950564
3961002
3971418
3981826
3992375
4002768
4013196
4023609
4034015
4044442
4054915
4065386
4075904
4086362
4096846
4107274
4117713
4128137
4138605
4149035
4159528
4169959
4180463
4190901
4201298
4211747
4222171
4232634
4243082
4253539
4264013
4274456
4284915
4295379
4305826
4316263
4326676
4337115
4347640
4358083
4368524
4378984
4389435
4399880
4410338
4420703
4431165
4441610
4451946
4462440
4472849
4483249
4493729
4504211
4514666
4525082
4535510
4545953
4556410
4566900
4577330
4587826
4598280
4608789
4619229
4629706
4640135
4650575
4661019
4671496
4681998
4692471
4702962
4713298
4723846
4734326
4744696
4755181
4765683
4776071
4786482
4796920
4807289
4817726
4828211
4838708
4849091
4859525
4869994
4880461
4890866
4901322
4911698
4922179
4932610
4943031
4953404
4963841
4974256
4984724
4995158
5005637
5016140
5026622
5037058
5047494
5057924
5068362
5078791
5089175
5099636
5110070
5120477
5130931
5141280
5151732
5162166
5172585
5183030
5193521
5203966
5214398
5224850
5235230
5245702
5256201
5266668
5277095
5287553
5297990
5308416
5318873
5329331
5339771
5350253
5360662
5371120
5381622
5392026
5402515
5412945
5423410
5433829
5444303
5454772
5465235
5475697
5486169
5496675
5507137
5517533
5527937
5538332
5548769
5559184
5569637
5580024
5590501
5600968
5611492
5621945
5632386
5642827
5653201
5663659
5674060
5684483
5694885
5705289
5715712
5726192
5736695
5747134
5757610
5768014
5778482
5788886
5799323
5809765
5820124
5830503
5840991
5851447
5861834
5872255
5882633
5893094
5903575
5914014
5924485
5934940
5945426
5955862
5966251
5976663
5987051
5997544
6007903
6018348
6028816
6039237
6049729
6060145
6070592
6081059
6091524
6101941
6112414
6122820
6133252
6143628
6154042
6164552
6175039
6185399
6195832
6206404
6216828
6227313
6237759
6248220
6258640
6269090
6279519
6289999
6300458
6310918
6321335
6331791
6342214
6352537
6362976
6373429
6383817
6394246
6404658
6415085
6425536
6436045
6446459
6456866
6467287
6477646
6488130
6498552
6508975
6519419
6529892
6540338
6550836
6561354
6571823
6582239
6592744
6603268
6613696
6624153
6634619
6645039
6655489
6665942
6676370
6686942
6697338
6707801
6718252
6728766
6739212
6749592
6760007
6770427
6780895
6791334
6801837
6812290
6822688
6833094
6843487
6853844
6864249
6874684
6885177
6895610
6906058
6916475
6926905
6937367
6947798
6958216
6968654
6979065
6989569
6999983
7010417
7020902
7031279
7041677
7052106
7062555
7072950
7083409
7093906
7104279
7114696
7125176
7135613
7146092
7156627
7167153
7177653
7188091
7198510
7208966
7219377
7229860
7240261
7250657
7261104
7271582
7282043
7292511
7302985
7313380
7323844
7334261
7344690
7355084
7365496
7375837
7386299
7396686
7407126
7417527
7428020
7438549
7448973
7459428
7469893
7480405
7490870
7501322
7511676
7522153
7532618
7543037
7553487
7563874
7574267
7584724
7595174
7605618
7616076
7626536
7637015
7647481
7658008
7668406
7678770
7689237
7699654
7710127
7720662
7731080
7741639
7752107
7762533
7772985
7783436
7793919
7804345
7814853
7825247
7835728
7846242
7856706
7867196
7877663
7888076
7898579
7909001
7919480
7929917
7940369
7950765
7961280
7971752
7982187
7992658
8003112
8013464
8023846
8034280
8044732
8055134
8065537
8075889
8086279
8096716
8107139
8117564
8128045
8138552
8148985
8159460
8169906
8180378
8190833
8201284
8211653
8222069
8232569
8243011
8253468
8264019
8274452
8284886
8295275
8305701
8316182
8326616
8337090
8347548
8358005
8368502
8378983
8389396
8399746
8410172
8420648
8431109
8441537
8451994
8462474
8472877
8483369
8493824
8504180
8514613
8525112
8535508
8545905
8556379
8566833
8577292
8587769
8598212
8608689
8619178
8629652
8640077
8650512
8660988
8671418
8681945
8692430
8702854
8713301
8723741
8734187
8744603
8755020
8765515
8775940
8786455
8796880
8807360
8817777
8828277
8838673
8849093
8859505
8869969
8880329
8890780
8901205
8911590
8922022
8932470
8942869
8953323
8963750
8974222
8984609
8994997
9005450
9015862
9026291
9036767
9047224
9057719
9068205
9078651
9089037
9099407
9109853
9120288
9130711
9141159
9151600
9162018
9172410
9182823
9193129
9203568
9213968
9224405
9234897
9245333
9255791
9266201
9276590
9286931
9297375
9307835
9318218
9328697
9339120
9349627
9359990
9370444
9380883
9391350
9401827
9412326
9422709
9433172
9443646
9454031
9464488
9474927
9485391
9495847
9506293
9516761
9527180
9537652
9548134
9558560
9568987
9579491
9589920
9600356
9610782
9621217
9631686
9642173
9652579
9662943
9673377
9683794
9694186
9704573
9714984
9725421
9735838
9746304
9756809
9767207
9777637
9788083
9798540
9808977
9819392
9829878
9840267
9850677
9861101
9871602
9882048
9892540
9903010
9913451
9923824
9934194
9944565
9955008
9965502
9975932
9986399
9996883
10007283
10017757
10028187
10038584
10049037
10059520
10069992
10080462
10090995
10101414
10111837
10122289
10132749
10143145
10153611
10164042
10174524
10184977
10195420
10205919
10216367
10226910
10237396
10247829
10258317
10268682
10279182
10289586
10300020
10310488
10320967
10331517
10341982
10352404
10362815
10373326
10383841
10394277
10404720
10415171
10425666
10436140
10446572
10457015
10467501
10477890
10488323
10498791
10509224
10519607
10529959
10540356
10550827
10561257
10571691
10582180
10592674
10603180
10613655
10624066
10634509
10644963
10655417
10665791
10676280
10686727
10697156
10707592
10718004
10728497
10738973
10749457
10759900
10770399
10780740
10791187
10801630
10812018
10822462
10832876
10843374
10853887
10864324
10874706
10885126
10895578
10906046
10916508
10926971
10937446
10947871
10958282
10968780
10979200
10989682
11000146
11010577
11021061
11031500
11041932
11052435
11062872
11073316
11083781
11094224
11104721
11115150
11125615
11136124
11146612
11157046
11167523
11178006
11188448
11198882
11209344
11219810
11230165
11240563
11250963
11261368
11271835
11282260
11292745
11303178
11313589
11324032
11334500
11344980
11355480
11366036
11376433
11386915
11397311
11407789
11418149
11428580
11439023
11449457
11459926
11470420
11480856
11491274
11501710
11512166
11522657
11533092
11543520
11554051
11564520
11574971
11585398
11595872
11606386
11616748
11627149
11637503
11647960
11658464
11668932
11679342
11689772
11700216
11710644
11721125
11731593
11742028
11752518
11762908
11773350
11783822
11794214
11804670
11815127
11825495
11835910
11846458
11856934
11867396
11877855
11888328
11898721
11909096
11919613
11930103
11940637
11951063
11961505
11971973
11982369
11992806
12003212
12013702
12024169
12034607
12045049
12055417
12065853
12076246
12086684
12097190
12107651
12118162
12128679
12139132
12149627
12160110
12170548
12181079
12191423
12201926
12212387
12222867
12233352
12243821
12254255
12264659
12275059
12285541
12295968
12306400
12316845
12327277
12337685
12348136
12358601
12369048
12379482
12389899
12400379
12410798
12421216
12431649
12442084
12452500
12462898
12473327
12483769
12494209
12504637
12515066
12525517
12535949
12546442
12556939
12567460
12577923
12588310
12598697
12609174
12619602
12630052
12640462
12650960
12661424
12671918
12682403
12692848
12703289
12713719
12724207
12734706
12745108
12755581
12765945
12776349
12786774
12797200
12807627
12818013
12828484
12838943
12849493
12859889
12870375
12880798
12891228
12901635
12912131
12922514
12932909
12943378
12953791
12964210
12974666
12985138
12995579
13006040
13016496
13026934
13037377
13047795
13058309
13068764
13079182
13089703
13100151
13110606
13121056
13131502
13141948
13152430
13162880
13173318
13183736
13194160
13204612
13215085
13225556
13236024
13246465
13256887
13267279
13277736
13288161
13298675
13309145
13319594
13330086
13340499
13350963
13361419
13371855
13382315
13392830
13403247
13413666
13424146
13434583
13445033
13455517
13465951
13476460
13486963
13497419
13507870
13518226
13528617
13539158
13549678
13560144
13570612
13581088
13591495
13601949
13612441
13622913
13633391
13643907
13654344
13664849
13675360
13685817
13696290
13706762
13717189
13727632
13738141
13748598
13759020
13769433
13779853
13790266
13800676
13811164
13821582
13832058
13842511
13852950
13863446
13873933
13884379
13894885
13905296
13915730
13926218
13936661
13947079
13957526
13967989
13978453
13988920
13999356
14009784
14020259
14030675
14041115
14051617
14062063
14072536
14082958
14093470
14103818
14114284
14124694
14135129
14145609
14156049
14166516
14176947
14187354
14197794
14208251
14218642
14229091
14239511
14249921
14260330
14270719
14281151
14291510
14302001
14312467
14322974
14333403
14343900
14354323
14364790
14375250
14385741
14396212
14406613
14417082
14427562
14438043
14448384
14458832
14469289
14479729
14490175
14500585
14511083
14521509
14531984
14542378
14552773
14563228
14573708
14584143
14594556
14605033
14615494
14625952
14636357
14646804
14657259
14667702
14678168
14688634
14699114
14709577
14720023
14730509
14740936
14751314
14761797
14772248
14782762
14793212
14803667
14814047
14824536
14835052
14845424
14855850
14866314
14876816
14887269
14897728
14908103
14918535
14929023
14939428
14949897
14960335
14970766
14981195
14991600
15002068
15012537
15022951
15033390
15043852
15054301
15064811
15075294
15085714
15096169
15106655
15117104
15127623
15138024
15148480
15158932
15169408
15179831
15190280
15200710
15211083
15221434
15231852
15242259
15252729
15263158
15273659
15284070
15294562
15304979
15315333
15325767
15336176
15346581
15357024
15367522
15378021
15388505
15398936
15409318
15419721
15430141
15440604
15451084
15461526
15472033
15482517
15493001
15503545
15513998
15524473
15534961
15545360
15555830
15566266
15576762
15587250
15597698
15608072
15618529
15628984
15639525
15649976
15660423
15670913
15681346
15691749
15702206
15712708
15723215
15733671
15744168
15754687
15765113
15775472
15785865
15796349
15806789
15817250
15827709
15838077
15848519
15858897
15869366
15879800
15890201
15900674
15911073
15921480
15931938
15942423
15952835
15963307
15973691
15984118
15994513
16004951
16015396
16025859
16036297
16046768
16057229
16067653
16078095
16088515
16098958
16109385
16119908
16130362
16140837
16151292
16161763
16172178
16182599
16193087
16203532
16213981
16224433
16234841
16245294
16255723
16266172
16276666
16287164
16297601
16307999
16318446
16328946
16339399
16349849
16360316
16370777
16381179
16391658
16402070
16412466
16422888
16433266
16443774
16454303
16464764
16475245
16485692
16496111
16506462
16516946
16527407
16537868
16548298
16558767
16569165
16579671
16590157
16600580
16611056
16621494
16631935
16642345
16652755
16663216
16673652
16684048
16694498
16704972
16715448
16725930
16736378
16746935
16757393
16767817
16778255
16788658
16799099
16809530
16820034
16830548
16840976
16851481
16861889
16872352
16882738
16893198
16903658
16914076
16924599
16935078
16945600
16956039
16966528
16976980
16987456
16997918
17008342
17018808
17029227
17039617
17050011
17060436
17070947
17081340
17091745
17102174
17112701
17123172
17133614
17144064
17154467
17164831
17175187
17185608
17196058
17206542
17216966
17227419
17237859
17248350
17258895
17269300
17279769
17290241
17300671
17311091
17321574
17332019
17342445
17352930
17363360
17373781
17384274
17394715
17405128
17415570
17426019
17436469
17446873
17457300
17467735
17478192
17488675
17499087
17509524
17520107
17530549
17541001
17551429
17561937
17572401
17582836
17593229
17603651
17614013
17624406
17634861
17645311
17655798
17666279
17676751
17687154
17697617
17708010
17718522
17729010
17739432
17749881
17760281
17770763
17781240
17791680
17802141
17812636
17823049
17833468
17843902
17854363
17864886
17875374
17885865
17896323
17906853
17917296
17927792
17938217
17948641
17958993
17969468
17979982
17990369
18000793
18011256
18021737
18032179
18042664
18053082
18063423
18073870
18084358
18094879
18105306
18115824
18126214
18136607
18147051
18157442
18167952
18178390
18188882
18199372
18209843
18220302
18230791
18241334
18251734
18262119
18272558
18283029
18293501
18303915
18314386
18324866
18335298
18345764
18356241
18366735
18377119
18387592
18397943
18408312
18418830
18429254
18439679
18450166
18460630
18471084
18481513
18491967
18502336
18512809
18523247
18533663
18544057
18554462
18564903
18575370
18585817
18596314
18606810
18617288
18627651
18638058
18648470
18658908
18669356
18679798
18690248
18700743
18711210
18721679
18732131
18742615
18753057
18763528
18773914
18784404
18794826
18805280
18815799
18826252
18836750
18847174
18857588
18868008
18878428
18888941
18899400
18909796
18920229
18930713
18941211
18951625
18962049
18972529
18982970
18993418
19003876
19014328
19024803
19035265
19045735
19056148
19066527
19076947
19087386
19097775
19108177
19118616
19129057
19139472
19149931
19160360
19170824
19181335
19191748
19202191
19212619
19223050
19233498
19243937
19254431
19264942
19275434
19285863
19296333
19306783
19317191
19327676
19338113
19348550
19359030
19369452
19379896
19390334
19400830
19411275
19421675
19432067
19442531
19452970
19463294
19473702
19484179
19494666
19505099
19515574
19526006
19536437
19546886
19557334
19567732
19578175
19588599
19599079
19609537
19619991
19630504
19640893
19651358
19661830
19672250
19682733
19693141
19703556
19713953
19724397
19734863
19745279
19755749
19766198
19776576
19787059
19797524
19807977
19818429
19828885
19839405
19849857
19860288
19870700
19881161
19891543
19901990
19912385
19922832
19933217
19943744
19954203
19964762
19975151
19985634
19996114
20006524
20016950
20027396
20037878
20048336
20058776
20069227
20079701
20090135
20100623
20111054
20121460
20131918
20142296
20152769
20163192
20173648
20184156
20194623
20205019
20215435
20225852
20236324
20246722
20257173
20267665
20278120
20288590
20299087
20309579
20320073
20330541
20340965
20351424
20361812
20372287
20382752
20393142
20403587
20414039
20424491
20434977
20445450
20455921
20466378
20476823
20487329
20497816
20508244
20518746
20529212
20539641
20550094
20560574
20571032
20581437
20591847
20602282
20612748
20623175
20633606
20644075
20654486
20664931
20675351
20685717
20696131
20706577
20716945
20727391
20737831
20748331
20758763
20769207
20779629
20790116
20800551
20810972
20821409
20831880
20842305
20852726
20863114
20873586
20883957
20894366
20904822
20915203
20925557
20935980
20946427
20956917
20967365
20977825
20988257
20998724
21009129
21019634
21030108
21040586
21051024
21061431
21071901
21082278
21092720
21103078
21113548
21123979
21134410
21144833
21155252
21165776
21176236
21186684
21197169
21207599
21218115
21228549
21238874
21249255
21259642
21270071
21280503
21290966
21301417
21311858
21322351
21332790
21343173
21353574
21364068
21374516
21384922
21395405
21405894
21416309
21426745
21437191
21447696
21458152
21468636
21479145
21489558
21500041
21510537
21520940
21531316
21541741
21552205
21562603
21573042
21583511
21593995
21604442
21614843
21625289
21635762
21646176
21656607
21667043
21677465
21687856
21698284
21708683
21719112
21729610
21739989
21750440
21760838
21771267
21781700
21792153
21802598
21813018
21823425
21833831
21844286
21854698
21865038
21875502
21885943
21896433
21906860
21917353
21927804
21938129
21948605
21959095
21969576
21980007
21990471
22000936
22011417
22021873
22032365
22042796
22053289
22063705
22074144
22084646
22095068
22105534
22115944
22126423
22136878
22147269
22157823
22168265
22178690
22189166
22199559
22209994
22220439
22230879
22241304
22251782
22262157
22272661
22283102
22293558
22303967
22314399
22324846
22335266
22345780
22356170
22366613
22377050
22387579
22398014
22408476
22418866
22429311
22439771
22450188
22460675
22471186
22481626
22492114
22502520
22512971
22523375
22533817
22544273
22554615
22565067
22575466
22585903
22596239
22606666
22617028
22627458
22637911
22648358
22658822
22669339
22679732
22690143
22700593
22711133
22721559
22731980
22742321
22752716
22763053
22773504
22783955
22794393
22804830
22815324
22825774
22836183
22846621
22857001
22867416
22877853
22888255
22898755
22909194
22919630
22930031
22940527
22950999
22961459
22971899
22982334
22992799
23003224
23013603
23024056
23034463
23044911
23055313
23065813
23076251
23086708
23097147
23107637
23118080
23128509
23138915
23149347
23159774
23170220
23180764
23191282
23201734
23212183
23222557
23232987
23243438
23253839
23264230
23274697
23285140
23295636
23306017
23316518
23326989
23337392
23347839
23358254
23368685
23379145
23389568
23399968
23410401
23420895
23431325
23441755
23452199
23462667
23473108
23483472
23493964
23504433
23514866
23525275
23535701
23546182
23556674
23567134
23577589
23588032
23598429
23608904
23619377
23629803
23640208
23650620
23661043
23671555
23682063
23692509
23702986
23713392
23723844
23734308
23744729
23755198
23765573
23776080
23786432
23796880
23807252
23817707
23828168
23838535
23849020
23859558
23869988
23880390
23890934
23901373
23911843
23922305
23932750
23943237
23953737
23964194
23974631
23985078
23995536
24005993
24016457
24026914
24037331
24047753
24058238
24068660
24079084
24089485
24099884
24110349
24120802
24131246
24141676
24152089
24162546
24173047
24183479
24193918
24204373
24214810
24225213
24235686
24246155
24256606
24267055
24277568
24288038
24298410
24308892
24319336
24329822
24340236
24350636
24361100
24371576
24382020
24392428
24402912
24413403
24423812
24434228
24444666
24455103
24465562
24476050
24486473
24496890
24507354
24517790
24528238
24538680
24549139
24559627
24570078
24580546
24590989
24601406
24611795
24622216
24632663
24643084
24653555
24663979
24674489
24684966
24695434
24705856
24716286
24726678
24737108
24747599
24758041
24768390
24778830
24789258
24799749
24810213
24820638
24831074
24841523
24851944
24862401
24872873
24883340
24893813
24904268
24914714
24925214
24935619
24946029
24956458
24966922
24977338
24987755
24998222
25008653
25019117
25029613
25040012
25050379
25060825
25071344
25081820
25092328
25102723
25113151
25123579
25134026
25144451
25154901
25165329
25175772
25186272
25196770
25207138
25217609
25228031
25238511
25248957
25259410
25269811
25280200
25290650
25301045
25311482
25321826
25332292
25342729
25353207
25363628
25374072
25384508
25394963
25405489
25415927
25426396
25436823
25447370
25457817
25468264
25478723
25489185
25499610
25510057
25520513
25530964
25541347
25551774
25562198
25572579
25583011
25593483
25603955
25614396
25624827
25635266
25645739
25656266
25666654
25677072
25687508
25697971
25708498
25719026
25729506
25739950
25750386
25760833
25771303
25781780
25792225
25802696
25813159
25823598
25834019
25844461
25854940
25865371
25875810
25886235
25896680
25907218
25917614
25928082
25938472
25948881
25959302
25969786
25980294
25990749
26001204
26011606
26022056
26032524
26042957
26053416
26063798
26074205
26084649
26095037
26105530
26115903
26126275
26136705
26147056
26157416
26167850
26178252
26188661
26199090
26209529
26219905
26230327
26240783
26251234
26261674
26272044
26282511
26292952
26303377
26313784
26324264
26334717
26345168
26355574
26365996
26376433
26386884
26397335
26407750
26418179
26428687
26439196
26449573
26459966
26470442
26480883
26491347
26501793
26512246
26522713
26533116
26543657
26554112
26564516
26574979
26585394
26595866
26606232
26616662
26627076
26637531
26647901
26658386
26668851
26679327
26689679
26700096
26710546
26720996
26731459
26741844
26752259
26762738
26773164
26783617
26794120
26804563
26815056
26825516
26835962
26846471
26856927
26867403
26877830
26888286
26898678
26909192
26919695
26930131
26940595
26951080
26961485
26971904
26982315
26992828
27003285
27013729
27024208
27034613
27045094
27055539
27066023
27076523
27086983
27097379
27107836
27118318
27128744
27139236
27149663
27160098
27170568
27181005
27191451
27201908
27212381
27222873
27233286
27243774
27254231
27264696
27275154
27285615
27296044
27306479
27316972
27327397
27337814
27348342
27358809
27369306
27379758
27390254
27400662
27411146
27421524
27431972
27442383
27452878
27463370
27473808
27484259
27494697
27505116
27515684
27526135
27536632
27547085
27557508
27567932
27578302
27588886
27599328
27609754
27620214
27630668
27641097
27651562
27662033
27672510
27682925
27693381
27703749
27714189
27724633
27735118
27745608
27756069
27766453
27776864
27787300
27797712
27808156
27818556
27829070
27839539
27850005
27860483
27870972
27881406
27891803
27902211
27912665
27923065
27933531
27944015
27954447
27964990
27975421
27985801
27996317
28006741
28017238
28027607
28038031
28048454
28058969
28069381
28079900
28090363
28100896
28111391
28121829
28132228
28142663
28153140
28163517
28173929
28184370
28194828
28205208
28215688
28226176
28236590
28247013
28257445
28267957
28278429
28288840
28299271
28309670
28320088
28330441
28340808
28351173
28361599
28372033
28382466
28392924
28403364
28413742
28424195
28434526
28445008
28455497
28465943
28476412
28486869
28497327
28507792
28518159
28528579
28539113
28549533
28559974
28570378
28580805
28591253
28601739
28612253
28622719
28633209
28643681
28654100
28664561
28675009
28685417
28695910
28706315
28716775
28727231
28737665
28748123
28758562
28768955
28779420
28789832
28800293
28810715
28821136
28831628
28842073
28852553
28862982
28873410
28883905
28894368
28904815
28915278
28925785
28936227
28946618
28957035
28967429
28977844
28988264
28998680
29009109
29019578
29030001
29040478
29050956
29061343
29071728
29082208
29092638
29103092
29113528
29124038
29134430
29144871
29155335
29165784
29176139
29186586
29197078
29207533
29218031
29228512
29238942
29249403
29259932
29270398
29280804
29291236
29301692
29312112
29322631
29333133
29343566
29354046
29364508
29374917
29385395
29395839
29406315
29416727
29427113
29437543
29447984
29458426
29468866
29479347
29489760
29500221
29510642
29521165
29531675
29542124
29552620
29563032
29573451
29583924
29594401
29604901
29615384
29625814
29636265
29646699
29657157
29667570
29677989
29688448
29698833
29709310
29719741
29730220
29740723
29751110
29761621
29772046
29782452
29792925
29803404
29813830
29824289
29834719
29845070
29855487
29865977
29876377
29886841
29897274
29907740
29918219
29928675
29939170
29949689
29960097
29970458
29980951
29991375
30001816
30012270
30022658
30033078
30043512
30053978
30064433
30074846
30085290
30095809
30106257
30116695
30127121
30137564
30147977
30158367
30168759
30179242
30189643
30200073
30210456
30220938
30231344
30241766
30252299
30262768
30273175
30283585
30293942
30304395
30314843
30325258
30335596
30346104
30356511
30366972
30377401
30387830
30398356
30408758
30419144
30429639
30440076
30450452
30460909
30471340
30481771
30492116
30502653
30513108
30523549
30534009
30544489
30554983
30565410
30575908
30586355
30596781
30607208
30617705
30628133
30638554
30648953
30659417
30669950
30680394
30690847
30701298
30711819
30722254
30732716
30743155
30753661
30764120
30774553
30784957
30795379
30805774
30816244
30826730
30837251
30847707
30858159
30868600
30879026
30889486
30899945
30910399
30920901
30931387
30941801
30952253
30962705
30973131
30983570
30994075
31004473
31014908
31025383
31035860
31046272
31056791
31067240
31077677
31088121
31098581
31109049
31119501
31129988
31140428
31150897
31161365
31171850
31182305
31192722
31203194
31213563
31224064
31234534
31244964
31255445
31265892
31276327
31286798
31297298
31307720
31318161
31328587
31338965
31349420
31359897
31370313
31380754
31391112
31401578
31412028
31422500
31432932
31443363
31453840
31464208
31474704
31485115
31495498
31505888
31516335
31526809
31537286
31547680
31558147
31568560
31579035
31589494
31599982
31610422
31620775
31631217
31641707
31652109
31662583
31673023
31683432
31693909
31704346
31714746
31725140
31735657
31746150
31756597
31767040
31777412
31787849
31798253
31808686
31819158
31829678
31840176
31850599
31861086
31871629
31882095
31892538
31903037
31913396
31923813
31934251
31944689
31955221
31965703
31976164
31986531
31996915
32007404
32017812
32028222
32038677
32049120
32059641
32070111
32080590
32091090
32101548
32111979
32122392
32132881
32143341
32153865
32164346
32174816
32185281
32195741
32206187
32216665
32227083
32237484
32247958
32258421
32268839
32279284
32289756
32300177
32310617
32321038
32331533
32342010
32352447
32362936
32373396
32383913
32394362
32404816
32415239
32425776
32436249
32446723
32457114
32467564
32477964
32488375
32498766
32509292
32519758
32530168
32540630
32551099
32561490
32571937
32582407
32592891
32603317
32613743
32624204
32634626
32645068
32655501
32665950
32676383
32686844
32697272
32707807
32718277
32728782
32739193
32749638
32760076
32770547
32781051
32791544
32801936
32812435
32822856
32833293
32843695
32854168
32864636
32875085
32885610
32896069
32906520
32916942
32927458
32937830
32948319
32958818
32969267
32979655
32990109
33000567
33010994
33021415
33031854
33042348
33052824
33063327
33073784
33084214
33094558
33105042
33115438
33125862
33136248
33146728
33157242
33167743
33178191
33188634
33198972
33209340
33219799
33230156
33240584
33251052
33261460
33271982
33282515
33293020
33303463
33313878
33324373
33334827
33345258
33355714
33366120
33376522
33386955
33397340
33407783
33418300
33428833
33439254
33449708
33460160
33470617
33481029
33491480
33501940
33512396
33522868
33533321
33543782
33554217
33564676
33575186
33585596
33595967
33606387
33616826
33627284
33637706
33648186
33658647
33669097
33679442
33689831
33700238
33710682
33721181
33731650
33742105
33752605
33763055
33773403
33783821
33794239
33804729
33815152
33825607
33836029
33846465
33856923
33867344
33877756
33888123
33898563
33909034
33919499
33929908
33940407
