-0.013270585966850733
-0.007169520834699437
0.0073245175892578404
0.01881245120232769
0.02587144324542025
-0.012615771964826597
-0.0002731630995646509
-0.0011437465732807334
-0.019687797995449365
0.018688017125917722
-0.00739260146549831
0.029387677051051674
0.0106053101011372
-0.008824449501235305
-0.013883160267146774
0.022693965840294688
-0.006059888444747457
0.002781107865284261
0.002535243524225217
-0.006645632169217567
-0.002507702868633359
0.008477561653424852
-0.01848019541219118
-0.01181762771317641
-0.014017756398124942
-0.0028399101015933806
-0.021325459185825436
-0.004789199614207199
0.007457612517838264
-0.0004621635843620217
-0.0031465670370433144
-0.007458661615854984
-0.0013776737107581356
0.023356693194975884
0.024050796260190386
0.022351355863668577
-0.006611722513346007
0.022978851869896046
-0.004979843963860183
0.006423493389733275
-0.007137938089886588
-0.01134740649932616
-0.036421661382616925
-0.021628228411829275
-0.010221727604098658
-0.014779288051053175
-0.0012871863589925597
-0.03976254345694616
0.017238923265716768
-0.014457149956454016
0.004629590465677356
0.0045715729940433636
-0.015272491413160694
-0.01758061449638104
0.003510574257611241
-0.018067471820156528
0.014874987744084089
0.025093640697876465
-0.014415042050883621
-0.018233480068485207
0.012266630174958526
-0.016138108691396563
-0.009344786494876713
-0.022383293085066692
-0.004114889109583283
-0.011633570272659247
0.005225367749270712
0.00533395351526247
0.01128427206736084
0.011372749916154154
0.006836643171486484
-0.015099425733158625
-0.01115879261940261
0.0042014099387160915
-0.009736294017571841
-0.007948446624688833
0.01074036861962143
0.001789182349638724
-0.0076636829665575
-0.006906149393962637
-0.0063438028455081764
-0.021448056125939422
0.013471403484390425
0.008005276797741242
0.0031622034287815412
-0.02346748903774077
0.019973989338218354
0.02128204769305097
0.0011130610622265827
0.000690299699381275
0.0013540181612594745
-0.0016059644777939018
0.0021183818398485717
0.04706775656295507
0.024420837749779052
0.006183665393791956
-0.007438494421368534
0.003998522855507415
0.0005880382271126845
-0.01614890658157963
-0.020947937216745666
-0.027722598095298256
-0.03392097876150293
-0.0005230452854467179
-0.006047903366985629
-0.017856661217374236
-0.012829056169965984
0.00419098032061032
-0.04266718264355949
0.0023325645664924494
-0.008938015594976255
0.002235498352971482
0.011308324007879554
-0.0036712672800045315
-6.390322128583297e-5
0.015302548070559164
-0.008472899363537128
-0.008223916108237668
0.028489011712207975
-0.002489435092589195
0.012020709772744538
0.031422933013968195
0.01815811956120532
0.028471972403223654
-0.0013152768992617256
-0.000850885440838129
-0.013049148817014493
0.012912510638175747
-0.00513259317111734
0.0008801373214794998
-0.0005853679671570419
0.011369922044069319
-0.02271009159914739
-0.013533860531700389
0.01122678440528075
0.024539571805399348
-0.030949095856265908
-0.008918404356521893
-0.0004186690865190364
-0.002675905023807795
0.014037841861594668
0.0035643012208447502
0.008096230592126191
0.004178257090050149
0.010267956737756616
-0.01879703939187182
0.020039236454178596
0.014774151321542783
-0.03742752560287316
0.024384946296948838
-0.003058366009759796
0.024688906147845406
-0.013160508791986037
-0.016120695881324146
0.0069474948483066795
-0.0009777923844429528
-0.002850043279384369
-0.0033583390798030193
0.02339224907491185
-0.007436924036099189
-0.005432541156974368
-0.008325607697974448
-0.013956130652010179
0.040802147232603087
0.006171775493823247
-0.008464207212259153
-0.019142881273328614
-0.03718095401327374
0.007781110196507028
0.017049967453222917
0.0025186302457718534
-0.004049489209527586
0.006438556641401047
-0.014522452797208447
0.025825166357562827
0.0003515139488706133
0.01117753238137368
0.012293339381013867
-0.010311147959833296
0.006547192840291648
0.005870991407821864
-0.008528315889033404
-0.002581668776035329
0.004534372691392371
0.011617139986856486
-0.014329822860801202
-0.017198123116667546
0.025132563306954833
-0.029421413021736672
0.024959785741447055
-0.008297382954359457
-0.04718121886915412
-0.036417869214884935
0.00397773145050863
-0.005583887695535657
0.010656899257980178
-0.009280933611020892
0.012260290857963234
-0.018712017649796506
0.009132760393536131
0.001385557469226904
0.013388522205174926
-0.0035891174356231757
-0.01230655186714638
0.0025657307464496534
0.020246445901606135
2.3148098160554483e-5
-0.003220822519873011
0.014563107510916665
-0.023915894182485898
0.01015952424722593
-0.0008150296664254549
0.013505607864606447
0.01592335673700731
0.013833726432240484
0.004539041304261355
-8.007262687912287e-5
0.0073748597882383315
-0.015684921527631148
-0.007953820354526648
-0.01784226913609019
2.2212067011378688e-5
-0.00015909301966144203
0.024069769317573236
0.00406317511459303
0.00011428475940891762
0.0033079406133545717
0.02274821278918037
0.0023630277765480634
0.009574270878228782
-0.011540123270656611
-0.0189933381220779
-0.00785021759012182
-0.0040430058105886115
0.003494439990249791
0.018257795610978216
0.03656536283890138
0.02572503724754886
0.019486316657358872
0.010869000344139878
-0.00886630267108806
-0.0022248871552913267
-0.001570165912965736
-0.02070995228825287
-0.003637022025027356
0.011710535101152698
-0.009261451867772762
0.0007969843692177785
0.015106632255259505
-0.004272956781647296
0.011115594785481575
0.011259845876108314
0.04071215146445594
6.7275315834415365e-6
0.005332487091914062
-0.006185893450821894
-0.008074246022217088
0.001974188267873929
0.0004354965107237898
-0.00928374363330862
-0.00341284929342103
-0.0076615321281095754
-0.013735540396910731
0.0020094275077575893
-0.03629547626376544
0.023541515872483987
-0.0016901272047942701
-0.004510233647984863
-0.008280955315505325
-0.01828029767009643
0.02567495533718524
0.02632726463917469
0.0034527704475950287
-0.02502144832387617
0.017602972650915448
0.019779797147319512
-0.002415316371615527
-0.009185641690924555
-0.01199126051083409
0.005650284014063687
-0.014311427098894259
0.009267370087576941
0.02115981501950832
0.0003860734352959083
-0.0030171657871527692
-0.012448567695144762
-0.018136455577292196
0.01299809456908624
-0.03389612122370924
-0.011118940855741633
0.03658957918605724
0.02974843666553915
0.00858428973895804
-0.010611698917260047
0.002851336279232607
-0.01348673512491551
0.01475781881190612
-0.00948602294807725
0.01406098489955206
0.00906971907994652
0.006473286704948698
-0.015174285769182012
-0.011810903439873684
-0.010016189966082993
0.00890232006387976
0.022507424034503377
0.04668734383984249
0.012406304267424105
-0.003912385095262991
0.020039575119054014
-0.01098043558442652
-0.000868297447647145
0.0020431336164975517
0.03021575281304074
-0.04455128218886472
0.00048288471073438047
0.008623001373138449
-0.010469057308762051
-0.0026288931937182044
-0.029493923619361453
-0.005574752565330785
-0.025261141846366367
0.006554467428995432
-0.0069138606519420776
-0.01910150516650373
-0.00801424776076376
0.008874162775502237
0.002509801460598829
0.022891918402040873
0.0067489997979162265
0.0009657181971511127
0.014179356779569132
-0.020930791764366456
-0.020165403564053466
-0.0078040838652507424
0.006525041178025246
-0.010508078422087615
-4.706445105463739e-5
0.008846051688541495
0.020674324968260032
0.010456650414255097
0.028393731809984377
-0.00884739034988381
0.0010093809412421544
-0.0048774429429539615
-0.029798516837337995
-0.027193169392370688
-0.03303659413145635
0.0003694575213103871
0.025850296866722
0.01953659977590128
0.013890251382690825
-0.0005612931762621631
-0.0071270436614582705
0.025062098487343254
0.0064576435836484975
-0.0041850473769870855
0.015612551104980998
0.01789556128833862
-0.0028138087028747026
0.019904604784254827
0.029013504082129365
0.004649515419194255
0.010355889652287488
-0.026195073937627565
-0.0008849986621314051
0.04428373856770134
-0.025966267374073516
0.0029958038707362258
0.013376398988882394
-0.005847908079396246
0.005651967261094325
0.023350772765643877
0.017460639575511666
0.03159874164996077
-0.03387983587093387
-0.016735125397717304
-0.021347689281791878
-0.001462900915594242
-0.0005985035518794781
-0.002062819029890111
0.03379818935814012
4.544201897416114e-5
-0.005368338976572979
0.01115837375301495
0.01613414826335668
0.006602488006843169
0.022812406960769166
-0.03496037561797908
0.0035028490726080486
-0.0064492076178563965
-0.00816746390259326
0.01601602198375179
0.015342329862688025
-0.01889008373342715
0.003324321612489702
-0.028404971169952834
-0.006282572557668454
0.020096819424447215
-5.6966678000625135e-5
-0.018442473803018698
-0.006403578172978339
-0.0323353860617296
-0.006238359327193181
-0.02229745070772617
0.03150048737671124
0.005422602767785339
-0.006237198700320616
-0.009435251698579566
0.002967175299526744
0.014058463989184748
-0.036688123304473706
0.012164821194530624
-0.02469026803617945
-0.017339681003841267
-0.009397021371890229
-0.0017274171054802879
0.006522303829334297
0.00999390429382764
0.020547675184524227
0.038059327986362565
-0.01524426301309279
0.0016996666548541736
-0.021009673591153813
-0.0018680276138449766
-0.029227660506606554
0.01470578740250497
-0.005018680167664227
0.0016401407287065725
0.01683260577032305
0.009186701593586177
-0.023975193459324126
-0.007854380226412109
0.012575079872437991
0.012141171705816075
0.015813336810044605
0.010751419805242402
0.004920494270128432
-0.0026218007154083975
0.006286847636258196
0.009871989691782925
0.006725516828050741
-0.022306147964931963
0.004448155912516593
-0.011249206038914232
0.01157590238025841
0.00905631648076267
0.004753434595832438
-0.004313049294656357
-0.0026481987535192644
0.016068587293513854
0.006061689906432974
0.004985021876414341
0.024902955158988493
0.0004529780249649706
-0.000945891407174887
0.00865914961866464
0.01345070174914324
-0.02803945431082343
-0.016117094354739313
-0.019604524290196025
0.0019421759101700404
-0.0262762331858462
0.037373408210473885
0.009400262016714355
0.008405074971182144
-0.005155923692490459
-0.0025452465966867266
-0.03475593112497753
0.005237285966061688
0.00921417862522093
0.0020754985407381715
0.0003750642101806848
0.008325836210674592
-0.006226692827630133
0.019155603628044183
-0.018690689416509226
0.0011676393467154231
-0.0032315481231840622
-0.0019154324997254894
-0.011095104648962724
-0.0025118498852292324
0.0014713355286237596
0.010257845351412366
-0.021280221428345805
-0.004273458939987594
0.020623595761391167
-0.022829365550156543
-0.010158889983029086
0.016867754601754725
0.013356329958730194
0.008448160945270563
-0.0049015769718884095
0.010707400630250715
-0.013531490122870781
-0.0022271428686709053
0.0068347240211176176
0.01138121243073158
0.04347486477171495
-0.02529774532394237
-0.03847224057345142
0.01310208128123423
0.009380994744950029
-0.020489109252858427
-0.019597361870447267
3.849005188317936e-5
-0.007475504570953167
-0.008298626173726065
-0.02491506859389172
-0.005577243351553759
0.004910817227995859
0.014428202484745134
-0.02882300997875382
-0.025726346394129348
0.02723307917661142
0.003217153165554446
-0.01836287962410221
0.0018078090765453123
-0.009719888831350668
-0.026823157070300887
-0.017264177409280306
0.0015176109734039872
0.00498966353357271
-0.005542166683858621
0.03731520197423174
-0.005371250826558666
-0.010298846934632441
0.023949455170580867
-0.017320774864765926
0.013250860021643537
-0.019266256197495626
-0.009888837605311493
-0.006739096248714715
-0.019815921322777146
0.02050836697345149
0.009905096719682368
0.010066001634118249
-0.018574188422887463
-0.006436466905550303
-0.009649527010061847
-0.013392869218029567
-0.004621347906434106
-0.019616851019857856
0.0008396225215389311
-0.012322653271455432
0.016657452454430594
0.008848890247015887
0.00922096236481832
-0.014063147444029438
0.015414858669813
0.024907713204177135
0.012881840872785596
-0.013993856171516748
0.009872584546714223
0.013155342850507538
0.0006110799269809507
0.025104581394211217
0.032492487374559495
0.035705917631045164
-0.022833426544354125
0.001452041354700105
-0.0009607803705474997
0.0014297711582678915
0.006633271036160086
-0.007919813378209352
0.005597264076411209
-0.004509257886228175
-0.03280700277431024
0.003087787109114136
-0.010037512868628005
-0.02481221922680054
-0.03458855137561167
-0.03023840681181857
-0.001349703743315309
0.014151276034229993
0.000697778619172161
-0.03182397266432007
-0.018634134683102422
0.0013643820870428353
0.012338362465233814
0.02147265533366254
0.01036309938488306
-0.0068865725336740465
0.0006985850230504149
-0.00043218807686358073
-0.00010815337110403871
-0.018555393043920412
-0.0005772627209178446
-0.004201775189497838
-0.011839829753686085
-0.03656217339289927
-0.00201719639658149
0.018936072851681945
0.01855805868480418
-0.016756031222552585
-0.018020310763397166
-0.016907174861295268
0.023305216434172216
-0.010344146159803402
-0.0031804342161124753
-0.004857260074682424
0.028672649642223512
0.010213084767179642
-0.00372446742999187
-0.01766746316588366
-0.003427573620713497
-0.003490336152917305
0.006093119096154084
-0.005630855101232701
0.021607247150576842
-0.013144934343548145
-0.01119042146167643
0.0015780056253667304
0.00863111386162581
-0.0029171128091253495
0.01865638234319484
0.011483347312504512
0.01586522153910916
-0.014023645233713147
-0.002898911673380727
0.0022711657260680185
0.001951052611743624
-0.02604209496066949
-0.01519440773807546
0.008927344254753488
-0.0034421108880616893
-0.03098971992772408
-0.014898945657613268
-0.017925933353452154
0.0021806655577582663
0.019132277567175515
-0.006149179268313116
-0.01760301980988238
0.003668586714077634
-9.085537978454142e-6
-0.0049938411913909905
-0.001658510218488278
0.0013442047174514382
-0.0103130094468342
0.012395380819481437
0.01432887436048152
-0.0045794417073239235
0.022231893980225303
-0.0215000453706573
0.01701833359263491
0.007007151429546746
-0.007150241568706546
0.016508163035575178
-0.006174204910154986
-0.003515245951218594
-0.0034228318879494426
0.0006361422618467054
0.02546085619052132
0.0029674529057263426
-0.011564145772135813
0.012567780746845308
0.013622625260392
-0.016909122430576993
-0.03348131007632084
-0.0017135437199180094
-0.010191344472526802
-0.0008389079818127096
-0.009238663899705585
0.0012841595591878727
-0.009681616360117117
0.016095174122383992
-0.004055605641858314
0.018010462668857863
-0.011315646668928009
-0.0005491279768628485
0.006893730787938939
-0.003540075341437219
-0.004852674844759921
0.005469031861627695
0.014305511833699366
-0.002854579140002514
0.010273248803120444
0.006254252833842137
0.004725192898898914
0.01784198912073512
0.005137735591218452
0.005276101032031218
0.018392395005729978
0.024511957396682795
0.01441124643159714
0.005106839867317476
-0.004336368628506263
-0.012446560988860478
0.020014777880657243
0.01736966098920691
-0.010501053040465131
-0.007620956980446359
-0.007841861267681492
0.0060785069093261075
-0.00183537015837007
-0.009538574573119444
-0.017053955150200358
-0.012594787004509854
0.0071337473758282584
-0.03524834990625813
0.021987294830243902
0.011214880358576016
0.005379822037271175
0.012943750277931997
-0.01779724376951577
-0.002858329645991944
-0.004619401400850381
0.008693954685171564
0.008411138549764071
-0.003862737228391269
0.010447737004841744
-0.004694473831530381
-0.0013817389873852922
-0.006950416297633903
-0.00021838530048487253
0.014795851560593678
0.016988481709296677
0.004695370022098892
-0.011330332033286672
-0.00514411440854028
-0.01553841522738814
0.014521124218478827
0.0036190476355526975
0.037815704393486534
0.04957195011870845
0.0004687942129894978
0.00025155219794489284
0.010363880347213025
0.0021750432538158657
-0.0005793116187879496
0.0107325510598001
0.0030335655841740865
0.014654869992891017
0.02378524749563272
-0.001550491535533801
0.00588947077036512
-0.00960147009660338
0.002395803977770639
-0.012451495589222454
0.032985687036574125
-0.0002764020653812378
-0.02354889960776754
-0.015073450917116864
-0.0069681787204200025
0.010540198097476266
-0.02378421161969099
-0.017398747228487818
0.0019304399343509668
-0.008129997892687457
0.029555119582788846
-0.008118508025752048
-0.0024360094521288208
0.008222060277856645
0.036941064104846696
0.005982781516106779
0.03347982924412598
0.018487886600702233
0.019675117479250156
0.03469286776929537
0.007859642376339999
-0.003855526987922099
0.0065848659346956365
0.025922703795703085
0.003034942497065816
-0.0035283107887379606
0.000788437394134318
0.006322898674096491
-0.010550863686120958
-0.009238970214254521
0.009372529951001202
-0.024295732331619437
-0.005284216683270245
-0.001770408137505427
-0.0034222581366912647
0.004941424508317325
0.010410142192121611
-0.021048450211849343
-0.023100088498603365
0.01887303013015762
-0.0003807526162976726
-0.008475272956610495
0.0178810026676637
0.020263486382848896
0.0029767286930146596
-0.006476699966102204
0.018115687779618937
0.02644183348568496
0.014249733382466849
0.0021780234521303786
0.0172314020364739
-0.01309192722763572
-0.0028895942720797907
-0.01116839065245299
-0.007996784599604963
-0.023060042200395984
-0.002322904615101327
-0.038614060821570866
0.0025275175970483504
0.0050007848771593585
0.016224893458750535
0.0029558857706423816
-0.01807791947593196
0.02006508072687023
0.0028650132081064774
-0.01556437288352855
0.007217466805010028
-0.004642874305725381
-0.010135865859368268
0.02419404965355739
0.008593772363658535
-0.041592008050548204
-0.02315329461604733
0.024623054125405924
0.013169528379269116
-0.01747489708801335
-6.0799045835624465e-5
-0.028290775418502872
0.016700946716138663
-0.010929599567700924
-0.005619355186624252
-0.004664249958579711
-0.01774889730768005
0.009050026034778183
0.006129536388337736
0.0044026540271325226
-0.021535477881130072
-0.03192232069453249
-0.03708853749675293
-0.014199597529376525
-0.0021756713302251204
-0.00030902271414734217
0.005911609820388313
0.015269459965984705
0.014640106771614718
0.015178712215127094
0.0019729339966977175
0.006153189271648398
-0.02096938497843168
0.004265089868893192
0.010800695726118628
-0.009765685386963189
-0.0015581081539411735
-0.004076220139092543
0.006503997240021562
-0.014620774156194685
-0.007665157599485989
-0.0016405731214621925
0.01818467577874656
0.03650544608545709
-0.025343886872972232
0.0057971010407529625
-0.000771579979492041
0.01555350037189375
0.016956731474644104
-0.00040164686863628115
0.0281666062185105
0.022615957067627805
0.018214376167498363
0.0002513266466931236
-0.01171971958858326
-0.013392555106492275
-0.020270551461673114
-0.004517719684052049
0.005131192690389485
0.014019541785536011
-0.030417842729768066
0.0073812962333694955
0.02387404709579787
0.007178910582349188
0.012131884335427702
0.015068691116414226
-0.015697075276691872
-0.0029574013164929496
0.010170778510290152
-0.025598965964308065
-0.0045608914608250214
0.009059700890650797
0.013101542390891908
-0.0023377550493047664
0.02330732941596597
0.0005787880915515579
-0.008210929491228699
-0.008719151703589001
-0.014480179133945684
0.0064071773958102075
-0.013068865576185511
-0.022081061938004406
-0.020806436277944845
0.008668796434248192
0.005544785900948471
0.014682666396435052
-0.021625436724377292
0.012221229049423132
0.009022930283087243
0.014195821870337105
-0.013977804542930624
-0.0017989117554673998
-0.004499552967939377
0.007701382984388212
0.017584619406043774
0.009379260406152584
-0.00033888519866455636
-0.036901517236603225
-0.006420072536641321
0.00956568690616359
-0.0010747560661885855
0.02419807019105281
0.004773507643176762
0.0287990635495526
-0.006055152200601744
0.006212529716459962
0.011555797093509942
0.013567877420700694
0.004404373509793112
0.00406249428394259
-0.0006200063176178877
-0.005999728343716516
-0.018239370150292353
-0.026996207407533692
-0.012339722906255261
0.012813951962161665
0.0020541541317048474
-0.019121730326311658
0.002979203265960612
0.0009269655933754294
-0.009945380927275555
-0.0011623519032909076
0.0043458915090408366
0.0012446017500407297
0.00016973867898185295
-0.008841669906051302
0.01760455645967674
-0.001413611292291456
-0.020416463649906066
0.014080502800802277
-0.02536144581165342
0.01734171026176909
0.011062674527411028
-0.011395622256652154
0.008061805249304287
-0.01673758173208799
-0.01729893385892965
-0.007674341639192101
-0.03428712549980804
0.014753691512641862
-0.02349846131506468
-0.004020132655053373
-0.008997628717509573
-0.011466860605211671
-0.0018373258201213904
0.00660541172138096
0.01202202389610144
0.008914202780587759
-0.014258978085993197
-0.003977979318800051
0.02057774760198899
-0.004179337132463878
0.003180412688741566
-0.007230788246822388
-0.006830140195141359
-0.009827577204596254
-0.012814343332119615
0.0017579318650841726
-0.00508033171615352
-0.011928742923159125
0.0055990723244883234
-0.029249945779806906
0.0020241062834172414
-0.024716124707473832
0.02069222574192343
0.02295350826355586
0.004306200780392165
-0.003645291238412816
0.01414050605066213
-0.0013948832047901987
-0.0018198657209117113
-0.011508263467606292
0.02095226104354768
-0.007891091182742883
-0.0029199769025888664
0.0025630074874799787
0.03753126855334688
0.000527503437273607
0.011703489319248143
-0.017463480599146628
0.013941389021384844
-0.00881694611858668
-0.013910429116727277
0.024359280045143886
0.02368583648016637
0.008929162042386089
-0.013282003159960904
0.0008409458891871463
0.01949057617018044
-0.020887047450562992
0.010071524503939496
-0.002864874646244601
-0.038716866232683195
0.0003484920139100405
0.0016244011873527294
-0.023854948295507297
-0.01521047020701006
-0.03386037963686129
0.0046046982163512745
-0.03683924748181299
-0.029517338116460033
0.008502911868387829
-0.0018295660851180675
0.00471437844762423
-0.04077820083843414
0.012332749836447223
0.008479913011643025
0.00047829070944797127
-0.0027756115488395392
-0.034768219836056456
0.019017015059626444
0.00351457655284587
-0.006843041721696266
-0.009316059974001152
0.03261200555073345
-0.005932941721204884
-0.03968428953992342
-0.008772001759334328
0.008542866281282906
-0.011332945512903684
0.011092068528350305
0.0003168777521730814
-0.010363945829269168
-0.018534876099030952
-0.005906610536762075
0.011250448713016099
3.218788122051001e-6
-0.010231516278214012
-0.010662770673612225
-0.007787825520748971
0.003778840025890855
-0.0258695021034329
-0.021455975307571755
0.013436588662556755
0.012863252470605777
-0.003577781846907312
0.014175944138152168
0.003088120593429323
0.0017945209765513992
-0.0057589928789346205
-0.00625391439753518
0.007821222977893718
0.007272289953000851
-0.006714802294746517
-0.005532825192348438
0.007215357822343434
0.021925461477830543
0.006478113737222272
0.035986624928491216
-0.008335725501612753
0.007274286540714642
0.0026611022851586595
0.002699796541887707
0.023790842143419828
-0.007588723392706579
0.0002665266990254891
0.007644340069792977
-0.0003486918616312725
0.0016513898375372905
0.03357904621122817
-0.003333745453990831
0.008127516866757207
0.0023060639721393518
-0.03277996295344562
0.008037108175621777
0.007242238535218134
-0.010241683842737347
-0.0040166990586114806
0.004724822311058087
0.004986170337797764
0.024209521598263437
-0.022095724994451813
0.01696511142843386
0.002348258767923665
0.02173244673275363
0.029259885666890827
-0.006869106549163898
-0.0013264766983153487
-0.014864616777854861
-0.015778619848496968
-0.00023801937556599864
0.006204396544511918
0.0035906069176876816
0.012235261345764466
-0.010352742439004387
-0.010648666875931962
-0.019783234883603264
0.0256336549560515
0.005605725289873176
-0.007483994035504818
-0.019346675131468902
-0.011794592067673436
-0.0023647577124676963
0.008760863620522199
0.009956654216427835
0.006225656142860068
0.01353424276488129
0.028904400487264875
-0.00832798381822983
0.010141987173412685
-0.028645784169004884
0.016699792504408534
0.02314257197030788
0.016895293272061913
0.05953614142930364
0.0038207510620650144
-0.018157169309303372
-0.027502820814217493
-0.03105736358680498
-0.01981844070596487
-0.008364973629436803
-0.006194063912282552
-0.015325672651898554
0.0010418293395207802
0.030759666828831727
0.012640946431419596
0.0018638865698648536
-0.020199978374274303
-0.014868431297603539
-0.0007616549821133104
0.0199109753610487
-0.005392107715325481
0.012334027284032675
-0.02237908905949626
-0.001426655050635983
-0.01163746690333024
0.0048611562126730685
-0.014032433119492106
-0.0009289075489867329
0.01803708243456436
0.02319097808126281
-0.010140455677175884
-0.01102696404856305
-0.001538776772111324
-0.011903945342600017
0.014415191760332331
0.0009207305630794663
0.0008234254604018657
0.0008209514808554013
-0.007847318071806995
-0.002965273211902519
-0.018795182397076504
0.0011800504000292612
-0.002032260482126293
-0.0007354008981889477
-0.012506966082642085
0.002748515614953524
0.00984831183667924
0.023804897249096006
-0.01080973689856832
-0.012025899209267757
-0.0005424202937857423
0.0038412349106566194
-0.018815324843441717
0.006307343373935272
0.01157878300495374
-0.03576288425209651
-0.008989175793734538
-0.0026471651647429497
-0.012471735290200679
0.00038153653201056833
0.0019149877786269179
0.021536496859126442
0.014381067318677535
0.023294667816063982
0.021109922009014376
0.02219607973133984
0.033262704035108545
0.030817186016907444
0.02550072026060516
0.007230229068859101
-0.012148347877042026
-0.007837710897265699
-0.013410134236888402
-0.010765275938600275
0.015418970479949671
0.0029484383053746017
-0.009627652080689903
0.0047186944511144625
-0.0015588174223397778
0.015698333523328962
-0.007984575942851782
-0.0013615211868413452
0.013013756772735917
-0.015299196911661718
-0.0018779732882073417
-0.007580837261261656
-0.0037684330407214833
-0.008347108217808576
-0.017488520774015994
-0.004999752625161452
-0.007253767660744227
0.003752924146898378
0.03129242549278134
-0.005971122089749194
0.0017180686298355183
0.00325292508214618
0.0025785510555842816
0.030964229243736277
0.01974317148074604
0.016335937293122386
0.003072455535994746
-0.013327414489233495
0.0012462342053099588
-0.014416312422132966
-0.02727400340370897
-0.012968430545841117
0.030899376456673556
-0.02471831586855459
0.011946621949899325
0.002184054541563207
0.009120148623198538
0.002010911027609998
-0.01214242420423006
-0.028191121090976268
-0.0021170248536916576
-0.019132818933497314
-0.0030107781727144707
-0.0004215389317221803
0.0022369767942243585
0.006258203107207879
0.00428174544115514
0.00966654884448369
-0.010788366095353726
0.015516152789502212
0.008188526727638548
0.0003743320172223515
0.003605120098751446
-0.008365033735350857
-0.01951228780207863
-0.010589297677670854
-0.0011814632734641094
0.005536105443921122
0.0026868803354782728
0.00017764980463644316
-0.0025816897629190256
0.02166922756937902
-0.013342387529560712
-0.04101930898522421
-0.0028607647712296787
-0.007423836338701054
-0.0013145288742103843
-0.020063861126398012
0.028756169529799657
0.002070107562591599
-0.014052865836316982
0.026131181915897635
0.006599175951123105
-0.014718040145282187
0.021673760531284007
-0.015517239251464365
0.00030121032881733355
-0.027946751333782435
-0.05002208071876752
0.009704982073671247
-0.015569369436602157
0.00014815244234734758
-0.011552875013944697
0.0063699337597340824
-0.0178081873671502
-0.00013013124846944556
-0.015020394297218251
0.029052680993980073
0.0034703143094206284
-0.01674682279175846
-0.014327549573292778
-0.002775013219062557
0.006319836058691042
0.0057119318520746885
-0.0032045462175530836
-0.002472279390670753
-0.024381366220954614
0.0007832092282663175
0.0041125686168089395
-0.02180879309320995
-0.02242679217226346
0.016162361420160025
0.0010321607800857465
0.012447907234508105
-0.008893645826947186
-0.012283253022146565
0.008775336088658454
-0.020315010899163887
0.023175203807968954
-0.0020004679352087443
0.00019032477116079892
0.035854994738673096
0.002134510245815983
0.050184330617063864
0.001379249510732877
1.1482716823417812e-6
0.03613449521615808
-0.018503221656546276
-0.00029738357780337776
0.033024249911490416
-0.014224511184028838
0.00022008260430408791
0.008038109783804257
-0.007416056385181252
0.002875026096532146
0.01670796962693563
-0.002572382661363201
-0.006587508467251932
-0.010397422693214886
-0.024305001539531645
0.007133411270827398
-0.010199931978212768
0.0008925972305451075
-0.01812492489471074
-0.0019008320779667505
-0.012981162613879394
0.020397861397520173
-0.001674520034021888
0.0017397161897875126
0.026411048415591293
0.016886921938141116
-0.002847301768934143
-0.01791494974537785
-0.006875187875147937
-0.0018724521568910472
-0.011837060657906098
-0.0056185658822786606
-0.007486794068323942
0.015947876589909038
0.001278256383417282
-0.007701933571289994
0.000980694345811502
-0.010827813015155847
-0.0007522960522646016
-0.005255689488129978
0.015136000610545795
-0.008069943590646587
-0.016035150878999406
0.014371148626138832
0.017381982346116126
0.008687204536067547
0.01969806753732802
0.019652654504523116
0.00835422747701644
0.01043857757976448
-0.0021883783329662647
0.00470376744238883
-0.021167518103787624
0.010755835971927993
-0.018938434505472744
-0.007379825515152514
0.000672829075940475
-0.023742596871041483
-0.00765505256920711
0.017143793640050545
-0.013219521372411148
-0.012018957359662767
-0.009475655715449501
-0.0019314242145726179
0.04104881820277756
0.029716872299164115
-0.003374879485242865
-0.015191015571658036
0.026367704428571306
-0.009489205712729501
0.0031854386519691935
0.00910090238483195
-0.011958169382965218
-0.002414853856321591
-0.005359524335710499
0.0010469104450924966
0.00516440828780592
-0.007616609466552031
-0.00745383156251854
-0.002295826598612553
-0.009768384020218653
0.011320069113759941
-0.0021893624419196977
-0.012980059872011862
-0.01977009764628626
-0.005034421224506034
-0.03690336687207954
-0.024596738282276532
-0.023865128724897166
-0.007091983193869206
0.018822204707739154
0.01781444679261037
0.011660893890493407
0.0040390148516103504
-0.003846283665261723
0.02064762222124509
0.018505200389376343
0.01727402997520216
0.01097070524664573
0.009506111184286264
0.009397470288093531
0.0012593184872244667
-0.0036005904389951843
0.013291600165682057
-0.017219327188977923
0.007563152272852787
-0.007002250958128721
-0.014207105021655795
0.0010918878013353637
-0.011346125909105489
0.014030618957259957
-0.0030403086023224773
-0.017672573174412485
-0.008702553721887295
-0.006742201465156998
0.022603218315986478
-0.003958208691196202
0.013374988103183823
0.02103329460108508
-0.011487751184842068
0.008579773523257082
0.004272328149646676
0.010482958564831606
0.006077150811037044
-0.007372480649850978
-0.01869452448810126
-0.003952803035613824
-0.019530335673568395
-0.0016219415034001582
-0.010551996763153888
-0.010347206610348889
0.012112784776756882
0.0039050043389860334
0.0011508133787127214
-0.015013351344935075
0.0007092505638512987
0.00865316658729726
-0.0020560850090600635
-0.005586085627999519
0.005946293852858144
0.004927235918469417
0.02813623361156356
-0.006542210234011091
0.009318299836442943
-0.02770798378432415
-0.0015454500686043864
0.0065281809086378765
0.030925243203166627
-0.009360228643905242
0.012851623743597001
0.0015644762427804257
0.009798378031774841
0.014441709756252983
-0.02317059550939296
0.017522072490052693
0.007503678663884367
0.01993560831030455
-0.013310014886942442
0.0169301951970322
0.01921695614565605
0.003930629155472664
-0.0028176299024143775
0.020733298599369135
-0.015364855471762306
-0.019973776544238916
-0.0037758849830854075
0.0014419679965236522
-0.008940685271311793
0.00027965900724065797
0.021832995943242936
-0.010114742700974465
-0.03241638145816399
-0.013330406720779425
-0.02682303448342277
-0.0165178501655369
0.007077647933923205
0.002989376380587754
-0.015148996576975148
-0.0041366496934777
0.008441739403195175
0.02403285963541516
0.0018689318056414835
0.012231559427681196
0.0036392260882952042
0.0025751274838035
-0.025979339003141724
-0.007545561203088525
-0.02428998949930604
-0.019349864859236447
-0.026492592338823905
-0.03344733064046585
0.017178247944156698
0.015958961345294446
-0.020644678420953955
0.027643971240807842
-0.013319061350862435
0.01675683980689855
0.007150461403914171
-0.022734294322968897
-0.002554056988253659
-0.028881198160743117
-0.00607746230831351
-0.0031814418756559416
-0.01336892281648819
-0.00693317842708507
0.010652969934334256
0.027786877975913605
0.045858380276283334
-0.0133385512904584
-0.02617757771451464
0.015239896184991417
-0.0019471637278824126
0.0018579172189799008
0.012384949130029372
-0.009715877682960877
-0.011932718587598354
0.005502930743578705
-0.0016320497365191842
0.010696530431437432
0.016094574625136346
0.017173629084591996
-0.013877976933928235
0.01071869329485386
0.0021007192945171043
0.01885959137086085
0.02269358166385235
-0.010426430306329965
-0.018001976033424242
0.007628695960538119
-0.017586662005269784
-0.04246453500441107
-0.0051011113789708835
-0.00040516011933429516
-0.00811338838818027
0.00024825244440634876
0.020518472150709458
0.006070014436921306
0.015099308273065054
-0.0009949104852642805
0.004751590154662661
-0.028383132893635678
-0.016912699755518994
0.000660738117706176
-0.0005998931105121433
-0.018433212262321707
-0.019277780182815524
-0.02415179297998379
-0.02590576535108674
-0.02591670152599107
-0.025577756051170873
0.010114947406655613
0.0007365030592328418
0.017699980505622704
-0.0029071073663539896
0.0037255667279748397
0.0015988854841239766
-0.010595310527795106
-0.014231113402936375
-0.0014446042042849986
-0.017469704779356277
0.0056660788010621296
-0.013749944022337408
-0.01331636403629711
-0.0007628934944913942
0.005772913279219869
-0.01824336791793931
0.012580721299196155
0.0008241462228163641
-0.011004656875354017
-0.005113416926846267
-0.01784862952764911
0.012332367687263424
-0.0036075142375353113
0.004496468839398836
0.009566405712465358
-0.009196437099348378
-0.004173564689991283
-0.016987981239648852
-0.0005546945412293843
0.008835937129156356
0.017004641282515214
-0.014070228842680575
0.00037180925067325783
0.0129201408524516
-0.0027769942234873784
0.02047060876568174
0.006832093389385911
0.0388951078570535
-0.019990070279809383
-0.011259655061576695
-0.002719206839511687
-0.010124693723274993
-0.006492071596120527
-0.007930636305563454
-0.02119835732445753
-0.0030108663792119883
0.002010745440302594
0.002396604437657857
0.00942399133625961
0.017883503716977424
0.020683081374865825
7.991235111099045e-6
0.039704280543913596
0.031460600445594726
0.00508127119195261
0.02236691985539012
-0.007626757256864771
-0.002427079561235487
0.0012290822888223803
0.0076632379278541015
0.0026317320403008945
0.02936089191908453
-0.01563615124105954
0.01593478110380238
0.03115695359599372
-0.009822106720327189
-0.010697839792992278
0.02732429635322803
0.010374196404850537
-0.010142845560917147
0.0016491136928470202
0.02676016167410152
-0.0008864770380399942
-0.0015981998721563773
-0.007438998163395562
-0.010882587973662386
-0.002371626601997819
0.005738673289970943
-0.012645933311378234
-0.014511145148259932
0.013570235611626352
0.0024622448981195923
0.04317126405393693
0.006317440789691653
-0.006288896718282433
0.011437251181129532
0.000879857097796323
-0.014689440944361197
-0.015308870958635479
0.023025151527048936
-0.00441641333010745
0.011051792789623498
-0.00044863870422960726
0.0014039685349281092
-0.0375637120220824
0.003479842026433119
0.006490304917457539
-0.04224151722907532
-0.006398186722859601
-0.00015916295287839687
0.006174083116978265
-0.001975984640521715
-0.020885439544674495
0.012386323975302354
-0.002028868057698267
0.011135616536625951
0.009441102004707099
0.001548730110906765
0.024935864726154635
-0.004800127939834344
-0.00872830099725411
0.000547214096809771
-0.02028189028819536
0.002858801760553867
0.018298252839254923
0.0094277002759884
-0.0047101616602774924
0.022385301087731953
0.03792058366803674
0.02856347218804386
0.015229475546891429
0.003692592616066307
-0.009087712933956372
0.01469978780252269
0.001278848878730038
-0.023151149549329272
0.009813156357164917
0.006572980845730688
0.02655065227721971
-0.017011455873207626
0.03907039641395669
0.015445669469612979
-0.00014453509338072947
-0.006221899348518315
-0.014781759558886942
0.011868621452328507
0.002530474483236252
-0.0014467029358486837
-0.0127197545522188
0.00454610174752619
0.01952588674331051
0.01405825251279144
0.025877627201307395
-0.00446333212236875
0.009965310929590299
-0.03244166202432651
-0.0024747472342792755
-0.0025101438456939656
0.011567884437236216
0.0016562639035426225
0.006429183963735347
-0.00601822760544702
-0.03919735977009133
-0.002105445963625903
0.006606311238398361
0.0016025968286586252
0.01601362374968943
-0.029298882420612977
-0.0010054116876380857
0.003700905613693782
-0.007524399344865934
-0.027446107139288762
-0.014503207451788984
-0.02904641434336553
0.0036415153244161434
0.007631246168995743
-0.007985626544901843
0.005003738196466801
0.014526327522681088
0.018646974673447704
0.0077369832410422255
-0.0235095757599235
0.008813588180714212
-0.0034242666604343075
-0.015112802739542538
0.010809685175065448
-0.027245527464999426
-0.009361608225970397
-0.009041967191001638
0.0013735857716490254
0.012100943339326776
-0.02409814126997934
-0.005953125407684025
0.012900919611261233
-0.008131725735272216
0.01609497754149634
-0.015491987315085904
-0.003171827130947828
-0.012899682630160827
-0.0053539116470196916
0.0019383689362216182
0.012782641686647162
-0.0067870253574413815
0.03055815271458009
0.01649242382235692
0.014999676918806135
0.008536422691240218
0.03106033765178621
0.00465426311537529
0.007699423673001085
0.00045945014406865796
-0.0256390465679515
-0.007660822481268301
-0.0023345765142325377
0.0067304729774798535
0.0051538913280479
0.00024462190659955014
-0.019605525252015463
0.0014864000399765034
0.004649895614821639
0.008334351210278342
0.030056752279216586
-0.005853665864198392
0.023780779659063292
0.003608336116462701
-0.01770374183927694
-0.005313673802822896
0.008452761090798787
-0.013452204357344845
0.012875163192996156
-0.009686342159221853
-0.00456669388785944
0.002908644254326605
-0.014220699990112596
0.004729979241294474
-0.011702845029012681
0.011896167784407127
0.007386065332304782
0.013444753679683978
0.02431035982461509
-0.008014135660456613
0.04829620349344545
0.013644785736632184
0.025315050785578004
0.0085259188357613
0.003954123068543104
0.00418125568853032
0.010687049847602695
0.024350360196987858
0.017996287667629077
0.025105091893172803
0.007972604350701845
0.0014183473070868396
0.0037081878325568272
-0.004696480689020111
-0.012942735535336144
0.01213204252080168
0.007289917714950598
0.015318443231780674
0.020893104061004305
0.01348698792668262
0.011216420574812017
0.006828045309316309
-0.020774330346681805
0.0012163102305970499
-0.016516435875177853
-0.008986364451565016
0.012399418955106996
0.006080867222425512
0.005078707428454695
-0.010218095303397927
0.020431881749762956
0.010122555982228882
0.009217350908499738
-0.002764373351974758
0.03158130671262247
0.00834193381814059
-0.007261173528127616
-0.018865887143888548
-0.013033263393137135
0.006559433182915362
0.010511098659197613
-0.006093215552368265
-0.012925566537184153
0.011111947430475624
0.018134667451492444
0.00555143051685127
0.004830614231819618
0.004814210114281939
-0.019997687338703597
-0.012946635493747352
-0.010017040420607711
-0.020039961066401886
-0.009889055739963435
0.0011459930457007918
-0.0019692168238135167
0.011963529172410212
-0.010792910934127297
-0.008774657881304151
0.014476740237619495
0.013038158515104621
-0.005356684313241215
0.020502233114074498
-0.021074896712206467
0.007024294101778178
0.016563310794798624
-0.004468373201405842
0.010205499815607859
0.010043315266088128
0.010766347151405821
0.03010157370999261
-0.010008934936266648
-0.011827284652474646
0.002158318652571918
-0.021039262289364757
0.031043003760504815
0.008136052108265214
-0.0013704465495733048
0.006350281048511726
0.03659978589026956
0.019665549572567366
0.005138411672871112
0.003438100486998233
-0.032150394066264215
-0.01715279709896132
-0.001143985136972961
0.012837276202323339
-0.007973238279043117
-0.002199373043801055
0.0050900302169160465
0.010662871305442221
-0.01241220459190676
0.016294439256046005
0.019987913271520642
0.006786298753209208
-0.0076884515638006865
-0.02969666773747036
-0.012481932091635815
-0.013127622761008068
-0.016498000785122632
-0.013248884398145635
-0.0028963456694049675
-0.033018923849061556
0.0016999812202609182
-0.006404856699719672
-0.017364955070140593
-0.01418419632052173
0.001605819102809757
-0.0004215536125187872
0.00038597987765703196
0.0010983292900377817
0.007127113334786183
-0.008932295827338824
-0.021794468527813016
-0.005955058883835425
0.0018180532738575938
-0.012532910029934608
0.002086084792921404
0.0010751931200979664
-0.012351688504012132
-0.005969302336778194
-0.0040883244437258095
-0.02221388207820565
0.0009290447730855851
-0.004402491801595967
-0.021417269096781794
-0.01369542980516642
0.006688629031343486
0.027733228398998874
0.015248045488107296
0.010375946542922374
-0.010425287459953449
-0.0015647308091355791
0.015637208843936372
0.02650230257513593
-0.0033683010514168285
-0.00834820391437927
-0.0016351175823870545
0.02739907681731493
0.021947994366740525
0.02101317708769277
0.015876737508349198
-0.011606451616785259
-0.005658696313042759
-0.008099696364478944
0.008829549693509936
0.028024467090545065
0.0052158923137350065
-0.0089662368294758
0.008492651238516287
0.00812810917735102
0.01697912189016616
0.02122059529649446
0.000767409745921394
-0.011830893621194685
0.005175235585638424
-0.019979299510431935
0.0027132014574309977
0.006233256093699205
-0.011667641874785402
0.02851755619315353
-0.011753986310512216
0.0007160572380429766
-0.011346550480018975
0.00703183011318747
0.02053718400407937
0.00872739072074467
0.0380503561205436
0.021316494959553966
0.026205139856456353
0.024518419462813735
-0.016126001216541973
0.03519445901585205
0.010437616771007137
-0.01331794336928994
0.005224876997308214
0.03876743227842157
-0.0038309227478713873
-0.037126455011722084
-0.010972937973572187
0.0026365188774340313
0.007504788890069618
-0.02913455622110815
0.004498536633103299
-0.015878514930561128
0.0005064021101727324
-0.0075967962692629395
-0.017388906596701555
-0.02880673960065791
0.02086002432925958
0.01126321796613279
-0.03256686307380134
-0.004440599144156387
-0.0026029657999029005
-0.032168610216013076
0.009429217020335627
-0.0018523735245469693
0.003421312388761433
-0.01949262014315938
0.011260244593851262
-0.02070351167245618
-0.0059486147611094884
0.03134571192870347
-0.023509352171937746
-0.005217479491059091
0.01605469386479918
0.014746348895548227
-0.009634690940926328
-0.00968183941460612
-0.005346015907103042
0.0060512572319172545
-0.0020500632997523293
-0.016809557106774068
0.022762207561871365
-0.018252850863487814
0.010154940662550018
-0.014104946036669962
0.0037035032410919684
0.002454787035407682
-0.010354820666740707
-0.020907761758485147
0.010683107788452757
0.005151521361568053
0.0024753591011794887
0.001704873777459325
-0.003495155846423916
0.016061711470341813
0.007304457245795167
-0.01951189889024385
-0.03360062763994293
-0.008592074601785349
0.00953585109945267
0.002196720997697632
-0.0012419446504384297
-0.019012249640231887
-0.013370681608818503
-0.020740775013542895
0.0025407661660035237
-0.029808360950349146
0.01132554667764177
-0.02668739021591886
0.013016980241213713
-0.005079448140061299
0.0007498659566009819
-0.006734699283413186
-0.02232597644284207
0.005415209847290894
-0.04382704774985886
-0.01909534999952605
-0.007996649837137937
-0.004942468514766998
-0.002187578402574989
-0.013665694518625399
-0.008354520701969716
0.003221007958310313
0.008072086769954705
0.02188540085208389
-0.019422330373599892
0.00462809085375645
0.012210218310654917
0.005484058260376222
0.04420038950242424
0.015835283758958704
-0.0011379243902787722
0.009931130084596358
0.008698175625917529
-0.010423517893839905
0.011000294590571329
0.010647792193223583
-0.002273412602398308
-0.005164674264198108
0.0121114517768989
0.012164556098177206
0.006891144348817521
-0.016741286243164413
-0.001253928857553951
-0.0034665976903224894
0.022531837152252255
-0.025258318617078085
-0.03187731334973128
0.0007546332272401497
0.010276015524454434
0.03130428579097036
0.009267154771737859
0.016472143663800433
0.026033453223149084
-0.005508471034564198
-0.0396170304131558
-0.011528210091116695
-0.002410234846762606
-0.016248807851146536
0.022742472585901275
-0.027582374803333132
0.030120700588007004
-0.010693214355197782
0.0032333768978601374
-0.006143165531111904
0.0021137722472070733
0.003630804951129892
0.02940896373380831
0.004579696665318636
-0.02204149587738151
-0.00761169959505925
0.0010709781900729754
0.03135511331607331
0.029732563280812762
0.016757424771035593
0.0030820398134100663
-0.03666995452010654
-0.051241543752505433
-0.0012246858802534722
0.03406821746956015
7.47357531666633e-5
-0.005562475868995948
0.010645981701760747
-0.00649300156872844
0.002560747847491608
-0.00557981298995084
-0.0006405559076189894
-0.0075061812487416165
0.003237960796977806
-0.014766957415003348
-0.011949681096182361
-0.007218639352223813
-0.019049036193765457
0.024367508911167644
0.015471010965044251
-0.0063286466077748975
-0.0019266441982847009
0.018571538983899304
-0.009398400019076726
0.034130554723290275
0.015294497588724086
0.010158497678620242
0.02026641802184644
-0.0004365992895373644
-0.003518581519415075
0.001604482988857228
0.011366825112356859
-0.012227728649811264
0.011462076855450753
0.00703351363939529
0.02365881291331644
0.009174783039852238
-0.02315132351927712
-0.0016623112120101972
-0.008619240004035762
0.011014960997055361
-0.011902314014127868
0.03668963290255224
-0.007576095357444033
0.016172772722530423
-0.006984728997762855
-0.01467852058043969
-0.010994024610890985
-0.017485094118708407
-0.0033591088884219853
-0.003546334958574615
-0.03681836245121787
0.016404310568886523
-0.0026833124200003255
0.005480394402697317
0.006243165482382196
0.019607170623972683
0.009638816932988304
0.0051029051843433215
-0.008635387051922625
0.002443167896271322
0.003989448142998276
0.013510281499573786
0.001192720109087305
-0.005384293131869347
0.011826349938937952
-0.007692112036149511
0.009078694210739414
-0.021026686900848815
0.0029964201005060155
0.013207123238004968
0.0007644038238286322
0.02519221644608415
0.03632693990943158
0.0314435634566394
0.016690454056924414
0.0053077600178091456
-0.0025768822099786213
-0.016923370010748836
0.00690687594762026
-0.01739825999215086
0.008821934766856193
0.009389324217603703
-0.012573645727113282
-0.0010661972199333403
-0.009303563674058848
0.015341220677680737
0.004096171519106083
0.0018573872493365617
-0.004240306388044736
-0.015145555734111743
0.017599701868766207
0.00399067638024984
-0.0050201446877292345
0.0034100678077949803
-0.000823130980269474
0.01017906751166113
-0.004637254523047018
0.007828917865383471
-0.012625930477098368
-0.00305020440402908
0.015839365302822386
-0.00042877424321958665
0.001633900381796645
0.002625310961219552
-0.007222832065928844
-0.024600386131107876
0.00041015485769589405
-0.022952949705970147
0.02122315366976025
-0.0003274095024260357
-0.016068025500220844
-0.0059989759560147545
-0.012118347899752847
-0.01676902512279154
-0.002543599423204935
-0.01700101653433175
0.010041648620890029
-0.011288545156361829
-0.015201326644220635
-0.017883110458284075
0.0004978392159992069
0.009196210928523116
-0.005160345630679361
0.020758074413922335
0.020160859431742856
-0.003970331658501709
-0.02569954336962955
0.017058383109024577
-0.009886671965929317
0.012459284626587457
-0.00020965037263468605
0.008766397240509082
-0.006211203268789436
-0.03189923979651474
0.019252009157884564
0.014149161309792662
0.0007265254902932995
0.0012023637860701332
0.03258761575560722
-0.013981631701423752
-0.015136544794780953
0.0061437906639550755
-0.01911564218682998
0.007166890185482333
0.01614601733734844
-0.029500265951203582
0.005214161098106912
-0.035788958749026614
-0.003959540486744221
-0.0018493508439968347
0.006219580601679046
0.003406221763274605
0.031078246940532683
0.006262650449870907
0.012161139722497563
0.0167487633369452
0.01858415094021683
0.014168006828522773
0.021339051356001074
-0.0018377326021548504
0.008078343149532924
-0.02417291369074786
-0.008892128891330653
-0.031273695254045684
-0.007157038578938288
0.005431479691274009
-0.008199250129770522
0.0016763132935015187
0.012891872233965828
0.018312716564174936
2.610792254301484e-5
-0.020287400473759713
0.013510932133115184
-0.01816552162280955
0.016491242297875748
0.006048831176110307
0.0031478517069568374
-0.026980789642590604
-0.009423292787676956
0.005237511178063667
0.018744223323535886
-0.001096527290779427
-0.0152593133888802
0.020030389822186367
0.0009676436200841407
0.025398020522840906
-0.011697467343602688
0.020107265354786345
-0.01551092351904669
0.01037488418668854
-0.028015941537895987
-0.0313000416711337
0.02553619347830963
-0.021821193577779334
-0.007105622934124585
0.018736669473736825
0.018543103768427036
-0.008511153306056986
0.011246646662465597
0.007858851823206113
-0.017481739854592837
-0.004309367212817324
0.010326485114846379
0.007003931862095589
0.0015899171754986115
-0.02048473031820321
-0.0074705725853604805
-0.03560553073068199
-0.0335314462576483
-0.0023900190317170857
-0.003837723826165748
-0.01261099281710076
-0.008248758265821898
-0.00013622300322543895
0.0030126557547066985
0.007521578302341666
-0.016696588095595422
-0.006668254205507058
-0.005860844592300224
-0.0027732218612029555
0.004292045230158954
0.0032454845274513936
-0.010923671553954245
-0.011747765718956107
0.017042741908205143
0.011790609753589143
0.000786692457222756
0.01904218388903148
0.01612797244592463
-0.02329186659626759
-0.017870203742328974
0.002445520288688759
-0.0033370768955285866
-0.012168738150415196
0.02316742056508875
-0.027612965525929737
-0.02259089480956476
-0.02783157775754709
-0.021145430227548046
0.008984492071587724
-0.0024460485417558855
0.017576649341270647
0.007061832241578032
-0.023810360014723062
-0.0034988912958813503
-0.02477706842546399
-6.943772521016267e-5
-0.009778035125072894
0.016584836736159222
0.012089553918955621
0.0015493666461837525
-0.0040410607273423296
-0.0023367784033005937
-0.0021703269251438645
0.003129898780391302
0.030732612039219433
-0.004289797168862938
0.011828476799915635
0.01584790665501449
0.009194709003382895
0.008571863012092572
0.006582369803059211
-0.002736867541325541
-0.00440049457004422
-0.01377009021289115
-0.022126850411811283
0.0038961073506798317
0.016523537055003538
-0.004884303164227243
-0.00881903156400716
0.02093116839719721
0.0008161875595325851
0.0011093908219111384
-0.011580024072392513
-0.0041546086236923475
0.0028932227376848724
-0.023221000622512346
-0.0008087270276376907
0.008003623670110623
-0.003987837191436424
-0.003648014101501514
0.004546075256398817
0.017846050942174084
-0.0020043925879742242
-0.03929117248507474
-0.006837227010062933
0.016635915886291073
-0.0010186557333315255
0.006177457470810352
-0.011241292192961213
-0.018049023911202774
0.006038270801318225
0.022311244969936094
0.013753036639766932
0.014375012838055994
-0.011750629744307912
0.014340448730640165
-0.023815898478587054
-0.03462201761854433
-0.006745886743171253
-0.010125600594441566
-0.010046159919257185
0.026903448631799883
-0.008222297378617448
0.012568993082764645
0.019315161919042007
-0.019516672128071563
0.022161070541740352
-0.004369858647112918
0.0298873313479101
-0.015485718830206777
0.013494144482410566
-0.01780937672220364
-0.008712960086546017
-0.006999835244409949
-0.021161559583013145
-0.002443380305224634
0.03476645920731218
-0.005748261301281297
0.021830899969011462
-0.030105429850075666
0.0016691892112286495
-0.004298321907412921
0.005507194505908613
-0.0146984038245045
0.006766625783223437
-0.014959119238436814
-0.02219964135385284
-0.007408215548085357
0.015195859016366862
0.0001521821802793545
-0.003488065044825168
-0.007141733337903824
0.019515213047444538
0.010735940932923982
-0.0030004455609463515
0.033940038280197996
0.019356738931871547
0.01614942422264986
-0.010543912911388727
0.007457536681668503
0.027907730672475553
0.0013049346781276552
0.00544385928557219
0.0034056683993216844
0.0026037541303184334
0.006801869839287477
-0.011078957450620317
-0.004577187991981056
0.01524024460920116
0.0029008506667155144
-0.01029413357464285
0.01033212109775777
-0.009224977772836315
-0.011162559666452871
0.021828241457096765
-0.002431926656426353
0.006620302325163762
0.01098836742338414
0.02282328654821172
0.008487465948237453
0.012505780174916947
0.01640913774876453
-0.003917502269204197
0.013882287138019207
0.001986298845994557
0.0208180869860393
-0.003903313970542391
0.0013552671056759136
-0.011361739772169869
0.007193525701749036
-0.0039326837277585324
-0.00986956360191266
-0.008236389308125633
-0.003301621080537698
-0.01006788063834781
0.015017791519841374
0.004118127234593208
0.009585220214555016
-0.017018964889180744
-0.023161748774982185
-0.01696850210140457
0.007371992834572385
0.003979887609457476
-0.016654596853224728
-0.023254650575981677
-0.01508291279810314
-0.015653384944963697
0.012393614035491997
0.00470509052380267
-0.01143156965196061
-0.025829327122583033
0.010936388102210929
-0.0071755976869796075
-0.014127146961965691
0.011121374913441284
-0.007378822356254699
0.020672805857797905
0.02585226181481259
0.020848365152458543
0.025636313076721522
0.025301937046321978
0.000194247855892304
0.010539083712151015
0.006680093027100584
-0.01642824889699721
0.011635244493382898
-0.011032116139840755
-0.003370243048699471
-0.0055406368860630535
0.00017661288696601705
-0.01189065113592863
0.012549876254996511
0.008988839957304515
-0.010933840898844964
0.011091301456098266
-0.009989865907184124
-0.008833020221634187
-0.01849222198699466
-0.0213918408048455
-0.004204419293719356
0.0012839559895452912
-0.0008927371364335265
-0.006107538928162824
-0.018891242032134034
0.004564488819603449
-0.02645800545309896
0.011387990022767584
-0.02344098469312145
0.004474190072621018
-0.0003310528351076667
0.008622595929254979
0.007413107056691652
0.046416850960271774
0.006234145833087754
0.002361881460106336
0.017356343110905195
0.031948652730907745
0.01853923883764685
0.010501300667449408
-0.016385893589269493
0.014615667794675394
0.0021024261360483567
0.00350870719863374
-0.01019791229188549
0.004178397478574328
0.006389840734103724
-0.011486827161858662
-0.013304978695933627
-0.006468819043280677
0.015662608222292308
0.014725317132568631
0.005698571177654021
0.013579909627348593
0.014150126202898395
-0.01155836177888299
0.016202831776075233
-0.02061193561870252
0.004826747711441354
0.0005187748798300978
0.0008134034790895207
0.0006372889229590576
-0.017843228430903666
0.02187688402075603
-0.00933575692936219
0.00815720170957246
-0.043346898419497765
-0.01781466955448354
-0.010683436731443641
-0.023610087132934585
-0.016870611568457552
0.00815443395920548
0.004524253839497225
0.008285635446421654
0.02129549518126512
0.010603900538024177
0.012300479193101488
-0.0057012493773414726
0.008348011042721195
-0.035845039702571926
0.0027712472351111832
-0.01688179803015125
0.004950163676703028
0.01981875914157495
-0.020069131194758453
0.015589725996466151
-0.019436085882547013
-0.015964691020842837
0.018313601973206726
0.018648519543778008
-0.0055539528469991835
0.010917052483211719
0.0030383608413535965
-0.030959848782318576
0.0315015809882998
0.0050588967092308305
0.003162877556873358
0.01760707824894503
-0.02543342095638587
-0.015336606628591909
0.007098821073130968
-0.004042198090954389
-0.0026792573067954523
0.018811867168457393
-0.0073374456304538885
0.010786716842799568
-0.017577998133733484
-0.0009202286954915126
0.019132166619322422
0.022121787144142337
0.0038627571341007267
-0.029056715567642177
-0.012178026768829533
0.029738323572638285
0.004391332721887572
-0.001647122015020562
0.021151403740298287
0.010399402781085906
0.0024813124799536765
0.006964702008538855
0.0002067688335054607
0.016085649089310147
0.01840469502023529
-0.007023674186899146
-0.011412683093823886
-0.014956057334668758
-0.017485476197036047
0.0033409882548490473
-0.01132835648013208
-0.005803951870389525
0.02343824224186415
0.0016002668765047446
0.0010999070647581437
0.003294813456306303
0.011238524917022505
0.017318917999192912
0.01085490082749548
0.017840639896772235
-0.0021005278540056835
-0.016459296513022276
0.0021288078061455925
0.014355514899638941
0.000192267877290119
0.01623335372761927
0.014809543225186805
0.0007649245934803017
-0.026938469805778995
-0.008629248149656791
0.015569872087541485
0.0020595833084475104
0.001954950728286442
-0.010418627048426
0.004704708340213137
0.014655176646817498
-0.011938340350940537
-0.006005877879301783
0.0016813483070265817
-0.017114333731034184
-0.004112713564761401
-0.0019968513992758047
-0.022021193971729257
0.01434024340395177
-0.010028143010243688
0.008929499355483561
-0.0029232783068037734
0.012713157124868896
-0.0050227680263422066
0.016280315745793403
0.017800795888495636
0.004369929432094244
0.012174431134035027
0.03417729486876054
-0.013800897458381709
0.000639332353285472
-0.007876960483676518
0.01329552971424614
0.010701960340247214
0.01801955589716364
0.00022845462425920098
-0.018418294668911966
-0.01625680984093277
-0.00397813576498166
0.02058221940323358
-0.013767624071608735
0.007811785673157909
0.01816937838524812
0.03658716046666235
-0.01746586250114619
-0.012075750373006173
0.03362966339733547
0.026161065783563656
0.002759938276378686
0.003194282969644521
-0.006024195506036059
-0.00628562914288589
-0.01128818295286835
-0.010218001563624048
-0.00792030560144533
0.0004794493033142642
-0.01656018881028386
-0.027323206165951797
-0.03057837375643517
-0.017779697680275326
-0.013241342936175425
-0.02078628782115807
-0.0015284319548503427
-0.00023327601575658617
-0.0011768305260786544
-0.006312847987940614
-0.01993919503756721
-0.03406476822830974
-0.03492920182183426
-0.03569754289103188
-0.011834178948658139
0.0019947780455782157
0.03102962538114867
0.004623110071592057
-0.019466243508412473
-0.001739114905961936
0.03137419750708552
-0.022363022472010795
-0.0019209219042249663
0.0018136023652213034
-0.0015869221846930876
-0.004636399688970922
0.01713357279845282
0.005594764939805794
-0.0012417869016219548
-0.010814700002772404
-0.01361228127050897
0.01504742767794025
-0.01924750015546739
0.0190550276643713
0.004279630242943085
-0.012584737485297133
0.018946712874625522
-0.009790270684619441
-0.01937588657977567
-0.007888660144055105
0.03585982129613102
0.006820208061385579
0.007514948603932107
-0.0036639732495450197
-0.0024893704113809322
0.013462347996377641
0.012364540287699483
0.016717740352300905
-0.006716928030709255
-0.012423370784352072
0.0022920095686922
-0.044549623268323055
0.0011079924601845462
0.0020922509774431073
-0.0021632840099402055
0.023624180182948963
-0.010998389944365548
-0.006166451891078527
0.006154655886073806
-0.007975522953017506
0.022059811091454256
0.0021131850472351247
0.0020281286372244205
0.0015791453866173687
0.006648797442494223
0.009603059621226567
0.04148600609431665
-0.03144293802371879
0.0030486738728817742
-0.027236863564737153
-0.01547431558952817
-0.0006004732645654187
0.02285994585870605
-0.005028219431034071
-1.2038177167465237e-5
-0.029012009076176914
-0.012094992613111883
0.00034256391665392404
-0.005842136375674661
-0.012166240862465332
-0.010440349046952345
0.0021831588348061415
-0.011738571479997448
0.003448001942785609
0.01308370437751279
0.019142522430612017
0.02006872328024275
-0.0025216518748570455
0.000563093644072038
0.029309342357680512
0.01374991903240446
0.01619371475449164
0.009200240428577144
-0.00753533400618402
-0.009575600644948418
-0.016225038180337503
-0.014885728973050644
0.019330917010768146
-0.0010203835132140658
0.02226018920803905
0.04175131237548324
0.01365621226488703
0.0068887746567510314
0.01768532286999274
-0.021187163439909052
-0.014039008366103601
-0.006223673383419344
-0.03555313638989855
-0.00934646993536734
0.029269540829638892
-0.0037355470744748456
0.001701788957223272
0.01872926935658277
-0.00039438639249598557
0.016721461966902364
0.004881934011177994
-0.006060477695797861
-0.02551447506076569
-0.013691533795404214
0.022166729881101827
0.006313393451816031
0.0004404063735252534
0.007738720606518344
-0.0011389140991731254
0.0028497043437683348
0.024224529520094604
0.022545480666104848
-0.0029239196834757674
0.0033382290297521095
0.016040908357750114
0.009072303760259998
-0.010982341859389004
-0.011849898177337084
-0.006990588246780629
0.01678280187319065
0.002958177169892542
0.030530154195273336
0.023701857964026022
0.012652009852432717
0.01888730988683726
-0.02488301335347612
-0.021029871548211863
0.009414275391742513
-0.020340018860152596
0.015819045527303226
-0.01104266627227659
-0.010261466579560431
-0.016495648360727904
0.012689027598478718
-0.006772972740165592
-0.0029439194228360463
0.0014517166527696784
-0.019736371597581417
-0.01982215477470971
-0.009778642136025476
-1.962275958694061e-5
0.020886638108645467
-0.06080460411314924
-0.02081953925134145
0.0165716141658725
0.008828928159835813
0.00523762496236683
-0.0072038085646618745
0.011068681666614294
0.012623636426417098
0.0014963213997973973
-0.010828207198076069
0.013776424641930633
0.00657057710637727
-0.014385129440707129
-0.009786227503239806
0.005661939075526702
0.003523839204025169
0.008028808754576167
-0.0007111102041261856
-0.009841105875114857
-0.00769481449377484
-0.010971092799978105
-0.007059965490131863
0.01904032503878862
-0.014348674600072152
-0.019262099327162233
-0.0013776253491922825
-0.037439699369874305
-0.02693624237492713
-0.002854540271438461
0.0066866473960267145
0.012415290520100637
0.010323145950790459
-0.017677362043237603
-0.0022298954017775452
-0.04698250681364627
-0.020692614408780646
-0.0034922524380240935
0.015743062625071517
-0.008277794635603151
0.009548213382771736
0.0016531201866489798
-0.008817076840044931
0.0066009874141672985
-0.02178308442619152
0.006675250033111681
0.009999931179813893
0.0014105237129630353
0.004296893878684902
-0.026357404288695402
0.049757980782939394
0.013860230112632833
-0.004600125187571894
-0.013389998572232761
0.0043719292319944186
-0.01010241852123788
-0.0029193166796649796
-0.0030382088567469804
0.020370013473776254
0.020547536359725782
0.017891709272577334
0.02080274727848311
0.00755357137876592
-0.0031420983080252124
0.002985087517257238
0.00561570273550388
0.034652134522343433
-0.013185801050052666
0.008937390359686475
0.012598385049329612
-0.005937311393160365
-0.03445290936231917
-0.021956898880013825
-0.01035701638661215
-0.014059652265729876
-0.00880041570885299
0.019927302863064978
0.00650482768379819
-0.003714699782477287
0.029367759832697824
0.012128622434744366
-0.013338782456165578
0.005666875789974884
0.005427657126161469
0.03733122047162946
-0.01068525261911076
0.0009873449842540912
0.015325718124578804
0.0064604656620636
0.015494010401536246
0.023053130513756456
-0.022015048338971437
0.02356199207135819
0.0011455509604142045
0.00037219529065888983
-0.020222752021071745
0.003359721539830829
0.006221018579790804
-0.025792453292279423
0.002613506665637576
-0.009786852554510126
0.015602638013008707
0.020976626095926373
0.01011883037472204
0.014591260480212313
0.0009937488036345285
-0.015469254778038677
0.0074177769573512565
0.0028337762697536045
-0.016429083448853785
-0.004226847006441976
-0.027450172175499173
-0.012928057057870689
0.025401540331376243
0.0038497578720508427
-0.0023763507501181422
0.016256413958733257
-0.01284292428827544
-0.005857782613182306
0.0017175587046697229
0.004866149051881531
0.015582622457419535
0.029458616113419118
0.03388585414135131
-0.0007556660118364304
-0.01383864982016353
0.004394155289956024
-0.007599039326608863
-0.011767523105052573
-0.010924769591211045
0.00893943971881782
-0.00853139355155992
0.011709851450514855
0.019844105403153043
0.0023838365197772484
0.012909586515993679
-0.0007112359615973439
0.01482933043275867
0.006499751939320179
0.005384335701697445
-0.012845810570380733
-0.010907675723440464
0.019924876124257734
-0.0004846536515272742
-0.0008002196120984844
-0.010327484783498661
0.019786127599943925
-0.006875728179594197
-0.021772741881400014
-0.022136529526390846
0.0010760373880307167
-0.014080107814147478
0.0027405010974461937
-0.039725214531297084
0.00020470660476990907
0.007040699133746003
0.0020430245067545785
0.012573438537508775
-0.021412989015217706
0.007955508961262145
0.026411938763457484
-0.0058158801430358495
-0.03165453454983656
0.02158204197557445
0.009365963836846855
0.04077456591315581
0.021664694979420463
-0.002431474472553344
-0.015041219238341638
-0.0008553422497242062
-0.01316243073834902
-0.011989489106450292
0.01660115328775142
-0.016445765166841812
-0.003143020864017828
-0.027988256875909338
-0.015893174036228714
-0.029268295699133272
-0.006936792320937458
-0.013103191139613142
0.011001861603205858
-0.012369569627298668
-0.018466197467599213
0.001512236339387916
0.011832652064452474
0.029675349107854028
0.0014061212725581696
0.03300698056727578
-0.011708782827573767
-0.010810923509322196
-0.016904727921597862
-0.012377846283322365
-0.016861397636135297
0.012981070038490491
0.030888746976069095
-0.003134887743932371
-0.02264663294050892
0.02532335967656249
0.01942152958509717
-0.0007438359620073036
0.015476360593339327
-0.010940392603505359
-0.0050185197231116824
-0.002720918693023161
-0.008542619799559583
-0.021791645049049877
0.005117444731420231
-0.0058903321005345155
-0.011774832953340295
0.009584324560099602
0.023745665908812653
0.0018748965716125308
-0.010181660717782318
0.01935733722725018
0.0036241887004888913
-0.006023129699955494
-0.003137492395191793
0.008395412521865557
-0.006364380965437542
0.02274290748520108
-0.011065894393383204
-0.01249204383245686
0.001935445829913391
-0.012774817748829763
-0.007363361379824069
0.015468003360763916
-0.015579013087907887
0.014053841693471915
-0.00777449621554268
0.03323288815218404
0.008370330776343755
0.009634516306103428
0.005311967605765425
0.02608410589516569
0.001210386900723331
-0.015619269641532107
0.0026105271846529666
-0.019101305901833465
-0.009571668240120393
-0.0169115577230551
0.018746600406767146
0.014126639118350428
-0.021552727691448212
-0.004220747118226129
0.031114738090283735
0.02990975794098174
-0.0018790575086348874
0.030570253111360593
0.0068560226283944274
-0.008717771801674849
0.009382499456899406
0.008217698160779201
0.016656028971412842
0.011841895143421356
0.0034431727503080804
-0.0005035393482320034
7.320810192388346e-5
0.020675434286332953
-0.003250337946239649
0.0008410623671108934
0.03322197580451686
0.042734035047482265
0.004266462891801771
0.0009890860478222535
0.005992775635522105
-0.0078027722707018346
0.019140221003258278
-0.015522081836816002
-0.0171407545153149
-0.002206301000071177
0.021861398437965824
-0.015293480436210245
0.012793938923038504
-0.0008300056958128202
0.0001874470724759169
0.005520727635270764
-0.020053117490083452
-0.008597914859900099
0.008684684137431013
0.022139708394578503
0.012225291494627177
-0.005447727998054992
-0.012987006867065321
-0.016607825862504397
-0.02001706421196838
0.00537286660555895
0.0035844582866710007
0.01221624874777539
-0.0055644747233947345
-0.007702251190643627
-0.016094331375673745
-0.00018859585991124703
0.00762291141265697
-0.00918325961804934
-0.024278870086759375
-0.0047615118024009195
-0.0019006607985944885
0.0275259791409716
-0.015924338574458314
-0.010688847360934657
-0.00200762085676368
-0.018197667703367428
-0.01625289906627319
-0.002132968046766828
0.008045735483390822
-0.0044977854988178375
0.003892417837261772
-0.0244326230346013
-0.002776254440744107
0.005900107025670199
-0.0036649052724853077
-0.015969040159501145
0.014601552098782345
-0.024211975398915397
0.016439799684530635
-0.004577655357601273
0.00821320253467162
-0.009831646675311233
0.03854023029812759
0.011380661151312754
-0.012091400878397288
-0.017889478178606266
0.003443299509958502
0.01643280871039975
-0.012519013716877336
-0.02293521846291117
0.010346820869096777
0.008506095407364326
-0.002293793300348605
-0.0033130877158250318
-0.017486983959891036
0.00836628901642564
-0.011767018222640853
0.006763398424723129
-0.0007526158879290752
-0.017701260641110494
-0.028150122869253214
0.009309038842006838
0.014532283650154033
0.010244387870459276
0.0015641176589810588
0.020302493757573644
-0.017470134466067485
0.0004369553761166267
0.001253929237374374
-0.01853083952006216
0.030582329600237945
0.002763517803610326
-0.012776268831009303
0.015468633156019998
0.007995922183793342
-0.029193568139776464
0.007709660370733283
-0.01781382462672603
-0.009765926204338417
-0.002543076187404771
-0.015199192237001167
-0.018063783121825806
0.02107160606352577
0.020687699181536928
0.013746238051910211
-0.008184752122218513
