3342778
3408995
3475221
3541421
3607573
3673769
3739834
3805937
3872213
3938422
4004632
4070899
4136970
4203125
4269508
4335845
4402190
4468434
4534836
4601089
4667485
4733746
4800065
4866362
4932633
4998932
5065171
5131308
5197584
5263793
5330138
5396461
5462798
5529028
5595265
5661551
5727914
5794240
5860544
5926620
5992854
6059236
6125398
6191587
6257739
6323971
6390318
6456589
6522764
6589098
6655270
6721459
6787805
6854199
6920491
6986881
7053006
7119210
7185521
7251790
7318026
7384414
7450540
7516781
7583092
7649340
7715533
7781794
7848065
7914311
7980703
8047113
8113348
8179585
8245667
8311990
8378277
8444628
8510781
8577007
8643348
8709497
8775768
8842062
8908339
8974631
9040939
9107131
9173379
9239781
9306045
9372278
9438514
9504778
9570883
9637076
9703417
9769633
9835829
9902062
9968277
10034667
10100880
10167272
10233508
10299721
10366113
10432427
10498690
10564947
10631139
10697397
10763667
10829805
10896178
10962510
11028795
11094894
11161120
11227259
11293522
11359693
11426102
11492430
11558707
11624789
11691056
11757389
11823604
11889641
11955799
12022058
12088288
12154490
12220629
12286871
12353071
12419445
12485748
12551968
12618147
12684522
12750848
12817155
12883516
12949802
13016099
13082322
13148646
13214837
13281218
13347543
13413798
13480120
13546438
13612699
13679076
13745310
13811533
13877779
13944106
14010348
14076497
14142777
14208989
14275194
14341447
14407673
14473854
14539975
14606405
14672643
14738895
14805208
14871583
14937605
15003970
15070075
15136408
15202645
15269001
15335308
15401678
15468036
15534311
15600573
15666773
15732990
15799381
15865678
15932039
15998202
16064480
16130615
16196735
16262928
16329017
16395297
16461583
16527794
16594062
16660200
16726447
16792666
16858839
16925035
16991014
17057318
17123598
17189754
17256028
17322099
17388300
17454623
17520791
17587069
17653304
17719578
17785857
17852177
17918577
17984933
18051252
18117492
18183875
18250146
18316278
18382627
18448747
18514976
18581108
18647404
18713861
18779986
18846289
18912587
18978774
19045110
19111319
19177598
19243811
19310063
19376326
19442610
19508881
19575053
19641308
19707507
19773715
19840024
19906308
19972596
20038835
20105124
20171369
20237686
20304032
20370244
20436414
20502699
20568919
20635307
20701593
20767846
20834071
20900329
20966575
21032735
21099039
21165236
21231371
21297544
21363859
21430085
21496293
21562573
21628710
21695015
21761309
21827599
21893828
21959972
22026258
22092419
22158882
22225055
22291349
22357607
22423825
22490155
22556438
22622749
22689101
22755374
22821652
22887848
22954183
23020472
23086809
23153110
23219461
23285783
23352121
23418381
23484550
23550835
23617192
23683415
23749714
23815991
23882219
23948471
24014721
24081015
24147233
24213387
24279651
24345953
24412237
24478434
24544764
24610991
24677181
24743472
24809866
24876090
24942428
25008762
25074889
25140972
25207149
25273378
25339615
25405867
25472213
25538486
25604690
25670974
25737305
25803526
25869822
25936167
26002498
26068707
26134911
26201036
26267162
26333496
26399770
26466199
26532426
26598715
26665030
26731346
26797589
26863829
26930026
26996170
27062542
27128955
27195234
27261537
27327935
27394227
27460433
27526537
27592864
27659175
27725322
27791462
27857708
27923985
27990148
28056423
28122727
28189025
28255218
28321421
28387726
28453822
28520114
28586378
28652645
28718792
28785087
28851186
28917255
28983442
29049644
29115664
29181887
29248204
29314425
29380916
29447164
29513490
29579791
29646036
29712207
29778511
29844707
29910920
29977138
30043433
30109754
30175823
30242032
30308215
30374366
30440630
30506817
30573054
30639343
30705538
30771775
30837995
30904335
30970543
31036779
31103092
31169317
31235519
31301746
31367959
31434284
31500444
31566712
31632972
31699104
31765327
31831467
31897825
31964068
32030411
32096541
32162822
32229031
32295315
32361625
32427768
32493909
32560282
32626391
32692777
32758973
32825290
32891568
32957858
33024180
33090534
33156754
33223105
33289389
33355617
33421985
33488276
33554438
33620621
33686924
33753248
33819452
33885668
33951886
34018060
34084172
34150490
34216792
34282897
34349057
34415227
34481470
34547723
34613971
34680113
34746236
34812532
34878757
34944912
35011156
35077439
35143766
35210086
35276140
35342402
35408742
35475089
35541369
35607590
35674017
35740218
35806341
35872651
35938855
36005153
36071387
36137646
36203890
36270053
36336280
36402506
36468805
36535100
36601316
36667647
36733867
36799986
36866287
36932539
36998727
37064949
37131250
37197449
37263616
37329905
37396169
37462443
37528820
37595218
37661476
37727873
37794173
37860350
37926673
37992916
38059214
38125426
38191630
38257980
38324315
38390644
38456864
38523198
38589501
38655788
38722090
38788386
38854554
38920700
38986697
39053142
39119320
39185715
39251911
39318146
39384367
39450691
39516808
39582970
39649216
39715443
39781627
39847838
39914269
39980519
40046759
40112984
40179182
40245327
40311501
40377820
40444088
40510337
40576517
40642803
40709029
40775278
40841663
40907763
40974015
41040154
41106500
41172717
41238874
41305174
41371464
41437726
41504172
41570326
41636698
41703007
41769402
41835730
41901933
41968237
42034429
42100616
42166867
42233108
42299513
42365689
42431915
42498096
42564339
42630636
42696958
42763267
42829543
42895728
42961845
43028170
43094332
43160590
43226849
43293081
43359317
43425526
43491849
43558237
43624540
43690704
43756985
43823286
43889633
43955836
44021969
44088320
44154682
44220876
44287176
44353385
44419635
44485800
44552076
44618534
44684715
44750921
44817349
44883590
44949900
45016046
45082289
45148473
45214758
45281051
45347341
45413689
45480012
45546183
45612451
45678694
45744882
45811240
45877596
45943924
46010243
46076519
46142745
46209022
46275259
46341490
46407724
46473961
46540262
46606708
46672972
46739206
46805497
46871798
46938109
47004430
47070747
47137056
47203312
47269460
47335670
47401892
47468167
47534411
47600621
47667072
47733376
47799699
47865968
47932078
47998269
48064468
48130688
48196849
48263106
48329344
48395500
48461799
48527997
48594228
48660327
48726500
48792641
48859064
48925191
48991597
49057874
49124020
49190229
49256532
49322828
49389113
49455232
49521558
49587796
49654122
49720436
49786666
49852877
49918961
49985092
50051371
50117606
50183902
50250259
50316496
50382832
50449121
50515507
50581684
50647903
50714294
50780536
50846745
50912966
50979230
51045452
51111471
51177883
51244101
51310261
51376505
51442741
51508954
51575098
51641400
51707554
51773780
51840126
51906335
51972558
52038874
52105103
52171316
52237492
52303807
52370011
52436177
52502298
52568460
52634664
52700945
52767258
52833539
52899685
52965868
53032193
53098542
53164833
53231265
53297493
53363688
53429911
53496036
53562375
53628625
53694963
53761230
53827528
53893883
53960127
54026556
54092841
54159093
54225366
54291606
54357818
54424028
54490132
54556293
54622652
54688863
54755027
54821225
54887505
54953708
55020014
55086092
55152326
55218365
55284495
55350772
55417023
55483286
55549443
55615730
55681881
55748095
55814212
55880492
55946774
56013095
56079440
56145745
56212045
56278442
56344642
56410849
56477185
56543623
56609955
56676196
56742488
56808803
56874984
56941257
57007464
57073735
57139941
57206397
57272637
57338809
57405114
57471484
57537620
57603834
57670249
57736519
57802768
57868960
57935225
58001466
58067736
58133963
58200199
58266492
58332729
58398937
58465230
58531534
58597861
58664125
58730449
58796577
58862687
58928941
58995197
59061519
59127648
59193890
59260329
59326673
59392886
59459172
59525463
59591784
59658154
59724402
59790618
59857010
59923236
59989440
60055672
60121945
60188104
60254462
60320817
60386991
60453249
60519463
60585762
60651968
60718166
60784422
60850650
60916870
60983168
61049467
61115826
61182100
61248189
61314422
61380634
61446786
61513096
61579361
61645529
61711715
61777821
61844009
61910334
61976618
62042907
62109196
62175714
62242051
62308302
62374571
62440858
62506971
62573196
62639587
62705819
62772113
62838422
62904613
62970809
63037131
63103398
63169717
63235939
63302057
63368413
63434567
63500823
63566979
63633176
63699338
63765611
63831923
63898226
63964375
64030590
64096817
64163160
64229688
64295976
64362186
64428405
64494649
64560915
64627160
64693452
64759670
64825909
64892305
64958591
65024839
65091070
65157303
65223536
65289861
65356039
65422302
65488673
65554902
65621139
65687404
65753498
65819765
65885997
65952184
66018459
66084720
66151130
66217395
66283614
66349889
66416266
66482484
66548628
66614935
66681243
66747498
66813735
66880100
66946306
67012562
67078839
67145075
67211307
67277519
67343861
67410188
67476367
67542513
67608745
67674957
67741092
67807272
67873589
67939784
68005997
68072304
68138416
68204499
68270654
68336976
68403299
68469455
68535813
68602082
68668396
68734713
68800923
68867351
68933503
68999634
69065726
69131898
69198167
69264515
69330686
69397017
69463199
69529397
69595574
69661769
69727992
69794143
69860301
69926647
69992916
70059118
70125235
70191494
70257599
70323827
70390139
70456429
70522600
70588852
70655027
70721376
70787661
70853839
70920292
70986588
71052974
71119221
71185400
71251618
71317870
71384203
71450348
71516637
71582883
71649091
71715256
71781509
71847736
71913910
71980128
72046521
72112748
72179151
72245335
72311536
72377821
72444089
72510226
72576355
72642537
72708774
72775000
72841235
72907466
72973824
73040011
73106146
73172477
73238725
73304994
73371223
73437428
73503509
73569868
73636177
73702361
73768596
73834952
73901266
73967531
74033734
74099890
74166015
74232321
74298536
74364725
74430985
74497404
74563728
74629960
74696111
74762359
74828664
74894902
74961130
75027239
75093563
75159905
75226003
75292153
75358413
75424668
75490971
75557231
75623400
75689524
75755631
75821995
75888301
75954571
76020944
76087098
76153222
76219555
76285691
76351812
76418264
76484478
76550717
76616914
76683099
76749402
76815599
76881824
76948213
77014521
77080663
77147065
77213279
77279662
77345956
77412282
77478558
77544885
77611294
77677618
77743840
77810019
77876231
77942381
78008658
78074999
78141182
78207516
78273762
78339930
78406122
78472319
78538553
78604793
78671040
78737352
78803629
78869756
78935877
79002028
79068354
79134502
79200752
79266874
79333036
79399270
79465536
79531784
79598044
79664356
79730616
79796845
79863067
79929267
79995471
80061536
80127882
80194088
80260309
80326604
80392666
80458827
80525167
80591468
80657709
80724041
80790329
80856567
80922724
80988937
81055174
81121279
81187689
81253881
81320135
81386257
81452540
81518724
81584906
81651091
81717200
81783445
81849749
81916066
81982349
82048755
82115130
82181338
82247554
82313905
82380115
82446393
82512654
82578893
82645092
82711308
82777541
82843815
82910145
82976452
83042829
83109159
83175463
83241772
83308022
83374309
83440576
83506721
83573002
83639245
83705627
83771933
83838078
83904393
83970541
84036888
84103058
84169329
84235581
84301781
84368193
84434450
84500683
84566912
84633238
84699496
84765708
84832025
84898364
84964672
85031002
85097206
85163455
85229703
85296010
85362245
85428318
85494643
85560874
85627124
85693509
85759756
85826026
85892328
85958663
86024882
86091004
86157290
86223632
86289778
86356024
86422312
86488622
86554918
86621085
86687212
86753385
86819682
86885952
86952232
87018424
87084745
87151098
87217321
87283484
87349742
87416056
87482297
87548512
87614838
87681175
87747510
87813811
87880060
87946404
88012619
88079002
88145248
88211452
88277692
88343917
88410044
88476330
88542523
88608804
88675037
88741262
88807466
88873696
88939865
89006201
89072476
89138690
89204868
89271234
89337472
89403651
89469861
89536178
89602502
89668694
89734828
89801114
89867297
89933572
89999839
90066030
90132284
90198513
90264784
90330972
90397263
90463548
90529712
90595961
90662278
90728419
90794712
90861054
90927377
90993529
91060000
91126295
91192669
91258897
91325187
91391436
91457709
91524019
91590313
91656513
91722662
91788866
91855082
91921265
91987648
92053881
92120271
92186562
92252722
92318996
92385149
92451330
92517545
92583721
92650022
92716258
92782522
92848697
92915142
92981392
93047671
93113910
93180065
93246469
93312568
93379016
93445258
93511376
93577614
93643903
93710124
93776289
93842503
93908834
93975128
94041412
94107668
94173728
94239952
94306196
94372421
94438507
94504741
94571086
94637368
94703668
94769980
94836190
94902470
94968681
95034871
95101249
95167432
95233669
95299916
95366040
95432272
95498462
95564713
95630905
95697166
95763270
95829598
95895884
95962076
96028290
