0.0686171852117
0.01297477204568273
0.036831064806793525
0.017990149506600158
0.06934019548194484
0.015209222081810072
0.03126326005132624
0.03293183317738793
0.01760016579740648
0.035862421107563824
0.0703527590482526
0.04252482333523165
0.05528879910939127
0.015521365072313751
0.057883685995213985
0.07369680489852291
0.03240815438493144
0.06720611122404882
0.054704415969053885
0.03148959527089662
0.03260423057440049
0.05401580716353996
0.028240495373646812
0.05079018644260268
0.03506797308103209
0.03976794119807536
0.04494758601625488
0.04546405328593002
-0.0017068008934148
0.015370468372393909
0.04808601835228209
0.05464390112446636
0.05125866918150242
0.03460945603222441
0.03642240499041244
0.0368328202798627
0.02859179417093946
0.045088296162492554
0.036332538300938556
0.0771453361231737
0.017379378649634215
0.032989998558200215
0.0322033330010482
0.040369798188131696
0.054158074758712337
0.042403744261161294
0.04027660648921554
-0.007529312093410857
0.055486715794065826
0.04296312038536228
0.05688135003461827
0.03751237972991534
0.018472816038346905
0.0012987133183047124
0.029090378566471488
0.044058689998544405
0.05562383459546732
0.018950233412182292
0.0609194469264375
0.060330244389035684
0.061021534942902925
0.0282654542434216
0.06021550087508042
0.036509650552773776
0.05232701893839612
0.04718311589205934
0.051426053695922354
0.017861067166285625
0.024976729722589096
0.04720079448261277
0.03007683100401127
0.02284931469485795
0.006549765661444624
0.045798860097170706
0.054521096842177666
0.039010165465901456
0.04108978698020608
0.03137745218884705
0.03075508830658798
0.033572281480030476
0.05145050010716883
0.037998113191468716
0.025289369869041282
0.0675561134251023
0.05728135845572182
0.03642404480716432
0.015859040056574198
-0.0019381794999495552
0.01825357643201292
0.04949556616877867
0.008992286076389393
0.040548895723215884
0.04550505805742846
0.0626222063323222
0.03877444881726036
0.04748863779152834
0.03869331362510518
0.06087151169898723
0.054630560417716585
0.03330717858867317
0.026345779371874982
-0.01011851397158804
0.04049917090696972
0.03155244486449909
0.035294770506640295
0.04035043762668152
0.0306441833857264
0.0282247570239187
0.03539353225314394
0.032635846249906855
0.008518897593699113
0.043366888280654825
0.019177393003322076
0.0453738867475792
0.02115841960240162
0.03971086790429688
0.0006310557331391177
0.04353036873518472
0.023312988872124553
0.020300255280469536
0.07695244390034715
0.05856277641689729
0.04603422862517293
0.04231778660067939
0.03579597912936468
0.0324673140188753
0.052046024848667424
0.030602744522192905
0.038339670555244454
0.03273251215166198
0.07081688513548415
0.03779917149748643
0.057666524674956164
0.04863500780379042
0.05973073358909799
0.0166900351284533
0.015256032101568633
0.010206132336420846
0.03629936277620241
0.055053252053165934
0.021523308304457256
0.027288330881065293
0.0452020405205175
0.03167274814567943
0.043954078060988326
0.055920719812204076
0.03843066450880498
0.03738705092075972
0.04323264740758195
0.05292733910956383
0.03510080455780008
0.05076073886619785
0.03807763327072767
0.03921172973864192
6.0244293995671e-6
0.03506588014927638
0.035195985266885325
0.014631412176176225
0.0570761744039801
0.04451909017823926
0.02146270714681987
0.01898590670918834
0.04303032769764949
0.022417741162691584
0.01905017182687762
0.04714759347269069
0.04896322110626779
0.03878421751948035
0.01660195895991251
0.05466402598289727
0.025621912632595282
0.015773897151734922
0.038063808445061596
0.05486416923744181
0.02627924216040889
0.03275450196572107
0.03013698800716193
0.06008248741136867
0.02193297018763331
0.06268602666902388
0.03457312816769587
0.009816259376109637
0.057575767210283776
0.036819458327822484
0.07086300613529914
0.028132125399091733
0.05230875909576812
0.013270435777382903
0.028027514556100162
0.03032439629231561
0.04339743389557912
-0.00841055024911731
0.0308735132462688
0.03819980083918248
0.013942318148330572
0.030837299544627803
0.023731342966496975
0.021071788071078207
-0.0012772437602781186
0.027971918196719504
0.0669072678437839
0.05983201774250996
0.04326467488953142
0.048714046766627106
0.03382515913727995
0.032072644313879434
0.02299666280576468
-0.00857154441156782
0.046852709013081535
0.04393111663267872
0.02335620976262955
0.03608035449109779
0.03366748586617484
0.036011008002833016
0.04289353997284265
0.036662899012610974
0.049464317690175445
0.04213962071872929
0.04816779323568858
0.0333845316711736
0.0549217337131334
0.022861914624010368
0.03878971882026839
0.0071494867183049815
0.028475267290367274
0.018612586145711544
0.0402401482023899
0.03816798865775371
0.03185016681977183
0.06416403558075871
0.05813804589798269
0.02148428343934178
0.013200843365714645
0.019666592493548542
0.01652140454773669
0.04680522987103611
0.02698621532671185
0.050843353900035484
-0.0046375155582631415
0.051011604792370595
0.050436063797667116
0.028407632144616356
0.04369467632087637
0.03609712156637634
0.01033782104775643
0.045603856840254704
0.04585153580071198
0.04008872906558708
0.05930320304189559
0.06559018696047347
0.03361441724446568
0.03553763072683382
0.03406832912514742
0.02875715641871266
0.044769223246746356
0.041590418444557534
0.004949569215907584
0.04917947340001577
0.03183691594412125
0.038667825983450664
0.043968703462851366
0.035676515527046246
0.007092668086372774
0.030912558903864074
0.0622861417442945
0.048182998957423555
0.04725619280425124
0.02776800931398493
0.03720484453072748
0.03564905165151421
0.06056198533434797
0.0024214197857679674
0.031714468097390945
0.027707155117479426
0.010233671246876592
0.025004327181050588
0.029393967272867954
0.021296159630641184
0.03788860277862714
0.03755031126991513
0.05963613067321055
0.061395623595665784
0.03623979789173068
0.02636442825977688
0.029113472039226634
0.037614236440855625
0.04299441902171889
0.022282913581719622
0.04405952372157719
0.029411089812786
0.028200194037588947
0.0025232178365825
0.022051115845100052
0.03264042893186613
0.013345666438003846
0.006644336312888713
0.021821405523513922
0.05162082417026169
0.011936481843561067
0.0374939854237714
0.056955043997411414
0.022052685428944604
0.04528280678720292
0.016432286042560498
0.016285375143115774
0.04336438620642881
0.05391682401324287
0.03934004945414038
0.04028276570384076
0.019448567529305186
0.030666066339634125
0.03288730786818773
0.02100906963707512
0.006318390470974963
0.03920615863739639
0.04490925683252313
0.020121006395892635
0.02146113272995422
0.049372988374252504
0.07521335260472267
0.04577684613394193
0.02169524762719943
0.007436869576383501
0.03274811362326564
0.012190051766013501
0.02604224862789856
-0.018794646622143158
0.029410607254387242
0.017083089023489345
0.03213652509389482
0.02906687784493043
0.02504713581947099
0.0295809903348871
0.0401878808910998
0.02415614449993257
0.013060709712308948
0.041101189358529085
0.02188760944510075
0.03459063735463517
0.03903844102972109
0.043440936171667895
0.04094865443098727
0.05599155740109217
0.04992418129748651
0.031464047730782395
0.03657590455343048
0.024320924815911697
0.03783714346125832
0.01284614113064557
0.06746548327641247
0.036474137636768364
0.05760272622481436
0.0391597858114394
0.04995712343398459
0.01921255025754632
0.0324647863661005
0.03346540303956459
0.019456240889780537
0.01959471001316796
0.04622422837104212
0.019993755175883324
0.07482448829726168
0.02130915898752024
0.04891701597214672
0.015774421606314943
0.03502397118859602
0.04966739403885477
0.03986534292910004
0.008898518901179367
0.030392633183778283
0.06362056939117226
0.0365286864660741
0.02474257668368151
0.04231282118604199
0.012230821559601535
0.050295068033260976
0.03393188091933216
0.03908150413446197
0.02695111538813639
0.038731554285145756
0.029881910159034575
0.042633934317809354
0.05697086142252235
0.026828227254907144
0.03445065731828531
0.04578927988091407
0.04328314031395941
0.021585689874464194
0.03522855154396626
0.02202357884504583
0.05459078373508828
0.01670697908793473
0.024441337716412787
0.02569367470853378
0.017032413959505888
0.0015077505755055278
0.031080175570978738
0.045211510415405526
0.03782539204134297
0.007904399904558788
0.04115418188180803
0.06602326466529573
0.033682637659208065
0.04496145014567734
0.06960201032889664
0.053049159075515454
0.004756709929680908
0.043910238155876566
0.04200347525015673
0.033027904306421906
0.03303964410307879
0.017523919798590096
0.040433590763571906
0.0388117838320639
0.03151054677088567
0.04753660797932071
0.02536467653284908
0.023740102914977804
0.015233400146447364
0.03862086982665567
0.014087065782530479
0.043150621160346396
0.05359918713897472
0.021319410947574766
0.033326312174594336
0.019956415879242413
0.050793017015160764
0.005673667614677761
0.02058031979240267
0.03743066407810221
0.035582872315175616
0.028856637215881272
0.05846084670469817
0.017307599467372106
0.06093581729096856
0.05121686204105117
0.020708722426328714
0.04365181421183003
0.011173635595424638
0.026558054426233484
0.02742679948033608
0.0254140919715733
0.03166970995743518
0.04632161517353021
0.01284890813889019
0.03850505859436907
0.0062088486025609355
0.048180362593408056
0.011016275912163536
0.05068309237792769
0.014421634050439159
0.036126715945929824
0.06069760595390291
0.04515828499670369
0.005725449831709823
0.04961192012850129
0.05252555549826688
0.06051794657949987
0.034043948153203336
0.03953149996221776
0.03975050180309754
0.008333745332061035
0.06145793430523682
0.04283421440231091
0.043205790137638894
0.04807813361399289
0.042776793419727246
0.057444662313713854
0.04475753812675962
0.03833123088935976
0.04003331797513338
-0.005214116807020205
0.07197117242218393
0.028365538504310405
0.0336836557051646
0.0011701571711085
0.03912503197714253
0.06309018749200164
0.024400950543555316
0.05394934280545252
0.02869318852348803
0.015176951843456705
0.04110398923894337
0.016327614390452647
0.03955764120082362
0.05663855262567063
0.051032189236938086
0.06016564235553438
0.03784089522306603
0.053806158248719926
0.04142479800834345
0.07758936724420765
0.03389227574601437
0.029186233812856507
0.02428727428225078
0.023834152836337007
0.05550044660366517
0.045534850317448
0.04233554086396384
0.03685170481026059
0.026421191122787173
0.03115051176255215
-0.018217361643060256
0.017265576921770283
0.050382572483025294
0.027476670600193074
0.012925224220168235
0.03690204274345384
0.024225038527018246
0.06293291563057792
0.018594704063998192
0.009559112236920568
0.046550357828900754
0.0499458275452671
0.05399263899647684
0.054684983891286745
0.03370377252888575
0.06498204635770745
0.0728713817241283
0.022441016855278054
0.030995747892211545
0.04192325108886022
0.0621964727738221
0.03255503470980268
0.009481335968398506
0.03461893370311626
0.04538844503561208
0.03541973216433297
0.041584394300007994
0.03367733815434128
0.018571026236170723
0.06069790351895671
0.06481024100421354
0.02357555916142328
0.006263974053034747
0.04259088340172623
0.03359400606015865
0.02820030218362974
0.03463625885271473
0.03271246648587515
0.05857262266308108
0.013266717016453275
0.06330389731402755
0.03259493478910634
0.016820477210246924
0.034850262028276575
0.028309962541294777
0.03321557849695505
0.02036676594696914
0.05327280942588509
0.04014849703378815
0.05956730523619965
0.028550997301073355
0.014842421804333244
0.03941564994189445
0.041693313843669436
0.039180679580620256
0.019826062014841096
0.06759538677717307
0.025716221366516502
0.01106233373970749
0.049567778162311456
0.02754275315757385
0.0453434078871476
0.050114182367132026
0.05619230883803234
0.04255014717183393
0.024186242701405024
0.022561997156139102
0.040885501284136205
0.05532720129501394
0.04223801757592309
0.03648129210381798
0.044028319484593695
0.015747337735463527
0.04893962014864004
0.03876433001113057
0.02739109592063861
0.0076767784858128695
0.0500428536745892
0.03590579241201623
0.032209801334607616
0.04534261504373788
0.04209718893344755
0.0022405883696836894
0.04876973305768354
0.024431460498816986
0.0319279764978561
0.051185078747137194
0.03648280705214524
0.05040699465338504
0.027425010814803773
0.016070137304848773
0.037910199437430674
0.04219955079531395
0.020584611839528758
0.027527051876207118
0.026188685865420416
0.037073206974308624
0.07522972968702155
0.018990249748665006
0.036881984847278955
0.032959741978691684
0.044637264638377534
0.06321242387771658
0.02500541092042394
0.06745971054551632
0.02998641673018635
0.01710655357735345
0.03280970422389621
0.02672201934994438
0.03531659582043712
0.028225395257436902
0.02385752128680061
0.0034916353151562525
0.020716254813905897
0.03801430095176641
0.03597696770766502
0.060660845276427254
0.01912972740062983
0.018215346290885635
0.049827117167050336
0.028860221469832137
0.02688079727624543
0.048397037149880785
0.027121381433630874
0.028003463911545
0.03300150862912201
0.011911750598995467
0.01898100536217991
0.07730874542962901
0.019242252611547522
0.03063489166522836
0.025685479756122395
0.011034870752266961
0.04563783091318581
0.03887781834199293
0.04075179851911763
0.046005893448302713
0.041152904227781784
0.03508023589567781
0.010523453753757572
0.057025939244532704
0.027467829175546753
0.03631077809921948
0.03059837085768344
0.052829743868128796
0.04398894380158189
0.04998563450134999
0.0075808188108747775
0.010400445738247154
0.06887512186177952
0.006359347238377482
0.008252690309137774
0.026416621866629755
0.03350131347198702
0.044138558184381324
0.029359095223742415
0.012940477215383672
0.033668314420406645
0.024729594268536007
0.027177628708716775
0.05233398595655683
0.02945681370282749
0.05999345204833673
0.06707504370435809
0.06186116279863159
0.03096830458516136
0.04498910873523548
-0.0027707168024892212
0.030810228817610117
0.02765350097336814
0.04909108184933621
0.04717316158114027
0.0283140040378924
0.0473426713444798
0.03496772290173665
0.024035162807845012
0.03418130694627137
0.02768946689825173
0.03527156510838684
-0.013406069639904874
0.001010508206024558
0.036000950611045544
0.036377982144189025
0.024169868458609287
0.05473262069448017
0.05032581410924222
0.04339170690398675
0.011898804997931497
0.006038036587504287
0.027442116379455525
0.030805539130420608
0.021319673780565013
0.050410001454841154
0.03054860751947967
0.02918111085975091
0.023266390187999152
0.028416178665478294
0.01721539895073439
0.021890230016877524
0.01405666826960562
0.03500124074466228
0.03707286089636081
0.046220677856951616
0.040633375384760674
0.021731942567116472
0.047250654726015424
0.03992915838790646
0.025463551171208274
0.04999345387277731
0.026006563740389784
0.03173294242229675
0.04527400713643598
0.05234454681817338
0.038321380781953705
0.05243928858889036
0.051346070905419434
0.03595940370462987
0.033069797343658405
0.010012520352523228
0.02609279047181849
0.027654722176067258
0.07711664971489149
0.018075655325983046
0.026871828451840257
0.033059114714103804
0.04410555653556984
0.025159406142948815
0.020467752064845943
0.038176948962725575
0.028980580993760895
0.058032279526861096
0.05098563012423893
0.04735753039920251
0.045052673315605356
0.02844917883707596
0.031810911292118965
0.033167847841361904
0.02843477453775937
0.024338440347837074
0.03698635692097235
0.020296223712288695
0.013457522857309062
0.03059940642714689
0.045558175826567744
0.0487156825678095
0.03913239821997106
0.05580508128869943
0.06520858933378947
0.0720154892816139
0.050759656418212555
0.006745013278355104
0.06239538757806226
0.02330895493062996
0.011581291640365957
0.03283061692467628
0.014951276708168471
0.03399831015522626
0.01355125087988445
0.025699836833757293
0.08110234065143296
0.04661137385018734
0.059874044837332684
0.04416058034283134
0.040770185462728994
0.051647061605201064
-0.006423461542193271
0.030679817987329393
0.027811771052614908
0.010318747548355496
0.020329850986612844
0.025376626669704444
0.05191751392526479
0.04744315417670519
0.047957326631833413
0.015156651340867595
0.02684939832904968
0.018470311552890754
0.045521452532962324
0.030189128331145617
0.054657883908889655
0.03860721099223495
0.03262430477324787
0.00548681490503084
0.011390227999111607
0.04928958306554457
0.04088212176204644
-0.019999115774910526
0.02947585584213976
0.0010278755091975124
0.045136259231611825
0.021037792860927947
0.04605548055822737
0.007476255005786909
0.020679400424486377
0.02129288268852369
0.02021676400412276
0.08249885481380796
7.949773419497141e-5
0.027543966340395694
0.04052214233886268
0.05211067176939723
0.050870452151787
0.04478638592148589
0.027097782870328376
0.02416099420138676
0.03382996274946172
0.020094573155005225
0.024342784627982603
0.013540313446893817
0.053350552015397935
0.03367203378813936
0.03687095926241518
0.025013048832039367
0.0287267830216596
0.032692864141905385
0.025792111394182585
0.04289601009092566
0.03340682353176496
0.016148179044398952
0.005804697300339184
0.051491983566321106
0.05367690472082339
0.02979655433108838
0.020608673242619866
0.015073746032064354
0.021594968325630445
0.04461808486140849
0.02579662384095737
0.020096146554030043
0.03052668552640252
0.041483099463238915
0.06874421220919179
0.03480398925492725
0.014815489548164267
0.03879300643576939
0.030960188919232672
0.018397243294659738
0.0466383939053491
0.05107818550858035
0.03255799145477751
0.05436985204748547
0.036677732965153365
0.05165241560698071
0.0033528379466079413
0.02633599781199826
0.032621782157167996
0.021443628371112383
0.04865617279127304
0.023474602437497084
0.0349628551979698
0.03358876921382923
0.04568197005821596
0.018889520599714237
0.02560911442115723
0.008948166153266188
0.027261870727464246
0.02456134178987254
0.04236526011960983
0.0377307074603856
0.02382936422239108
0.046701226772587326
0.03449192591184401
0.042136800606220576
0.015304330380961087
0.05651509534500846
0.016132533319728637
0.012605507025170772
0.05714261738114873
0.06297287086577315
0.0607952692947686
0.034869934706583894
0.02430531526151249
0.027577740063911914
0.034629449592523794
0.04891380631339052
0.028197483698395802
0.03752435012326854
0.024398665313412702
0.04072754098269809
0.023333890839258103
0.02328096560445781
0.014231180453981515
0.007364971550953718
0.03256131084645174
0.012438653448770012
0.060421138761243005
0.030524054387375633
0.04070754960811812
0.032630707098194725
0.05026617263172456
0.033204172187659885
0.0648413746398993
0.03313546655075744
0.03396903450273217
0.029591882810885244
0.039612628315674414
0.06288239484446025
0.04434170304684321
0.025526500282904378
0.041372318919720714
0.03991954182915101
0.07375780432718652
0.03704287152987412
0.016313188515352836
0.010889130325396266
0.015481126870995192
0.04836361536860046
0.0380897404876017
0.014852181815911815
0.04957509836853567
0.020815142877286107
0.039826241091030924
0.01612458383150644
0.03335844304192959
0.038520257459228976
0.012336669574569876
0.03521371589002474
0.03367413439480654
0.05079427555232991
0.007398320122846939
0.07094726346833981
0.004224681774813626
0.03552771191698571
0.05504353272494845
0.08146775662891668
0.025788997806023922
0.03211838825005581
0.018235428337114664
0.05703114247006723
0.027838536044434994
0.06230533023643134
0.02887005202992733
0.049495187026739315
0.013373025895545069
0.07144974173506098
0.04643137794826985
0.04077882140630449
0.02611387396083449
-0.003162898067425444
0.03744306128375805
0.041074005025563874
0.046983158238027165
0.06209174508467001
0.041459462373747175
0.025537694163507308
0.0158813773179831
0.04428974739602445
0.025684941561544425
0.015692477380123162
0.011920835842549453
0.028911095727497893
0.04408494410323709
0.018498611429353818
0.049484475616982035
0.027207611716281103
0.08636275601772604
0.02165097011211085
0.011766944772840975
0.033619539641739415
0.03621796994092732
0.015927974747811765
0.026031527085999297
0.021625990367274316
0.054797179913719116
0.03846428100815367
0.04236615488173778
0.06616439811176528
0.044082418034967416
0.055546464839291286
0.03319534142763103
0.001010414764146911
0.03910431515564668
0.036208303649413215
0.03729453701474058
0.03621245455756499
0.018729708424592754
0.0226957337008644
0.028156739924021484
0.031718137271722464
0.020340949925957818
0.02479763213413393
0.018617043800123544
0.04171104581241099
0.04630376485133012
0.050825483550004366
0.05014970827383739
0.03252158773445948
0.06472432554716417
0.029504240647808058
0.022507214153578346
0.03937356932625757
0.02895177687388068
0.017683643922232362
0.038094051005984675
0.03309716616035511
0.003854730940806435
0.02853550075914296
0.011880897140371265
0.04464515897682697
0.062268986839174284
0.03820685900329509
0.05289018986122285
0.03843096388091799
0.02821599491647202
0.05266415802240462
0.013085120338773536
0.018173056770842504
0.03396458529456488
0.03718319928065231
0.04726850855089781
0.04110189483211916
0.045400690375426433
0.023955681065136486
0.027206724333357205
0.024930926998692402
0.04265684650492431
0.012689963820422263
0.043169679659761664
0.05363901174546663
0.04969621607491367
0.01955081206679847
0.047302254064513986
0.053680915314013894
0.0332874982401798
0.024174100258910335
0.021360864637497798
0.031994812785827595
0.014493581016289081
0.048069996822275286
0.04253319849664797
0.0033371327245328044
0.04777415043885954
0.04373647474001867
0.05451718808499271
0.028311840836049817
0.017282654503608857
0.017028952198395945
0.02461231777022791
0.04859208732375573
0.024771020053396788
0.0765769585150391
0.0044115789668375816
0.03347137113545924
0.05050734819984304
0.015865293803219348
0.034078984770952975
0.028007753812118147
0.049729588373077276
0.06403352439425708
0.0463302475512567
0.02274512463617247
0.034224696903665815
0.038522526378883946
0.027425088043348558
0.03442196612158053
0.03717858877861087
0.045280678784267475
0.0047806946606557335
0.039718647731625215
0.03281859731492575
0.01478267356729631
0.006127411138245437
0.03384959603143029
0.027196661137129638
0.005556005633609165
0.04997946756847359
0.02866749287902677
0.041055175144915655
0.03607924498212577
0.03583327616883704
0.043605357617616566
0.023344357736577517
0.014085831015852871
0.020979659961927712
0.04041087565146062
0.054969027111056085
0.046011885360334764
0.04400110731168527
0.021294924163021874
0.00888689982367142
0.02291934664760965
0.05092367037930614
0.0644857713070167
0.04308659562622495
0.0328620921194261
0.030643566740898198
0.026598685878514924
0.04260410111602428
0.04678053836074326
0.014980140790406066
0.06536313778301675
0.03244026376726183
0.01481627424761625
0.047125347474181366
0.020881766056215112
0.041163501270809776
0.050632167101109155
0.07695255428557606
0.04233538923390416
0.04088356975773767
0.030007540086944322
0.04975332062809657
0.04028769197463842
0.03788909285197219
0.01056354700762409
0.06665085687602267
0.029670291814723866
0.049551098699774594
0.038014357002031304
0.05466665700943444
0.03599345203570587
0.029727057398490696
0.049555470728641936
0.027550371868234926
0.04693860856859016
0.05023348398736335
0.057290013916535425
0.07133429576214591
0.04785301111513695
0.05817677812597229
0.020515716881200845
0.018899447546627826
0.03644792066115175
0.030721718703996738
0.06317327564664404
0.050164735265739786
0.03685705337647874
0.051108974119410254
0.05445154626815608
0.010357571076368727
0.022733846401387297
0.008600490246440459
0.0501467370011372
0.05125153710451062
0.03580568511846831
0.07518234012510583
0.04823687457571661
0.04643117689832769
0.03575310897527126
0.03486985692663426
0.035637131252918564
0.0324078238051454
0.019903619090500632
0.030147095306618285
0.02420706428023789
0.005685839154965803
0.02658208424978733
0.01301438817159456
0.03451105797155845
0.0427066281117285
0.020005760742595673
-0.0019588131335963005
0.03249147150120401
0.03995536873128635
0.012513781873748549
0.03941400042967085
0.02825884116567937
0.031810141412503594
0.01616672270394952
0.029105110873256918
0.026859440857606037
0.014902508254745941
0.03757999077452164
0.04191380876571062
0.001065062216387014
0.024266809253583682
0.014702210778489468
0.04319308531634148
0.05127631921222949
0.058516810122119144
0.026649864186498614
0.04243847100012597
0.0938078498905904
-0.006216835760667163
0.061023961025687315
0.033825390173274426
0.023935464273633248
0.01805934576686276
0.02178248930310362
0.0173294410837542
0.05333749093457376
0.02544155125486081
0.039272725159157154
0.017821059467777713
0.028002985746715177
0.028671836620706753
0.041303315782111424
0.02882538059599542
0.023066293411546434
0.02097588618603746
0.034080685992399364
0.05237731231463283
0.04395081821469359
0.0422600555330835
0.04028799218924961
0.018403831443969915
0.02555350070381554
0.059813503896695305
0.039252993953471434
0.008255008237383857
0.05013917714701966
0.0015577404172605982
0.022231689815823956
0.01849505499707037
0.07763098574063768
0.0373436468209091
0.03061532853461704
0.02641212564339785
0.06572749217864021
0.014385874041817213
0.02672699842728199
0.01645764686319766
0.03505745635479714
0.047805700838433246
0.052850296498874974
0.020896713351607983
0.038456155689033523
0.051256437318476226
0.011184950433215103
0.0018568228020154414
0.026106241655845592
0.041020427941969514
0.03494596161108368
0.04326988936028518
0.02926081608932582
0.013903710897420178
0.037696984060571335
0.04270059976313486
0.042917489460749504
0.027074652435924912
0.028118968595024205
0.07508601447679021
0.045543457968195714
0.035278161729179094
0.05946420459156481
0.06754619461613336
-0.002671143059045287
0.045185157563250915
0.007538713450301807
0.00759500222002586
0.012370479284599003
0.04339097615349776
0.054880272542791826
0.0481492129842399
0.05480535864749161
0.05433650711206875
0.02690827563693215
0.047535470314750444
0.02794145004225904
0.028209719076379598
0.008118020758438078
0.06228275376601189
0.0417416154193022
0.027338517627044957
0.04392607222058403
0.05794837306257037
0.02864530643934931
0.038884207506206414
0.0375697587786887
0.03809909215462413
0.0029733430541305267
0.017965620636310537
0.042554639567473254
0.03425086887691463
0.03138956040970917
0.0291304071632455
0.010457614263709045
0.025111471771387617
0.01276440525258167
0.019407327780831977
0.011832957762855726
0.005001918522658647
0.025797709193580272
0.049305430690360294
0.07055747829677772
0.02681126672362593
0.029534902316040338
0.026336173195811594
0.023305545621588698
0.04727081257618952
0.022650144803903857
0.010607591466581379
0.040560755915331786
0.016579437670106452
0.008086019984132232
0.04916672887366266
0.020286607805367562
0.03384815836582667
0.04674653758192014
0.04122583253903596
0.029131764715141395
0.0594995533323105
0.014267215947997507
0.03503238013924332
0.04741097421529352
0.0271558609967074
0.04271432101746856
0.051817278539725224
0.04536377176527597
0.029909792851739666
0.03956506047758945
0.03167790692187024
0.051103844413060644
0.014289193221597036
0.06295692986761448
0.022495505236247767
0.0581370991654631
0.0734417466961624
0.03412098212244868
0.07023844652975227
0.014573248275133902
0.033620968032023524
0.041821980771792146
0.028451022019939244
0.04020417624050505
0.060555984715404146
0.05638797413083215
0.035134501013026655
0.02331061226723526
0.042738863901095124
0.01598340106851323
0.03001261285579587
0.04278306142265351
0.017484842463365607
0.028155734495045676
0.012537566493959568
-0.01300888247657927
0.07560223241675074
0.045290673725940055
0.05472000340094726
0.030681925689779923
0.014408483754770886
0.04941180688011828
0.031901282553143735
0.05519053502172875
0.03325656216437733
0.021588454075896563
0.06077860208431647
0.07433160586669549
0.040137156717848885
0.029408779088552675
0.016656190075925573
0.035426572243246975
0.03450915161747867
0.04015280237836506
0.03544206841455266
0.02974319562598381
0.033779573551848144
0.042600018696134834
0.012414312544920961
0.03387462327857399
-0.0027749966473780262
0.03336758720162577
0.06061984816527534
0.02281751008955144
0.026568908059006864
0.004648019189667104
0.017680497506081937
0.03501877852369231
0.06066039979043743
0.029455940836928908
0.02266956884389407
0.015673906483645604
0.03422839938926936
0.03385616551758068
0.01881837748877516
0.011676484326424244
0.0047669395028740085
0.040524425370655384
0.04705617024840738
0.04269743127202404
0.02901020457927364
0.0049112907218841935
0.02701146685095527
0.04748509433849511
0.03038909569410984
0.02669983410138423
0.0414371279179785
0.021845668778984716
0.0588755422272163
0.05997823815161251
0.028452942586672754
0.006548392824758082
0.05923157539905807
0.02634958473201189
0.06367770939929181
0.01886084901507214
0.038789964364280005
0.03316479245642405
0.04690323220464379
0.06264189989715252
0.04930101258771641
0.07274462841005849
0.027949166925383986
0.036136182361297044
0.07451376959714621
0.04150879487415669
0.035096452315673446
0.0459769035846384
0.034447779363850184
0.037408274272073515
0.037224782788450324
0.04128054250918449
0.026931642113258016
0.02993919462064538
0.05146705560649647
0.035528403502484714
0.03665265331197107
0.036780931135475856
0.019302911724343338
0.053514080274225696
0.03948065131172751
0.012832794800386403
0.024152851718454958
0.026872099863086047
0.014659546278360962
0.019650401979549714
0.023671508409563495
0.006392057319331868
0.029673929618299184
0.054169949029471795
0.016219747591734408
0.02559591055915326
0.023324990248152364
0.019307753164741703
0.029991572787954255
0.014076437695238003
0.05933467955747699
0.01524575074102491
0.028796618152632066
0.03674590109157489
0.034745840089527
0.02816292237704794
0.04115876807594508
0.011729719152083389
0.03710810570926401
0.025688298100358165
0.048006018371696046
0.07338228316496695
0.04470470539515404
0.03006620764618096
0.022633829825193394
0.017867529408970483
0.042994428132352075
0.030697814244152393
0.04397806347412762
0.020791949856654297
0.03937618934894958
0.043304062430456924
0.01668386169064779
0.020629961468272222
0.04757777202764355
0.030479165515604954
0.024591475588925597
0.0725527563247162
0.024427378473723182
0.029042971681208646
0.044477931231781676
0.038319135222746874
0.03308534049201229
0.03591639409055766
0.04380426494154574
0.01179920599978696
0.029039531893061635
0.03120489675557261
0.04204743286194303
0.03504422752806981
0.04328844475104708
0.0029666032337723317
0.053625684191563446
0.03817284570583958
0.02066934790917879
0.029461804729806234
0.010622370087851945
0.019372429787429656
0.025208822474302874
0.014481540579899997
0.04096676462256974
0.03230552725181805
0.037729649863167444
0.042314434962701736
0.03591235330165809
0.05965366056510741
0.0537730748950459
0.03970407169393482
0.05242862427143421
0.02642088895349799
0.04980664198462145
0.06679300054258797
0.03772321520953205
0.042610933652281247
0.036450053894035155
0.00019825288089034407
0.020538319832805928
0.048256332120035376
0.04627305075019141
0.05402026271097687
0.035732235331767656
0.06225150289580964
0.01548829335274288
0.03210772627067874
0.027096397452518593
0.057521549803631465
0.028753544877116597
0.01932198935980496
0.04159572683696522
0.02953695092845496
0.059798991181375424
0.029098664608433838
0.036248990492942564
0.03656142663895811
0.05482366406889049
0.02920267439549629
0.05818276103746637
0.03852646404645046
0.040466047672656935
0.032632464022724926
0.05377555135134836
0.03170245858283214
0.04510493036257051
0.02674135475944902
0.042753358533810286
0.015753634305574984
0.07022620921474908
0.06570887162043464
0.010216720373212725
0.014847987782328056
0.028522114431262773
0.04558582461035533
0.03893220828637113
0.05518305367421397
0.04740490387492361
0.06632152024857313
0.034561855927396676
0.03436250065090011
0.04529893449969942
0.021827357549965124
0.048574053739903186
0.04726931335033611
0.006189288816846088
0.04890807308362712
0.045153995667483925
0.02895874571854581
0.04361902475970573
0.04681992472449424
0.044411261323430005
0.06808152010748568
0.046271377912114414
0.04660035532644187
0.021244603578489576
0.04614132141499691
0.023592016573934397
0.05551865981910333
0.02307911262597611
0.0424974687290594
0.03584075880117014
0.049506072143507454
0.06322981767265026
0.03493715783836714
0.04915820684659987
0.06166641513721979
0.05139599518481818
0.02594997577601324
-0.0007500520208011669
0.049770500851667586
0.0354777983677183
0.002578450354906608
0.04822161490617817
0.04817224094599154
0.0060275035641521235
0.05914878165435228
0.022536782197791365
0.019003774702663
0.005103325996702918
0.029898040892404724
0.010659328288450759
0.02112685146804469
0.04800422505744789
0.03741217488495928
0.027729671840143112
0.06829399130028709
0.02971500470336645
0.0431848573078595
0.029621245222013252
0.05696063741706952
0.04734313584406454
0.038037011179253497
0.01988404046371154
0.015904974663946057
0.021465915147330063
-0.006803346754947198
0.034026065229330583
0.05498840443570907
0.045881450454372176
0.04436763886769415
0.023402262667688918
0.00467678964572908
0.060081831997962236
0.05636157079002578
0.05142949895025499
0.03563290088350561
0.027649329953024854
0.06766426783056229
0.03510738000504993
0.04422916120577183
0.04093369757061449
0.009274637560202007
0.04171235641302984
0.0336487311358185
0.01936599718085039
0.034163886681506286
0.012558053208382538
0.03805773047715137
0.02375640849355159
0.04053497230943051
0.029825831019711334
0.05632095554651368
0.054050960452734866
0.054837051022478045
0.0308886243297303
0.0075534531653206885
0.03156325474719733
0.043701401409317844
0.03753927241892082
0.021433335086547944
0.04168409621972569
0.037934260044418536
0.039231419447335776
0.045759502705652405
0.04251118121365989
0.04868826298963791
0.030115870643647936
0.023213897873938915
0.04847553514029218
0.01730888210862193
0.039728732587571466
0.040745682419879914
0.040769424361740185
0.04170761227204126
0.03907297475170645
0.02423010388668441
0.05847550860128128
0.050345892232282204
0.03161856897216494
0.043013727388918704
0.0203096644582352
0.0064497800980887286
0.04254530690526607
0.020867823188013623
0.02756441846712042
0.07408709777979869
0.00891005865626946
0.03842738080915754
0.047555261571065814
0.030294359111073768
0.01815078603585929
0.019254617726763033
0.04484222092047427
0.0376709764967303
0.04666298492777302
0.006704020147227706
0.01899286395842984
0.03257628219615707
0.04518337623959585
0.0324757520706947
0.028846037060620503
0.02229461971379093
0.023068632551287722
-0.0010716013165547884
0.009880230990157718
0.04570012708254694
0.03654509892175821
0.02590395718465385
0.022509081863126893
0.014471464710633913
0.05055609501179806
0.054538662871149
0.012004101118536213
0.038995155349119605
0.017250526681786057
0.041130118620163324
0.03889142616543091
0.019390016398084825
0.05981371817454185
0.05757346401991761
0.011699442696618307
0.06303174320634225
0.017805363362337262
0.027818126150174833
0.026878727458291514
0.0006881059493371813
0.03431092314817858
0.049482047948020295
0.02198288714609268
0.015257607459826973
0.04916281896187173
0.02906904877029821
0.026185959585542245
0.05058939633636452
0.03383894319417337
0.0062137583234304974
0.014290014642513765
0.02770214615396196
0.03000559364447567
0.05495497710088029
0.026532490061849368
0.024018688936087506
0.00813953413113139
0.03597349562539043
0.027479721339366082
0.04197931263545624
0.012392621925179582
0.02099448553533657
0.01981726529235422
0.04124642407714299
0.022705012321438824
0.013988095553268414
0.03294744904250172
0.03879378096588566
0.04241631807013391
0.03507782496351541
0.034700401920924884
0.0522704271959428
0.0023413298275507108
0.03498374363019647
0.03281647872395051
0.01300362916642896
0.030528308792848388
0.02767496110278385
0.04435019932309711
0.027637478738295484
0.04282420409427943
0.041691986917117285
0.034102499808875746
0.04510067144569106
0.02440417092594121
0.03326594212126072
0.0481338017962326
0.03138424973418774
0.03031754587852805
0.020897955800600856
0.04218754993180465
0.025383767329525415
0.013582961257698572
0.021195892249225107
0.05928785849361286
0.03423740678571035
0.031667426147153475
0.05304474270785891
0.0459468931220645
0.03264333075697143
0.035599027033889015
0.02961733923062993
0.04303035650500727
0.05841250963730187
0.03070505333975126
0.06681035936187708
0.043268168112101275
-0.00907576212798745
0.06631116242006095
0.01982700730890161
0.04045043996157103
0.031789341574306657
0.06026616511519369
0.016714505601304868
0.04430101444818864
0.049946572037977116
0.018349682086145985
0.02240156399295013
0.042997369965758356
0.04624360126470466
0.04012438731698515
0.036035306286941994
0.019393652530052534
0.03854160019352322
0.020280546433729556
0.060995357225440326
0.04548412223066148
0.04402017849685983
0.04245297254909246
0.06171539698459907
0.02976959212397837
0.017528988477298925
0.021654582180793417
0.019053007937918337
0.02900158745761041
0.012665038082098158
0.0008825694169870542
0.03010936159187168
0.010810932553895055
-0.015589809021579623
0.0422757176221932
0.05180494777224912
0.016189583505950084
0.027557346129158587
0.06916317397723551
0.03404369972791523
0.055965634248619237
0.03987121419227447
0.04155980518293794
0.04598429634927423
0.06258387292902721
0.034183576642878646
0.050475868774915555
0.002459552551184451
0.02732689261759627
0.051548318162103146
0.0015824118562283327
0.0155802250134132
0.026353479905204088
0.04485470814272528
0.049368290954933114
0.03535409729912572
0.05491361119896756
0.03178279836347325
0.021881515022184488
0.048030478547717546
0.050946991255079205
0.054327045141010465
0.04046420566129886
0.023525700958222377
0.03274304338820412
0.036818318601676676
0.03767254501043953
0.07158984375247303
0.05204925416913381
0.03937194111674856
0.03843782762925279
0.03076548098682648
0.03435051964642974
0.014046859407728467
0.02406470161238164
0.043432856745216686
0.015548493666790132
0.013592289078968483
0.03069105035305376
0.0381522040947908
0.04015778476411134
0.061769786147368895
0.07011720286979922
0.01183416143269679
0.03720175418472882
0.030319527153106693
0.06754456808025912
0.06730834262238373
0.0020294025479401217
0.040190884834507196
0.03449393601369224
0.016207002997586015
-0.0021722484092086495
-0.005736528949432785
0.028666821259795146
0.05648320471282324
0.05216813207674431
0.02780781167985167
0.008350493457981624
0.026150529067694713
-0.001110489985595932
0.03575880096342012
0.03443731573970189
0.03696701042630668
0.08545202709225676
0.04794342678849034
0.039995215761569405
0.016435712025539402
0.001987953158372894
0.05061386001242795
0.04031452219679554
0.023121052003172608
0.05327661493433824
0.03475749896022617
0.04880842475876776
0.0324836039806143
0.04587263048517505
0.021235702928329683
0.032675712122780635
0.02509502506943887
0.028729721559487314
0.07328407579532141
0.034813742546294706
0.030940421782518823
0.04845718815304242
0.03353704892476987
0.05295777686712893
0.056141848376047104
0.052216998470122754
0.052081483912573244
0.060670519188408184
0.02218152093185506
0.04211356513926432
0.010038937853440476
0.02850785230102729
0.01527304261402866
0.036395878254209466
0.031960373920933226
0.006524111561352883
0.0360662424284789
0.03952124754688242
0.03534049353348378
0.024838852116021267
0.02534861812636947
0.06426742994744575
0.05325203792461062
0.020968297375519675
0.04724859727109111
0.052338136286372884
0.039333525926992116
0.018260843997114626
0.02471002925615569
0.02016710733857295
0.025713519668655288
0.042625793019084854
0.044744085800785344
0.061192517286427994
0.02636258013845878
0.019475540281191934
0.04145687866697848
0.036598439012741485
0.037822566725371744
0.02965320203229263
0.026083599330411655
0.024341347141150913
0.05252153830606579
0.04707892602895191
0.02132016017439488
0.008636409589908961
0.03247153656836062
0.05983419871715947
0.04068564610814367
0.06800404295780281
0.011935296153812084
0.03454371706591935
0.03353953725411076
0.025348302509540475
0.018769544689902558
0.03795967339991945
0.040137017528168464
0.015579258489880149
0.0175536205438443
0.021122248090109416
0.042683940472681696
0.051526875753332584
0.040681334340412184
0.04648332043258327
0.011755537542959955
0.007320903496097588
0.06585841796081221
0.026060606757673226
0.048389269695132645
0.036053445026779055
0.04696850510710579
0.014331809598493938
0.05918960877045587
-0.018934682299237768
0.07786639562477925
0.019634626035505132
0.01710583324354235
0.046824673700421454
0.0478684699045679
0.03410474225944116
0.039928904373837414
0.0577347118968187
0.04082523837058075
0.045588519310856196
0.04796380482037852
0.021059468733163555
0.0466865273068329
0.02255247586466181
0.01811787424994033
0.030656540628184705
0.04950880817039848
0.014273795089481884
0.01903196082565793
0.03336600566263093
0.05408043959703236
0.029408205036456206
0.013974050174349514
0.01935991469152283
0.027413714518335495
-0.006125805113487821
0.03051606532400624
0.03962142066564484
0.016962745533024386
0.00968901530689611
0.04403691792106249
0.016156047383499458
0.04787366233897052
0.04098573625460396
0.059903248247317215
0.07059437849937229
0.05667022951153517
0.029325455236161698
0.0279113603515215
0.047167273082757484
0.0519415678384614
0.026152087864916698
0.03485203613771743
0.030457602712128475
0.041329252348162066
0.019199475823535157
0.03939841171966321
0.0792662853040182
0.04199663909217093
0.004251601480388462
0.01760013457738708
0.04271565723891528
0.03735741135292683
0.0024774315658911378
0.030258795708877687
0.03132957509504896
0.043400126237370384
0.033965927520957354
0.04194432970870347
0.018892715100876274
0.0556197441847692
0.005649618620937251
0.00965589274867807
0.047396567260481595
0.06216320566564121
0.055950435841715274
0.00987285073020397
0.023265472048639234
0.03140812428727705
0.0357568759693141
0.013955415472273367
0.004307888569321612
0.040408793983166054
0.04658199911494052
0.011444287475054216
0.07918913983917435
0.0058105683637244615
0.03199905396647855
0.014178824851613071
0.05391973308671881
0.040641813983720625
0.05225797964966501
0.014698097974233342
0.0051012282365362925
0.05897767000730058
0.03615127812541709
0.03711037508348048
0.07435212970701467
0.049713384361970266
0.0467707433843874
0.05129899160503855
0.02820021341141907
0.037227553327664656
0.04812716921233569
-0.01558379025657092
0.05605509543863874
0.029249757237992557
0.019934516446183957
0.06713533376300983
0.0665750143346164
0.05691816569953517
0.026358513027482888
0.023275113458379473
0.026742830826505318
0.028321960811416948
0.06973439263150319
0.030724015919155034
0.021460244535716638
-0.008856309397618115
0.040201788887749154
0.026897329945777815
0.0322646809576401
0.036188855852113996
0.04776814881742154
0.012102769838955365
0.03988045280854773
0.03562817610266598
0.034004358408274635
0.03528901039422141
0.034863339644809824
0.06528291682390461
0.06224092005136898
0.015610617868635256
0.06099560868788149
0.04296188145472371
0.06490099672370027
0.018781287554772312
0.04793387623905085
0.03292188654695024
0.020080359780203193
0.024218420786939705
0.0341567705889092
0.019388998192716157
0.059543054503980446
0.019523288111472352
0.029996687114552417
0.009267878345886629
0.019210282306695834
0.03525300628098316
0.04995608394826391
0.048166341565227706
0.03198973790689008
0.053280611578728265
0.028395030215063795
0.05367812630065339
0.031222963544113497
0.04231225324306309
0.03724007566569004
0.016340166386188817
0.04842836890686893
0.04690034025238586
0.012848834732576045
0.03787001924436032
0.040189213037180295
0.03486484348757985
0.020515476085648805
0.03694068061693399
0.007149760048272956
0.04131471573255385
0.06380800789697477
0.07035973423633742
0.0098771650548342
0.03930511777233917
0.0676577277142687
0.04839575837118274
0.05788109086116161
0.05133997410449189
0.007330028473394912
0.03195362291332538
0.03745917880321484
0.034292233589499885
0.043145316898825545
0.01464051181766101
0.052007565961885334
0.0887043399897883
0.05261583573432641
0.04012742726785138
0.037771779669310473
0.022141932667424202
0.06357645267287443
0.038886367554840776
0.01765166318747617
0.03222622570970101
0.04503585921803541
0.032172857832055715
0.041682847480197904
0.04268089275048595
0.034964377299654036
0.04537049196990975
0.048444226794459706
0.0024768771264080582
0.05048041954812454
0.026717649666779242
0.05944098089187097
0.05831976179787775
0.015337740918846342
0.04203206831792557
0.022668221148939363
0.03403274873056446
0.07823860718013788
0.05677722868634482
0.05073577748760736
0.04495505687763936
0.05665370110854286
0.027906237315339793
0.029257080520299673
0.02350331147524109
0.006953753353344441
0.05683678472153601
0.037057699751721226
0.02075812648872841
0.03222491250171312
0.045182877103415786
0.06531684909445573
0.031088757132797806
0.022370667392340098
0.033926761912030874
0.029202672163189922
0.04308135130348517
0.043150936258453766
0.0038625107392971734
0.007001485495166379
0.024415105104034565
0.026912829547287128
0.048324623843413565
0.02632653854121878
0.01881384312801289
0.05586019137397901
0.062161568759391585
0.03699835242512769
0.05432011058355299
0.03563288659278867
0.012866263377231254
0.04042896130129433
0.05255299395697269
0.026015413253930593
0.04260900470926633
0.029625150929999067
0.02922270781992248
0.041820650590085176
0.02812519754570223
0.032746845112229396
0.04688455072782177
0.05141502548218783
0.01760180686260978
0.008037896189783922
0.051957442688764566
0.03227271277517514
0.032468880498842494
0.009132661970914424
0.05026701191668491
0.047972821031002234
0.05889497773136312
0.04830628716467415
0.056748729421884525
0.04823589451157968
0.036567649405653005
0.04794827443575646
0.033141357689153376
0.052931586162642326
0.0584132385024297
0.03813544287979378
0.030601570487523534
0.04553064007307753
0.05089698436257631
0.035498716268073875
0.03889048486513878
0.04197187177071008
0.0529448660672251
0.026164711675510047
0.026834848489262333
0.05403941615796446
0.012456032612763679
0.051076506200098286
0.024136783786420663
0.017672924973079058
0.059755219604563
0.07438672583211142
0.05213316912454626
0.030084317363254575
0.05856078365223053
0.06679169905811742
0.02226094175709815
0.014779331572447138
0.05608704549305106
0.023191513324488877
0.042334061735022833
0.046064360271438724
0.034880949442344926
0.0453467234280843
0.06602210703698648
0.037434600704671105
0.007060422747999355
0.04147791888910671
0.0028370634313553385
0.05114029253590113
0.03312314484243975
0.004205031786653691
0.006756967847678779
0.029181298630359905
0.047422775611763675
0.029237920449140052
0.02972300728798368
0.031676600025698644
0.03717037025665995
0.05683316956289582
0.025433394452047155
0.04522118633442903
0.029932563408311835
0.00492285639261612
0.02326477751710015
0.04184981256624229
0.03742717068956936
0.04504686499832108
0.05292144539249762
0.07573911766303529
0.031118514069516646
0.05239870635216297
0.023895207514388738
0.016963130856736203
0.023496882059220372
0.07875003124309904
0.028715482982500724
0.02146365045456235
-0.01852447067722061
0.014546528992641595
0.024325294263631767
0.030180174672810804
0.05732685358299126
0.028085724532233854
0.032372674206892875
0.0446806997441312
0.05625589692329481
0.0813397208220655
0.048840293621971315
0.01327903239867107
0.04799006117814457
0.01873434533009503
0.0485986428655658
0.026303167401638013
0.055870250365581374
0.05031477838543326
0.03711052127519295
0.059880504454977716
0.034958537248500135
0.043647853036915936
0.05376830556837175
0.02972375056377453
0.017105166578161468
0.024383769812052696
0.03886651397874888
0.045013509921243214
0.026865317460064295
0.030961660734438904
0.018449619288612232
0.04904595857317758
0.02824634461628165
0.029046401671701347
0.044545702507652635
0.03764026085231039
0.059949687613204884
0.04282131364098377
0.020406646565241857
0.04238103772683032
0.045505207874073125
0.032179865427288526
0.04705922673844821
0.020712458063658866
0.020872929392384613
0.03404794054916943
0.026252980740934937
0.006947438373561258
0.046566212837676466
0.034734832265982986
0.02175581623846972
0.041402606559198904
0.04285810329979448
0.061630512826961664
0.017006971595159667
0.07225776688275215
0.013404225056151365
0.04373681790122849
0.06265199629528402
0.03675626439764834
0.03872941538074533
0.031764965488935155
0.023200109423605918
0.030086838102436717
0.04593497352417949
0.03497123515508136
0.07725774494505916
0.03792592175290845
0.03852415879526305
0.05705012098122083
0.042140130392786156
0.0437682067713665
0.029634333737463887
0.07750969923976411
0.036803364307940734
0.04708631012706571
0.027829944941670376
0.016852352211276074
0.031193133643003804
0.044601440469858394
0.0254871706079625
0.025080431649431707
0.05449592212922456
0.04150315554887485
0.02611571061860549
0.034426928287053696
0.00958452161029574
0.010700725754280252
0.036617662502069256
0.020016265022292448
0.029586043586651713
0.034286683857101985
0.03247328033986042
0.017168927350740004
0.019809615436068233
0.03269873683109662
0.019690155530770807
0.0576206317705358
0.033689651813890636
0.03333751306065672
-0.0032666941478050058
0.05588805200863872
-0.00261929342230243
0.02923153407126261
0.04129375234721834
0.024907599646097227
0.037445526467325956
0.027698285638765394
0.017562374773276736
0.019788334043622298
0.04116544657147395
0.042515004695426406
0.01064651238738959
0.03446597997944094
0.04575603771831668
0.03716879366061944
0.013862866355056984
0.01904883763870832
0.008037038041664158
0.048864904117446775
0.02783337936781496
0.04386771983752536
0.03374167286358408
0.026001300927870803
0.07463724962324746
0.03139386674595374
0.058088531439644
0.009659258228955418
0.03675123864035049
-0.0028765989021970096
0.0489769093728132
0.05826892355868859
0.04756002479808805
0.04214631028135432
0.03997320559886692
0.03655422141420629
0.05727433534185639
0.06020340065714657
0.04014839503692318
0.010968387251627286
0.0059564893889383595
0.033829673972285125
0.0470740341608375
0.041152791521148174
0.027004033506186725
0.008282037503226461
0.02802589282253355
0.039465696440062224
0.04471787170191548
0.05858806393837958
0.01109222670438218
0.05272333302805689
0.019013192336875658
0.046347144447250924
0.047789809290745486
0.03000401857186918
0.04414530437456002
0.03947484065347225
0.00980839934084122
0.005540414953661063
0.030225654370079326
0.043626434850499954
0.04901141414179249
0.019394104693825333
0.01910007117020949
0.0532881633300903
0.026335711402053492
0.046335966564054615
0.06539786671289266
0.060977959768048165
0.03296728018899385
0.06423674518245452
0.06204830555445544
0.03207812497513832
0.047027542632792727
0.03800564825304129
0.05141254481482703
0.03884083506653992
0.03932087921976585
0.05587303926905235
0.04464038148664277
0.03738683671776466
0.016037411968836023
0.03406546543114923
0.06870975545559636
0.02383286044481638
0.041099442378306095
0.044526625799420176
0.05870050864366609
0.027192927467445956
0.02235441855409442
0.049758077902412295
0.052224248055373575
0.034510752511797575
0.030643900982091764
0.019116459453075413
0.03973825066548677
0.03372742183570882
0.05095445096663427
0.027671877583081143
0.008027326725320113
0.04584912773962308
0.026640333087311032
0.04125676989764366
0.054277781465409125
0.02867661388010621
0.03778686462694465
0.03442560287336138
0.034191382321950486
0.002959485834399881
0.016580908752544653
0.053605597485031915
0.0629578926263373
0.04375162001409341
0.0036366276323169383
0.031494809410588256
0.030750881021319145
0.02123766650763809
0.05943189342268189
0.021585643391318757
0.02274094033525106
0.03852811198057115
0.02688465931217989
0.039879023522512054
0.022559572255976452
0.06618180882166115
0.04488986136401866
0.037808353402382006
0.0344833820503206
0.059258678349967425
0.03801108852169559
0.028444838209133575
0.034105364383581124
0.05328988379646504
0.052137143549655054
0.04145046045114655
0.0440851119440566
0.04370146581540017
0.031119075324896463
0.03648282281559157
0.04030786475458861
0.036345747015900425
0.03744907931325874
0.0407487466455995
-0.002031370104792223
0.018460253473547173
0.060261089588195794
0.021667023658464724
0.038209822670513635
0.030687663574551747
0.03409810903216115
0.02676729648748035
0.03258515591228362
0.02622515702488457
-0.0005437661605313072
0.05695431434579062
0.06173025844909645
0.046100077073733176
0.06943235655578629
0.0506724791246274
0.02658026552579044
0.03206507561601611
0.009441480980268684
0.02857763766376716
0.05840420764005969
0.028621099155318463
0.014196482654291603
0.05978044370637032
0.03918420350041733
0.05653881076729818
0.041686382565976246
0.02730922668143966
0.03425635630212869
0.03217937652771117
0.02301778934445982
0.026477992843661032
0.011370012263140031
0.05269810040953233
0.03164463225672348
0.018291479040317506
0.043607527748582176
-0.002810900660774491
0.03794733577238882
-0.008050001145853553
0.03224435705874689
0.06973219830118639
0.03839381824154264
0.05213267502662512
0.052203219544561544
0.024500963371488528
0.026066039618735208
0.0548104324351886
0.04337321775221851
0.046542189252646596
0.022760253282514447
0.04645590767234937
0.0677534748930917
0.015057239393421388
0.023553105166413426
0.02167946507895062
0.02920654964483676
0.053786006595568245
0.01990926255040731
0.06167357637745885
0.01774309866119629
0.05820030131413814
0.05237038631767234
0.0355755059580885
0.04162355285566411
0.03351669152370239
0.0020626826248236396
0.03166418194458556
0.028679603602361825
0.02657921682960284
0.06623014232117687
0.028954354816674254
0.022340945621899602
0.04025815160067516
0.047490863955352944
0.05626734058739506
0.013671483419174218
0.0903114714525265
0.013061614314168423
0.03309266114562428
0.05541152196124641
0.02277780630978093
0.04811648058214707
0.03251937927299781
0.05172603417833971
0.05756387103667887
0.018101550355602118
0.050278973681920164
0.03277567096165681
0.048482330105852796
0.023753153554575142
0.0341612985649798
0.027133748913387216
0.03884285539233733
0.025846211742220328
0.04303583429077556
0.02188511387260971
0.04040000412643154
0.047117103306301325
0.03341769251105514
0.04316424454946026
0.04330280879784614
0.0435702962814127
0.02703453398027132
0.045731958298506105
0.04344949200101878
0.032602497273135495
0.03210065080878868
0.042989869299591435
0.0513125007367031
0.06000725927363056
0.049485541773749586
0.025482146904548936
0.0567513265893066
0.017812825413039638
0.00615021507241999
0.030175712197988026
0.07430594490387812
0.03874453552333898
0.023180295518468307
0.050158682306334204
0.0019784451680505215
0.024211739773427353
0.024404693904419725
0.01467571846599581
0.01968929537155916
0.03385453709941384
0.03425409251925835
0.029362732759097405
0.04263571443293793
0.04586056326623526
0.04598354441637602
0.022578646781032805
0.0656887160572814
0.0381868678176567
0.04730701069051747
0.04103222225498856
0.04970643951877792
0.04516653008478591
0.06701211328518188
0.01640270696011647
0.04211918648682264
0.04762659872509617
0.031403987284560994
0.01039608277478444
0.0200379887655444
0.06535012105534257
0.0317880296423554
-0.002950363139111435
0.014946911194308707
0.0319464146830049
0.03777196346331672
0.037053573412270224
0.038891430845171
0.04440042640619323
0.04032844117372453
0.02784699757107397
0.04890204111000586
0.02791588525075282
0.010710766445620756
0.02730002002666894
0.06678767903634064
0.04368413288815289
0.043150911656109306
0.021670711294043188
0.02653605434343572
0.003423977591535299
0.0433565116351479
0.06148179651435727
0.05838343438192201
0.004848173943163406
0.040676025369309615
0.02410674617727204
0.01997194997758378
0.04400797474824171
0.04441684156123381
0.01581545472596231
0.052356354891031444
0.041559509917796195
0.010274223633458469
0.048173862334462775
0.041569964670138876
0.03864314799598574
0.05266875852843885
0.05981451064325972
0.0025735999197939526
0.01510994453428925
0.005611819354309561
0.013295343631676615
0.0403958642002111
0.021208589250162013
0.01770062223005671
0.04861707244564797
0.02170587980222811
0.0410947172915373
0.036100370396772004
0.04672005496585288
0.039406400062497654
0.0421312187838567
0.009099796488672476
0.04228717944960165
0.026959510112927375
0.031132656114187092
0.04746778995682353
0.06028442011269718
0.05895821582832928
0.027315427261419535
0.048217875797196164
0.03754486012428931
0.03180789118726563
0.02688509973101592
0.051662069323964534
0.0016857074103417214
0.052380855814346
0.04156412179159212
0.008248578899229687
0.07478154309430601
0.056503951472185045
0.049347199731321366
0.06989694354036834
0.019580945390978967
-0.001714297005249613
0.030185734405993158
0.04669133936223682
0.04334746092720492
0.05583180781260228
0.03212612787936757
0.017175095193445893
0.06443866132691396
0.02010623772912697
0.0443735180006142
0.045801212035361374
0.03474809834887906
0.05273351931430315
0.050516600196545976
0.043886831353329596
0.023385758893785448
0.07136008125870011
0.0420040389715119
0.042437921788397524
0.024428871111441215
0.08149776111988591
0.0610255122487096
0.014061900128959146
0.06031800942051197
0.05598654841701154
0.0454358169800079
0.0009382205078823209
0.04938708986304094
0.05799036129224836
0.04657296248523803
0.03755031423761959
0.04178114208549231
0.03492765962603621
0.03941004677791913
0.031765829170079536
0.04240625407831909
0.06347469109184603
0.039356359652539516
0.03005512878245533
0.03226049729745
0.019180900101100726
0.028893512216232556
0.027069296690068613
0.008206484966902511
0.028862340044468637
0.04024758494702257
-0.005114112512005748
0.026350268410573238
0.02681636527459161
0.04218198545154777
0.02362877876992628
0.01878478423284638
0.04638166191074528
0.02958916397559671
0.022465942702331453
-0.007222480862740873
0.005307961340041225
0.030816312778472337
0.0626439897357234
0.058295573755451184
0.03297998317909241
0.029897606552464918
0.07349047811414958
0.04497990279848079
0.036938919470645926
0.025220909645134286
0.05605269464494994
0.07058130802470045
-0.01586509631103174
-0.005056190222330978
0.03907158389246946
0.02767219153681943
0.0671600283024221
0.022299074019772373
0.025902370150709526
0.033557687735697575
0.04358165487046257
0.045533955840784485
0.012877487021749219
0.02992865334067591
0.03772446298177776
0.026489730188108636
0.05157725786358029
0.034073486108455814
0.04014503889143694
0.0054679501273618356
0.027380478896224407
0.0525598020803261
0.029584576587281714
0.045449873216013174
0.03502671558320135
0.048545964011132245
0.04556509443168584
0.0008453128381246521
0.024024387746526762
0.02708162588781803
0.03351338139056681
0.031192458682476696
0.03710620327775958
0.024852873393326428
-0.002066053942640479
0.01084955501947996
0.02845719158031006
0.009918626944534522
0.041605141148307274
0.04148997144981754
0.01164478438590747
0.05567621354543812
0.05050333537604217
0.043841329917646076
0.010146725792557681
0.04790094175262907
0.027249932519913145
0.04147744038075413
0.041021764853168025
0.026610481209084765
0.020066601542526947
0.010024424578065235
0.022373315874912272
0.04851140510407314
0.02145993357138559
0.0387284798732577
0.008300428547568373
0.05905916985841189
0.06816105268465283
0.011141797195418
0.0022818242584351596
0.03628035442500933
0.05688370066463933
0.03153639243957194
0.06065247952148129
0.04696025897856268
0.017825755336043005
0.09173143764507605
0.03691098463857873
0.0031242263879060978
0.03133328357501494
0.044108225107126406
0.004766474899707794
0.02653697982583836
0.05381604319298724
0.03457580815959584
0.02464488390242465
0.04134353213972794
0.008348607823667843
0.025786764220766506
0.029945201867574607
0.05525530105834259
0.055378117493024036
0.05679054330797106
0.040575624176766745
0.03799557306050841
0.07084179167620884
0.02250296065129603
0.01795619727328409
0.04476806738035507
0.04814965158751283
0.04204337821066315
0.0164237504450564
0.024436795480055434
0.01824655293119213
0.042829193111968936
0.05592802334366259
0.032645142142521955
0.03231499106013508
0.0009967026111785053
0.04099279836456655
-0.00048756618114876617
0.014323245472355872
0.016882501584384677
0.02964576065389914
-0.010209987545768713
0.046684206578297596
0.04777728340129052
0.04374738477681928
0.03766700702033077
0.05341825618735372
0.03305131121847461
0.07414765595706317
0.0553199928467798
0.035462415129192966
0.004494523037417408
0.05331232645944806
0.02841705586067926
0.021650803893759875
0.04236889607168396
0.045881447870766645
0.029666736969071447
0.02217094027172136
0.03362326786883959
0.023497730897881253
0.044550959169646166
0.032601226780053554
0.036884662830192365
0.013399286461853788
0.05253294046909368
0.013504665469995965
0.0017795628238862365
0.05284169429154527
0.054652767090786966
0.04618462297782746
0.024211818476150216
0.048153799235453335
0.06715899454894143
0.038472514834725295
0.02729790350560929
0.009115691275414459
0.03476186129918525
0.026920966694788474
0.03136320254456763
0.06902024432112072
0.055554403242201636
0.03519889094383458
0.0718828660729659
0.031100403780045537
0.046056502436708606
0.03606450661018562
0.039179492482070394
0.03888541718934928
0.04065023175665464
0.04632340049922464
0.027245479045978346
0.032458669446079655
0.03328356342282598
0.020245038553396617
0.04628588771189434
0.010210160186242245
0.01860625378189761
-2.410117875290658e-5
0.018894339653746137
0.028969111304000143
-0.00896098169009097
0.011315594238030061
0.038212203438971956
0.04792063781083206
0.07332204007459783
0.023696219328352527
0.021199681036348086
0.04596527457960108
0.04561455597404707
0.01752980778640991
-0.00022646932306073634
0.04940471477036693
0.04203222934265559
0.04905242377426757
0.03310652807918422
0.04645473985813614
0.017940888066690544
0.049063702411053976
0.02153456770100763
0.03305519379009917
0.03464212838476478
0.018549452060545184
0.009026985524125102
0.04125034875905261
0.01911937675051268
0.0325672393534224
0.06162087762364368
0.0456897199159045
0.04015464236126248
0.006117737922198726
0.019780595507943973
0.03941151556828217
0.05753976658351404
0.05447258309245241
0.020401678622152843
0.04654020729595597
0.010838042175090292
0.03642933491439625
0.023150503462389414
0.027124122471903364
0.05377244024610867
0.03518881741105321
0.045810434053092396
0.018739578249211127
0.023557341614097102
0.01749030182541727
0.04937890671861851
0.03814471290258761
0.03928160547912325
0.02867054239598261
0.029368788068538727
0.05888370434233835
0.04907248457949395
0.03688200787473745
0.013727891635066318
0.05515306441591475
0.048782288852561806
0.04477643388699832
0.02717967684136915
0.04189156814183009
0.05036921801559933
0.03571820055006463
0.035475069863475414
0.0061694941680767185
0.050256864970718906
0.03765640691962581
0.029167317918132173
0.06119926317709669
0.02771951527070463
0.04263165558746273
0.04302244370991519
0.03908745961099764
0.05537465450288307
0.030205910554614253
0.029739049010097676
0.04040851280776652
0.060397140708357756
0.03790573890377877
0.040743195026553415
0.030599750535892218
0.05190290114307694
0.03807347795573178
0.014580160231256346
0.040775945846534226
0.024345797322483584
0.03736816080039177
-0.002259722053397504
0.02822025988992125
0.062282818186231916
0.05266762675034021
0.030472620487679822
0.05438750713517827
0.0599533458715557
0.03582924156197958
0.060225082238331236
0.030823341285478936
0.034164081430287735
0.03575679033145784
0.012471811265516374
0.030559927323159656
0.03813776258339285
0.05789406173439779
0.02281731879089673
0.05077751078637049
0.0352290875843002
0.011638584082463621
0.056336667158886765
0.009685984186116726
0.04251541281504123
0.04061620630241294
0.042413344415935375
0.05008394669062755
0.044449191627014044
0.057784858250680395
-0.0013048576871707905
0.020858429051196347
0.03129921049539237
0.03232493000308479
0.03961552550149589
0.01783346866150003
0.014561259236041728
0.04317022745199477
0.03480236077665733
0.02907274033055748
0.03401780966870963
0.03174154952862174
0.03183246905622146
0.04057319073744773
0.0340857576616999
0.007881429832285758
0.06745716103754107
0.0335343202156663
0.025594058696448898
0.027107482230509326
0.03726336140889359
0.03988790582090063
0.0619036730051337
0.03974828996557249
0.05654708590157664
0.04208923611052616
0.05677876188337843
0.01290432876636102
0.046199871467637973
0.03405159529156774
0.03870568184912314
0.03245316676412957
0.04783821496555301
0.03444220392633675
0.03108929719748853
0.02422701809200892
0.035781730510900694
0.020163655530492805
0.037337610631648095
0.020504578953117053
0.013593824314627133
0.0639251319634071
0.0219482845313251
0.007613677239869157
0.03311587622352245
0.015634365823221127
0.03356119099850588
0.05188345081894858
0.04392419191091144
0.01877881266004253
0.0359348999530909
0.03436463790164158
0.05150412701609411
0.041064981026810866
0.026654906190105833
0.04611373732925426
0.02836542416836314
0.018816604721767195
0.04369409340630612
0.04439066501783104
0.013479227459859558
0.03296295936637047
0.02154529200591731
0.029986754694235954
0.022648085828037828
0.01744883870757011
0.02047767256681799
0.0074789986059364336
0.027663144352521905
0.055192431867909245
0.05128143436542107
0.001105083517613099
0.05086509464319095
0.03134842211724727
0.056855199293141236
0.053856603840652356
0.03628286892895751
0.0007277562523917712
0.01053361023768578
0.029362522289570342
0.034632700676023795
0.05109314787246534
0.02380351463447029
0.006109338691597979
0.03707982780860007
0.01143668199273381
0.03487601947362629
-0.00020154031824716885
0.047733290580795944
0.02123871686342124
0.05921438699080158
0.07070996069470709
0.03412823559545386
0.030579465881390468
0.04746286600371433
0.03525183560971129
0.04948411794571474
0.06897550420867427
0.062368952046066205
0.02782043910445507
0.05932565745361033
0.010383566846540413
0.021713184033410337
0.04150854343131816
0.04850629484018876
0.032442940001547564
0.05223411135173214
0.03688221724079602
0.037541987648269916
0.06251698829421964
