0.5357676828678072
0.5105288172608693
0.5354349567863025
0.5359150519005113
0.5358686678609718
0.5436113185638936
0.5452541994307241
0.5553524385984431
0.546472099461531
0.5295523327934292
0.5364273729043844
0.5238648343987625
0.5482563966243793
0.565630098033231
0.576009120502729
0.5454593295218484
0.556084426932097
0.5444110763162884
0.5557148366726845
0.5568941719539158
0.55832124139107
0.547641280047492
0.5414134098732968
0.5649440379809129
0.5456101737118346
0.5408611118261575
0.5474032896426658
0.5514219591116447
0.5403234424129172
0.5437543580221956
0.5523060331023627
0.5604252300900247
0.5606379242512228
0.5439213310966884
0.5625662154709875
0.5323303991994618
0.5557595609167253
0.5521956074022315
0.5440849124759317
0.5469150249278827
0.549102982977115
0.5340964120165067
0.5512347530996183
0.5492817310564413
0.5470697272901731
0.5384796367538189
0.5408095210538233
0.5601007599517447
0.554320685104808
0.5278612092091195
0.5271462890781887
0.5526966129158244
0.5740432317450518
0.5771941943033886
0.5611437532605081
0.5634658380244802
0.5500560565975963
0.5452835055821649
0.553976013962142
0.5484739104754065
0.5577038302365923
0.5369574579330806
0.518174765070374
0.5577573134397353
0.5490679690492071
0.5525063515195382
0.5651782279794573
0.5678462880613656
0.5465212845611933
0.5524848295318111
0.547402459499114
0.559373508239222
0.5694990839849802
0.5589470757007347
0.5633658127948592
0.5607133709340579
0.5576423471811421
0.5754480990804784
0.5489174331952388
0.5618914070015604
0.5642173201798155
0.5495941345424037
0.5565535219187601
0.5532816490363351
0.5411705391301955
0.5452725830598179
0.5560492088055564
0.5693747139227612
0.5509175439523933
0.5320796555882893
0.5451449391362626
0.5409226810405313
0.560708860434069
0.5450256055875764
0.5723896303412013
0.5486676406123806
0.5519149385880363
0.5746975690995577
0.5613900300246825
0.5732147846830336
0.5470858134113283
0.5565308428328793
0.5639204748853488
0.5529493498781591
0.5554949910366127
0.5685416625931847
0.5492581312512418
0.5504124394871046
0.5607380810065712
0.5363669420615321
0.5448274568075776
0.5487166211799702
0.558159058146275
0.5753799686639949
0.5608198429368115
0.5588296696742585
0.5538823525778432
0.5666210509907104
0.5530921899184247
0.5607963559795033
0.5559522340266118
0.552526855382739
0.5626901646395759
0.5296163936305712
0.5532321257597863
0.553563326609895
0.541970190573119
0.5487705560665289
0.5486433629137379
0.5586145421112756
0.5614629574020363
0.5623155798766505
0.5698520574103757
0.5601428797690725
0.5180645964109116
0.5436094630055123
0.5457074972847679
0.5469527075797874
0.5435975470484259
0.5441790599385087
0.546491868415381
0.530798269287096
0.5303765859640762
0.5438019756476027
0.5501615991438478
0.5564559981695201
0.5645995890265061
0.5512134053923836
0.5632554149304458
0.5420803218103598
0.5344596452271856
0.5421383941421538
0.5339941279919678
0.5396897939269647
0.5328038102412344
0.5383629988181404
0.5353269032534003
0.5474633744233984
0.5445180754296793
0.5759489586925903
0.5609657912595536
0.5696261638459056
0.5693288471180272
0.5541683135784364
0.549470918614867
0.5462876344219205
0.5656827722263614
0.5595343187507172
0.5528380011507935
0.5527791178210296
0.571229166279682
0.5438392539419569
0.5345097398799005
0.5474068919685728
0.552850868041436
0.5627535717319991
0.5666351735128549
0.5684610687629655
0.5614813508554564
0.5415918472014494
0.5428701551608043
0.5568314184817812
0.5455544876880011
0.5473002528950207
0.5356194688676564
0.5488624145912329
0.5676130602465738
0.5549603177029143
0.5566843493654176
0.5589635418637092
0.5386841030024514
0.5601192877788159
0.5593161396616294
0.5295146877472672
0.5381318806469537
0.5499858599853727
0.5521611472844348
0.5445197511412189
0.5429104877586788
0.552139929140255
0.5634171910140242
0.5579886681892037
0.5661282507690186
0.5436587752253136
0.5625865360131813
0.5435589580796549
0.546122167340355
0.5447545175002316
0.5357221828521483
0.555377023652649
0.5558695385760681
0.5458665244908122
0.5475270989059223
0.5448231445335793
0.5558971542925862
0.550991633846862
0.5361879584531197
0.5488183403647136
0.5545586911954051
0.5358642372044946
0.5376334064593599
0.5378252695024016
0.5559331653967851
0.5674548191407285
0.5378677661115306
0.552306004272377
0.5404829396771282
0.5407947367804652
0.5497968194685849
0.5312601380024121
0.5580831148858189
0.5417681936230123
0.5520516299094381
0.5492159333254488
0.5437945661282182
0.5779247509136278
0.5402807873128412
0.5221271837692526
0.5218177945623451
0.5330666069571124
0.5554166832004533
0.5525592431565065
0.5624191870400613
0.5564114093570256
0.5376813321352344
0.5468946942035793
0.5638825131107023
0.5634749770142669
0.5549089591478219
0.5586151216690207
0.5408166191688845
0.5604887393356339
0.554746496436657
0.5397189132119619
0.5788120690712254
0.5788241161360332
0.563156561089617
0.5668721181164446
0.5563192601743646
0.5572899913919033
0.5661062604848281
0.5582872931030907
0.5493063097647493
0.5823280865808745
0.5565044355849706
0.5369865017996102
0.5552965101281272
0.5696971072618107
0.577495990334216
0.5598375683310169
0.5405469242216263
0.5270007053015338
0.5408510890435754
0.5724349065712461
0.5518067451742927
0.5503150991624097
0.5557820936555329
0.5509182201021724
0.5538505033546222
0.5441929179173768
0.5314434724124064
0.5280542154519378
0.5093043020501197
0.537190617297493
0.5336369106462682
0.5501747262515695
0.559472922716422
0.5453703566088932
0.5530775597203733
0.5439049259735735
0.5425156846845715
0.5558365858247977
0.5450894424766597
0.5591154015918721
0.5387976858665505
0.5570563620965371
0.5581498609150791
0.5400859911950521
0.5438059492133271
0.5597801116039982
0.5309445403494139
0.5339495224838358
0.5416993066713407
0.5430770146823617
0.5484328789044548
0.5471361503558306
0.5254343164671996
0.551672157344858
0.5576951437496314
0.564183763219521
0.5517813949063196
0.555476683676601
0.5453713638475709
0.553435407581883
0.5566584526119853
0.5582440805736596
0.5766130680053188
0.5575420139525255
0.5554886918745491
0.5603704741917509
0.5586446415472036
0.5481597299963991
0.5605946161227227
0.5350114971292741
0.5512183129483647
0.5489203002382582
0.5516519019661326
0.5578095946233329
0.558850709748441
0.5316985551426349
0.5413458595898315
0.5487321210602916
0.5598740072375565
0.5491617276862566
0.5403762021357041
0.5467687201071328
0.5482132503164441
0.550409019705252
0.5304808874087796
0.5433184159328964
0.5418762418291185
0.5445743124697854
0.5508983189103194
0.5628231125473355
0.5422909032069496
0.5379627061652531
0.5523009039870799
0.5536731798690767
0.5513178654361044
0.5632453812942213
0.5589030360963557
0.569120542710483
0.5555103729090315
0.5426814134492348
0.5517088158485058
0.5479462547305957
0.5416111607498972
0.5555828214743098
0.5487659156120993
0.532319572611431
0.5403377692095733
0.5453100859044445
0.5391250516307513
0.5439695306469806
0.5384144998470161
0.5681635065696047
0.5389304871938831
0.5392410373643877
0.536637880348611
0.5505843613905242
0.5496400184037585
0.549832548994369
0.5364481757222762
0.5509619042341942
0.5281402234176662
0.569109072363564
0.5599166430908608
0.5662946849946707
0.5524847889610395
0.541509052861867
0.5649821316648457
0.5511861892930643
0.5623259955577783
0.5260582962713085
0.5514917174563448
0.5504642959166072
0.5611454205514435
0.5505275762720832
0.5672821810012686
0.5737331826539018
0.558264092123218
0.5594602831532516
0.5417480028075458
0.5628922013125975
0.5378133731991949
0.5366416044108088
0.5441907996112016
0.5642769736957776
0.5572728815678749
0.5555774304698131
0.5470031180806697
0.5484997046999449
0.5692790942210254
0.5456708794107265
0.5519880343076545
0.5442084445470747
0.5457097067878254
0.5401449586907442
0.5577308312721911
0.56665893400697
0.553105943902768
0.5636389203811564
0.5574391405245551
0.5490758380003247
0.5388858463354947
0.544426674404638
0.5275002089574022
0.5310886346674099
0.5375240349746673
0.5296610093874797
0.5549286254159567
0.5748804160324543
0.5748177450127169
0.5567069019285557
0.5598785187201646
0.5558892804533441
0.5501057651878393
0.5501938303864715
0.548184265213032
0.5703590768028433
0.5393654207280646
0.535889124959471
0.5377734075437813
0.5499077844797586
0.5660004209070569
0.5510586007677346
0.5493971841812861
0.5552694978616066
0.552278412015618
0.5545460826708227
0.566020511929266
0.5604672804258156
0.5505234357726972
0.5517909453609002
0.5631795790769745
0.5411183606957573
0.5349589552476999
0.5643039675503492
0.5526077474360725
0.5563431889609741
0.5443528649804819
0.5519064274691635
0.5717090604775382
0.5532284995499038
0.5439637449505776
0.5645260742836322
0.56057514104026
0.5448747317067708
0.5511393197378969
0.5516340069255368
0.5520760548078147
0.5472413173583771
0.538344184848873
0.534587705256968
0.5457793269476269
0.5566566794111996
0.5414451153059118
0.5215782575363611
0.544050065002631
0.5337881652563032
0.5268985096187655
0.5374019669157962
0.5413217892046189
0.533779221981521
0.5538840151834236
0.5441474915484696
0.5418710307383886
0.5480985672673698
0.5769439328710999
0.5478196726401027
0.5557327787438424
0.5440897116474386
0.5436020529964805
0.5434383281865237
0.5559364754470638
0.5381364421902045
0.5436968708936472
0.5417944140794785
0.5709187415029823
0.5413240255403794
0.5523009657883582
0.5416275283380352
0.5526189088282639
0.5462700616415731
0.5306883331655949
0.548370181330113
0.5565065972999664
0.5431748601830616
0.5528176641423016
0.5542306663052079
0.5568176489924095
0.5331505689476951
0.5359072192998198
0.5287995802088086
0.5303246727713657
0.5462439862922465
0.5585322756554967
0.5552769140258829
0.5423222750374788
0.5447006586384039
0.5400349783225642
0.5573016751640022
0.5465103669368306
0.5338487247988112
0.5398182316573562
0.5456816749078491
0.5338827518211903
0.5480489531657313
0.5405587874428475
0.5449233715090853
0.5630753655670407
0.5455065275373224
0.5211901390772951
0.5545715034649992
0.5407998589799554
0.5672863956745352
0.5472133057893322
0.5743283080372842
0.5433128451446703
0.5338403298007233
0.551867115872387
0.5620102545792534
0.5616899801782559
0.5561357432255426
0.5795521215171998
0.5610012831086646
0.535095564527656
0.5564354820198533
0.5589621629856044
0.5367711766880962
0.5166155056575127
0.5461260403377806
0.5528408522895905
0.5177486020849661
0.5413888410030373
0.5569060883805453
0.5636514724136997
0.5595002417600135
0.540420440422535
0.5456453713946092
0.5592979570633196
0.5430056877879527
0.5516795961575618
0.5417369443696106
0.5417646224024323
0.5426591657117976
0.5464155418739274
0.5439648954782225
0.5465687455889059
0.5503179579558881
0.553712789149076
0.5760470248410533
0.5406818235331329
0.5450699805706354
0.5506689639262302
0.5656513823478186
0.5637527061403197
0.5505512114874316
0.5536025248648765
0.5470222327799489
0.5277460709918651
0.5598672968795462
0.5591537211964696
0.522924720324183
0.5621276355181717
0.5425838405222031
0.5636552787714759
0.5526319419726734
0.5482172276376298
0.5378374737595092
0.538178814331058
0.5622326358981339
0.5547323362968679
0.5698781744559142
0.5571591844222532
0.5486213218233901
0.5557025633569662
0.550005566479487
0.5584365737908799
0.5370659089176721
0.532375007781267
0.5257254956347458
0.5402577824271582
0.5498601160586859
0.5402853693718437
0.5401815537342373
0.560260878396701
0.5548566300650847
0.5516960526392706
0.558397066780752
0.5593613398369538
0.5507679825094722
0.5823655509691242
0.5497377442448739
0.5644950934385363
0.5661681951461688
0.5623583099366221
0.5685988128557503
0.5628841263506815
0.5598707100617725
0.5373531615701389
0.5415461882239715
0.5549804493412048
0.5579659094221725
0.5532281445623023
0.5501052733232997
0.5520026261848624
0.5558090946916326
0.5467575282799318
0.5669891819157244
0.5474378757392286
0.5429124292686979
0.5571993614242308
0.5359790516769325
0.5405479724339721
0.5493868226523878
0.5570412017416908
0.5692115894037623
0.5430383187168579
0.5509505660597022
0.5248887357393761
0.5485018102894644
0.5525673264028451
0.5508472666666536
0.5655531543986413
0.5382200345421938
0.5326131214255347
0.5355476595526325
0.5191334893451949
0.514026973044761
0.5382447158456979
0.5586359119044848
0.5506340240796966
0.5674656789001523
0.5567876834573668
0.5534562394553622
0.5498430723875247
0.5329443511770344
0.5438824587025368
0.554265538883157
0.5452796863284295
0.5295377522653341
0.5537111231064854
0.5430704620327587
0.5498357705372302
0.552650685280644
0.5548443359501434
0.5497743448697803
0.535701707294959
0.5499423103514127
0.552859917714477
0.5444983182450969
0.5581420110932757
0.5470035421865349
0.5461215234148268
0.5634652596529852
0.5486044814888043
0.5370925854049208
0.5545981913071895
0.5495462675852179
0.5461985238560341
0.5690596214962107
0.5546644677531534
0.5311777271206624
0.5424531138968567
0.5361381147964972
0.5490314080933646
0.5494694039991131
0.532793384006826
0.5455336622075023
0.552853607023832
0.5500593215293351
0.5510556823794581
0.5686493358527058
0.5383091749102633
0.5486572469834763
0.5481552118998044
0.5338558552947371
0.5652052587244897
0.5565286674836379
0.5716960712456566
0.5435607207292309
0.5627707619824768
0.5475712176717299
0.5372769953223566
0.5442787033963653
0.5627845768252967
0.5445105915524326
0.556498708949354
0.5690254271799958
0.5388546114564835
0.5361235378891732
0.5577219511947438
0.560098275871838
0.5594762515284692
0.5894334678905775
0.5687081084428864
0.5336501304524798
0.5556076668539743
0.5500590322049453
0.5547462970720807
0.5516230754312389
0.5381804131075015
0.5566189932768408
0.5354772936645781
0.5619548142050489
0.5458669437961196
0.543349248295043
0.5571605885814751
0.5648868663058899
0.556126254412065
0.5428016488427909
0.5614686113696142
0.5561964460857471
0.5488816976137196
0.5530043136559541
0.5495980484942172
0.5588326313813957
0.5444394354325394
0.5396279932854948
0.5409509109981904
0.563542290095328
0.5358852217489388
0.5478130184315211
0.5412646586508862
0.5716399902471524
0.5536441796254883
0.5426715059731598
0.5681757106855698
0.5760912924599229
0.5617325638686684
0.5451078347690598
0.5455201642758313
0.5570587928994708
0.5686102111426258
0.562294404294444
0.5569609624599845
0.555446305903844
0.5545460502041315
0.5506141554482767
0.546839113954059
0.536161209671813
0.5700441414096162
0.5518575596578766
0.5610586623552656
0.5881642737493001
0.5544533912700991
0.5578517689715893
0.5619167247692386
0.5330398318459506
0.5510802126880364
0.5635226317839349
0.5516527637699347
0.5424967613656032
0.5589315165688881
0.5500555524817954
0.551116608524263
0.5415707276153608
0.5504773200651067
0.539814383917349
0.548386020575525
0.5654011291732565
0.5435330309650929
0.5663754281227001
0.5610089458071315
0.560640843281714
0.5838451296431192
0.5717283897828845
0.5740641109820572
0.5602576900652939
0.563535611546159
0.5730615314851283
0.5600213514943544
0.56971900873527
0.5193087887383052
0.539991276614991
0.5674899626307349
0.5545188307356856
0.5396386276890766
0.5546364960969501
0.5398337965321023
0.5514396460420693
0.5564296299091922
0.5565307276637731
0.558244776765074
0.5511045245215273
0.5648828193427439
0.5498756133263741
0.5470105292920011
0.5565653562117168
0.5418041279256308
0.5445515585164212
0.5435979570770133
0.5617924021564289
0.5532956097343614
0.5649138123109907
0.5460582181019449
0.5617176719133816
0.5428383494207794
0.5410934816543591
0.5447354659659817
0.5482494960388115
0.5514828861775233
0.5569447628454259
0.5506622254111708
0.5500109922444291
0.5463466888117405
0.5477772744085662
0.5366090167091828
0.5158176242627566
0.5306145096442662
0.5359160680973006
0.549229877282884
0.5409919232706033
0.5630285025315797
0.5639923017441087
0.5456917058972471
0.5354280611070112
0.5384891359404738
0.5381363080660474
0.5346467736887738
0.5433886803163368
0.5467030392329033
0.5482889868662821
0.560078248181037
0.5414866569559226
0.5392874510500203
0.54371360668578
0.5589753686438867
0.5534359683209141
0.5524471925483422
0.544573055450146
0.5747181573834188
0.5626319023125149
0.5638702032228259
0.5331221877075328
0.5225560603666541
0.5452104355006248
0.5496101206594322
0.5341048931415695
0.544600055057833
0.5502416851443146
0.5348103662132776
0.5488293022185313
0.5641383186664888
0.5326251944061613
0.5455970677098384
0.5401597987509871
0.5205249662365253
0.5350395468199536
0.530390686719292
0.5400612146607546
0.5594509140349451
0.5563391389162089
0.5525013123968882
0.5593298704600774
0.5301026478296282
0.5467719568017321
0.5561063705047496
0.5583185552904428
0.5665665985032367
0.5570487958993896
0.5450317663682478
0.5531014622844149
0.5564021975156215
0.568187472211636
0.5415074531800789
0.5488485792186719
0.5455066742546123
0.5567564974672452
0.5458715754776274
0.5511686507672503
0.5648083775976656
0.5584209512221626
0.556197441087069
0.5596397900203234
0.5386958533800184
0.5643705667306629
0.552716623160975
0.5596052331405953
0.5618130718794097
0.5650167766919785
0.5463991171372338
0.5564387837102714
0.559962817224377
0.5676754341529804
0.5451416128488795
0.5541536257220057
0.559535547405028
0.5489860729633248
0.5542712694267333
0.5306155609701035
0.5587947766399168
0.5727516384388368
0.5209725786869747
0.5479562652430116
0.5417176088495501
0.5531256084977255
0.5517338395629122
0.5413752733702608
0.5564441681934652
0.5528079424723998
0.5501836292731199
0.5601507600659957
0.559372999668328
0.5367250646476106
0.5361614072599733
0.5536339163393704
0.5388867828058629
0.541649005440813
0.5479615601101497
0.5653133726544701
0.5548724467526398
0.5435093704738136
0.5517061763226844
0.5707418262698011
0.5596362088523612
0.5537164194451519
0.5566123307988741
0.5340615345913484
0.5323428907387068
0.5614475538645971
0.5604288927062522
0.5339026990462314
0.5616026938633492
0.5499365777613271
0.5489118086963148
0.5459062419199925
0.5619313745889726
0.5528839036526383
0.5539829029493509
0.5589503928729894
0.5493897565947626
0.5506610226468909
0.5570505188540391
0.5717412171574633
0.5876794861363118
0.5668635256567531
0.5314625436409336
0.54055247747217
0.5415285318175285
0.5361199129165902
0.5364749925670422
0.5777581132098608
0.5769369583050188
0.5904747381414154
0.5542063280270889
0.5639682065864664
0.5444229373925386
0.553482745325632
0.5636450203641664
0.5582704650666039
0.5517237826923771
0.5540347574425032
0.5401529474378258
0.5464621643635396
0.5531483918819289
0.5391503091906289
0.5633828462428617
0.5613108851401021
0.5437479041207433
0.5628557046564079
0.5658987478426619
0.560582331914746
0.5520315848485746
0.5548388170586254
0.5433569081541278
0.5397870742730663
0.5562128530046331
0.5755232391551924
0.5533106138777374
0.5543085204662921
0.5508342483336333
0.5472314356145935
0.5526589692246036
0.5557256961954304
0.5430773884510035
0.5645068553266921
0.5661484807220972
0.5366668191887959
0.5484490004775804
0.5559000713538159
0.561081640682853
0.5513330394407109
0.5641252586138858
0.5555885250032633
0.5596527789045804
0.5500746839351557
0.5528307801364455
0.5609873675242348
0.5468960498395848
0.5728043396441594
0.551138316887566
0.5547490957882488
0.5566807505156429
0.5150669553629061
0.5482858433566085
0.555327644415421
0.5436317321359908
0.5618660663500242
0.5463971241609464
0.5486316625679356
0.5658714432435505
0.5531970201812468
0.5615301274754014
0.5525605104217388
0.5646762152941326
0.5593344388410869
0.5622893987477574
0.5510785291911877
0.5385969260589915
0.5235134565156997
0.5541790813298353
0.5491831402110616
0.546023934680876
0.5461152536488624
0.5603995542913748
0.5248707710040954
0.527087977498068
0.5318856965431977
0.5447095898906692
0.5580060103510031
0.5626607479978251
0.5706554926762178
0.5467611627390271
0.5611144580958672
0.5519443998774778
0.5447506542964472
0.5470244991736337
0.5500719440932491
0.5552006143599759
0.5405940711459717
0.560516561667678
0.5709544048096744
0.5529766544493295
0.5551808158156185
0.5494283630162605
0.5542249316229085
0.5410400619706661
0.5519090004372822
0.5382403469264505
0.5673001082321837
0.5527629465743057
0.5408719571931778
0.5411074379399472
0.5483211252225443
0.5387619475569169
0.5535588958873289
0.5687216352411189
0.5526138121302101
0.5380861539506064
0.581551307115984
0.5646356696582447
0.5631164365247426
0.5573285865678771
0.5403670186591225
0.5467177907883565
0.5597891887755405
0.5719140030144008
0.5637612990954294
0.547669508229916
0.5332076550072175
0.5423054133185624
0.5569757614760203
0.550786522951645
0.5443870941795238
0.5428328590370167
0.5346731733442309
0.547230400487692
0.5184634062929039
0.5504868183838949
0.5409556839069226
0.5626009684013159
0.5506273335155826
0.5458642314799638
0.5358358958492819
0.5484296522414874
0.5355843101493833
0.5363216064652706
0.547026952801336
0.5509894323427956
0.5559966915926144
0.5360112004538579
0.5480100045477949
0.5385229091716681
0.5304824284493267
0.538018073682856
0.5447421073661722
0.544601421596459
0.5228644142237827
0.5612145409250114
0.5387359653077995
0.5312633547323619
0.5196248783976759
0.5430111769347477
0.5508441245595789
0.5625010383661729
0.5601413882018936
0.5590423692155128
0.5571808850888098
0.5645950142543212
0.5647668570685684
0.5779455621822713
0.5618901005350926
0.5490223775918973
0.5506551176953739
0.546375181465321
0.5517747032248025
0.5620557216297377
0.5592708206829775
0.5586198730414155
0.5511656411445703
0.5413102225929222
0.5392486460796942
0.5416663877762348
0.5224221927268764
0.5226109880007095
0.5230902086630043
0.5685285418086516
0.5809892451977868
0.5607434874796301
0.5343635461465756
0.5356784221513308
0.5499818588204087
0.5566088135871581
0.553604584126196
0.54581594475097
0.5235837843355453
0.536323670038399
0.5236945633425403
0.5422442217375563
0.5409221872879189
0.5732963279434263
0.5569163601575117
0.5590295412792907
0.5527166652785699
0.5553858424545183
0.5567119589550326
0.5505405083241052
0.5528003259324067
0.5358920981624756
0.5400711800660809
0.5524621607056551
0.548847764337515
0.5591759973721647
0.5495732936912198
0.5455685167580632
0.5517702417476923
0.5484933615542407
0.544283655300358
0.5532614712109273
0.5596193807868846
0.5363363520661104
0.5449791200952724
0.5507622827064906
0.5708069443339618
0.55907009551059
0.5813052274032919
0.5623002257132459
0.5698780706297953
0.549148723910435
0.5673929949005206
0.5656940073491937
0.5522321591494991
0.541155465065764
0.5511460799532021
0.5257652222110297
0.5422475504713155
0.5707932460739467
0.5564603468132497
0.5362448628312881
0.5559729739935564
0.5488325785822036
0.5489751092222298
0.5598026759791005
0.5470870610574968
0.5448636196844298
0.5334153204380159
0.5466947166258056
0.5498452369831832
0.5561450321613157
0.552265784842181
0.5417514382905704
0.5455820720239748
0.562676753189849
0.5713468187227853
0.5628535119469993
0.5496608016316871
0.5588754360578518
0.5500211377732862
0.5516173467585598
0.5929609198007852
0.5722849142448373
0.5662042585895753
0.5372873119440394
0.5473696499960201
0.5443743339585602
0.5529627685168323
0.5510658280064802
0.5364739509354132
0.5371473212984457
0.5661773865488697
0.5537416641575292
0.5705339736201984
0.5534596425778874
0.538063601705964
0.5556656220746747
0.5508150576578515
0.5504822602754723
0.5588918959116117
0.5618443431304577
0.5522226477859559
0.5620193830146023
0.5485379970090853
0.5562537623812298
0.5689087083178557
0.5474154734056719
0.5585183549234557
0.5443066040843078
0.535891092038899
0.5572839638540489
0.5561608714280285
0.5385272982853672
0.5304612371050128
0.5511328435491116
0.5275505939585093
0.547980583776475
0.563572710249428
0.5684516552684274
0.5322360309473181
0.5632101135346033
0.5517683550873802
0.5399917254063298
0.5583349947419187
0.5661664280191667
0.5329282640278561
0.5417396037166614
0.5312822419499905
0.561965024188165
0.554195140448466
0.5383261156962211
0.5184437623922573
0.5494020476748982
0.552214060425085
0.5569848433634814
0.5692374945510339
0.5507130685462166
0.5630426779987946
0.5436362424593637
0.5457271184730712
0.5581653917226131
0.5254102678023128
0.5025570987504218
0.532970500481415
0.542046737317403
0.567901477408215
0.5627615672495027
0.5557288256979744
0.5534560687201727
0.5456354005023973
0.5652776685776498
0.5462195376958769
0.5572013126903356
0.5400697376535204
0.5533858517556398
0.5476017767360416
0.540810456754859
0.5621914925461792
0.5600858763331711
0.5536188029885418
0.5652792850278172
0.5788652053545803
0.555898154891782
0.5682037797433626
0.5364393193901468
0.5427892926097684
0.5550317363275354
0.5491652074098086
0.5506819295551444
0.5644301932545966
0.5396009257185117
0.5547810558907054
0.5499448960564972
0.5707304999501528
0.5412239526705083
0.5469366022851324
0.5375779316533785
0.5348079899736087
0.5302228840069664
0.538255497877268
0.5481463543234137
0.5581306572082145
0.5561917945787691
0.5640767516380119
0.5596521914929176
0.5386617714473058
0.5468258044710367
0.5510849679791685
0.5535269664291604
0.5552796107245265
0.550863266838197
0.5406193970036665
0.5457047032894563
0.5347682884079538
0.5628456857113905
0.5501329427521608
0.5495519020237588
0.5569446038346094
0.5478659826678302
0.526698704848117
0.5630509854085198
0.5469511219346166
0.56140882825096
0.5686444624577086
0.5736178002804995
0.5683695438909633
0.5372764541851702
0.5474678744139758
0.5627029395331216
0.5519061677615719
0.5402566155818649
0.5379135004216016
0.553070377330197
0.5582801286166511
0.5688362843517764
0.5601579106421427
0.5556947121791431
0.5367803514972452
0.5456918562483057
0.5454149102596092
0.5451818591397553
0.5285097125654821
0.5473726952470883
0.5650719166684486
0.5492692966223925
0.5374410496952694
0.5410268535470314
0.5740661363708404
0.5462601849586731
0.5503971611196062
0.5299465391780565
0.5537690959225273
0.5551500183061933
0.5308060164083648
0.5539594350962559
0.5509148354486694
0.5542959796003536
0.5303249435975667
0.530459682547139
0.5540558792753142
0.5339512949639765
0.5557456617036006
0.552376248583804
0.5370083698942759
0.5373484515082758
0.5115723728371285
0.5615480506548876
0.565897923707591
0.5466964594519422
0.5471237283109741
0.5554940571225113
0.5537369142202301
0.5526998441163012
0.5388199708320319
0.5441995813109523
0.5525641785432928
0.5567477399369722
0.5519597881868784
0.557994337780448
0.5447955282408877
0.5604662578123327
0.5527984342048127
0.5604592281571598
0.5500399469401311
0.5294125253755881
0.540964412389987
0.5397553946045974
0.5589656074501212
0.5413612354024192
0.5539290680688151
0.5647311150911828
0.5736103643701786
0.545091086290347
0.5502035779302137
0.5397428555919652
0.5689497297845291
0.5634916122596718
0.5547161266723035
0.5371613645074866
0.5476586146889106
0.5635124306015815
0.5561987611784573
0.5658228710825495
0.5288734699586959
0.5560427181692333
0.5483501785803421
0.5450931473894141
0.551157649457536
0.540507339058069
0.5385046879235265
0.5533438232128135
0.5644895593854058
0.5488208066888965
0.5550850147980425
0.5395057258281479
0.5324090811801115
0.5504552018182631
0.5734177669966822
0.5590335274577152
0.5659142249898212
0.5435894586497696
0.5611322137132935
0.5597120619245549
0.5610968511904374
0.5533579475800094
0.532553470284734
0.5593501012765558
0.5613778830858004
0.5612175608281699
0.5602100828547706
0.5557319611365251
0.5516883094737105
0.553671758070829
0.5429408863583886
0.551651288698257
0.5532044666549354
0.5409980900676713
0.5387400013190674
0.5459717009574797
0.5644734914351929
0.5562445468369004
0.5737032377731027
0.5410783810298584
0.5576391614404821
0.5313477357001264
0.5421468729777227
0.5346552264200796
0.5563992007443881
0.5707427997689599
0.5512395993036333
0.5480693271046387
0.5485489041929704
0.5435010617828155
0.5511166342396498
0.5462576501349888
0.5537379386297087
0.5382675538755668
0.5507484864677779
0.5358889659335
0.5621208907328021
0.5463078398095047
0.5505910725732622
0.5573216442070008
0.5610904118679084
0.5502217513728656
0.5265205536966137
0.533905162163751
0.548722122880106
0.5452372283747636
0.5589900702294557
0.5504867170485482
0.5625097012693282
0.550290086599678
0.5526357879246621
0.54517231625164
0.5558923206109637
0.5312195872718769
0.5284753609971186
0.5238564622825729
0.546861287355226
0.5571352648643629
0.5707048169570539
0.540950633902495
0.544153690604665
0.5523871012104271
0.5475665655580004
0.5318210191251294
0.5440572468272312
0.5415684037065726
0.5529255343019733
0.5502997548451409
0.5538882549408435
0.5593736149146183
0.5462933123583662
0.5602115345078145
0.5605633978285341
0.5552163476896871
0.5554475971380494
0.5634617617179306
0.5398379477272833
0.5470991724047899
0.5354711868199915
0.5339985126585775
0.5493265131635615
0.561263056633032
0.536544487204205
0.543336439323897
0.5585205527924306
0.5566631387952206
0.5519431919601713
0.5576150792243595
0.5458769460718166
0.5506763495270891
0.5553921639303472
0.5313437881479505
0.5479932004111289
0.5382412458956394
0.541793280349491
0.5489734114355015
0.5676884307829607
0.5697605412143757
0.559980413035429
0.541469678896045
0.549677168266685
0.5578513795246277
0.5632530964496185
0.5300254313363219
0.559200893138842
0.5540508768039916
0.5439758814399056
0.5471365964324767
0.5397421253427528
0.553380356900039
0.5497643954727702
0.5487932283892382
0.5482652440249763
0.5521848811472186
0.5412444999548568
0.5611110070112525
0.5446968344007591
0.5487814570294458
0.5556261746999971
0.5455552233578471
0.5448465750341164
0.5234404740616552
0.5356992375697676
0.5588040846118877
0.5599905374753285
0.5537755464398317
0.5693840136353877
0.5512951185464835
0.5367217328263516
0.5577489086930725
0.5496304883394989
0.5392000149966021
0.5445799892160071
0.5506914245792734
0.5477203708970698
0.5274156475453586
0.5495522514549441
0.5452373836079302
0.5311194190673584
0.5351109043790776
0.5370590180081253
0.5543343481677557
0.5262064668125842
0.5589682212936125
0.5332191026215972
0.5235861050075706
0.5287839189575307
0.5335346267059273
0.5517404479353337
0.5496760675043686
0.5286734460675195
0.5488865301591364
0.5614210451835587
0.5584184646489282
0.559639064209868
0.5455564672298757
0.5506039213959155
0.5410546003558547
0.5533170150822049
0.5614275309957031
0.5415413612920552
0.5327059458516341
0.5505429611232383
0.5563386918138209
0.5506698152973426
0.5585125130420409
0.574230511153463
0.5581553841235911
0.561211286179763
0.5697743166680554
0.5726650356122168
0.5823706371443564
0.5701013345957964
0.5362719085703436
0.5358254696309578
0.5433339832558123
0.5565809685972816
0.5587748819918285
0.5511770574667274
0.5262791759541184
0.5458062475460294
0.548462878574064
0.5606191331873702
0.5590554521276684
0.5569019739974882
0.5448849678695532
0.5562738890450436
0.5596437011291387
0.5530899016637123
0.5547096049725502
0.5503922602515074
0.5569622211907402
0.5522566518782867
0.5564094761349052
0.5692530781774643
0.5486553966183499
0.5506555412141996
0.5416048479259833
0.5551302684802556
0.5363225826681228
0.5594818454106244
0.5696707228058506
0.5596954456982101
0.5498440348231336
0.5425930749611881
0.5420388257852204
0.542081720266379
0.5263439311697813
0.5528032738344685
0.5581887328902504
0.5477420505169259
0.5263451930557264
0.5499816622838647
0.536988129053115
0.529484563968551
0.5428685495603557
0.5556032295639775
0.5461069607661172
0.5201304570911354
0.5459941251993832
0.5682549023996346
0.5571198094836011
0.5474758030158324
0.5475974739072537
0.5351673918772173
0.5539085795689578
0.5420211591895119
0.5214495762851777
0.5446221884834775
0.5465790355495453
0.5638185397568586
0.5620709399210783
0.544453279732961
0.533943494960005
0.5283069172700319
0.5498247194242853
0.5486206838322961
0.5486791674943198
0.5230222042544703
0.5509928116404136
0.5652075956567185
0.5580423437022932
0.5455033619667938
0.535280854897603
0.5321113176345941
0.5711997784288618
0.5350650453760242
0.5444936772337
0.5516500459909967
0.5329163488558131
0.537787921557922
0.5292397291572376
0.5086530359095222
0.5199195059748498
0.548697504534445
0.5491075958426613
0.5411136972751374
0.5338102015673613
0.5411703962313111
0.5569876715841264
0.5477415554232108
0.5506602033277298
0.5597135300491232
0.5583672239807256
0.5748234670163912
0.5738758665065167
0.5416021780577228
0.5549209462934686
0.5440650520596002
0.5478454993518354
0.5406477976152916
0.5685147119100379
0.5616708558995135
0.5529661251457048
0.5540590681140101
0.5437634351871495
0.5521954000256352
0.5646071913999746
0.5600884885060846
0.5435175259450634
0.544845489533299
0.5234143160438891
0.5212143687376372
0.5520417772650882
0.5505562638236119
0.545122756569228
0.5516498664338622
0.5655745339026695
0.5573546470946095
0.5612341483320772
0.5451063432124968
0.5323240124612354
0.5637331250491224
0.5643527905218965
0.5683655299147501
0.5498473343047441
0.5490508243603185
0.5556907879627009
0.5544262799446091
0.5373936975541335
0.5280598936630319
0.545199932891518
0.5558133047851322
0.5405405770243418
0.5449552146654534
0.560239909816054
0.5355043066312265
0.5508492261859056
0.5589502170333437
0.542371867401232
0.552114543420641
0.5520544998666315
0.5721482776980229
0.5704261620200134
0.5697854933772425
0.5659886571691564
0.5745134798580405
0.5402885857908666
0.5245631828028245
0.5603330584487379
0.5481759881142155
0.5491140463548979
0.538853263553017
0.5372385721029324
0.545145019373471
0.5247640101444553
0.5513561559449968
0.5430217124397565
0.5453366932068279
0.5392042867896816
0.5451113881683658
0.5275113419018895
0.5288752276323532
0.5383399907748322
0.5546907178209805
0.5630380640187612
0.5607987372106467
0.5425908299282228
0.5543198755819202
0.5627049759371284
0.5603171746219073
0.516617217683218
0.5208811057955368
0.5654084607215704
0.5770702569903955
0.5469801847673559
0.5317571976272912
0.5415718711185336
0.5493681897228624
0.5609941987998346
0.5582390907077956
0.5764610524314887
0.549724589149388
0.5625891204595883
0.5697961953094495
0.5525536981623729
0.5355109789651123
0.5265424801474745
0.5143869608816635
0.5378982583918965
0.5376791608893857
0.5451094328891809
0.5450983089888112
0.551172778783697
0.547509196334507
0.5571485297509858
0.5555345993993247
0.5773126945141281
0.5625026224200526
0.5464637626866468
0.5678171365463168
0.5511799489618162
0.5666857873938037
0.543732930248025
0.5397015891862041
0.545352926040425
0.5486092756310831
0.5563182653074399
0.5426039265394428
0.5672707455127118
0.5567870449617875
0.5552851448387661
0.5502125852541608
0.5612017831441285
0.5359705005499765
0.53175637779916
0.5347629612119861
0.5390383710906307
0.5459835552396615
0.5514461748138274
0.5588532608771019
0.5619000794456148
0.5638576665524125
0.5591638286922599
0.5339830865508365
0.5180026344082698
0.5387367942802734
0.5313322795323667
0.5486990213738346
0.5357449964240657
0.5652030799725286
0.5590362455739525
0.5450058997491314
0.5385594414096954
0.5492258378623416
0.555969476599252
0.5503362908954454
0.5656767078524263
0.5594310831775846
0.5616116931085635
0.5478720347671341
0.5386078003989326
0.5366891188019731
0.5445064170684909
0.5485599663161297
0.5325618650208703
0.5567062007758834
0.5531718400693219
0.5453438132891006
0.5558373439264368
0.5614697365356581
0.5585200928186286
0.5581332558196243
0.5482898572215628
0.5443062149474007
0.5293934104429933
0.5285533777910458
0.5371982859055807
0.5487025165234172
0.5278615155412117
0.553842727524585
0.5564561438434596
0.5525909234612609
0.539431005660964
0.5511862171314917
0.53463575591903
0.5462356570192113
0.5403551288194498
0.5500486493253498
0.5424051285177292
0.5564606748411093
0.5242625143935531
0.5423195088123645
0.5359968284294272
0.5612181392795612
0.541073753967542
0.5560279738050583
0.5615764234590346
0.5535052043216582
0.5504168514911055
0.5641608753775231
0.5670166284705848
0.5400727695771715
0.5244009729856629
0.5624075198397492
0.5565962025881563
0.5378774376629154
0.5308081528750564
0.5457118437430915
0.5467585026853741
0.5614827233593621
0.53490848711616
0.5641335645757352
0.5435151561031919
0.5609602455834164
0.5473560145527008
0.5491964941568054
0.5331318703214437
0.5463296809495177
0.555738368243852
0.544777590021999
0.5547631865912263
0.5405256350037873
0.5671666174816309
0.555290238918359
0.5621162962337682
0.5455298542148904
0.5594229993933484
0.5453115647212384
0.5708402690349759
0.5469661975399734
0.5534629109875411
0.5317613905723921
0.5385239275555042
0.5460924024282343
0.5593287538904173
0.578344952412137
0.570585862443075
0.5539261178375117
0.5564487061439958
0.5414624922448298
0.560217067206205
0.5742513403901368
0.5817799997985166
0.5370915392133391
0.5385820910490993
0.5457421754027788
0.5341778546006776
0.5191821815274229
0.524783275488276
0.5556660053820233
0.5621169129492395
0.5552331138734891
0.5373101242425361
0.5639526638260837
0.5664686548804223
0.5452034182004886
0.5709042298848778
0.5294205429730026
0.5577595601241818
0.5393491458587535
0.5348098980500989
0.5411730734416924
0.5451789552650622
0.5492868114948689
0.5441312733324339
0.5456548330655241
0.5569140551493756
0.533602762176203
0.5390976923014694
0.5487029765910962
0.5525987642365969
0.5511840075051816
0.5596962637828837
0.5506046078597603
0.5303874829865569
0.5356118264754846
0.5560026724717664
0.5323567245488375
0.5312613160668515
0.5486806814823186
0.5293268725972189
0.5275429313906984
0.5443615406342542
0.5172133668683517
0.5412634112379638
0.5432836975735471
0.5652406278810249
0.5455748462599406
0.5404546991415569
0.54502587192749
0.5526871501732435
0.5330281104254152
0.5565057514396734
0.5667307367782617
0.5374399533153456
0.545916942343196
0.547717717866495
0.5662146026177249
0.5473898130702299
0.5343937956394079
0.5618099348617033
0.5512526571722145
0.5385305761230307
0.5364999310157482
0.5378323865900756
0.551465946076401
0.5313412935418261
0.5442615410434498
0.5667442520640764
0.5539082295271337
0.5447739996223234
0.5348180476390912
0.5474547422860913
0.5376445373106508
0.5517483164178822
0.5487363644348747
0.5357635521206597
0.5416900596519499
0.5445613271685997
0.5711613704944185
0.5577493071638763
0.5574603760005405
0.5344689712460566
0.5196288594130751
0.5327965932607203
0.5366058300457057
0.5375080808345317
0.5305474052344246
0.5490190923333784
0.5686756264377554
0.5416735576135161
0.5428325912968126
0.5556512704261674
0.5592737909170572
0.5211968627876344
0.5387707568618706
0.5412193484251565
0.5497942104105924
0.5526686687241388
0.5778929597480164
0.5786152885205758
0.545324621674143
0.5443384337200536
0.5529512925380838
0.5532721722104436
0.5509676810500853
0.5685966092596301
0.5467778792369155
0.5316432602595557
0.5325924644194464
0.5496638360121221
0.5615233851120346
0.5515818812877294
0.5367753516002094
0.5337263723792937
0.5513668709943264
0.5377350072397222
0.5679829741435596
0.5628471700748974
0.5470924783217826
0.5459938656340897
0.5465639809664419
0.5444244664508928
0.5504442526940737
0.5378850426172211
0.5298908859510713
0.5494199938450866
0.5429715611906184
0.5457630578044425
0.5378549275382376
0.5443927900791959
0.5703601943702802
0.5658594520560778
0.5547215638646329
0.5354809651391046
0.5439173340106385
0.5547768485841722
0.5511897716661298
0.5427391998596177
0.5476979141098436
0.5385859151266815
0.5425871380369216
0.5440483043369406
0.5577515661860388
0.5634350043144266
0.5275539220171804
0.5684647507884971
0.5434279945560844
0.5532329150741166
0.5630020448103014
0.5704901924391775
0.5715707861117506
0.5604392859937521
0.5424415732725243
0.5462351669878228
0.5423859761564217
0.5474074889140776
0.5360903959544684
0.5537280930570402
0.5457647373244221
0.5351083696140347
0.5719599184204458
0.565450868783829
0.5499772383358313
0.5329005013623126
0.54233990670129
0.5314165971186738
0.5565429745207956
0.5602880812758521
0.5512175958119475
0.5291022012496006
0.5496626068450983
0.5470663837539512
0.5563261013489134
0.5549948702983526
0.560945302777819
0.5321220894940305
0.5637625683685277
0.5539201414325434
0.537851606924925
0.5317446511474204
0.5530273671567992
0.5558305431664697
0.5531585693614933
0.5492778324731049
0.5344282364920612
0.5542072385846831
0.5554694523146138
0.5471006821358894
0.5435534439291861
0.5575850074151588
0.5367841225846554
0.5582614406095053
0.5427997200492899
0.5554396403090236
0.5402678750110713
0.5352222403504646
0.5431498842724896
0.5435198905210825
0.5461670476499793
0.5361021426373563
0.5528305696884899
0.5698835677401691
0.567337333451819
0.5693611612022463
0.5514842704769072
0.5378888535011469
0.5282477500710504
0.537685160578926
0.550118600322965
0.5697081671663567
0.5607125571449858
0.5556861544270951
0.5577023279152473
0.5479559123740597
0.5496282291630512
0.5224926177735624
0.5437545564213184
0.5441871014580798
0.5364221333562487
0.5598327276450626
0.5561880762811812
0.5581337745497468
0.5371494620063397
0.554148473838375
0.5595476752186423
0.558774487655847
0.5578152834545781
0.554837791985546
0.5588465673929688
0.5603157678703616
0.558448366001444
0.5572947556802932
0.5525287745751675
0.5442048520927929
0.5517902534376217
0.5383731243115886
0.5257357702091698
0.5443683669425123
0.5439519066375514
0.5575064950213116
0.5576781460516903
0.5533895919562696
0.5412148414759479
0.5657525029875322
0.5308776974441357
0.5496628729242005
0.5373060533563087
0.5402284319115104
0.5560123394826277
0.5538619173262015
0.5549005650790959
0.546196123890893
0.5525511893933436
0.5513045304231724
0.5493303001096523
0.5414285343331353
0.551157760992668
0.5531480846419362
0.5539275942565489
0.5516602125472675
0.5593869701074384
0.5459037087770527
0.5605024741501039
0.5651136715914582
0.5469820452625392
0.5662622038178808
0.5346215274805143
0.531851873180606
0.5464214318249482
0.5544817886572112
0.5589488878132325
0.5443014704926618
0.5498826522224275
0.579793656582979
0.5576102501584402
0.568713402752181
0.5620780636197525
0.5522989991175922
0.5282446190630531
0.5302596518558321
0.5440461053974214
0.5604800125005169
0.5620683895306479
0.5474618553463274
0.5528201896385811
0.5605163998658241
0.5677390382548897
0.5457745873806129
0.5417380230537948
0.5518855872792922
0.551207025779653
0.564391160074711
0.5431440674560024
0.5340359335749508
0.536296008694425
0.5404304276103152
0.5377162960795013
0.5756673595543285
0.5597743245346133
0.5378139825902598
0.5505716202230719
0.540445890486462
0.5776329099143553
0.5464437816837575
0.5528856978726122
0.5415749608566147
0.5229939480135215
0.5388442029827626
0.5501761017606157
0.5358984063004725
0.5520768194560893
0.5481008362648719
0.5567507711454933
0.5431795113795213
0.5619999455854909
0.5577600427345676
0.5573252830531096
0.5614143607465798
0.5753558768656065
0.5370629715019078
0.5447125844188608
0.5391229230478182
0.5187876277263391
0.5318549922398372
0.5223965571142751
0.5556878402476262
0.5235141550998766
0.5406841615583945
0.5591573416914984
0.5500447520992034
0.5373323827405644
0.561614474033309
0.5506927486809615
0.5450318113026242
0.5646083089150655
0.5441547970995987
0.554916215611205
0.5595441400594132
0.5523980838520479
0.5547282580855312
0.5427372921778782
0.5470641303929776
0.5599788804752541
0.5328942892313766
0.5272466359687275
0.5440852393747174
0.5428180355542945
0.5373815153236406
0.5559321987912358
0.5412430553405589
0.5350397527261245
0.544985509954333
0.5573969757002618
0.5541400196445857
0.5330847055723952
0.5702356039322884
0.5664258401324321
0.5610928542281761
0.5401727061114113
0.5236201641398592
0.5315132966038697
0.5676825993729944
0.5508523064357291
0.5445318440144471
0.5378058446542437
0.5298994070991051
0.5428555958776238
0.5440954486742782
0.5699344718165694
0.5376867713599269
0.5424728054610414
0.5665407694761887
0.5442942304360693
0.5592021524649121
0.5534127529401466
0.5578022478054433
0.5353255231927749
0.5446792559974188
0.5312593079409981
0.5482367988915615
0.5581699551031749
0.5746815287102546
0.5691562759321578
0.5622450510881815
0.5364576685414034
0.5398880976397802
0.5373246698647951
0.5504971174338014
0.5559348797916407
0.5462798785843911
0.556426828826545
0.5649169928002769
0.5653065683581066
0.5280363658826001
0.5346885967760067
0.5528100774113737
0.5383976321759348
0.537301972119463
0.5344341713217785
0.5296535158583515
0.5395506339776657
0.5433179573212654
0.5455136158062729
0.5573206483948295
0.5719901193308383
0.555092590024039
0.5665175680260298
0.5716920443511812
0.572791508786939
0.5705716869816545
0.5554270093836738
0.5625586962161386
0.5665805345890991
0.5695591544719796
0.5658982399217211
0.5561647655478297
0.5532086809352831
0.5618320018719446
0.5847405527796503
0.559308700001055
0.5504712157862737
0.5519127708814379
0.5334692701282633
0.5371275381530143
0.5255807349229678
0.5453830932880954
0.5373595407092563
0.5342864890182284
0.5434800887469383
0.5498216606795395
0.5452130614890103
0.5416332943199696
0.5228080461742295
0.5204475254896486
0.5408576634844722
0.5458419941405658
0.5613013262650017
0.5565458379866706
0.5404707787192989
0.5575941501983669
0.5439159181143338
0.5579493676941341
0.5622890359869235
0.5484000241762788
0.5531086370056616
0.5424571565714155
0.5549804760338043
0.5385285496759479
0.5302956078106037
0.5402938384338253
0.5378988433947584
0.5421661542959839
0.5476140634035781
0.5568882564754267
0.5511843878086634
0.5585067272713865
0.5479158655105754
0.5465645424919312
0.5480955024389619
0.5352452039162959
0.548213743375815
0.5602547779499158
0.5351742953532446
0.550983508921559
0.5631692980011517
0.5543521668103131
0.5712921730666893
0.5450033248511583
0.549555673720847
0.5511678750931531
0.5424997541831359
0.5274765542638044
0.556170275244224
0.5518941841692706
0.5371172981488763
0.5400404671061377
0.5402148887948115
0.5520022480917088
0.5455995843816217
0.5588130599982623
0.5560221054627552
0.5358177278666659
0.5323262253439313
0.5343598326899223
0.565212245546063
0.5566848231584111
0.5660848169756262
0.5244899088450728
0.5274430142870841
0.532841180798823
0.5421040383438701
0.549217009265651
0.5564398174769295
0.5657353508396107
0.5597969822589102
0.5679900580225072
0.5591920609120618
0.5316501201906948
0.524567020964183
0.5343821967691729
0.5439517423157894
0.5573158379558514
0.5646165344946278
0.5462101624213351
0.5467815155212908
0.5546366942530424
0.5330279963300637
0.5341486875497637
0.5449641340838434
0.5546453855580362
0.5551409543498397
0.553087256786026
0.5264418255292042
0.5583748556852999
0.5401129931057483
0.5177844641193462
0.5230060479663194
0.5243845237507088
0.5386110319772983
0.5478318743189271
0.5226748943700587
0.5175304248112191
0.5470314196814509
0.5555054246395155
0.5602738426607351
0.551388913844872
0.5504760244937725
0.5464348449011034
0.5405723843546918
0.5654863472939673
0.5361467527203564
0.537003327535941
0.5482960920444154
0.5411326391819836
0.5406489529758942
0.5505703230120058
0.5458754521421999
0.5126770462367275
0.5146728731845517
0.5248978043503836
0.5376819594314354
0.5582733636516909
0.5553233714148287
0.5317137340691408
0.5524708900675827
0.5348104721997785
0.5526549425962666
0.5277118844488958
0.5451455454698542
0.5274417590067024
0.5462974266373928
0.5488036048960737
0.5285018611456201
0.5478433166995833
0.5456981122837326
0.5236803854398367
0.537341419768099
0.5471636924770252
0.5222165065748781
0.5491443157971079
0.5518575884309018
0.5542821272234788
0.5510986375615715
0.5570301244375773
0.5577143137308859
0.5484211274524643
0.5472688466795984
0.567431077809558
0.5592080512426604
0.5481365339196053
0.5586590890087209
0.549180629448663
0.5587768368737575
0.5393714311000025
0.5370563491841104
0.5514664780264233
0.5673204509482481
0.5815236044426353
0.5671974855265459
0.543925480842637
0.5545646529112851
0.5520965948946498
0.5515975831743791
0.541660435476988
0.5421411363012706
0.5680713736831471
0.5677787198627412
0.5878686096328625
0.5618410849153023
0.5571108510077043
0.5638161998646403
0.5670469850242192
0.5678221601423743
0.5424415958884667
0.5667524336852143
0.5642300277440023
0.5596044621254369
0.5646502662573183
0.564902620480658
0.5534292336877233
0.5377926920648168
0.5464808681221126
0.5522032126468677
0.5502241709406884
0.5532747314892978
0.5266384375240526
0.5477649696024595
0.5629354940165954
0.5423651484569448
0.5494561655590484
0.5381383484599759
0.5316484418563123
0.5437846640506226
0.5445244248632168
0.5407887652102727
0.5517877561856449
0.5305941594506903
0.5423632213554869
0.543669121660033
0.5475627053372242
0.5521863214494298
0.5298396162328649
0.5634988096327288
0.5688471924783487
0.5551742743273881
0.5527251808728849
0.547239732389077
0.539393308630419
0.5481827459891814
0.5549400780754602
0.542404106312753
0.5320890774726137
0.5408528094455096
0.5314402691624435
0.5355251407612717
0.5542173190952515
0.5689861380429878
0.5651094058651875
0.5698414402097844
0.5452898386798097
0.5494159191008321
0.5520421699629493
0.5511702754987152
0.5593454396182146
0.5788048953029462
0.5804142162015973
0.5430842060498897
0.5545182038803456
0.5614493863476198
0.5465730026130045
0.5749078145217058
0.5608884661095899
0.5407946665739839
0.5498391040251869
0.5502227655509827
0.5454885654298262
0.5612098391530501
0.5256667410689205
0.5530398117945563
0.5529010796362688
0.5478631832628924
0.5775853366684862
0.5751993561076904
0.5477908020895043
0.5477278197731157
0.5358758717164515
0.5293496196527979
0.5527783539064708
0.5532545315038486
0.534722039236957
0.544587046483115
0.5550350608299116
0.544883435728648
0.5515146390949568
0.5580882620960859
0.5620253295185821
0.5536847583791167
0.5621081956564323
0.5682144873659515
0.5595749131883199
0.5435879789509046
0.5419364205075515
0.5752271804446117
0.5432474994074
0.546636711302428
0.5612331609509182
0.5576807898611444
0.5519153604146556
0.534073584007373
0.5378730774540973
0.5547157910344624
0.573430644373489
0.5867840357283306
0.5599328511287412
0.5580925871479893
0.5653889910039223
0.554340813191393
0.5322594194014404
0.5534241944740916
0.5658590379030927
0.5598828224707789
0.549177620346374
0.5496702379293487
0.5475957622480874
0.5700845538715826
0.5539408254357853
0.5506206402856332
0.5460522164314126
0.5458523287234691
0.5469671439346393
0.5648262316438233
0.5622433031930236
0.5473385065059497
0.5331825086812388
0.5350293183341571
0.551769295014943
0.54551786035569
0.5378740982352406
0.5434045713934477
0.5666845757780155
0.5537205708803398
0.5709851192745999
0.5752353754028751
0.5436712405717243
0.5609464505293078
0.5410001629477349
0.5494819433992907
0.5570362131648594
0.5494657964981301
0.5435180416905948
0.5404204870272193
0.5189291550552191
0.5355015145106743
0.5502267912346349
0.5531748142887943
0.5655869475414128
0.5305304551339124
0.5618306742299212
0.5650549817076632
0.5361093883589031
0.5688959232055812
0.5449829361473605
0.5576894131594349
0.5494898882186627
0.5651540330774236
0.5417091007324623
0.5462543713287589
0.5651211574457069
0.5617919370518746
0.5560932450875099
0.5285970474236443
0.5560337267142325
0.5327103808564074
0.527407726799712
0.5485367918406521
0.5459074782921055
0.5572192351867143
0.5552695779818735
0.5454561151999963
0.5530528648810881
0.5439863675063605
0.5347324873184862
0.5474437288165495
0.537359458958137
0.5367957706908629
0.5434308485470609
0.5526088470284515
0.5588165329709192
0.5540094521804729
0.544853209289321
0.54050094087541
0.5647680115045275
0.5578034665836938
0.5430414097639988
0.5302139547511386
0.5506554900198161
0.522357456819988
0.5587454577094187
0.5630639063721057
0.5562499635732339
0.5494705324976286
0.5407140656561621
0.5359472752096764
0.5360390573609278
0.5571528006146391
0.5539957273557943
0.5684234994889643
0.5378933262457625
0.5434165730636106
0.5578304606749178
0.5539220682295539
0.5550774293173524
0.5508540843064721
0.557348377144671
0.5576183128333135
0.55637515194407
0.5525986130187943
0.5442003435885633
0.5422481398216973
0.5447577116067405
0.5459430412566945
0.5447709891732594
0.5441053075048207
0.5491431545767385
0.5501990288304837
0.5528273684755589
0.5577649899336994
0.5479311913307278
0.5457141027542409
0.519234181840618
0.5309681430607988
0.5477421775511562
0.5291112054318062
0.5158290465979141
0.5423741994822123
0.5478070641219769
0.5583046049913183
0.56008408255794
0.5479768964049643
0.5313804751026948
0.5470574145974668
0.5511208321312038
0.55162323564971
0.5476592634667771
0.5363438747765891
0.5495840998785512
0.5369813128810976
0.5336052806362775
0.5454649958075634
0.5676377118593453
0.5601588050631052
0.5543964056069304
0.5409800668841207
0.5404142304638866
0.5415729695497179
0.539327681762525
0.5445799144100942
0.5605557112319207
0.5491024965011516
0.535738939884765
0.5596207229327034
0.5569293248064511
0.5718261307092244
0.5512527403489107
0.5472669443770801
0.5664349820353709
0.5638523514003648
0.562879792187886
0.5571701990029394
0.5515227263786845
0.5529088320155098
0.5532176180861045
0.5674343905211586
0.5648567295248552
0.5619083293586035
0.5461487943295475
0.5473854794287406
0.5401687492057289
0.54911333846871
0.5267843020774046
0.5624406760312882
0.5546499866784126
0.5450274459578496
0.5407069263897117
0.5491936258654696
0.5535339324059123
0.5362539908124819
0.5345656957723008
0.5354424432157191
0.5482635876055183
0.5549226052099671
0.5551220921545956
0.56059468169294
0.52230109764414
0.5362070482950941
0.5530192362552871
0.5734666569904965
0.5452894254928693
0.5321992006004104
0.5462500077696167
0.5603154014572258
0.5556353358296033
0.5348327975591931
0.5456521942691465
0.5563210909928016
0.5666494044883157
0.5622005359680031
0.5456715204455479
0.5353852492700759
0.5315765039682002
0.54885029947943
0.5437119741395001
0.5501552122953495
0.543048295400056
0.5577779693877177
0.5293559035157048
0.542010537865578
0.5429669144216716
0.5422032735121691
0.5367274306400556
0.5532846653206578
0.543175036623891
0.5594004420927031
0.5475152649665125
0.5500794747083454
0.5529964285332832
0.5439799907509629
0.545704613165346
0.5481866483337402
0.5574508159542718
0.5399976240274147
0.565779785698582
0.553813791171126
0.5477561511264887
0.5473122041635587
0.5573655760641917
0.5669004228289434
0.5645583289425377
0.5326852255800412
0.552886754562587
0.5552674023920486
0.5415299696590458
0.5420662460866312
0.5638255063553608
0.5551042074604127
0.5405530121189192
0.5332532001297859
0.5381316593822362
0.5360411358163755
0.536936991195462
0.54410467655844
0.5507253687718481
0.5426441049710183
0.5431303003279734
0.5311503876369779
0.5305301590122572
0.548358874468913
0.5800194016008761
0.5513829949236773
0.5716941871574508
0.5619873534557907
0.5512035070448228
0.5498471644909256
0.544542433366663
0.575043936889619
0.5735628770529468
0.5506084467336294
0.5412548263734444
0.5734153123911726
0.559889174221972
0.5575754442934995
0.5668024616432854
0.5545280292193772
0.5602221067643023
0.554430030492972
0.5666459840245391
0.5694969983339742
0.5611827297138601
0.5314008264599295
0.5590913838149444
0.5638300983654863
0.5341255803820233
0.5253681716735369
0.5401028837325916
0.5601561555019273
0.5380045986593596
0.5495810524899272
0.5387858173275156
0.5340383457549617
0.5447321982876957
0.5521870374111792
0.5347873430103777
0.550557262491363
0.544369692470517
0.5575364151602555
0.5637821556878724
0.5512695715648116
0.5258079746178067
0.5505260484967615
0.5573795698304332
0.556371585910235
0.5312885741505673
0.5489731799317129
0.5429420431696581
0.5450211562812023
0.5436415160051474
0.5436061939071476
0.566197747939714
0.5741642907849028
0.5580867203624861
0.5391441251817285
0.5407167022473749
0.532264062799801
0.5251005943873777
0.5344145939077917
0.5533673833344201
0.5869402387685962
0.5505870503131769
0.5327306420344224
0.5449947116839315
0.5466346500343812
0.5616331140594742
0.5366931102193117
0.5644145207965063
0.5322561659221297
0.5585891651314254
0.5592955418473856
0.5662751069084123
0.5643169909394379
0.5615592364147163
0.5474201185104811
0.5492003160433785
0.5407099538666661
0.5611708343948585
0.5538093602553963
0.5446781690245115
0.5425104421228246
0.5548335092256244
0.5385468952243856
0.5472412921015686
0.5598122026595043
0.5723018166263871
0.5510688073925445
0.5308118425300195
0.5143741410456192
0.5485195963311145
0.5726892185828131
0.5532469342409652
0.5479455218977732
0.5436823251751972
0.541827122734022
0.5720175953906941
0.5572954276435134
0.5583512848287496
0.5528752630936714
0.5557560741601029
0.5496157157853451
0.5602584342659347
0.550122367254774
0.5455789478455002
0.5561432067292529
0.5503812256808582
0.5498190066050958
0.5643417484951277
0.5459107159872252
0.5523392023259489
0.5447049759955787
0.5535325840017999
0.5699067165357465
0.5659187385721042
0.5723896963953026
0.5730913108157429
0.5611092086009121
0.5655065254074629
0.543013903329575
0.564678751216291
0.5465533442800319
0.5601933950031094
0.5716989498942109
0.570677968931893
0.5646402148090204
0.5484939445000138
0.5314029500956303
0.5618467874933
0.5591390019105585
0.5603230909367621
0.5743719445305597
0.5741384732266085
0.5382531579569123
0.5482043781224368
0.5501100778486776
0.5610114244875775
0.5433491300344128
0.5623923281678812
0.5452266979173606
0.5255197603865519
0.5332169156923184
0.5452222317162998
0.5656203838324673
0.5474038195459667
0.5364314646638141
0.5514547391844506
0.5552933378869483
0.5534835803151239
0.5521880153909047
0.5493099354246033
0.5862495214925207
0.5667076814650573
0.5470715412508629
0.5529597107266905
0.5455314301820661
0.5503785303007749
0.5404608723272315
0.5408562641552973
0.5486153461080172
0.5363998460185221
0.5362768281676319
0.532226736823296
0.5564302168088627
0.5616277973886173
0.5654825298415483
0.5594269514409289
0.5648704523102707
0.5652423083610537
0.5346177906943071
0.5589351862439558
0.5574721139653296
0.5630971614022919
0.5606848425135048
0.5450288118721272
0.5517370406978934
0.5412652304028601
0.546567850864353
0.5365778204253303
0.5544067509714788
0.5609502036860419
0.5368750154228665
0.5575134494923123
0.5558180637981289
0.5479512236490118
0.5759398737144242
0.5539700279605686
0.5629354143640023
0.5431665123979229
0.5261965627464238
0.5372668869541317
0.5557379048010163
0.5704632403514469
0.5452533985145599
0.5226924303039755
0.525750140230795
0.546917154050733
0.5511623336148325
0.5471749166058472
0.5437775229722234
0.5518138497512431
0.5779907048486698
0.5531851121364456
0.5625590444185119
0.5452286544563794
0.5658872576675826
0.5477919971726574
0.539799607824091
0.5084375945787011
0.5535129735709051
0.5348575356615733
0.5514430964333753
0.5530430159916768
0.5436374614881698
0.5488116639391556
0.5631004601504801
0.5480119427784926
0.5558048636833781
0.57815796218622
0.5770218129634131
0.5579330875698689
0.555995401343121
0.5476346737817077
0.5319323243730569
0.5405884792717547
0.536732352387783
0.5470405813247998
0.5433943393448646
0.5542677627257926
0.5420677080564312
0.5551300537407493
0.5442914711764929
0.5482857616082618
0.5398127286859477
0.5478330700179871
0.5515119643428513
0.5594798051804248
0.5562456157028992
0.5583165900201714
0.549275920363576
0.5443570140906094
0.5595969018858146
0.5433135977794047
0.5389462789649953
0.5529142493190178
0.5731340331068697
0.5520766573713536
0.5648115442372027
0.5486042346077411
0.5377001578367113
0.5360065212721743
0.5569398745448677
0.5488203385924982
0.5430371688647149
0.5686464465065872
0.555736750416317
0.5480710109332069
0.560028698138379
0.5586463836590743
0.5795150750971758
0.5652325755642927
0.5750277862964203
0.5619450037592483
0.5586713050708241
0.5501015930900923
0.5488522589500836
0.5485966669823835
0.5327952820828225
0.5189711465992165
0.5403894754191214
0.5522327034741049
0.5375226647741946
0.5284001939346307
0.5319055199904577
0.557619183755637
0.5477952037069715
0.5333876563222575
0.5437170357124445
0.5469714092340892
0.56342687027051
0.5546678149245238
0.5407842385893471
0.5650779671218984
0.5512972487942754
0.5486086645591834
0.5391155980619242
0.5539689718048421
0.5739326305547752
0.555439350134314
0.576110756551022
0.5392285076395674
0.5355875942742601
0.5566695951624556
0.5431014852691504
0.5526901522585631
0.5630117921645316
0.5601134360704908
0.5575044857634412
0.5645689036520043
0.5623941070653597
0.5471801040925189
0.5579328939640275
0.5584610048584188
0.5586227966513904
0.5545412182072201
0.5574980213485888
0.5356544451383105
0.5567981893878474
0.5591795754141302
0.5574195430811723
0.5468997934855305
0.5518039471466175
0.5271303998646741
0.5548878598714742
0.5570471672556813
0.5475641681886203
0.5516189387174618
0.5525795535908994
0.5520235411514334
0.5581664784003254
0.5470260627693176
0.5384458678013334
0.5558615882813106
0.5318914570462175
0.5531189817353457
0.5480764242742535
0.5665024237588886
0.5480182561229311
0.5680014254153706
0.5553430711213402
0.5302802755777497
0.5441736877714334
0.540894867505914
0.5383492764407913
0.5548502143385244
0.5766717290065339
0.5638778914769808
0.5512615705852086
0.5585319843766275
0.5435513635596787
0.5582740950459697
0.5504652369718477
0.5454498266694947
0.5363697239216055
0.552328140144289
0.5625854017445024
0.5757887653271059
0.5572949928161477
0.5452433964494992
0.557880466625968
