2.7236536943263414	2.302971325777247	2.30203842549875	1.7256070208697485
2.302993299492632	1.947289857786858	1.946500257729635	1.4591094129077173
2.3020307273599396	1.9464593951364637	1.9456787302466108	1.4584924847636627
1.7256329845170173	1.459091885286494	1.458502343256061	1.0933203925878239
2.7199474625001234	2.3005079297711277	2.296160123061831	1.7170256774169808
2.300498731974869	1.9457257827318963	1.9420474729087995	1.452227476397935
2.296160501962732	1.9420577527952556	1.9383999700288677	1.4494941955389988
1.717018531093803	1.4522260465241121	1.4494910482846393	1.083913189608558
2.7181466043296254	2.295206596868602	2.295451860874446	1.7093181054332947
2.29520363907473	1.9380900335635836	1.9382822500103947	1.44336291806771
2.2954459468282296	1.9382821113094242	1.9384943468825593	1.4435115975466422
1.7093188124494485	1.443383182941593	1.443519663678387	1.074983544549861
2.7186581674713444	2.2969646419206478	2.295359606418366	1.7108392648603357
2.296951674808812	1.9407045480020677	1.939295497193708	1.4455026239376767
2.2953875776461117	1.9393905788058596	1.9380165757762484	1.4445773615917303
1.7108589256727391	1.445601071135715	1.4444997297689712	1.076864279551972
2.722751026224797	2.3016144687444564	2.3046852882068243	1.726277423238625
2.3015883762941898	1.9455927666325847	1.9481995519007185	1.459271306824344
2.304688526794608	1.9482444711632987	1.950841517394072	1.4612872564788573
1.7262510188598015	1.4592662111370736	1.4612175517256247	1.0945243496853905
2.7244817181052174	2.305519619288038	2.3055557964527575	1.7269708648118296
2.305526731433332	1.9509798847236233	1.9510056303953585	1.4614066121195641
2.3055319358838386	1.9509892050730657	1.9510330310598425	1.4614250046955497
1.726950350774594	1.461362548032339	1.4613727344442993	1.0946757027385277
2.721065107360731	2.300116319353812	2.2972492472552997	1.717459330536166
2.3001043187072905	1.9442946697036323	1.9418485351807713	1.4517770520895106
2.2972683778502216	1.94187750324409	1.9394598173232502	1.449977003405263
1.7174725101388486	1.4518145573914616	1.4499862073844298	1.084091955853812
2.7213261271883042	2.2988236699190563	2.3035821514772756	1.72343243968128
2.2988095767477374	1.9419074557175413	1.9459156868666676	1.455848618232854
2.30359347577508	1.9459702781472419	1.9499669233461656	1.4588887899236977
1.7234287522340732	1.455849006237691	1.4588533259303917	1.0914037445710878
2.72052182930644	2.3014064991987713	2.297556657828664	1.7193177280922818
2.3014233027665334	1.9468857315908272	1.94363647633959	1.4544898972528053
2.2975416554537937	1.9435895316688592	1.9403318817084683	1.451996914298898
1.7193159228877173	1.454444744730284	1.4520197490636904	1.0866225476432125
2.718474435500285	2.299800838132516	2.299824114205705	1.7228304563451993
2.29981308404397	1.9456190271171998	1.9456542980988614	1.457519524584418
2.299830643850005	1.9456379605890117	1.9456542417263385	1.4575032955404075
1.7228365878253282	1.4574993459136012	1.4575210839831387	1.091799828566528
2.719790681447519	2.2988989480049757	2.3033356428949125	1.7259666204472246
2.2989011624871303	1.943148178293252	1.9468861206151589	1.458891147654545
2.303340906128111	1.946889653217732	1.9506473305629282	1.4617155414223426
1.725982614864695	1.4588851338461943	1.461680926999038	1.0953431258903057
2.7212739528938568	2.3021237487830137	2.3020816387573406	1.7265024187631859
2.302113570197915	1.947512637458224	1.9474886654601795	1.460536170314981
2.3020924290160014	1.9474898913970715	1.9474534726800865	1.4605017469518486
1.7265412665551445	1.460582845685501	1.460574681851445	1.0953493364449705
2.72071551515579	2.30008976530735	2.3041869169882196	1.7334986413923927
2.300070693298441	1.9444579008092324	1.9479363626999147	1.4654568847773017
2.3041826218487795	1.9479571495426338	1.9514058991111636	1.4681003071952237
1.7334995876647614	1.4654291761668283	1.4680803602862387	1.1043710877704351
2.7216083501674984	2.3045716407678434	2.299000839505957	1.7240117788698208
2.304577210172898	1.951439098832057	1.946713391719754	1.4598586745578317
2.2989948162367284	1.94670333266975	1.9420135513997376	1.456313395001945
1.723995448745845	1.4598357693809139	1.456275668129298	1.0921392175731512
2.7222209377910054	2.3044489349318695	2.3034280455212817	1.730502549703095
2.3044285818055292	1.950789796589391	1.949895112154375	1.464947230362169
2.303434983934149	1.949929723655048	1.9490665116626378	1.4642691234649134
1.7304988348731196	1.4649727982401692	1.464271627765866	1.100111203720542
2.7230453281019495	2.3030725412439197	2.3026524997377362	1.7255334507741031
2.303065041170358	1.9478702460626274	1.947502465053758	1.4594023725692324
2.3026675708679174	1.9475522619190295	1.9471765496213134	1.4591934963628839
1.725539870279065	1.4594249351078643	1.459101948492541	1.0934237028252136
2.727329666722207	2.3113812750160956	2.3081076289705105	1.735740779483385
2.3113523133497953	1.9588497751352805	1.9560545608228324	1.4710090221912757
2.308109993706759	1.9561111946020213	1.9533311264473507	1.4689607731734877
1.7357098010863437	1.471044556032692	1.468897297010841	1.104684357504092
2.72416776244653	2.300768224631875	2.304515929362501	1.721404210153505
2.3007856026337223	1.9432196213589268	1.9463776079439468	1.453899010252407
2.304521441485706	1.9463488504541793	1.949520326546059	1.4562303815834958
1.7214317700024864	1.4539205668001134	1.456267336869976	1.0878036120964765
2.7216104368753253	2.298622678049765	2.3026192245155612	1.71818292478529
2.2986305937170184	1.9413990543826218	1.9447668876836746	1.4512061998201375
2.302599235406562	1.9447125530824154	1.9480993217586702	1.4536326909570547
1.7181616226036063	1.4511319584878153	1.453662872291307	1.0847438239532388
2.7154812691768346	2.2905127267535987	2.294973364127824	1.707815448817354
2.2905201987320667	1.9320339278521381	1.9358383993469035	1.4405415396010888
2.294956960050562	1.9357776091046068	1.9395605790359436	1.4433035322729573
1.7077924175047714	1.4404425392910447	1.4433313737261433	1.0739713939801845
2.7143798431968587	2.290915338856538	2.293377681349764	1.7109490583489733
2.290931636461148	1.93351262779166	1.9356061950445227	1.4440421687586145
2.293363220086808	1.9355583899552176	1.9376480676985635	1.4455107581576445
1.7109515937020603	1.4440094108962984	1.4455635577510553	1.0783971620374195
2.7162224738805545	2.2924525786814764	2.293670320873933	1.7127530603021421
2.292445852803834	1.9347624537106178	1.9358292992705757	1.445562042823763
2.2936492784795193	1.9358003512199382	1.9368524381231549	1.4462956347036993
1.7126942471765159	1.4454707010208807	1.4462641020533578	1.0800006337149581
2.718240227908845	2.2994197614998426	2.3000178068443375	1.719828965052484
2.2994072887965764	1.945120982953349	1.9456298462102044	1.4548344046711863
2.3000080339994757	1.9456243486044096	1.9461189707691344	1.455186418600971
1.7197748928443142	1.4547628227568354	1.4551207199887157	1.0879512515385437
2.7209369798302294	2.299014283052196	2.298525176784101	1.7191553650348943
2.2990099152828463	1.9425179523829144	1.9420900025233176	1.4525420567005007
2.2985197881970545	1.942104335712205	1.9417091170477316	1.452287362215455
1.7191586707828141	1.4526009575940393	1.4522877843708628	1.086216275997246
2.7217907618141672	2.3009545719047164	2.3029598962792446	1.722427138312068
2.3009739158904994	1.945211726675091	1.9469135488530664	1.4561506044995778
2.302948331886817	1.9468637117503562	1.9486007140443926	1.4573845802886687
1.722425990940666	1.4561143858660328	1.4574356178765553	1.0901026159678766
2.723602494114212	2.3031493711789377	2.307133441710724	1.7289915991684899
2.3031524961482677	1.947600859915372	1.950976746512546	1.46210525363008
2.3071495627058005	1.9510028062381763	1.9543487548685434	1.4646368183241734
1.7289777152558583	1.4620905252967837	1.4645870552956615	1.0976383067487607
2.7233293408028048	2.297800297593023	2.304017791803839	1.7160741159048216
2.297808483221361	1.9387364403722207	1.9440122422723114	1.4479022374579789
2.3040031071091387	1.9439837362473817	1.9492349299418852	1.4518033258268102
1.716056459110651	1.4478665832468136	1.45181854663266	1.0812530971406467
2.72172598566496	2.2975491100310625	2.3040705595249737	1.7212848791821809
2.297527464433315	1.9394513343775968	1.9449432260116177	1.4529929097539578
2.304081261030413	1.9450077977165712	1.9505000991082204	1.4571670748967855
1.7212291597092229	1.4529566529929847	1.4570431302200129	1.0884850976211735
2.7197641076971277	2.2988148284234247	2.2957748528926114	1.715135682521889
2.2988185800498635	1.9430244480735628	1.9404436302924069	1.449654585876191
2.2957847366532635	1.9404623125636098	1.9378896401155499	1.4477371965127244
1.7151785100723782	1.449756927243138	1.4478037016774403	1.0816022351843746
2.716129454630812	2.293767015959855	2.2935337495776813	1.7136132375658273
2.293778574641541	1.9370863668979215	1.936882241693216	1.4471584222288072
2.2935283221574316	1.9368647066857847	1.9367012189210975	1.4469893342157583
1.7135926798265813	1.4470912299587149	1.4469836819858777	1.0811196275537722
2.718659208553538	2.301440164101155	2.2959364965955107	1.7212908786732342
2.3014227009616532	1.9482464499431078	1.9435688389177599	1.4571312260151335
2.2959166551550756	1.9435671917566781	1.93890585868927	1.4536250674048201
1.721233901919087	1.4570756609325084	1.4535901939996718	1.089779303846079
2.7192457313877525	2.2979747031925437	2.297530847790602	1.7129789715794426
2.2979775846636765	1.941960014396131	1.9415949953184686	1.4475815990076255
2.2975185230553836	1.941547070460059	1.9411928999497239	1.4472528117360317
1.7129538187429623	1.4475010405704785	1.4472367614944845	1.0788731710597599
2.7229278322419384	2.3003893820856285	2.302691928863153	1.7208200613731146
2.3003947785052694	1.9434300033278467	1.9453814448347628	1.4538150842094109
2.302681755464091	1.9453629138567872	1.9473141384565118	1.455279084460918
1.7208021098543866	1.4538015715491834	1.4552630080605777	1.0876141860312325
2.7249607218573324	2.302786550494751	2.307165318280353	1.7279302764889983
2.3028053005759106	1.9460305558799043	1.949771563683831	1.46025779132105
2.3071395300434454	1.9496842575128965	1.9534392983195878	1.4630042013460687
1.7278965240739552	1.4601720060869408	1.4630430558080108	1.0956844375637513
2.7192676947450583	2.2960263568999015	2.2973303433391727	1.7172742319455212
2.2960437797676216	1.9386550897955361	1.9397883929965742	1.4499904348327963
2.2973157115566196	1.9397497957393048	1.9408596060972407	1.450812833202421
1.7172831506588766	1.4499883116975092	1.450838667037524	1.0844911884838162
2.723140414881231	2.302015174893938	2.304454645124336	1.7261943627823249
2.302013309284661	1.9460406885344241	1.9480878879247623	1.459302741731997
2.304464317400152	1.9480841069761154	1.9501632585151885	1.4608247697832268
1.7261814906877824	1.4592607178816417	1.4607834787403242	1.0943241041663196
2.7205578751132475	2.2985661049596766	2.297025215350267	1.7113012574967492
2.2985695500355194	1.942012419236508	1.9406886303562656	1.4457859209048545
2.297064801979182	1.9407482054838538	1.9394385549768607	1.4448588665882582
1.7113612097059914	1.4458615801051875	1.444861410959705	1.0763382095556462
2.716360292789764	2.2952503212611517	2.2965375148226106	1.717969760389236
2.2952370628950423	1.9394331075573021	1.9405206539083883	1.4516830225774522
2.2965349314273173	1.9405145052950707	1.9415974425880531	1.4524513502928367
1.7179737891925981	1.4516723579361865	1.4524642454978034	1.0865889032055323
2.726786253370634	2.308880854385388	2.306915543706315	1.7337822852444944
2.3089038217044586	1.9550575782267927	1.9533584710192855	1.4680510084366325
2.3069215835751353	1.9533522968405477	1.9516828474621857	1.466790513458733
1.7338386546453366	1.468133692947376	1.466827959573224	1.1024026909012052
2.7219781573680772	2.303208553706075	2.3033976169095376	1.7311247758647836
2.303167877084814	1.9488382300665925	1.948951958079235	1.4647378304678387
2.3034260930151236	1.9490660485456006	1.9492118497408966	1.4649432845194106
1.7311228707553932	1.4647990957085677	1.4648843899230368	1.1009369007212204
2.7191555009726893	2.2958796408111484	2.299678274746577	1.72080502605861
2.2958607529706936	1.9385207654969985	1.941671504313156	1.452975295471763
2.299670674760014	1.9416940292360987	1.9448833640267227	1.455330474617477
1.7207644229431551	1.4529225136579884	1.4552822008009592	1.0890377104030242
2.7183099950436413	2.300116918522828	2.2981616522280945	1.7213514708315814
2.3001219331551197	1.9462788762585912	1.944584632375397	1.4565251390155958
2.2981671604211695	1.944621754562306	1.942964250613792	1.4553564838912918
1.721332998201622	1.4565552407484812	1.455249838821189	1.0900866333798882
2.7177208210096673	2.2949284715733937	2.2991401579536195	1.7202225502136266
2.294935535319159	1.9378993642794085	1.941476220103356	1.4526118347398302
2.2991461330164866	1.9414868307376512	1.9450223804435962	1.4553235044033144
1.7202196084927852	1.452592657022797	1.455243799665727	1.0888036894214959
2.7226938262187783	2.303757236593947	2.3058772134770478	1.7360818039253536
2.3037505732059933	1.9492759446604826	1.95103172283829	1.4689328530173134
2.3058709202062566	1.9510300398902156	1.9528178089412054	1.4702160654060534
1.736076219982646	1.4688884380947258	1.4702334224846785	1.1068733240436144
2.7208044644992646	2.300379196244229	2.302205062989133	1.727375243366782
2.300384896184032	1.944904261721468	1.946470890988903	1.460416452637576
2.302202602191013	1.9464513536427903	1.947990245161023	1.4616051794550724
1.7273986898135913	1.4604621611545892	1.4616319071367867	1.0966244121447268
2.721778882894388	2.29829859435799	2.301562734787437	1.7197576107424402
2.2982943313526984	1.9406898072453191	1.9434450735396134	1.4521469430349498
2.3015563841548445	1.9434324425971665	1.9462417294303005	1.4542483684733216
1.7197573066773115	1.4521431009562296	1.4542365827254724	1.0866079569717237
2.7208909442223725	2.303547286120407	2.29982701244904	1.727559582130142
2.3035568876247283	1.9502287121677047	1.947088936141772	1.4626040669165417
2.299810914168122	1.9470390004293092	1.9438974883222937	1.4601850647051726
1.7275395058305902	1.4625247942101858	1.4602040500882307	1.0968400401411151
2.720374469930586	2.2992606213478486	2.299066586591547	1.7195793323282984
2.299279714916272	1.9433360839354565	1.9431974602408826	1.4534026307990702
2.2990688618607518	1.9431606762911537	1.9430104562838828	1.4532547710130546
1.7195842133996972	1.4533386024275687	1.4532631033253491	1.0869041861675413
2.7205647525243357	2.2965808202638187	2.3012706871900748	1.7157003143914835
2.2965677472399793	1.9386408711071021	1.94260864905978	1.4482757076100643
2.301255988385357	1.9425798516961423	1.9465844232782992	1.4512127323994737
1.715667024088204	1.4481818088302958	1.451203723431955	1.0817605005252018
2.7228563010517313	2.302575331575889	2.3012358033193503	1.7221521127705721
2.3025785096426765	1.947172727013503	1.946027822052595	1.4563234321398602
2.3012504765167474	1.946017636417808	1.9448757714989362	1.4554310562851398
1.7221780220068272	1.4563162251372652	1.4554907422084156	1.0891674529844533
2.7242683748094465	2.3040040065006644	2.3051681828740214	1.7292999591783254
2.304015106309503	1.9485646971163748	1.9495693846541367	1.4625199432684506
2.3051604437836577	1.9495415966646619	1.9505280757777015	1.4632495972540271
1.7292870829854623	1.4624872968726341	1.4632472116184398	1.0976904765028146
2.7226030195284827	2.3028914471375415	2.303052264799548	1.7301940366661348
2.302885183379638	1.947859673050754	1.9480042635060737	1.4634197694711217
2.303051229984533	1.948027421448107	1.948169349471711	1.4636020884778036
1.7301766284406865	1.4634461909058505	1.4635721310400334	1.099473230419478
2.724067499804167	2.30121822962143	2.306287443333313	1.7228326005438221
2.3012036078015474	1.9440036432783128	1.9482649932195326	1.4554163607291988
2.3063057050220626	1.94830507819184	1.9525565295758704	1.4585669474693386
1.7228506163621378	1.4554795351651688	1.458566568649001	1.0896137117863942
2.72693504748435	2.3120990924985128	2.3085532821013195	1.7336099131147071
2.3120974628063764	1.9603669928934193	1.9573817548411607	1.4699200670070545
2.3085409469895857	1.9573519786345257	1.9543800343583149	1.4676415072692839
1.7336124833407631	1.469904648797014	1.4676855100550565	1.102209421232667
2.7254389723155357	2.3072272408816663	2.3043001839364305	1.7247210633657384
2.3072358536779607	1.953192752652871	1.9507048644806255	1.4600463045536298
2.3043125617229268	1.9507260725913638	1.9482400753519034	1.4581950396847327
1.7247911600060004	1.460175801098875	1.4582554710123905	1.0914944814958982
2.7206074473470516	2.298353368486248	2.298188524341267	1.7140041033882634
2.2983684270205114	1.9416460541659344	1.9415268076192236	1.4479909386895107
2.29815776664561	1.9414502543196945	1.9413316806719338	1.4478285593841298
1.714010453990558	1.4479769028066258	1.4479331546588956	1.0798614457532338
2.7176118562758305	2.2973552111119537	2.295095370609429	1.711902385809686
2.2973727554541794	1.9421185882399248	1.940209230370445	1.4472110981364021
2.2950728792560957	1.9401469109547496	1.9382506900048362	1.445740052059829
1.7118677032262992	1.4471377683630162	1.4457290300078733	1.0783631282212534
2.72087811252027	2.300332078744976	2.300144411585619	1.7220643480323858
2.3003271147353543	1.9447996257810265	1.9445999018566003	1.4558873530035112
2.3001595316813894	1.9446446493066236	1.9444642730922215	1.4557819787783821
1.7220854182424719	1.455937816897696	1.4557226813479776	1.089871992208398
2.721565076341683	2.3005100602792683	2.3003195959193947	1.7186633175083108
2.300520873286448	1.9445907867941281	1.9444758898127166	1.4527892625626972
2.3003142519760273	1.9444170655547237	1.9442561043091304	1.4526151291555023
1.718660164611343	1.4527382134759403	1.4526490060744155	1.0853001130344184
2.7245329543911563	2.304691021897703	2.3024615568225824	1.7200277978684886
2.304678135265331	1.9495323680716217	1.9476171197353693	1.454956491660555
2.302468648523275	1.947653488250433	1.9457847802247166	1.4535712880720155
1.7199850545764601	1.4549114715055602	1.4534801017636418	1.0857737262880194
2.7226612973098074	2.3031325148370514	2.3040276505820603	1.7300097511305186
2.303113171827114	1.9482379323310675	1.9489981096396392	1.463447995564124
2.304048991834635	1.9490435173427307	1.9497893593248115	1.4640468897396015
1.7300117166394655	1.463455260167084	1.4640309230815003	1.0993218955266355
2.7265402957748086	2.310587940957296	2.3073379370593936	1.7358248072245814
2.3105644064601294	1.9580479313086305	1.955333646264382	1.4710190537115764
2.3073135081739347	1.955298219440276	1.9525571559516077	1.4689264726821873
1.7357331550343682	1.4708765801036356	1.4688629805360953	1.1050440359555849
2.7268110925432296	2.3092028659109367	2.308789962573864	1.7350829350225183
2.3092215613885796	1.9555822358340995	1.9552202233050757	1.469366239995222
2.3087856122823105	1.9551907365439278	1.9548335518045536	1.4690761025522392
1.7351115166847733	1.4694014508429725	1.469115285263645	1.1040716888298514
2.7219264051410534	2.2969355381075585	2.301360135407943	1.7198793807820196
2.29695995096114	1.93830479547646	1.942064116502679	1.4513341918043787
2.301348401745381	1.942010609682228	1.945778697028229	1.4541145360757273
1.719878522247124	1.451317590674855	1.454132971824416	1.0866829609430313
2.7194278282013093	2.299852490047758	2.296217082891366	1.7173829143901067
2.2998424777748174	1.9449959691846666	1.9419412896612134	1.45242345601328
2.296210844005858	1.9419409437589505	1.9388814641968064	1.4501222503179687
1.7173559149476672	1.4524161811630378	1.4500966384308445	1.0845899073059264
2.722672715792143	2.302639429402437	2.301803271030332	1.723173170687464
2.3026461820986626	1.9473924498970316	1.9467168318152688	1.457318324177816
2.301797725167148	1.946665604619399	1.945956926596078	1.456732217990328
1.7231871313179736	1.457268364080617	1.4567931170836907	1.090438083397005
2.722315267576682	2.3019904255019186	2.301689246146676	1.7201705469972801
2.3019641133511763	1.9465499060146627	1.946298721715058	1.4545889537616663
2.3016849787748117	1.946329765787965	1.9460637451595133	1.4544325595176932
1.720131838961844	1.4545572688375652	1.4543687314061222	1.0869571710290877
2.724344837937228	2.3059844333077235	2.3052359980553576	1.7280756819028797
2.3059918303080376	1.9518533627712469	1.9512578173136104	1.4626848281192177
2.3052122225857965	1.951192807618191	1.9505653621995753	1.4621891859215772
1.7280332984706488	1.462614396401851	1.462176429366907	1.0960126319491594
2.721567312577027	2.3046358208609306	2.299681104635726	1.7252764608224715
2.304638394163534	1.9515855437967085	1.9474053431283334	1.4610099594592423
2.2996661898158215	1.9473710232389596	1.9431658280301065	1.4578218325354129
1.725235557401022	1.4609415805674315	1.4577932924015204	1.093732803514255
2.72340680628985	2.3052827175135646	2.3015529840537314	1.725558878449769
2.3052623367834197	1.9513168119007211	1.9481783937182062	1.4605963909988258
2.3015448949553243	1.9482031279904808	1.9450432050720423	1.458284224467068
1.7255515114886675	1.4606148460542077	1.4582605315126684	1.0932345425745258
2.7262092896044394	2.309730643186312	2.3103400294601077	1.7333935747372469
2.3097255876391056	1.9568734875135174	1.9573860009506927	1.4685610358182972
2.3103539787162095	1.9574165001238082	1.9579180222884058	1.4689678396043806
1.733411250811619	1.4686139310348907	1.4689804718178052	1.1020948126769723
2.7245352900178683	2.3061366138481456	2.304477325211947	1.7299795526048738
2.3061205005735226	1.9519965116481608	1.9505798282585243	1.4643371351555603
2.3044887337467928	1.9506236615156987	1.9492029119961536	1.4633139812187324
1.7299608217461706	1.4643284900064808	1.463272753492338	1.0985331219265146
2.7231792602529246	2.3017283758791804	2.303995485314315	1.7259858439812419
2.3017477603781007	1.9455216000946771	1.9474147463804046	1.4588460847309548
2.303968641194185	1.9473745466958905	1.9492959944353825	1.4602395395301997
1.7259813884439383	1.4588372052228682	1.460237969921342	1.0938630219564196
2.722131251745741	2.3049154559280116	2.3037748752876754	1.72993041950756
2.3049335194714105	1.9516704649554726	1.9506923804270142	1.4648008735273639
2.3037822718941783	1.9506928403973391	1.9497039239050762	1.464051612557831
1.7299900141356996	1.4648360267077567	1.46408233527235	1.099386563338925
2.7202741300589284	2.296931274197696	2.3013381923070697	1.7202516630996698
2.2969330696721784	1.939487437378916	1.9431938225407623	1.4525572594107325
2.3013407219333537	1.943182257521493	1.9469264121927716	1.4553385579895461
1.7202365743330825	1.4525177545365742	1.4552976763804695	1.0878511149872059
2.719632988041212	2.297161039258922	2.298736438912034	1.7201281755159608
2.29715726694772	1.9403015866131545	1.941638053040597	1.4528740063628638
2.298737517618513	1.9416521468208672	1.9429706486646812	1.4538929267740108
1.7201189332951146	1.4528787929552405	1.4538704608011372	1.0878276059414052
2.7124875869628435	2.2888048652756705	2.2896098814918795	1.7059263504030824
2.288800697537536	1.9312942673592068	1.9319671046770523	1.439462301447745
2.2896122157958714	1.931981611295705	1.932645307191831	1.4399894936832087
1.7059216856641235	1.4394787127371416	1.4399377715821373	1.072920110081469
2.7196223582470274	2.299525885646202	2.296910930922772	1.7157248560851375
2.2995091217400714	1.944292087834168	1.942075797614045	1.45064663151582
2.296899982967281	1.9420902499115105	1.9399194446118784	1.4490639318419063
1.7156882391885253	1.450665094804391	1.4490291520490894	1.0823826161692507
2.7215887028737344	2.300294829749489	2.3020834370311634	1.7212365032364747
2.300290164135105	1.9442508956667508	1.9457026288023682	1.4548131126289787
2.302080963429285	1.9457295530336907	1.9472221461494945	1.4559001741674784
1.7212529430892947	1.4548679084700984	1.4559194157548057	1.0885929293013967
2.7188689537589323	2.2979433733265817	2.298013170434065	1.7182577342171224
2.2979334978516968	1.942166322694522	1.9422218271059466	1.452240718967203
2.298038001042364	1.9422864483407516	1.94231353158807	1.452294139667518
1.7182899322366783	1.4523058675711618	1.4523244108386058	1.0859604765973045
2.719676857033878	2.2991386744857056	2.3000859178862663	1.7231611649289496
2.299135211160454	1.9436016852773168	1.9444342919447977	1.4566990304056964
2.3000845660208813	1.9444339752783073	1.945256750026072	1.457338224365741
1.723150465089332	1.4566929916332485	1.4573477427946093	1.091782445875635
2.721162297434711	2.301620712088992	2.2973544697005486	1.7136247636326132
2.3016153661258905	1.9467577737271062	1.943157901728574	1.4494100766167775
2.29738091708981	1.9431771093643366	1.9395977754769662	1.4468092630989506
1.713643406759897	1.4494259000421772	1.4467539107945948	1.0791206031842397
2.723776565296008	2.2994122379729958	2.3045314469945044	1.7165978264755146
2.2994465267334054	1.9411771862501157	1.9455001023435272	1.4491131838969453
2.3045382857751346	1.9454723175792088	1.949822211169881	1.4523397656778414
1.7166528396312521	1.449154681760515	1.4524166514401748	1.081750795767076
2.7257787660006776	2.3056849115310767	2.306418414570752	1.723768105324537
2.3056903539599487	1.950335880523199	1.9509573661962725	1.4580944416862256
2.306423848445917	1.9509439385511262	1.951566992561742	1.4585100206505668
1.7238005644656145	1.4581078464088122	1.4585628977802234	1.0900226841924219
2.7247232140096203	2.3028308391277768	2.3029602094922144	1.7234909373128764
2.30281378683213	1.946238298224978	1.9463276628868467	1.4566025674521546
2.302979011067437	1.9464142234716926	1.9465143737272677	1.4567654960472856
1.7234862179200199	1.4566387643455572	1.4567397672414266	1.0902788915063775
2.7224964493477537	2.300419801514258	2.302560743470895	1.715804797958447
2.300449248164426	1.943819276623825	1.945623542500966	1.4498032553156186
2.302571191627439	1.945602990834436	1.947423947826275	1.4511582069600284
1.7158737705302631	1.4498976865587287	1.4512415370462597	1.081402276337945
2.719541848339586	2.2962664890200313	2.297951264683952	1.7149156885344141
2.2962774195398743	1.9388739248124107	1.9402884533571043	1.447942899290556
2.2979382169324842	1.940274439458208	1.9416912481467428	1.4490294188265638
1.7149213768966476	1.448007482124245	1.4490559689304365	1.0813344285711526
2.722157686670855	2.3004284457303115	2.302004786447293	1.7228789622827738
2.3004350997753416	1.9440712495613894	1.9454019149525974	1.4560082025103869
2.3019940983130573	1.9453687662973547	1.9466914146427612	1.4569564785062215
1.7228609700961572	1.455999506675249	1.4569281825181906	1.0904217933722957
2.7256094581365686	2.3062674613316525	2.3049433887535287	1.729097143131823
2.3062687173716045	1.9514564113514552	1.9503189400008971	1.4630860615227863
2.304950042945279	1.950321787404344	1.9491774581569643	1.462185876747954
1.7290921351597677	1.4630592239121742	1.462172822748257	1.096814007012764
2.720883287641538	2.3011288316329344	2.2996825920321515	1.721239861778848
2.3011369542616746	1.9461308832922415	1.944922902270778	1.4556864369621565
2.299671285620809	1.94489028317697	1.9436845826464497	1.4548244167261137
1.7212338231949722	1.4556898790469355	1.454830927722656	1.0889160109178972
2.7246558195461215	2.3049966883040467	2.3038492871711953	1.725785142373315
2.3049962047549717	1.9499816500584934	1.9489791864221546	1.4599427934497413
2.3038579798202994	1.9490304059110493	1.9480498664689858	1.459303550815483
1.725810991509645	1.4600321481038947	1.4592688779344776	1.0931424667008225
2.7237357716015045	2.298039812968613	2.3040390653684057	1.7156365042930135
2.298051038881775	1.9389012380120978	1.9439609304823062	1.4475181915469761
2.304063279636147	1.9439383919841795	1.9490460568285817	1.4512779776271134
1.715664126997931	1.447534319383114	1.451365673049039	1.0806924389432282
2.722956221301002	2.3015801307938326	2.3040500747364656	1.7213602452154164
2.301569131908008	1.9454150581250012	1.947483415968656	1.4549973162659269
2.3040655363862053	1.9474984071469195	1.949580063052412	1.4564957637172242
1.7213704211789984	1.4549684494859907	1.456524566472434	1.088150885588546
2.725571327063612	2.304098350118188	2.3044180915646084	1.7246189591816325
2.304106778868576	1.9478059295521	1.9480791801159392	1.4578962340917354
2.30442032658755	1.9480634761437612	1.9483170411644946	1.458102464440689
1.7246262030102277	1.4579208304421964	1.4581139094819455	1.0911931500583898
2.724589893043252	2.3057296810816648	2.3032761527137264	1.7217503814307744
2.305730513497101	1.9512826179419018	1.9491795480223522	1.4570674637082757
2.3032856136218456	1.949196941446126	1.9471001058552089	1.4554583261530174
1.7217644222738597	1.4570798893261128	1.4554642127510364	1.0879269074511875
2.7230438595865323	2.3004856417134367	2.3024189458242588	1.7196051336453204
2.3004886200380392	1.9435349137789373	1.9451442099603025	1.4528043088138514
2.302452080468679	1.945184380583453	1.9467792449904062	1.454014194922915
1.7196323534099356	1.452840299463591	1.4539851910192212	1.0859986671261024
2.726826115857213	2.3059149508498913	2.3093408317924573	1.7315161079506665
2.3058894610679914	1.9499472674522462	1.9528573822296755	1.4641864820625476
2.309343116374066	1.9528879736371387	1.9557821860693083	1.4664410796966074
1.7315257325331357	1.4642730557556813	1.4664364681611535	1.099525499313365
2.725938868154819	2.3071905303616314	2.3081127613473797	1.7298592894702267
2.3071900626969697	1.9527392119328753	1.9535463079973667	1.4640786954099
2.3081292922195775	1.9535652078718388	1.9543277181853809	1.4646995661360098
1.7298792759311532	1.4641057701235105	1.4646890833148873	1.0976586415843146
2.720676389337059	2.2959419797272274	2.3037550956663493	1.7221660884796623
2.2959289063985313	1.9375091634864237	1.9440864704303766	1.4532796644886732
2.3037512340682915	1.944101672728271	1.9507277425739098	1.4582859840833147
1.7221450434982721	1.4532819026013588	1.4582484545628205	1.0901165808105377
2.7230437090450805	2.3025474057774633	2.305278191347234	1.7282880622456342
2.3025590794516577	1.9470077004373854	1.9493083023869169	1.461402386628319
2.3052682709910157	1.9492947883880116	1.9515766793844371	1.463113358861347
1.7283252755202605	1.4614540369360853	1.4631782063402483	1.0969791521409462
2.7205144855093315	2.29998534431745	2.297416265678154	1.7195845621123407
2.299983689738841	1.9444765292912465	1.9423079559452703	1.4538177272554569
2.2974016967552466	1.9422626387800193	1.9401281608730292	1.4521546328400292
1.7195487540784304	1.4537579148016384	1.4521657068145661	1.086987384833803
2.720612334120466	2.2957724591761965	2.29861587201766	1.7113656504405814
2.295771316112017	1.9372804513808104	1.9396743204861018	1.4441524132840928
2.298610412142871	1.9396617669689196	1.9420897398803307	1.4459421113057578
1.711335956699143	1.444087176843519	1.4459116571030552	1.0765277208935171
2.7218946553768144	2.3006289869238037	2.302239930103801	1.7257230859707364
2.300631664112814	1.9445699459620862	1.9459290345854139	1.4586418681363176
2.3022450000070815	1.945908044865397	1.9473182124364297	1.459684787610798
1.7257248766647704	1.4586103266873505	1.4596939664402127	1.094166514845115
2.7240601574899443	2.3053948493593297	2.3049420020479094	1.7275565605924648
2.3053885469436195	1.9510715735135475	1.950681449889874	1.4620407619655813
2.3049512793232574	1.950699183059486	1.9503271702927245	1.4617836630446188
1.7275328516763289	1.4620126880576878	1.4617388130629079	1.0955409181089406
2.7228285101940117	2.3005571155599154	2.2996980629095365	1.7172618337664733
2.300567394657454	1.9437960628310365	1.9430540825543343	1.4509238352297336
2.299715123080911	1.943071976589966	1.9423080308572114	1.450353712445651
1.717332417738488	1.4510367521377736	1.4504311699224157	1.083061121375687
2.7166734130363994	2.295515973252244	2.2954165163470863	1.7117608240806363
2.2955449627495828	1.939649033783228	1.9396086252175146	1.446371311237715
2.2954131197094276	1.9395460201180643	1.939465644966833	1.4462809833259047
1.7118086173203217	1.4463748730195753	1.4463653512063661	1.0784888742674292
2.715794778338521	2.294895261389769	2.295976205573462	1.7193036766747276
2.294863165448412	1.9392015043016333	1.9400951069964496	1.4528033247262444
2.2960042264456226	1.9401769199840826	1.9410721543991356	1.4535574739098662
1.7192977128083233	1.4528549640851083	1.4534915692197725	1.0884383783249068
2.7166289937862746	2.294215943249446	2.2917298631394765	1.707865435793056
2.2942075061759613	1.9374554363168617	1.9353787639103741	1.4423057674218915
2.2917375534767124	1.935410057548627	1.9332985567743723	1.4407864645326132
1.707864860805515	1.4423371756026402	1.4407521701405812	1.073758785345886
2.719975386264718	2.297648409608104	2.3044932298971763	1.7214311213462927
2.2976541287216397	1.9409257881864292	1.9466856696374457	1.454171579832325
2.304486534274411	1.946675422828917	1.9524702928501327	1.4584874321153223
1.7214277990607447	1.4541952953905068	1.4584735810672147	1.0895035525756775
2.722247336243927	2.3004574689999	2.302652651530696	1.720993283818724
2.300461737072693	1.9440408741758926	1.9458952686911275	1.4543910907098547
2.3026601720653326	1.9458872966666434	1.9477702779164663	1.4558158551652296
1.7210000720089973	1.4543729806212893	1.4557871064538759	1.088187001868272
2.721750649392473	2.3050098647995174	2.3020511586647285	1.7284135669601277
2.3050061188200806	1.9520791558870592	1.9495518014326194	1.4637480028751255
2.302065677259799	1.9496202268580785	1.9470799124550684	1.461954294041427
1.7284305751303617	1.4638568455073129	1.4618754429877712	1.0976731274048093
2.7217634263580384	2.3018407481721392	2.3018157205972845	1.7226884898034343
2.3018447467477676	1.9467209252933682	1.9466761777305637	1.4569074357041203
2.3018268907167374	1.9467034131856769	1.946678690375962	1.4569307651492196
1.7227027974746063	1.4569555277897217	1.4569234486289773	1.0904373736063817
2.7196879698756575	2.2976850186498132	2.3014613703501285	1.7216834554716842
2.297666116715145	1.9411412378857353	1.9443350090974032	1.454529581298738
2.30150803559594	1.944430797046489	1.947564362983832	1.4569602741696386
1.7217643515285515	1.4546585172365118	1.456994102390044	1.0900235054075031
2.7208868788522214	2.3010615019019554	2.2960769134144248	1.711938315374293
2.3010460164142894	1.946013193857542	1.9417886664929471	1.4477998320206347
2.296094603074969	1.9418302751922678	1.9376136979664453	1.4447015766824487
1.7119332150011137	1.4478271207563385	1.4446641399073419	1.077167513397866
2.723128920263866	2.29957279966696	2.3057838634206376	1.7214092544813913
2.299560398626584	1.9418963262720184	1.9471192739362966	1.4536503893143706
2.305789357700879	1.9471493342182828	1.952392197984194	1.4575701028236552
1.7214005809209283	1.4536624204852198	1.4575379173036929	1.0881167898144282
2.7314831836175144	2.3130203328755825	2.316199104900257	1.7413891956635432
2.3129934122753144	1.958641903256914	1.9613269390833434	1.474601205272208
2.316210573895066	1.9613660795095702	1.9640625522738322	1.4766663707784726
1.7413594893251068	1.4745410000341834	1.47659191063361	1.1101265891564875
2.7259881632733944	2.306299582098862	2.3080989034959267	1.7317520934834576
2.3063099335072734	1.9512269246243406	1.9527596237010452	1.4651338102212847
2.3080987853113055	1.9527391527277977	1.9542640456750167	1.4662311027325072
1.7317783873413937	1.4651815966095654	1.4663135105555407	1.1001563331107027
2.7201473226946504	2.298675794366085	2.294985576894075	1.7158436171678888
2.2986542439729516	1.9425124503246325	1.9393792941233994	1.4500076730551104
2.2949830599429046	1.9394112865399562	1.9362784224314584	1.4476993789295163
1.7158008372778475	1.4500052638120173	1.44764856579375	1.082441693388351
2.716743908856966	2.2934050180028294	2.3003162487809146	1.7169384687562068
2.293404014709512	1.9360491950029417	1.9418815912513383	1.4494151986652275
2.3003102663266795	1.9418499421810675	1.947698991136449	1.453726118694674
1.7169282539676018	1.4493788713720273	1.4537242747115287	1.0849931585313612
2.7126783660527334	2.2906843717090024	2.2941180531197394	1.7169250680316477
2.290682626008584	1.9343263885743387	1.93725159350394	1.4498195672263237
2.2941199320766352	1.937245815743107	1.9401589973314648	1.452061100986806
1.7169460142541304	1.4498292905671508	1.4520866846526286	1.0867562783286209
2.7143143749420173	2.2918385237671415	2.291609760736646	1.7094646251237344
2.2918419568781476	1.9351223391969852	1.9349330437029169	1.4434083866562044
2.2915945307406207	1.9348768168268726	1.9347167290513074	1.4431804563624653
1.7094585950229313	1.4433353419163517	1.443234371901249	1.0765311518664744
2.7146342691017504	2.290800124824857	2.291837062377498	1.7092392909110767
2.2907716813913264	1.9331297299735288	1.933975816922712	1.442378974588842
2.2918516685915797	1.934060462130578	1.9348883373838153	1.4430505527999185
1.7092052940142544	1.4424016913528803	1.4429602109438617	1.076230126900862
2.7163363468757313	2.2948362898113284	2.296094041435623	1.7183584671868777
2.294834454838403	1.9387214773141805	1.9398075510539574	1.4517041758661104
2.2960875510350087	1.9397623238680228	1.9408584382270495	1.4524497992159304
1.7183648648231478	1.4516718644275983	1.452550785804549	1.087011998053313
2.7176409398896695	2.294835751858892	2.296786183580688	1.716562322455755
2.2948233400861104	1.9378043853458813	1.939435071117931	1.4494738139861598
2.2968028270801644	1.9394676044104067	1.9411387524688253	1.4507631844868414
1.7165642826203718	1.44952821753429	1.4507324305466394	1.0842442285190546
2.7144489083308305	2.294796013633188	2.292788965522689	1.7197426324179064
2.2947808619417454	1.940011638520551	1.938308431401926	1.4538833042997021
2.292811733784494	1.9383365696646815	1.9366450415871155	1.4526049690904566
1.7197359559080192	1.453882248334242	1.4525909858075057	1.089575649811846
2.714998454764679	2.2943004045171116	2.2925834476224565	1.7148654375831287
2.2943019642437044	1.9387821360188802	1.9373391188548028	1.4491025963377242
2.292605984007181	1.9373715824491502	1.935896497009425	1.4480357686940744
1.7148999065148753	1.4491862350997977	1.4480501755486832	1.0830412557938118
2.720115643443106	2.300703654585867	2.2997589341627176	1.7209561439751722
2.3007182970486038	1.9459491426424524	1.9451495791813251	1.4555465057643195
2.2997659619885744	1.9451563638208427	1.9443560713168546	1.4550117374849119
1.720955012688923	1.4555582621340732	1.454932043450362	1.0887183734677945
2.7184095960366377	2.296404457689773	2.299488713302759	1.7179823752335126
2.296398954392996	1.9398679480614767	1.9425048589421756	1.4511737660763933
2.2995084357674247	1.942567900439287	1.9451633778464696	1.4532891971914073
1.7179970345698419	1.4512834289268077	1.4532250880415825	1.0856253435363283
2.7231329380810165	2.3008347351999134	2.304245429395664	1.7263847114247282
2.300845183224658	1.9440251177812435	1.9469341185724394	1.4586626416892499
2.3042058778716137	1.9468403999039445	1.9497589712331809	1.4607682970004223
1.7263570364930327	1.458592632103672	1.4607985423900713	1.094417119305591
2.7192733661796145	2.2982853095346463	2.30185054702358	1.7234940175828175
2.298299808883757	1.9424943538804287	1.9455122013784039	1.4567121473317541
2.3018624968434946	1.9454868650051511	1.9485143578790887	1.45893183000147
1.7235160294437535	1.45667084498875	1.45894952515975	1.0923733729692826
2.7209260096631986	2.3004155425150095	2.3008247725994413	1.7229251959917296
2.3004110212801607	1.9448958303583748	1.9452463797984547	1.4566566520595174
2.300821331242691	1.9452611360363619	1.9455915159182862	1.4569482569814036
1.7229057971423118	1.4566325460195824	1.4568955592291999	1.0909710900795486
2.7230120533777966	2.306811087749041	2.3083526479146053	1.7337037249819118
2.306803614899117	1.9542352932176852	1.9555240639720086	1.4687413667985945
2.3083539254778556	1.9555343068336815	1.9568285969618249	1.469661814138372
1.7337004455535816	1.4687227058612216	1.469661225162566	1.103799956539512
2.7258270346595315	2.307845891471766	2.306721190247204	1.730075236834784
2.3078540065224593	1.9539501407973006	1.9530185146208368	1.4647644654916634
2.3067308784873255	1.9530319849522522	1.952071231907177	1.464091911976114
1.7300943948200682	1.4647663657931924	1.4641191939554272	1.0980233514437456
2.7237095377916805	2.304627519917488	2.304972492316376	1.728486660465583
2.3046461221230703	1.950020978963474	1.9503561513017909	1.462545993905304
2.304957761482743	1.9502967616327183	1.9505871996418616	1.4627087200621987
1.7284728177962163	1.4624584490355945	1.462738379993308	1.0968321756572246
2.723074615721309	2.3100611796168784	2.303080171432787	1.7342869740562719
2.310033247230362	1.9596701388483198	1.9537317700178047	1.4711939616057332
2.3030798486201367	1.9537715898838293	1.947850833984018	1.466782803826795
1.7342395022941375	1.4711907048513388	1.4667298872134946	1.1044461243520203
2.7160868842486465	2.2962534056138195	2.295640928270427	1.717369994977566
2.2962427605993416	1.941293501944622	1.940785852943334	1.451890938535632
2.295664301366635	1.9408179776651266	1.9403118646264683	1.4515165760899649
1.717406071954674	1.4519313843099102	1.4515647782248926	1.085870547601222
2.7200077003141288	2.2993429264971303	2.301170676614571	1.7197100756559784
2.2993525483176787	1.943737659434916	1.945303328908972	1.4537595303137456
2.3011738170993437	1.9452766384396394	1.9468286647512745	1.454887747150171
1.719717394256164	1.4536901525300197	1.4549101638718376	1.0872147837392572
2.7218935422651813	2.3026359453392238	2.2997920987577807	1.7206628988780566
2.3026468914825533	1.9479671256744917	1.9455628812447063	1.4556473452891605
2.299776732944494	1.945541032930355	1.9431321913298325	1.4537741493765903
1.720676975788168	1.4556678559089213	1.4538448310096541	1.087722811392073
2.7202174599021127	2.301207416272353	2.300559952207682	1.7227895584028279
2.301197579615351	1.9467248466082945	1.9461758312797066	1.4573903624450357
2.300560682254838	1.9461803138009106	1.9456320162112306	1.456956656562596
1.722779274020087	1.457367608721438	1.4569844510091705	1.0909761453790956
2.722206326957783	2.299876909664462	2.3040224201772186	1.7223215180901956
2.299874580958549	1.9430596974086016	1.9465618700741896	1.455084043482958
2.304026350559114	1.9465596807640013	1.9500993664156523	1.4577268293569141
1.7223374147178447	1.4551088337174576	1.4578029190306936	1.0897087345278662
2.7268480685239624	2.307314951526998	2.3098408970573154	1.7354277527803843
2.307308581680268	1.95231890939741	1.954447890769235	1.4683799747636612
2.30984788829585	1.9544955465047007	1.9566119585813988	1.4700616944479368
1.7354422768097315	1.468504736590208	1.4700389808677283	1.1044527737387708
2.7222590303961236	2.3031960824997437	2.303084089433296	1.7254877913591642
2.30315248708639	1.9486160327027722	1.9484959649327342	1.459829705074042
2.3030851258720175	1.9485883967938655	1.9484648684858332	1.4598567780051315
1.7254602293037073	1.4599284210296748	1.4597764778858107	1.0937708065685712
2.7223900271377666	2.2984453379402163	2.3040174849853567	1.7274279105289356
2.2984433947470064	1.9405338703772859	1.9452208249152552	1.458446276904036
2.3040287702306745	1.945229487646519	1.9499589712052208	1.4619630399908405
1.7274196338852494	1.4584507969330527	1.4619644078973948	1.0961478447820137
2.7236641652814604	2.30531161013864	2.3029298317102977	1.7229596713278876
2.305317105422987	1.9512041083703526	1.949224701457666	1.4583172464559386
2.302937244576997	1.9492123079269141	1.9472034826023616	1.4568316101243626
1.7229489465981984	1.4582945960720715	1.4568115799096182	1.0899251512041743
2.7245779312120337	2.3059855590212073	2.3063475520277206	1.7273786732818397
2.3059880444697183	1.95171980200511	1.9520388177281511	1.462049840849741
2.3063181105496127	1.9519912083402466	1.9522991527613358	1.462233627991976
1.7273352424416875	1.461955288794669	1.4622156850863277	1.0951704512154328
2.722195378914415	2.3022822191545043	2.3024558413213234	1.7254388231636275
2.302280232546236	1.9471282248426476	1.947274212149386	1.459245555325965
2.3024524037227816	1.9472740162720459	1.9474271257318687	1.4593698757082574
1.7254495823440268	1.4592724105654569	1.4593870608452264	1.0936514112841476
2.724546424719852	2.3045345044985344	2.3046450930545723	1.7296170079714548
2.3045533139714744	1.9492855733894752	1.949391950155098	1.4629738015641387
2.3046385563633076	1.9493598418052411	1.949453114736157	1.463059917222086
1.7295991702630789	1.462935705991583	1.4630201382377919	1.0979422936914736
2.72302600864179	2.301908962477437	2.3033996208659304	1.722690229497452
2.3019180659237217	1.9459183445327184	1.9471738419657505	1.4562485390454274
2.303401092446859	1.9471704825707166	1.948421173655569	1.4571850966120454
1.7227062881733202	1.456299984519361	1.457198969031584	1.0897959736023077
2.721179992618604	2.3018029562561417	2.3012991218856516	1.7263270453527684
2.3017712162398287	1.9470290952852434	1.9466003024224687	1.4602895559784033
2.3012763814027615	1.9465868429883388	1.946193140072201	1.459927898314257
1.726275723725103	1.4601956268490202	1.4599299487385	1.0951967225911312
2.7252597042826032	2.3035691696767784	2.3065666581835416	1.722511110058656
2.3035949360001613	1.9471198229663624	1.9496821689921602	1.4559566745520973
2.3065563523255084	1.949640233652886	1.9522003064362228	1.4578491476841622
1.7225451962524678	1.4559890647373284	1.4578753498087715	1.0886794508233988
2.720138582684468	2.298052547328314	2.3007929026687592	1.7179380358346446
2.298041570364111	1.9414469383946074	1.9437488984144755	1.4513413298966065
2.300801012481046	1.9437921007112584	1.9460960577573914	1.4531023632712519
1.7179199131467222	1.4513391050822735	1.453054981056183	1.0849665813620186
2.724038862360931	2.3044674733258543	2.306602227653181	1.7324126137264118
2.3044532415635843	1.949491038821374	1.9513309137779224	1.4655865566086455
2.306584287111082	1.9513102490701846	1.9531508178146497	1.466968969422229
1.7323667342904405	1.4655281682277546	1.4669720914112527	1.1018582199379987
2.7209297871377167	2.3042547894270284	2.3022822771709794	1.731860115737564
2.3042470518651545	1.9513684971923426	1.9497393506734244	1.4666610511479732
2.3022935133011693	1.9497513356003777	1.9480661102661951	1.4654444137002909
1.7318431256272424	1.4666201728184867	1.4654171759541932	1.1023635152638454
2.7240908635607846	2.304010492750783	2.3017099204966227	1.7224186954889358
2.304012679784059	1.9487167205730642	1.9467394619436085	1.4567797501627286
2.3017062530282963	1.946771622201891	1.9447776121723905	1.455310771391504
1.7224192610204219	1.4568097336763832	1.455271515614104	1.0889802388213072
2.7278083140806895	2.311385316947291	2.308926923881142	1.7367386174769044
2.311370848587579	1.958498297217738	1.9564259116418101	1.4715837565597296
2.30893435563125	1.956451730555164	1.954366529757314	1.4700265315208465
1.7367269151388547	1.4715904123765717	1.470010658529387	1.105716091701973
2.7249088826297236	2.3060759644617495	2.3048765394290833	1.724995448451713
2.306075054273371	1.9516261461343625	1.9505882316322982	1.4598656275167199
2.3048802586839803	1.9506060356297075	1.9495946981821293	1.4590853646218769
1.7250042965926111	1.4598904127241843	1.4590963293554278	1.0920525584771612
2.724602751841747	2.3053448749806673	2.308795621003886	1.7322446723662546
2.3053376858411614	1.9505941422215942	1.9535203455567018	1.4656893405638793
2.308798253243836	1.9535090416921814	1.9564206120955223	1.4678596956993994
1.7322335613855298	1.465653009727328	1.4678394599986218	1.1012588858076233
2.723384937299226	2.303868411310694	2.3006171294881876	1.724549097224154
2.30386367163615	1.9489786904767428	1.9462303430535544	1.4589219562700466
2.3006116811284123	1.9462112382160839	1.9434958749774214	1.4568433595298484
1.7245601409970905	1.4589132613529052	1.4568820802670848	1.0921166765935912
2.7253570799490308	2.3030432199209905	2.3052519232497346	1.7260868308823085
2.3030344554787288	1.9461633247851544	1.9480069604760615	1.4585931835139838
2.3052573335782953	1.9480525542695968	1.949884760872311	1.460016137801533
1.7260628467183887	1.458600058033739	1.4599268208865965	1.0931234374929553
2.726038851758456	2.3077190523435718	2.306552927778515	1.728989764208328
2.307713260906537	1.9535979021133236	1.9526192552654222	1.4636819330928243
2.306551287377797	1.9525921152412915	1.9515989357162251	1.4628868448511803
1.7290166058007113	1.4636882314594366	1.4629578316857084	1.0965798246819554
2.7251927124708217	2.308535643489115	2.3065419608915683	1.7337694151668168
2.308535120428443	1.9555722264583697	1.9538995523923972	1.46867403826169
2.3065353880344213	1.953865222373259	1.95219757584569	1.4674015157017726
1.7337691257116121	1.4686482402671839	1.4674419711845885	1.1029593786417073
2.722867273659949	2.303313378454447	2.3032409418763655	1.7292832410386574
2.303310249470586	1.9483968173560144	1.9483284092053543	1.4628203387610557
2.3032438626589666	1.9483313151576065	1.9482396336122134	1.4627327990234555
1.7292673095064728	1.462805663394028	1.4626991996853302	1.0981912132565566
2.725902647604291	2.3061289858791336	2.307793391967063	1.733067694248681
2.3061377466849975	1.9509826665662382	1.9524236345850754	1.4661781597483268
2.307785117175158	1.9524059238303384	1.9538287518122115	1.467253536648298
1.7331152180019476	1.4662448363252854	1.467322585058536	1.101955703345926
2.722752403299978	2.301263585043183	2.302920978407418	1.7225554941524237
2.301262784219223	1.945011401477446	1.9464091872388893	1.4558677288226523
2.3029066683711545	1.9464090264847587	1.9478199296201961	1.4569675182083952
1.7225488989601239	1.4558957841754323	1.4569483658203428	1.089774977565523
2.717615340713263	2.296608616332246	2.2960216344274897	1.717233006247359
2.296615061356739	1.9408247229849749	1.9403560621373277	1.4512439936460773
2.296003263850297	1.940314364397574	1.939814068994277	1.4508134166727096
1.7172123398217325	1.4511752115152508	1.450816881132701	1.0850827738469202
2.7167811376942894	2.296540596625363	2.2944233279927384	1.723353830764059
2.296522627387866	1.9412731937852914	1.9395154094466107	1.456777039656841
2.294403790954181	1.9394934821907166	1.9377085051692056	1.4554202524832895
1.7233110040378927	1.4567164945655275	1.4554168866288097	1.0932037080892534
2.7175754462272113	2.2973699579538494	2.2941588356136315	1.7202378404964433
2.2973264257334387	1.9421243309423435	1.9393584784258138	1.4541894947607439
2.2941581593186817	1.939451390081406	1.9367256340246701	1.4522367453378315
1.720219485297979	1.4542817291391004	1.4521995585989416	1.088931178227323
2.7153633694347814	2.291214851338318	2.29306433735279	1.708083783082366
2.291212394440634	1.933323368976844	1.934879502750537	1.4412324637131568
2.2930545049478908	1.9348833972220387	1.9364247709916704	1.4424264678172056
1.7080766351898695	1.441278175455923	1.4424215345736082	1.074366612069264
2.712583049484907	2.2905379097986436	2.2912244955568046	1.7109943832793535
2.2905201564139586	1.934116309939651	1.934708404505303	1.4447228415297813
2.2912326971211763	1.934751364150278	1.9353228193408534	1.4452123861331652
1.710998584224737	1.4447722551215552	1.4452029971913	1.0792029285154745
2.717664751341609	2.296531873677008	2.295662621872177	1.7174421367010835
2.2965456798951034	1.9406479120740432	1.939896783336069	1.4512044105520738
2.295668229516535	1.9399020671203495	1.9391636176993063	1.4506606932189772
1.7174854607040941	1.4513010793938843	1.4507317907527038	1.085177039659558
2.7202151199438496	2.298216575568102	2.301085705621838	1.7213267658228137
2.2982162478669723	1.941689372377482	1.9441107369035737	1.4542811724061178
2.3010990850640263	1.944130688816945	1.9465616133330272	1.4561171701650928
1.72134257688058	1.4543112652213857	1.4561269502652339	1.0892328393920716
2.725289736445273	2.3030774727163124	2.30748863118673	1.7247283587713367
2.3030698893037145	1.9462368592953354	1.9499756514359854	1.4574867624893848
2.307511973044005	1.9500422916719546	1.95373071795411	1.4603059583576092
1.7247529433958684	1.4575360845164742	1.4603091394331074	1.091455301404355
2.719711046934222	2.297930614766841	2.297371956623601	1.7186663954010275
2.2979181495500343	1.9415705737734104	1.9410685160081675	1.4521429232994227
2.297355401899076	1.9410607006097795	1.9406098907264713	1.4517869435401138
1.7186304331853393	1.4520990465212742	1.4517365161767817	1.0860615267544584
2.722347549995421	2.305831008010689	2.3021702721378876	1.7282135943389327
2.3058391651048797	1.953034139309264	1.949947071773668	1.4637908133982889
2.3021777711508915	1.9499442600202688	1.9468658778345953	1.4614897888621414
1.728229642004905	1.4637783325578964	1.461502254136156	1.0970601871356804
2.71939605293176	2.3004781932136082	2.3018178968290317	1.7296652896419502
2.300477945467794	1.9460966123178771	1.9472224534130909	1.4632256020751087
2.3018133992168397	1.9472208594872598	1.9483502697815647	1.4640827495842401
1.7296306741878897	1.4631794482519744	1.464006466535934	1.1001182893148598
2.7190851924465904	2.3005445081910927	2.299643245389664	1.725934688776249
2.300548812280374	1.9464434393722823	1.9456921776522182	1.4603198408497056
2.2996664380118044	1.9456930151193355	1.9449428791726338	1.4597484507413068
1.7259665795516126	1.4603239205800909	1.4597801916371242	1.0956573321838412
2.7139743007132164	2.2903867195526035	2.2952742513462865	1.7161817629385563
2.2903806365859074	1.9329071466442649	1.9370217720319491	1.4483036088427494
2.29527594860174	1.9370693044403202	1.9411747689656789	1.4514392142898827
1.7161762025538216	1.448360232836322	1.4513906493061908	1.0852330999060589
2.7182177861896992	2.2997943201972566	2.297349752254586	1.7256077674183468
2.2997777008782823	1.9457655537485439	1.9437039368909292	1.45995566254883
2.2973524576681474	1.9437265544267117	1.9416461449438902	1.4584514210467205
1.7255933731659452	1.4599760767868304	1.4584346463531492	1.0954543281091482
2.7213100853059546	2.300973556067117	2.300139891153188	1.7206940362349992
2.300969223384612	1.9455422499316146	1.9448543873382327	1.4548821904404574
2.300144646846196	1.9448837414113818	1.9441568503632363	1.4543869463615093
1.7206979588862186	1.4549294748495472	1.4544004224954727	1.0879716174333243
2.7251934515012244	2.303122243549698	2.3018457031249366	1.7193292458549798
2.303103656127849	1.9464321908758084	1.9453214956960412	1.4530674950914049
2.3018098593008243	1.9453197239099096	1.9442227566350994	1.4522487023895831
1.7192461935964245	1.452987898805447	1.4521432718838316	1.0847070593135892
2.7247269835287917	2.301953645331747	2.3073359712260078	1.7250847278710413
2.3019440239982107	1.9447408928394054	1.9493165191033892	1.4573901788427766
2.3073478938148733	1.949317965488816	1.9539064759006894	1.4608331661166332
1.7250784814044273	1.4573601151989004	1.460819529967954	1.092177105181135
2.7278034311503174	2.309959385027353	2.3079068867239774	1.730578840318092
2.3099255210130694	1.9560882710355048	1.9543489390033637	1.4654740460095004
2.307902772717781	1.954378396722543	1.952633250198194	1.4641401181809022
1.7305306833882714	1.4654392566935213	1.464117890322756	1.0978286160424193
2.72383964663455	2.3057615676446015	2.304954133461838	1.7253673458984065
2.3057172237622336	1.951810934569939	1.951096728333634	1.460492684832922
2.3049813251671174	1.9512147030137967	1.9505115156342185	1.460032881237609
1.7253410127504818	1.4605003920507371	1.4599613664757627	1.0927972165981241
2.7234496987571943	2.3038202076198346	2.302535733283805	1.7266962806258945
2.3038157099021763	1.948842320969839	1.9477621321496776	1.4606273620876322
2.3025387386828524	1.947774542901796	1.9466892487375462	1.4598709293447942
1.7267038005016857	1.4606531440718828	1.4598639412848948	1.094760194518232
2.727437592401978	2.3033287202626602	2.3091150166896237	1.7259481757042021
2.3033303917460475	1.945171232892112	1.9500348732091377	1.4575559125717366
2.3091078579474673	1.950035268324158	1.9549366930552816	1.4612027996318073
1.7259062420363336	1.457487730539884	1.4611233752218797	1.0920759949905046
2.7237814041903565	2.301783053294071	2.3045402784233513	1.7208046636686163
2.3018037922270405	1.9451784851168996	1.9475287560293915	1.4542204794817117
2.304558345600997	1.9475334221566811	1.9498381841288914	1.4559675115640325
1.7208215500237134	1.4541999004769977	1.4559385915064211	1.087105990138986
2.7198911542717426	2.2968571472285078	2.297722330977536	1.7199676421882257
2.296851621993964	1.9396133250332763	1.9403395720383412	1.4524641395502556
2.2977053023541454	1.9403283895688392	1.9410440910097588	1.4529650979635573
1.7199440045785976	1.4524147689606053	1.4529283151154733	1.0875688404378892
2.7146860500976673	2.2921294238075642	2.288898539696565	1.7061008508594862
2.2921131030813715	1.935343439397428	1.9325794540168983	1.4404789644683316
2.2889134523580466	1.932649315683596	1.9299094244538992	1.4385053594836545
1.7061146992349505	1.440613402786692	1.4385120198355485	1.0722236516135402
2.715453398926734	2.2936474349934253	2.294171132037525	1.7104037083404922
2.293647226975929	1.9373375059974594	1.9378083744154482	1.4446809367064697
2.2941992436113416	1.9378556094396149	1.9382301813334506	1.445003526455416
1.710453403403571	1.444743918954788	1.445049673754217	1.0772525568029614
2.7227915560574054	2.3012566792715403	2.3001311641389273	1.7199057704597334
2.3012527033173424	1.9449777640221377	1.9440411111366407	1.4536672884099089
2.300102219659259	1.9439866923744955	1.9430498013050048	1.452886541913146
1.7198643088052823	1.4535701689504699	1.4529138992386923	1.0864270761651145
2.726536590497355	2.3048860766102885	2.304296069641175	1.7259362963871745
2.3048907735905773	1.9484186587613668	1.9479607414232032	1.4590052175451416
2.304268240083104	1.9478973190075102	1.9474402806508202	1.4586401983734856
1.7258956027017962	1.4589239357698018	1.458648560922039	1.0925051690611902
2.7246026143545685	2.3063029846111447	2.302131159388741	1.7241758250615244
2.306300964437177	1.9522405188099528	1.948684155704889	1.4594782234765376
2.302156012214985	1.9487085337922234	1.9451644852630459	1.456825042362248
1.7241923782295832	1.4595011108660618	1.456796193530507	1.0910864968444514
2.717542129595809	2.296808800241568	2.296047789650567	1.709864393945472
2.2968156747092645	1.9412065690700195	1.940584574680335	1.4451421010615162
2.296056646834862	1.9405627684133204	1.939941206011106	1.4446415819261904
1.7098901087915193	1.4451401724031394	1.4447087690932197	1.0758717829918547
2.7199346054925537	2.2992472522640246	2.293959672942919	1.7144060127442644
2.299258233317319	1.9436116576827696	1.9391767053220772	1.4492400381657802
2.293955826535457	1.9391367318277215	1.9346688339339277	1.4458663899872615
1.714408466620559	1.449192432324258	1.4458916954223373	1.0805449368370246
2.718401739982932	2.3002286680912567	2.2968618346417995	1.7177180018501093
2.3002330694163624	1.9463614204347273	1.9435353137200202	1.4534631853997855
2.296889623255432	1.9435607561044106	1.9407319551321196	1.4513962605338229
1.7177689981396835	1.4534926920815223	1.451444923523941	1.085476145954034
2.7191075806433633	2.302527752150912	2.2975105919668706	1.7219485558333938
2.3025253692076975	1.9497839409986761	1.945529306916834	1.4581589438855682
2.297483659147211	1.945512387117162	1.9412904106033426	1.454974746861053
1.7219146208686256	1.4581271465438814	1.4549631118485176	1.0904356347492072
2.718418861971586	2.2964020045335904	2.2952802060474142	1.7112414707410952
2.296446636127048	1.939927032509235	1.9389909824526887	1.4455941760775055
2.295276677314297	1.9389189066118575	1.9380073816523804	1.4448469496863936
1.7112787523900284	1.4455633847612788	1.4449015799612228	1.0771812033824164
2.7176487427571625	2.297692540220177	2.2949681144966734	1.7168708173296567
2.2976905618690453	1.9425989592793245	1.940332166471406	1.4515320734060275
2.294961947366112	1.9403151549084283	1.938032066551101	1.4498747843877549
1.71686120829444	1.451510075623818	1.449848188142263	1.0846235350669768
2.7163805369803993	2.2931504852764717	2.295997068072372	1.711577413048812
2.2931706280647535	1.9359046577299284	1.9383031602918381	1.4449605602982771
2.29598005703667	1.9382395002741093	1.9406533271375668	1.446646312801583
1.7115776990168456	1.4449021290628554	1.446700057715315	1.078386225377314
2.7127903391913946	2.2901678700226475	2.290808960183652	1.7100364599432574
2.2901868695681538	1.9334068723262376	1.933950581014896	1.4436391800430461
2.2907826032841645	1.9338742100543105	1.9344479039530702	1.443969261276837
1.710053935439752	1.4436167997659293	1.44404720855405	1.0778736583388948
