2.723669246524601	2.303011892732425	2.3020666308966695	1.7256848857507194
2.3030002284196764	1.9473024810793726	1.946523882947704	1.459152158322615
2.302068084718297	1.9465191831517654	1.945753362215014	1.4585977419007357
1.7256469687266538	1.4590853385050753	1.4585732688327688	1.0933695248338344
2.719940669946047	2.3004992686357846	2.296146112502427	1.71700826678096
2.3004873729448008	1.9457075781752735	1.9420401461201102	1.4522112603981556
2.2961562908225113	1.9420607610718228	1.9383749224986768	1.4494719608873894
1.7170133027448768	1.4522062142027856	1.4494884573403104	1.0838819820470633
2.718149319100545	2.295206102023498	2.2954365811613466	1.70930051502482
2.295198307411525	1.9380486888139243	1.9382396186259812	1.4433114538380345
2.2954572761008767	1.9382823655756154	1.9384661552659157	1.4434693507290637
1.7093073088375128	1.4432920669070368	1.4434403729077137	1.0748202015146289
2.718658450180701	2.2969419303150005	2.295373935543928	1.7108285203359845
2.296931409548639	1.9406006772898252	1.939318818851506	1.4454209331736358
2.295371333922779	1.9393274258087565	1.9379996946345983	1.444492945514466
1.7108184956800274	1.4454175990154852	1.4445069682370173	1.076676746043531
2.722759002089463	2.301612978049231	2.3046769524331685	1.7262410540521589
2.301628494125034	1.9456419928921524	1.9482169833028937	1.459264947592618
2.304677082252366	1.9482058841244225	1.9507753955206903	1.461161518043444
1.7262624170649359	1.459246060804724	1.4611556278750413	1.0944502686026898
2.7244808217923584	2.3055496963322644	2.305534867265617	1.7270060241437906
2.3055351174227643	1.951051813499434	1.9510051624116473	1.4614592778879574
2.305539166191283	1.9510432024037847	1.9510009081606752	1.4614682153782586
1.7269742455653667	1.4614857680061892	1.4613959559654635	1.0947350116754366
2.721075955667063	2.3001323522666564	2.297268692973692	1.7174715301957495
2.3001357111523477	1.944305342251961	1.9419027944157932	1.4517932557327653
2.2972759074070437	1.9418938186851697	1.9394704792396535	1.4499931136526414
1.7174769549768474	1.4517795826831603	1.4499977207204704	1.0840932075366994
2.721324966990659	2.2988281571838725	2.3035823172020735	1.7234491306587802
2.2988252696372284	1.9419124130289207	1.945940556674164	1.4558405684537863
2.303570144717474	1.945927926376421	1.9499319784656148	1.4588589899974733
1.7234090769904766	1.4558077103273257	1.458824627406414	1.091337795564281
2.7205303266509486	2.3013971578726835	2.2975695858524605	1.7193232461178118
2.301421689129448	1.9468441053336016	1.943647578931036	1.45447082121375
2.2975661720253684	1.943588136377973	1.9403780423595156	1.452036797670508
1.7193539226841639	1.4544661738828324	1.4521099312790664	1.0866681188903584
2.718463662883163	2.2997857744876247	2.2998119660489045	1.7228024218890106
2.2997877234107733	1.9455849445443654	1.9455922379831116	1.4574198059436518
2.2998003192396417	1.94560317585949	1.945640631208118	1.4574944586856287
1.7227878294988923	1.457434692263588	1.457461385734953	1.091744568660497
2.719771972790054	2.2988844121847554	2.3033145552991243	1.7259417190052313
2.298878687087729	1.9431421274433953	1.9468575547257387	1.4588583886280484
2.3033087056917174	1.946880561423954	1.9506139096332182	1.4616381979184199
1.7259277761114646	1.458875301282886	1.4615994140455406	1.0952256248544618
2.7212775259429414	2.3021432066135716	2.3021064513578815	1.7265555079748796
2.302127165784434	1.9475377483893226	1.9475240792930208	1.4605960401998288
2.302094067272948	1.947545582837097	1.9474918461731068	1.4606382643225366
1.7265425241675987	1.4606246351460983	1.4605900796545257	1.0954402551619677
2.7207003295441603	2.300052268466889	2.304171285046914	1.7334752498202644
2.300060589864081	1.94444662399769	1.9479408948889478	1.4654854538233844
2.30416957532435	1.9479069394958612	1.9514014411436775	1.468074380854948
1.7334747088341025	1.4654643161048835	1.4680924606032282	1.104530507375124
2.721619535120114	2.304611263175054	2.2990046666410713	1.7240267435091747
2.304588132948833	1.9514781544857727	1.9467343103353851	1.4598847523536165
2.2990017109849554	1.9467332319273265	1.9419902363507493	1.4562731736798575
1.723998917765808	1.4598198078309295	1.4562733477165384	1.092033748777947
2.7222067980212485	2.304430412055763	2.303399840132609	1.7304300625859013
2.3044205569875844	1.9507684126360239	1.9498803284697166	1.4648322107561287
2.3034151757766494	1.9499261959270475	1.9490279721016954	1.464231044779722
1.7304551967136448	1.4649122558886702	1.4642109076327987	1.1000325469703465
2.7230438834653774	2.3030750663967154	2.3026521992876816	1.7255553809607953
2.3030636068022177	1.9478632108430094	1.947513656411511	1.4594298395793137
2.3026567320792544	1.9475472706689878	1.9471691705900718	1.459199054718461
1.7255371066960132	1.4594377797000428	1.4591356897281205	1.093488723845391
2.727328565984761	2.3113821119049054	2.3081026076693014	1.7357453882100093
2.31137234398847	1.9588770505442072	1.9560989193130955	1.4710378599008924
2.308111572680481	1.9560892767750964	1.953324634332634	1.4689628544504183
1.7357274826813367	1.4710111407642383	1.4689261437719052	1.1046823513776072
2.7241520893943227	2.300746681875687	2.3045026410744387	1.7214240151914384
2.3007529430961924	1.943168845113452	1.9463226633391415	1.453902520698992
2.3045077654205226	1.946320341620563	1.9495165623818924	1.4562697421382647
1.7214160426421243	1.4538608839896525	1.4562139467417772	1.0877788031684297
2.7216065068158226	2.2986337443985785	2.302624234298533	1.7181837143085072
2.298638520441379	1.9414118623610188	1.9447995649986007	1.4512013355302138
2.302614065465692	1.94473619358624	1.9481250276466848	1.453632960475641
1.7181930382751744	1.451119474107297	1.4536895895624076	1.0846629599114406
2.715473272257515	2.290508436481763	2.2949463808000927	1.7077700938524416
2.2905326206126926	1.932078028162098	1.9358065004441836	1.4405047205358164
2.2949479813045337	1.9357818172224996	1.9395490983871075	1.4432826863970953
1.7078172844079305	1.440516823316089	1.4433503221383137	1.0740105540603893
2.714385773223682	2.290934593631782	2.2933834824680974	1.7109392707466065
2.2909383423469523	1.9335164315491902	1.9356147005281823	1.4440172373073192
2.2933648904887716	1.935587408408998	1.9376589307630765	1.4455369340678306
1.7109221992704924	1.44398115415252	1.4455398994243254	1.0784079787934633
2.716225492000309	2.292446334181425	2.2936445884759404	1.7126766434598721
2.292453612460776	1.9347621102577992	1.935803672248275	1.4454606796519223
2.2936493458927276	1.9357913230588577	1.936780140519622	1.4461804291852012
1.7126907175590542	1.4454931432357043	1.446200277843736	1.0799070197539546
2.7182478082965864	2.2994225110587245	2.3000123060528987	1.7198233408987254
2.2994151019611655	1.9451309439368796	1.9455952940422072	1.4548257571938308
2.3000236190597936	1.9456438440370762	1.9461385103057296	1.4551903195222993
1.7198449714098196	1.4549019628725925	1.455225050265729	1.0881628207377505
2.7209274159747676	2.2990012474340467	2.29848767914466	1.7191183640897272
2.299015573620516	1.9425154913771203	1.9420637129300953	1.4525311651235724
2.298490962845753	1.942063681253183	1.9416163628521923	1.4522017197797812
1.719157549380446	1.4526015020116994	1.4522156436527875	1.0862029487677214
2.7217940346721754	2.300960393095733	2.302937390162119	1.7223963208497917
2.3009682753787293	1.945191366635034	1.9468612875653095	1.4560557099998517
2.3029402974097977	1.9468593638469232	1.9485366529995092	1.4573283883525086
1.7224110669219739	1.456076337634574	1.4573495851117924	1.0899689880610304
2.7236051606693614	2.3031471267886587	2.3071590408258125	1.7290032018123629
2.30317384994752	1.9476097696006358	1.9510269262928788	1.462115362042071
2.307153692704883	1.9509630403687346	1.9543988723858927	1.4646264890467113
1.7289897134337624	1.462013676138464	1.4646326295563388	1.0975935829210082
2.723310820805747	2.297789696128977	2.3040046931761866	1.716040966353023
2.297792878946296	1.938753593070605	1.9440338130496526	1.4479367760864152
2.303977275065701	1.9439795418180739	1.9492222748635777	1.4517998512386547
1.7160476131228126	1.4479109978000686	1.4518769782662104	1.0813870286861604
2.7217216405439797	2.29752393977305	2.304097219491403	1.7213012141071438
2.297542806188998	1.9394428650361502	1.945056757363994	1.4531184813152895
2.304063054495312	1.944935977900195	1.9505097593440854	1.4571372178116315
1.7212577060624856	1.452954192932711	1.4571947392409978	1.0886906449481784
2.7197556253551216	2.298824880041954	2.2957695726228553	1.7151926092602745
2.2988016565999176	1.9430275052166148	1.9404424834611322	1.4497441614423299
2.295760940715073	1.9404555556213412	1.9378528219371736	1.4478056593689221
1.7151427853041044	1.449689939380712	1.4477333617332226	1.0816459218835455
2.7161286352281593	2.2937710304438994	2.2935228883459318	1.7135665776472662
2.29379630148156	1.937098792550265	1.9369001272958204	1.4471133770002151
2.293517351304029	1.9368647550669582	1.93664829698358	1.4468794076731495
1.7136130734453445	1.4471129825507887	1.4469903440707352	1.081009885911658
2.7186720106364084	2.3014409751554745	2.2959474637365687	1.7212768123945041
2.301458029372727	1.9482544186279462	1.9436137816905383	1.4571098680582375
2.2959349800061424	1.9435557176365978	1.9389257904425152	1.453591017700246
1.7212808285375267	1.4570768322279715	1.453614006602513	1.0896848880932153
2.719244849454022	2.2979979725301756	2.2975334677852035	1.7129967373062056
2.297976433621473	1.9420033871641185	1.941599586347328	1.447608492523133
2.2975258755713828	1.9416247295145272	1.9412408063580322	1.447409595541357
1.7129508177485206	1.447592532416586	1.4473239753776068	1.0791472566235296
2.7229550465680687	2.3004204981512886	2.3027213721418995	1.720836310424129
2.300417700857412	1.9434395416052783	1.9453773859525096	1.453776082118833
2.3027399039824323	1.9454222220022226	1.947395977187983	1.4552931670678062
1.7208467794751436	1.453785567862545	1.4552857854747347	1.0874885911647671
2.7249538379397253	2.302788580568672	2.307156877029692	1.7279280077118815
2.3027794970463784	1.9460398409777515	1.9497011358848002	1.4602164570574825
2.3071351938825413	1.9497204966075437	1.9534151050000714	1.4630238169281835
1.7278745740739903	1.4602367811104904	1.4629274105595123	1.095708968681748
2.719262480995431	2.296036129170885	2.2973081968274296	1.7172829049274252
2.2960477356336164	1.938688143966103	1.9397710772719605	1.4500050832045182
2.297291751666823	1.9397170769444927	1.940818960855232	1.4507749648104042
1.7172684506754965	1.4499553924542263	1.4508027259366771	1.0844566630974108
2.7231054703887487	2.30194909456123	2.3044098509051087	1.7261212389670255
2.3019558587443067	1.9459238587530796	1.9479970845881054	1.4591298365442287
2.304407427528507	1.9479987941639312	1.9500645871901927	1.4606928101339776
1.7261127072149944	1.4591396229883367	1.4606489483584968	1.0940843882455678
2.720557700396428	2.2985935256975956	2.2970575810990765	1.7113890401950875
2.298578871309884	1.9420713062722665	1.94077800846063	1.4459739411835013
2.2970491628465166	1.9407598256533694	1.9394677591824099	1.4449843137625145
1.7113418002341867	1.445875448330889	1.444919936882677	1.076498795885207
2.7163563441216194	2.2952276533020814	2.2965384427307995	1.7179811448964533
2.2952352664019373	1.93939295695207	1.9405083220867008	1.451663951987668
2.2965531814855606	1.9405194661138385	1.9416198085157832	1.452512359589722
1.7179919569568611	1.4516603088618025	1.4524830334794823	1.0866360552949414
2.7267978572554834	2.308910569782926	2.306930204097007	1.733812881544489
2.308913219034068	1.9550608658057465	1.9533650913530092	1.4680251400899793
2.306940493151142	1.953418121952077	1.9517046679580525	1.4668508081488316
1.7338401646939587	1.46813901464757	1.4668308364432328	1.102332418688545
2.7219833446760426	2.303206177299508	2.3034040564326737	1.7311174354928394
2.3032104512722387	1.9488860071730592	1.9490334117270016	1.464799993708227
2.303420446866351	1.94906445801882	1.9491896539336901	1.464917868499293
1.7311363964659552	1.464833412388697	1.4649043498466208	1.1009565756692459
2.719161863302688	2.295859674102972	2.299700522784676	1.7207910054551467
2.2958654283954476	1.93845467585166	1.9416981945659562	1.452890079317968
2.299710413951973	1.9417231541506608	1.9449724189909727	1.4553890380815748
1.7208110182833574	1.4529366032773892	1.4553436157830248	1.0889754118664856
2.718335729307633	2.300166214417141	2.298202359293231	1.721393897391108
2.3001617413797386	1.9463292670542105	1.9446619645967849	1.4566014601454613
2.2981898733537194	1.9446644055455178	1.9430151126974267	1.455337861436722
1.7213759050624435	1.4565925812717833	1.4553671597313975	1.0900564765668295
2.7177314468919804	2.2949512093428264	2.29916128498968	1.72025053984846
2.2949389207592272	1.9379498979135354	1.941476869538124	1.4526544477781123
2.2991722154687086	1.9415025477243955	1.9450742549403224	1.455330503968755
1.7202526571890129	1.4526441256543088	1.4553076759777925	1.0888889827880437
2.722721875534315	2.303801613776955	2.305918112075627	1.7361452639602988
2.30380667663469	1.9493425972553167	1.9511406325304035	1.469020460905815
2.3059423384720596	1.9511519778388144	1.9529303067576558	1.4703691372678318
1.7361741889081836	1.4690373808545358	1.4704013048786206	1.107044756050797
2.72082485301269	2.300417424464739	2.3022491967847674	1.7274475967719223
2.300402559827427	1.9449411872470492	1.9465233093750678	1.4605258528612588
2.3022320376695604	1.9464846458653253	1.9480660844853848	1.461704403392403
1.727407537736618	1.4604639685270173	1.461675298950903	1.0967529340980917
2.7217828443960896	2.298296317069554	2.3015438783306923	1.7197276058983497
2.2983165896472637	1.9407236247066797	1.943441122048971	1.4521386817038795
2.301564476188299	1.943449483114468	1.9461888353358823	1.4541829615356863
1.7197802954713002	1.4521807280928254	1.4542160999632123	1.0865349591776043
2.7208948848571306	2.303556173040587	2.29982493038688	1.7275737481648232
2.3035528610124008	1.9502336719288873	1.9470529316330139	1.46260288792042
2.299849146832553	1.947095676539251	1.9439408359127677	1.4602385634468849
1.7275704778282093	1.462594784447789	1.4602035317867699	1.0968959593196626
2.7203799171661416	2.2992773053429207	2.299056384831734	1.7195705732845894
2.2992848195646522	1.943360386492022	1.9431676995102298	1.4533582588018303
2.2990740897605297	1.9431807696841596	1.9429676029938736	1.4531818690531402
1.7195716794311633	1.4533920631903616	1.4532064652750638	1.0868455938230481
2.720574571783045	2.2966019518323457	2.301268000099597	1.7156941395866705
2.2965943270088274	1.9386856633881326	1.9426545988900745	1.4483183219138482
2.3012670345085398	1.942632693588883	1.9465771642208474	1.4512354441434125
1.715693576761586	1.4483023701446511	1.4512760802271407	1.0819387942077532
2.722857871041562	2.3025934586193224	2.301250022568237	1.7221876543707297
2.3025698801112835	1.947173572630068	1.946051905041001	1.4563612755900743
2.3012618676903567	1.9460779373033221	1.9449368977776154	1.4555449402168747
1.72217150881643	1.4563765698831868	1.4555243692820359	1.0893012230645505
2.7242648322640868	2.3040036282497613	2.3051508502775895	1.729263756195179
2.303985451018205	1.9485587626578953	1.9495145019516238	1.46246007866233
2.305149404243726	1.9495342186995348	1.9504911336545974	1.4631872285822005
1.7292512461728062	1.462434847206249	1.4631657841482582	1.0975501258457323
2.722592158556728	2.30286590065283	2.3030495545576923	1.730188126992897
2.3028923635425316	1.9478591347497822	1.9480481848871374	1.4635128065971188
2.3030409765035786	1.9480016929401802	1.9481750492551175	1.4636090745345223
1.7301859378722053	1.4634471130537203	1.4636314908779013	1.099613470282567
2.7240896612417433	2.301238576775463	2.30631928489623	1.7228593611158247
2.301259490750408	1.9440526636476525	1.9483511389897874	1.4554624599570463
2.3063343807932637	1.9483344842248087	1.9526203586351947	1.4586351889922076
1.7228942267842449	1.4554301161649927	1.4586871552058198	1.0896547557188707
2.726918210820165	2.3120603335517607	2.30852136783176	1.7335503235932688
2.312072761691071	1.9603160869191194	1.9573425237697848	1.469837811464311
2.3084940210048255	1.957269686844181	1.9542746274147358	1.4675099306790589
1.7335378151273348	1.469773856007313	1.4675548970418777	1.1020310303443352
2.7254483283328867	2.3072485538310743	2.3043140846452164	1.724808492682018
2.3072691166037536	1.9532543629253463	1.9507716655521277	1.4602060614311896
2.304310629367356	1.950700267166632	1.9482427116639949	1.458257257155049
1.7247879725984754	1.4601125282402032	1.4582693471591588	1.0915238864252172
2.720580543835924	2.2983224120902963	2.2981381561532537	1.7139385272999166
2.2983397351689567	1.9416120692846277	1.9414574000791127	1.4479083152544827
2.298126362608657	1.9414084644725271	1.9412777894304318	1.4477651012958326
1.7139642656977936	1.447910570747659	1.447813154704915	1.0797053397825884
2.7175940083624823	2.297326862848647	2.2950608950260394	1.711854681050904
2.297333072237168	1.9420495413691723	1.9401394055068328	1.4471210093636737
2.2950759847935553	1.940159162655451	1.93824342867875	1.445744610252617
1.7118738602069525	1.4471430656781858	1.4457066858769216	1.0783481529695258
2.7208854575016646	2.3003325410828235	2.300168827834582	1.7220946615195964
2.300318106551133	1.9447766183611208	1.9446127067055956	1.4558893713267451
2.3001804446530882	1.944658371096985	1.9445337935581632	1.4558424656186733
1.7220754363116058	1.4558896310884817	1.4557897829101585	1.0898512270448864
2.72155750783978	2.300509006280987	2.300304710426689	1.718667634882065
2.3005073684804813	1.9446088583974008	1.9444482459540398	1.4528189632439537
2.3002941085940165	1.9443949269906478	1.944231827296094	1.452607604924956
1.7186402214561012	1.4527187938754818	1.4526492574448382	1.0853128226370174
2.7245376702688087	2.3046911574391853	2.302482112209507	1.7200489405017183
2.3047101341032925	1.9495780003017955	1.9477038406193345	1.4550510096757228
2.3024959389799187	1.9477056857901072	1.9458226815255129	1.453629024395237
1.7200532187166193	1.4550308666120333	1.453629830819206	1.085982690308031
2.722682248547418	2.30315270690287	2.304064638605588	1.7300522315428195
2.3031253711873454	1.9482446794044461	1.9489903218808122	1.4634190125691768
2.304062099219568	1.949065040531005	1.9497864319649836	1.464066657753033
1.7300048051225687	1.4634651193205805	1.4639627060896192	1.0992372436981817
2.7265487906263157	2.3105871936100555	2.3073351579119143	1.7357880360144293
2.3105741467462004	1.958069178181556	1.955278117113407	1.4709111925344525
2.307332712332572	1.9553024654264295	1.9525516748503549	1.4688322365822362
1.7357719737575543	1.4709174761178574	1.468836776828122	1.1048790298099151
2.726803260150067	2.3091931706224957	2.3087992787756484	1.7350910795533274
2.309196234054847	1.9555287234635266	1.9551936690443794	1.46933256020631
2.308778651802708	1.955191893912872	1.9548644639167314	1.4690985193380734
1.7350772103165948	1.4693555843161843	1.4690546834728904	1.104031184682876
2.721949200481656	2.297005794565226	2.301375302594243	1.7199360545026334
2.296988844572075	1.9384062131304651	1.9420773895749015	1.451414259035179
2.3013690894308065	1.9420712155763618	1.9457871353408398	1.4541798416730745
1.7199363651937982	1.45143398453647	1.4541773963284292	1.0867840140202174
2.719423495550823	2.2998414382207506	2.296184603354719	1.7173313827586523
2.2998427408362314	1.9449907964167121	1.9419087936558264	1.4523602421123496
2.296195279888538	1.941923938277595	1.9388282542632842	1.4500760049153307
1.717358645570586	1.452388602654237	1.4501113481147447	1.0845828007310419
2.722682866789988	2.302662067653204	2.3018164903502503	1.7232408324319453
2.302670280932873	1.9474359181863026	1.946740985224053	1.4574518510968935
2.301809677260469	1.946716763209418	1.9459661114617741	1.4568308851885068
1.7232305256093474	1.4573891194823652	1.4567998457380327	1.0906414458498694
2.7223089924903863	2.301965796669366	2.3016595024246436	1.7201280491115665
2.301965529710961	1.9465368952960125	1.9462706214368446	1.4545261896540571
2.3016666950570475	1.9462783829659898	1.9460074635744176	1.454341497244795
1.7201542098046716	1.4546036471069346	1.4543738611111146	1.0869507731173225
2.724365930826755	2.3060126493079394	2.3052682446333876	1.7281200706931719
2.3060051809374174	1.9518814044105863	1.9512773621921031	1.4627606541234808
2.3052550423881146	1.9512576316886199	1.950631120397105	1.4622923252791173
1.7280797958767982	1.4626699496027007	1.462244048597439	1.0961729154382809
2.721553738096723	2.3046175329623066	2.299638350659111	1.7252127813509055
2.304603446183395	1.951542080781244	1.9473153048485468	1.4609017169289775
2.299657171780162	1.9473603002199429	1.9431386175685177	1.4577906548485193
1.725215672446213	1.4609170027129832	1.4576998694023366	1.0935663017759387
2.7234005398176833	2.3052820665736413	2.30153351945375	1.7255504353356057
2.305281821285052	1.9513553614513424	1.9481926507270317	1.4606659980319783
2.3015483999781394	1.9482152347919284	1.945043818107217	1.458278027913025
1.725580109756656	1.4606926637871431	1.458306044156888	1.0934130424203836
2.7262296874046172	2.3097587528118204	2.3103745434234035	1.7334277868068977
2.3097687925859565	1.956925051755302	1.9574408771494827	1.4686236219625222
2.31038475997277	1.9574408956762035	1.9579696458680227	1.4690043350205746
1.7334785969313495	1.4686654195132496	1.4690941821450163	1.1022042957527536
2.7245361811854614	2.306129689040119	2.304471447705149	1.7299399671039488
2.30613154471066	1.952010620743132	1.9505809594240995	1.4643083391880267
2.3044681898528085	1.9505758871252983	1.9491640500384986	1.463204648891178
1.7299430066583978	1.4643201840927438	1.4632128586838695	1.0984226776916868
2.7231987327654195	2.3017712335501845	2.304011588277525	1.7260378020803426
2.3017761639163474	1.9455733171138945	1.947432708994351	1.4588923649767764
2.3040227067153456	1.947462293473234	1.949363011384376	1.46034732605171
1.726080560053676	1.4590031057819564	1.4603706239170549	1.0940431218786963
2.7221249515650627	2.3049219017764426	2.3037653368388793	1.7299534888522172
2.304927094938846	1.9516694078789796	1.9507035305272435	1.4648561441029961
2.303749697923543	1.9506477244013176	1.949681282410177	1.464048848803681
1.7299496732379158	1.464772967359212	1.4640890772616022	1.0994033571330226
2.720273731365664	2.296917920374044	2.301335821431547	1.7202048475237917
2.29691562815927	1.9394276324882898	1.9431683857042439	1.4524541195130085
2.3013232706987017	1.9431615987152417	1.9468700084059198	1.4552377774724155
1.720193427213779	1.4524466703142995	1.455195498521636	1.08763118395248
2.7196359160205663	2.2971795039465444	2.2987380697688597	1.7201524261760852
2.2971672972476864	1.9403527420135724	1.941629432092622	1.4529397868909204
2.298738474800649	1.941640885621842	1.9429705745938766	1.4539126291024729
1.7201280906422263	1.452902018779767	1.4538781828782987	1.0879076888281027
2.7124775484457095	2.288793224515966	2.2895918140137144	1.7058627528361614
2.2887944898716266	1.9312664864912972	1.9319321134205012	1.4393053543693464
2.289600379650095	1.9319593559120392	1.9326241690380865	1.4398785495535362
1.7059056041395058	1.4393957053675515	1.4399125433281696	1.0726516491808147
2.7196267062375394	2.2995195308801244	2.2969224216837447	1.7157027496806776
2.2995223628518264	1.9443053296990715	1.9421444035595254	1.45070976989161
2.2968872452197933	1.942084699126009	1.9398613288969482	1.4489942203371242
1.7156415358655261	1.4506232830727288	1.448972299937073	1.082332093271293
2.7216024448374045	2.3003076226041776	2.3021102495057844	1.721258692557318
2.3002932250204644	1.9442010059869101	1.9457393102956513	1.4547766101525548
2.302145421428377	1.9458100068973925	1.9473435309093476	1.4560804622532728
1.721306243269348	1.454883439838402	1.456057407870083	1.0887617005981403
2.7188731064689606	2.2979380981523194	2.298026619161878	1.7182625044070035
2.297939259033836	1.9421404631036616	1.9422553403487035	1.452207107877559
2.298028979971709	1.9422208986432352	1.9422999924930853	1.4522168245251663
1.7182576356911348	1.452170625577678	1.4522583604130375	1.085722158493707
2.719663535306944	2.2991212070147586	2.3000584480064945	1.7231205990617198
2.299110466068857	1.9435821077367337	1.9443746486287725	1.4566373676130906
2.3000650226124897	1.9444076624815354	1.9451998236728951	1.4572621565245731
1.7230987606639179	1.4566199837378342	1.457222288851989	1.09164929670046
2.7211628331658058	2.301597846459073	2.2973600870385673	1.7135956734446662
2.3016082144740557	1.9467118307078417	1.9431359181395889	1.4493550325892597
2.297354680229861	1.9431186090300567	1.9395538044947698	1.4466927829870126
1.7136201114682506	1.4493857512791057	1.4467382338616028	1.0790995918791408
2.7237744908356327	2.299427174378048	2.304525994416993	1.7166210954794874
2.2994482014795072	1.941211322095688	1.9455133713999928	1.449197619298512
2.3045418396562627	1.9454913811168806	1.9498441612114956	1.4523840640227632
1.7166935242993506	1.4492329054190984	1.4525082276690446	1.0819127047568726
2.7257719587317517	2.305688136181094	2.306401452678297	1.7237596147187018
2.305680297385359	1.9503464198307772	1.950936217376453	1.458083133620076
2.3064123396207408	1.950953714229408	1.9515448749266209	1.458525070089378
1.7238098358269436	1.4581771966526018	1.4585715700375517	1.0901262586268308
2.7247181198968455	2.3028166954422313	2.3029679516930996	1.7234888907514925
2.302832860556689	1.946254342939269	1.9464086003777263	1.4566484604615877
2.3029641593123302	1.9463406146514153	1.9464955170563318	1.4567099780173667
1.7235033328652658	1.456605069861209	1.4567106958316833	1.090131983740938
2.722474484412388	2.300380766613786	2.3025222833498797	1.715762435606693
2.300399308190636	1.9437218603365594	1.9455601685567594	1.4497473458728358
2.3025196102845484	1.9454978804278973	1.9473330100473543	1.4510270123212745
1.7157785795339648	1.4497257229929137	1.451114753066804	1.081280926029426
2.71953711899733	2.296275780947138	2.2979510720954623	1.714941696302958
2.2962600960363666	1.9389036481098223	1.9403002198765165	1.4480699951579625
2.2979427480470354	1.9402924581451744	1.9417309535884846	1.4491350931193223
1.7149228952793758	1.4480384887111757	1.449113220495482	1.081576003265518
2.722148606194864	2.3004013929034017	2.3019648784331728	1.7228195111884752
2.3004036471637748	1.9439688414463046	1.9453062367521365	1.4558646013653744
2.3019609342683887	1.945274679306397	1.9466028340829962	1.4567919719290827
1.7227992340834362	1.455801763790755	1.4568170354210832	1.0901937978119423
2.725616588075899	2.3062770754183695	2.3049724697418257	1.7291240155884913
2.3062842461277118	1.9514396960671627	1.9503522462950305	1.4630714327535221
2.304967661024671	1.9503511981625703	1.9492395271682394	1.4622728021809213
1.7291460480429066	1.4631248442286253	1.4622640583582942	1.0969797070025644
2.720866906082414	2.3010805478659306	2.299644959535792	1.7211296286070024
2.3011001287756945	1.946016718754742	1.9448413042083015	1.4554922918298792
2.2996277870586384	1.9447890167112325	1.94361450146894	1.454621552201403
1.7211107006489605	1.45542978298327	1.4545980607285174	1.088493179105637
2.7246431104955984	2.304983818653855	2.303827785757663	1.725789587821466
2.3049671357344237	1.9499189299894928	1.9489597162685348	1.4599311811339089
2.3038408277243696	1.9490138434943598	1.9479950700182573	1.4592957943450695
1.7257857289555452	1.4599425537674469	1.4592449003432846	1.0931379772374261
2.7237264340276823	2.298031750381743	2.304029887574286	1.7156243066763146
2.298053557968041	1.9388702396748976	1.9439760462552733	1.4475048998020699
2.304046840798477	1.9439330716817593	1.9490341577902452	1.4512964344295705
1.715683576825857	1.44750279866404	1.4513695787009038	1.080715334065903
2.722956986905988	2.3015756858848935	2.304060824178854	1.7213716741536131
2.301568542566048	1.945392685680954	1.9475061124012	1.454980490686782
2.3040498609090974	1.9474932804606386	1.9495982091247557	1.4565490941107069
1.7213560987488237	1.4549625290935275	1.456537409309531	1.0881744646349267
2.7255673744118045	2.3040837373496363	2.304422547591124	1.724631193652284
2.3041009962308467	1.9477799229024264	1.9480882609479158	1.457948875652245
2.3044273626887186	1.9480817783092892	1.9483648361649424	1.4581599556259566
1.7246442118210394	1.457947525310172	1.4581793080694248	1.0913059200749453
2.7245812443614486	2.3057105777745543	2.3032737860158523	1.7217551995197826
2.3057093555696935	1.9512222716476366	1.9491632452468244	1.4570036202152385
2.3032808926219768	1.9491806957827356	1.9471085895981526	1.4554777788685165
1.721765162260045	1.4570551863929342	1.4554918426610925	1.0879274201307698
2.723030169996736	2.3004668830808157	2.3023921961314193	1.7195888464862754
2.3004442854093825	1.9434578692495699	1.9450798285071726	1.4527415520003952
2.302410592513	1.9451164981130222	1.946754354503871	1.4539808362557356
1.7195580675778126	1.4527001383132712	1.4539333987760763	1.0859057315708747
2.726806920125146	2.3058871763909337	2.3093111747475845	1.731490986577702
2.3058753539345296	1.9499594451791973	1.9528255365325757	1.4642192009612334
2.3093141320094013	1.952836131525057	1.955734427092841	1.4663832691329768
1.731501906955988	1.4642520778426127	1.4664018159685899	1.099502395034575
2.7259555877689183	2.30721679978701	2.3081498554436366	1.72991202923134
2.3072181766124484	1.9527979840383125	1.9536243973426972	1.4642145799465431
2.308139418621677	1.953578007158722	1.9543625906252942	1.4647440630722748
1.729891878492733	1.4641251375276927	1.4647869584865247	1.0978186999072623
2.720684112092487	2.295946999021175	2.303766385187726	1.7221680739432692
2.29592581503255	1.937510330437128	1.9440626563291534	1.453277345194194
2.303765057942941	1.944130260290229	1.9507366416825078	1.4582407479263344
1.722102651515347	1.4532623152317699	1.458160658052913	1.0899683005038263
2.7230569049924767	2.3025703402322404	2.305302372430105	1.7283554562537884
2.3025600244144595	1.9469857322855961	1.949329011053852	1.461487725215895
2.30530511515809	1.9493333040666716	1.9516603278784654	1.4632300755628185
1.7283404677554663	1.461421209231851	1.4631824942029372	1.0970036927699844
2.720512041417171	2.299983702863272	2.297394592711361	1.7195381463334316
2.299969988784642	1.944430581100444	1.9422389735420982	1.453695634636416
2.2974057381311206	1.9422796989552562	1.9401022212817003	1.4521080145604806
1.7195685432164585	1.4537585436053335	1.4521204163198504	1.0868795701862564
2.7205896437969503	2.2957387385621852	2.298576612647699	1.7113069151647327
2.295750985393234	1.9372375743956283	1.9396185196692306	1.444037462629786
2.298568717687885	1.9396170744922117	1.9420229482349811	1.4458371069632605
1.7113404472547498	1.4441173050911844	1.4458588895220945	1.076437090912405
2.7218682573839033	2.300582895554475	2.3022021397178096	1.7256702735081593
2.3005948271525996	1.9444885764471167	1.9458732675007744	1.4585576769797903
2.3021915267077198	1.9458347481598182	1.9472257598815343	1.45958140065568
1.72565233570356	1.4584923069780487	1.4595617761105937	1.0939955823041905
2.72406598940386	2.3053896988422657	2.304951345829998	1.727540257788567
2.3053753272204007	1.9510421712974673	1.950698547559244	1.4620255263046813
2.304937456830372	1.9506721483855956	1.9503045877399454	1.4617121467571261
1.7275031213064709	1.4619725800769168	1.4617339816987587	1.0955055303281849
2.7228379857675833	2.3005718283707033	2.299722941422822	1.7173218266016468
2.300591049040023	1.9438279335969748	1.9431016435400672	1.4510286603345202
2.299728909251464	1.9430868883437198	1.9423681539767126	1.4504680126713883
1.7173667587628927	1.4510656824647692	1.4505060356426533	1.0831885109744694
2.7166716618366853	2.295538709496362	2.295415367158674	1.7118050096455442
2.2955334402988554	1.9396798025319928	1.9395741200691432	1.446393990794532
2.2954220352718075	1.9395786900627805	1.939500755091709	1.4463625460340122
1.7118204682426459	1.4464274700326276	1.4464021329096493	1.0786001564873653
2.7157958626916954	2.294906053368924	2.295984307451331	1.7193183883844483
2.294874247627414	1.9392481486054989	1.9401271709035406	1.4528610500122816
2.295989644229618	1.9401706258663027	1.9410486153828639	1.4535228316952946
1.7192858454090814	1.4528795872737559	1.4534693719649774	1.0884294804810504
2.716627745371835	2.294212681333512	2.2917407557796685	1.7078579615739218
2.2942155761973004	1.9374853975855977	1.935401508782263	1.4423055348592608
2.2917302940579556	1.9353651284836684	1.933285683121598	1.440695959015371
1.7078543777200696	1.4422752691016776	1.440724005948196	1.0735943523696057
2.7199649673463973	2.2976270182357488	2.304476802319522	1.7213865278273666
2.2976308974369437	1.9408599245892386	1.9466598712150855	1.4540951285996568
2.304460828261176	1.9466211455442384	1.9524545642632507	1.4584001296456393
1.7213821292522609	1.4540568878375826	1.45843823624837	1.0893396571904332
2.722246065570032	2.300443463730927	2.3026437871375696	1.7209766125333834
2.300469184755056	1.9440075961557872	1.945929841818426	1.4543919635144613
2.302650456354381	1.9458486775901889	1.9477289571584067	1.4557048467606017
1.7209966799929877	1.454310698921696	1.4557638420823693	1.0880769054847927
2.7217556263671536	2.3050216892913755	2.302060520980309	1.7284333900491664
2.3050107295364275	1.9520873084655	1.9495661200382406	1.4637754749859673
2.3020794661882573	1.9496206728535217	1.947101557124664	1.4619424746010656
1.7284421620452157	1.4638217495456332	1.4619062549315995	1.0976586035326605
2.721755552964737	2.301834567421466	2.3018016380959914	1.7226725057196202
2.301841786900216	1.9467178061058714	1.9466728687145245	1.4568914415557
2.301815821729723	1.9466762151333963	1.9466324546204454	1.4568083387221071
1.7227114106892023	1.4569336864294413	1.4568610614729725	1.0902664105594575
2.7196925332374344	2.297675735493012	2.3014861503186017	1.7217018813145912
2.29768588925546	1.941138630062181	1.944382631849735	1.454532999796766
2.3014870282382076	1.9443560153592279	1.9476016885849248	1.4569654939898988
1.7217727425363751	1.4546004500687728	1.4570946079245168	1.0900461780014439
2.720877214442997	2.301060988778194	2.296062158177575	1.7119201481960225
2.3010382167100167	1.946013851152473	1.9417678366428603	1.447746788089774
2.2960705397600445	1.9418232105496822	1.9375800282011728	1.444664975339274
1.7119037337998286	1.4478222419619542	1.4446122324235562	1.0771260991091276
2.7231156589916865	2.2995575129760177	2.3057747794585346	1.721412766458835
2.299546874023805	1.9418700057905018	1.9471206944117607	1.453667909295091
2.3057892118863887	1.9471467623821208	1.952419223969361	1.4576129555063444
1.7214054346084142	1.45365354726545	1.4576090460308337	1.0882082203933525
2.7314767199126853	2.3130088451896045	2.3161868854577565	1.7413470859175166
2.3130014241523305	1.95866177184351	1.9613348794521528	1.4745844304740994
2.316197478010519	1.9613688791341282	1.9640545726588197	1.476627206307799
1.7413870134103335	1.4746531955125315	1.4766420561249902	1.1102315354763774
2.726002827295807	2.306314347052153	2.308134112534408	1.7317972150460745
2.3063276137508617	1.9512467659795627	1.9527913963048913	1.4651909331417394
2.3081217378861667	1.9527656039661994	1.95434093179984	1.466353375737164
1.7317768234691002	1.4651619373128815	1.466336585135721	1.100226877283928
2.7201341741585807	2.2986395164899114	2.294947330000326	1.7157702968836233
2.298628107828918	1.9424620047475063	1.9393268823799346	1.4499086085940884
2.294969208176168	1.9393539708443113	1.9362489582094324	1.4476113859431805
1.715752390960269	1.4498405514565675	1.4475801866841618	1.082201699934796
2.716729287245496	2.2933753816777434	2.300299804875939	1.716935072252357
2.2933956776712647	1.9360136730787314	1.9418585089614415	1.4494364922341838
2.3003008046272364	1.9418308985037527	1.9476934662902583	1.4537539212686539
1.7169299635639197	1.4493559753930365	1.4537678468640787	1.0851307426533383
2.7126847836690935	2.290672141566986	2.294116840239159	1.7169041896483666
2.290687027998507	1.9343196367988729	1.9372469740283524	1.4498153002534846
2.2941255832428262	1.9372496189474113	1.940144699495609	1.4520615409217204
1.7169335002742212	1.4498337245871065	1.4520477250917392	1.086737461672074
2.7143440931367806	2.2918756678335557	2.2916526374429322	1.7095460070627384
2.291871513451318	1.9351604007190328	1.9349839161226183	1.4434920139353693
2.29165372909908	1.9349933805143438	1.934798441141721	1.4434034500177537
1.7095089160175956	1.4434587016395704	1.443336113832111	1.0767900582492114
2.71462602141615	2.2907530525430997	2.291815420825977	1.7091545239482733
2.290770992815144	1.9330714420532977	1.9339777419393949	1.4423074747563707
2.2918341535841376	1.9339581764121558	1.9348671017204364	1.442928788002183
1.7092003541079313	1.4423007589575831	1.4429738347471517	1.0761470293467088
2.7163382143431707	2.2948470097212894	2.2961061201146045	1.7183792321824771
2.294842831245292	1.9387450974692115	1.939823388133334	1.4517398754743038
2.296086995252478	1.939822304181746	1.9408765814655675	1.4525279075982718
1.7183406185000412	1.451696710406117	1.4525070381344733	1.0870215637519394
2.7176414380613	2.2948445281568213	2.2967890933388806	1.716580533075132
2.294823509346996	1.9377937219346675	1.9394556889602264	1.449510805743029
2.2967736820905684	1.9394682092414561	1.9410812686552186	1.4507705442472865
1.7165444717940206	1.4495041693760822	1.4507291713787487	1.0842680713811834
2.714438531838347	2.2947737286189454	2.2927978977908685	1.7197335758490064
2.2947665040025638	1.9399854452675227	1.9383086273502983	1.4538282009548869
2.2927945895205077	1.9383051262416735	1.9366516311856514	1.4525716772693642
1.719704219099121	1.4538046092361638	1.4525593313975544	1.0894344829421092
2.715005378060472	2.294300214665816	2.2926151366114684	1.7148917528316003
2.294312680791099	1.9387755560153856	1.9373644207779634	1.4490963846003784
2.2926007762916054	1.9373404750666925	1.9359334251065086	1.4480651945703267
1.714896809332948	1.4491322965549696	1.4481025358204118	1.0830393269163416
2.720127199831676	2.3007508466275413	2.2997811978438083	1.7210158941622886
2.3007529332228085	1.9460476824735398	1.945228058830227	1.4557291894692905
2.2997792702887323	1.945231061918552	1.9444026306808029	1.4550877215337767
1.7210304590885448	1.4557121546819822	1.4551103879474467	1.0889743274885566
2.7183957136010566	2.2963797931989025	2.2994763894990364	1.7179962218189504
2.296385073995037	1.9398850092281024	1.9425046458261743	1.4513299689905266
2.2994778377872334	1.9425112306545895	1.9451313782285624	1.4532748007062477
1.7179704885010256	1.4512941746218047	1.4532555819295296	1.0858303898848642
2.723146720638777	2.3008488967107645	2.3042604534911386	1.7264074709088852
2.3008644887789673	1.9440286927363513	1.9469362331955467	1.4586547432499728
2.3042474370594452	1.9469071308780936	1.9497936789554695	1.4608284351737926
1.7264349995705741	1.4586953219754175	1.460887214154913	1.094524677484128
2.7192731319103784	2.298276631820109	2.3018591636208163	1.7234705214318258
2.298300958679833	1.942472835405009	1.945530435159414	1.456668758229206
2.3018685601925672	1.945497226638828	1.9485293815893627	1.458917341360302
1.723520157768899	1.4566906682883014	1.458948467607458	1.092332703224413
2.7209099048482845	2.3003677214839016	2.300799280538818	1.7228765232707364
2.300370175153976	1.9448268371357755	1.9451835352353424	1.4566018320244585
2.3007905613948947	1.9451653340540143	1.9455312003378673	1.4568215270126281
1.7228780078931498	1.4565929085750133	1.4568198763053823	1.090893623320124
2.7230158084866845	2.306815158317516	2.30836479743262	1.7337210784130626
2.3068296071556915	1.9542202968413285	1.9555761135006813	1.4687241309050432
2.308363933055131	1.9555529637901847	1.9568654484828716	1.4697491817342432
1.7337543497612982	1.4687463370432525	1.4697716232807911	1.103841962653439
2.725856927785653	2.307901188981391	2.306733841746505	1.7301415383508498
2.3078950373328464	1.9540408321590015	1.9530343266759334	1.464888370055902
2.3067398421686356	1.953030195811874	1.9520496406879013	1.4640849773683982
1.7301189346704904	1.4648413493661583	1.4640611441591933	1.0981141345735663
2.723701627564754	2.3046278292940836	2.3049435202765625	1.7284730560664914
2.304608890670515	1.9500076888724578	1.9502808500880031	1.4624955794401275
2.304945943338047	1.9502998632770205	1.9505514122439747	1.4627281611771858
1.7284168376841051	1.4624684584225616	1.4626258964529057	1.0967879963566654
2.723080285437778	2.310058566930815	2.303078914895907	1.7342769174633368
2.310059833762759	1.9596879670468959	1.9537368279447385	1.471208245420456
2.3030895928716917	1.9537597276066856	1.9478484920243346	1.4667579236694053
1.7342857537503018	1.4712242047362158	1.4667226497051307	1.1044294114457855
2.7160781141215797	2.296211037856754	2.2956520576228576	1.7173580531279151
2.296237969268603	1.9412571607243876	1.9408105409833762	1.4518960842816988
2.295643921846953	1.9407732813822098	1.9403128848528448	1.4515501260854815
1.7173981371683336	1.4519267641570022	1.4515913592773366	1.085973190119069
2.72001806807695	2.299339768601255	2.301181662032273	1.7196931581149013
2.299358960271357	1.9437337217085346	1.9453060294023234	1.4537265896932048
2.301184833873011	1.9452972432442028	1.946847078972196	1.454902440796278
1.7197287924584916	1.4537757575429004	1.4549367781501026	1.0873057804210553
2.7218758571805197	2.30260902016006	2.2997636055371804	1.720632431396229
2.3026177588324166	1.9479377225077812	1.9455309435740291	1.4556120727264241
2.29974812039613	1.9454951561305567	1.9430924608034414	1.45374076077531
1.7206241605754642	1.4555625168561546	1.4537719321231048	1.0875967332594803
2.720222011785175	2.301216595163274	2.3005599663959404	1.7228054833221862
2.3012068847450604	1.9467218622599025	1.9461778315651073	1.4573980253645062
2.3005659447831945	1.9461834973304046	1.9456376556783546	1.4569816374778302
1.7228025594472978	1.4573612263509537	1.4570212509779694	1.0909944036011776
2.7222082332632476	2.29987133765755	2.3040369464125634	1.7223412502790791
2.2998895644240105	1.9430736871296073	1.9465969546338862	1.4551533826054175
2.304024678482243	1.9465411068249094	1.9500847290632448	1.4577071539188076
1.7223256375184122	1.4550840405056846	1.4577162350962636	1.0896208245427943
2.7268423326266924	2.3073027706265807	2.3098307593430216	1.735391174400669
2.3072972233408073	1.9522908124104001	1.9544244668524346	1.4683545422833937
2.3098388027958494	1.9544677381593913	1.95659797655052	1.4700015132264772
1.7354244157313563	1.468421006327089	1.470019115119059	1.1044109356127787
2.7222629694206524	2.303190158155568	2.303070824854965	1.725446468693958
2.3031847587523058	1.9486087151258278	1.948511363724309	1.4597712396934792
2.3030694539383343	1.9485208493439075	1.9484062867591956	1.4597318965023647
1.7254648024532842	1.4598296905538388	1.4597435074431353	1.0936204530016138
2.722371689107513	2.2983957146725653	2.3040156330674653	1.7273798050509874
2.298407101097258	1.9404554048529785	1.9452113643630389	1.4583790626309903
2.304004536505155	1.9451653219659975	1.9499456741621446	1.4619259215590088
1.7273905554451936	1.4583778252879993	1.4619636445529203	1.0961361752365975
2.723665771962681	2.3053204798720324	2.30292694341596	1.722978613877783
2.3053234122146233	1.9512293133831868	1.949194021640282	1.4583131897306785
2.302922860033277	1.949194668200245	1.9471535461409457	1.4568124992733038
1.7229505142159496	1.458290776497823	1.456743809077068	1.0898623581833518
2.72456480869743	2.3059624571007444	2.306313149481282	1.7273348849014223
2.305940200052983	1.9516517820694483	1.951916152783144	1.4619196295598471
2.3063150507377177	1.9519681352279512	1.952273355619279	1.4621709340902125
1.727297794058219	1.4618740093026503	1.4620894541290868	1.095053295328612
2.7221894458177833	2.302271970203659	2.302445348833893	1.7254417568185187
2.3022649987389836	1.9471156504626073	1.947267456800026	1.4592970819582376
2.3024510517765906	1.9472910518963464	1.94741465136405	1.459389245296536
1.725419439985979	1.4592597389315867	1.4593814618888101	1.0937057964317698
2.724542574175528	2.304529003085527	2.3046370606191844	1.7295923558344972
2.304534000819986	1.9492666645852736	1.9493814561626275	1.462960805532984
2.304619208570169	1.9493360057714877	1.9494019119346861	1.4629824067101647
1.7295732721291974	1.4629475946578037	1.4629745595559216	1.097885404079009
2.72302503614436	2.3019186776119223	2.3034367516958603	1.7227470520530161
2.3019106802042333	1.9459169236117049	1.947238241350232	1.4563364253448174
2.3034216167435364	1.9472207480504435	1.9485283107615652	1.4573351786724889
1.722730534025137	1.4563241244192653	1.4573503466000224	1.0899393165920526
2.7211806422316527	2.30179651293109	2.30128358566108	1.7263123186490474
2.3018007277343244	1.9470552428621388	1.9466153168503484	1.4602692669113704
2.301275323990137	1.9466237773083843	1.946168909938839	1.4599333923914308
1.726293758306781	1.4602584673124988	1.4598912248844915	1.0951454031910064
2.7252642260808932	2.303600339830933	2.30656751248895	1.7225480595759155
2.3036103811762327	1.9471796972159243	1.9496839406610829	1.4559825079543254
2.306561430293586	1.9496874053178725	1.952199603918442	1.4579015103313953
1.7225504526062352	1.4560196488921215	1.4578988395431605	1.0886821769936443
2.720156050241022	2.2980656204066245	2.3008292385907563	1.7179557394342693
2.298068851084496	1.9414611388775629	1.9437877127184688	1.4513304263457891
2.3008316604924928	1.943801383677764	1.9461692451741934	1.4531445882607503
1.7179554200158211	1.4513465586221905	1.4531387231346222	1.0849764942716174
2.724040105009578	2.3044758831312837	2.3065856287202116	1.732370207660671
2.3044674986353133	1.9495239641494215	1.951297149398389	1.465493686911907
2.306572909559825	1.951325048564246	1.9530765687219265	1.4668487742526513
1.7323678106653488	1.4655342722925966	1.4668210374182433	1.1015512728185646
2.720925604566155	2.3042641161893562	2.302272527210133	1.7318527017769123
2.3042413655462615	1.951388310164227	1.9497042167679652	1.4666198894292757
2.3022531247512075	1.9497057558960185	1.9480047117977113	1.4653454321074133
1.731790581245846	1.4665837432174094	1.4652930222008897	1.102201924989351
2.7240949455356067	2.30399893063246	2.3017422188919143	1.7224475486195765
2.304014859690499	1.9486939775912402	1.9467916822330904	1.4568361257134577
2.3017240255044897	1.946769084263188	1.944873810238322	1.4554177797814514
1.7224514252438998	1.4568287720869086	1.4554136927333488	1.089158518456314
2.727828353259728	2.3114261202325834	2.30895227927669	1.7367944031434348
2.3114214594372533	1.9586058766459258	1.956478356321	1.4716827250187638
2.3089413124874087	1.9564609964825455	1.954389533762896	1.470047395192421
1.736764295198281	1.471640030642602	1.4700447553002898	1.1057240949857432
2.7249273756666206	2.3060927114050442	2.304909756097245	1.7250315267170275
2.30609682111447	1.9516232359413703	1.9506191319508897	1.4598590176364092
2.304891485519358	1.9505949057990175	1.9496264461811883	1.459113085852411
1.7250189070262072	1.459841976971126	1.4591155664186584	1.0920028219511884
2.7246104656985644	2.3053633375994598	2.3088152410768275	1.7322522690785815
2.3053586521669907	1.9506405746520736	1.9535490767390595	1.4656957067238203
2.308810750396377	1.9535647226869302	1.9564492626584826	1.4678868327625232
1.7322761795011339	1.465761010350775	1.4678944688694646	1.101325134407523
2.723384205313756	2.303866618891954	2.3006043292364233	1.7245288402667152
2.303852963837786	1.9489579398455854	1.946204877327612	1.4588695916107302
2.300602137727651	1.9461986007993015	1.943463951020603	1.456804658759574
1.7245255217754305	1.4588877575210228	1.4568340764292376	1.0920520685598685
2.7253643576980195	2.3030386413060158	2.3052798015873033	1.7260823476609708
2.303036611856306	1.946156857092652	1.9480402853194985	1.4585510587007258
2.305273049332429	1.948034613990164	1.949945231545365	1.4599936452275168
1.7260950937613397	1.4586254929863969	1.4600547729348412	1.0931669764918561
2.7260445453263915	2.307710187659468	2.3065727555963464	1.7290223164362475
2.307725350873662	1.953583499940865	1.952626346562947	1.4636879796656117
2.30656752749125	1.952601984420255	1.9516383855500772	1.4629622952271522
1.7290207235106454	1.4636729589293374	1.4629144956774291	1.0965618683745728
2.725201525503774	2.308554979968499	2.3065574442216783	1.7338078731607454
2.308547543991944	1.9555902581986746	1.9539347479173512	1.4687371148198984
2.306557157260672	1.9539527575286175	1.9522087412428542	1.4674973993565734
1.7337924983835677	1.4687480270096362	1.467469286583374	1.1031361031985483
2.722874078387798	2.303341676511264	2.303279162232975	1.7293305051528067
2.3033155147588964	1.9484175733132314	1.9483656913342164	1.4628341898487982
2.303252062751284	1.9483792507064097	1.9483229350807638	1.462827748809232
1.7292633520458842	1.4628076358149944	1.462772744653378	1.098243788225022
2.72590986583565	2.3061504770459114	2.3077944826460604	1.7331026458344336
2.306134169811839	1.9510241608849501	1.9524192285536577	1.4662571865007568
2.3078257953268744	1.9524649998854142	1.9538540596937448	1.4673065520339919
1.7331113146890929	1.4662507017611166	1.4673335650552441	1.101997161613264
2.722764011204633	2.301303136645128	2.3029411729649985	1.7225931351079675
2.301291548129966	1.9450550275961194	1.946456601636019	1.4559233276736931
2.3029184737421673	1.9464431751875606	1.9478116828641685	1.456936671838568
1.7225714531867962	1.4559151452358021	1.4569535815808627	1.0897534951654406
2.7176151791085204	2.296611093605923	2.296004085094775	1.7172254285317947
2.296603762985789	1.9408268457631381	1.9403206652467782	1.4512177658604044
2.2960239447199684	1.9403463129640262	1.9397943189641806	1.4508393547426965
1.7172139641069053	1.451224305335409	1.4508049594409276	1.0851531184021663
2.7167822325609268	2.296542187609757	2.294434515048815	1.723374088606528
2.2965599746769154	1.9413234683803868	1.939570987987737	1.456835718280887
2.2944127323144783	1.93951094455635	1.9377601355458107	1.4554775801869633
1.7233623843466337	1.4567738573458096	1.455521616427365	1.0932328413986003
2.717586421603393	2.2973862261902327	2.2941621548641313	1.7202601395321189
2.2973677475421654	1.9421247342739854	1.9394220748142292	1.4542271445286012
2.2941648199560376	1.9394639765049677	1.9367202581481653	1.4522680027358508
1.7202385561267928	1.4542518220425784	1.4522230807891232	1.0889477865400223
2.715377449129386	2.2912313485239175	2.2930828841106234	1.7081251508168054
2.2912341914590244	1.9333523920076565	1.9349026598127097	1.4413161858781798
2.2930946525769684	1.9349170157859372	1.9364978257507204	1.4425378306424765
1.7081333419666833	1.4413233812952961	1.4425229736837357	1.0745544765147304
2.712573592136252	2.2905240469659573	2.291208266866562	1.710992911818444
2.2905132859630357	1.9341337906744887	1.9346851479470146	1.444745466934653
2.2912153932515946	1.934716076000033	1.9353178306716388	1.4452321108928068
1.7110222846075143	1.4448072961452958	1.4452338330532282	1.079267098260547
2.7176781305217124	2.296573739931746	2.2957201350004186	1.7175570777434446
2.2965578628674006	1.9407065221555826	1.9400082335954763	1.4514416381920945
2.2957200984642783	1.9399885772964176	1.9392707535157312	1.4508514036191624
1.7175516066123009	1.4514063870252834	1.450879821434656	1.085469266817017
2.720227648641264	2.2982329299818356	2.3011036229714903	1.7213692799677613
2.2982373128757705	1.9417280692896062	1.9441465840532466	1.4543775343925531
2.301116033879096	1.9441476990920552	1.9465600775074725	1.456167447082375
1.7213816232497055	1.4544019163180215	1.4561823045366546	1.0894081264662236
2.7253049227429025	2.303098723016236	2.3075338789488025	1.724764627215268
2.3031008811905695	1.9463016077498054	1.9500547791181306	1.4575506591315677
2.3075233031630566	1.9500420853977942	1.9538146282372388	1.4604001866517695
1.724777632319353	1.4575878782765503	1.4604164925613041	1.0915708957248118
2.719721399686021	2.297930249112909	2.29738129009426	1.7186464472335246
2.2979363944036613	1.9415468849641442	1.941106739351186	1.452113442216823
2.297386104003085	1.9410917506459027	1.9406084893658646	1.4517203436580635
1.7186794292428915	1.4521266073659878	1.4517467371200565	1.0860144352289478
2.722353050163568	2.3058356280965593	2.3021791235470648	1.7282188700289458
2.3058522874693477	1.9530661477893982	1.949973822725337	1.4638575803078353
2.302184910778378	1.9499426470622871	1.946866433870423	1.4614711613717617
1.7282098732091373	1.4637840073937338	1.4614988148996708	1.0971421190724435
2.7194056285914647	2.3004957168785367	2.3018427759412363	1.7296638989718918
2.3004954561251143	1.946123636181035	1.9472784426632017	1.4632488775305539
2.3018344857394464	1.947240379533424	1.9483892078803111	1.4640314661581606
1.7296443689763292	1.4631415903681775	1.4640434029175726	1.1000173609830868
2.719079990453339	2.3005294727542407	2.2996330684480673	1.7258864154532823
2.3005446239461227	1.9464283077940667	1.9456288362955771	1.4602050858339544
2.299626657340393	1.9456350881882336	1.944882220787406	1.4596130147067246
1.7259094422570893	1.4602287282608242	1.459635621338866	1.095421339947807
2.7139799707361107	2.2903846666607977	2.29527006921071	1.716182663166393
2.290377223829506	1.9328929774837995	1.9370248082655852	1.448304488152748
2.2952804423849216	1.9370088175614149	1.9411679950728986	1.451395228821512
1.7161941554811555	1.4482875224454006	1.4514585532653503	1.085192701799964
2.7182296887141177	2.299790324700814	2.297366201594849	1.7256136362743957
2.2998197488805023	1.945790727574998	1.9437421535712514	1.4600039567423744
2.2973765913611777	1.9437303954209149	1.9416662137482061	1.4584573003284484
1.7256573985741077	1.46002799300273	1.4584713716380577	1.0955729281820512
2.721307335434606	2.300973614368468	2.300154895151321	1.7207307992230059
2.300958660770681	1.945557641687061	1.9448725595103273	1.4549541723409767
2.3001390579463137	1.944866463203983	1.9441857985517086	1.4544726926765927
1.7206821156924335	1.4549266850587061	1.4544163953210214	1.088125716597433
2.725171449479341	2.303085100761358	2.301810839870873	1.7192647874149276
2.3030718716065555	1.9463449913118296	1.9452769639768708	1.4529346938408327
2.301812442866055	1.945289582054168	1.9442478933872935	1.4522046128182142
1.7192612831864622	1.4529616342657532	1.4521972196932194	1.08467548134814
2.724736270390754	2.301971210141321	2.30734238820059	1.7250852927345022
2.301977524087302	1.9447936521491094	1.949360262530926	1.4574284156210586
2.3073553092667862	1.9493533166009926	1.9538899294274346	1.4608566588352139
1.7251025330840968	1.4574340876882097	1.4608222097538162	1.0922238813570526
2.7278068748240556	2.3099486713764787	2.307901555438703	1.730557795676621
2.30993084089928	1.956073511785294	1.9543490960419596	1.4654350691855322
2.3079083000127483	1.9543563527481116	1.9526359585631663	1.4641499356103882
1.7305214813633443	1.465401411171043	1.4641319095595478	1.0978454739394539
2.7238448075337534	2.3057422676439225	2.30497113010071	1.7253846698100765
2.3057583268755946	1.9518321446957414	1.9512019285004054	1.4605930980962165
2.304978056324958	1.9511691481628326	1.950524599445399	1.460085072225055
1.725375550605673	1.460569240674565	1.4600622836743866	1.0929975640363034
2.7234505543179686	2.3038061518533723	2.3025460919508385	1.7266969541358737
2.303823392544655	1.9488164015649436	1.9477742374965168	1.4606153084888456
2.302528520904788	1.9477228323546163	1.9466885889552898	1.4598693035143835
1.726681323253657	1.4605737371893825	1.4598199169366346	1.0947149996437888
2.7274368647347464	2.3033251861487316	2.309129148107752	1.7259691733686584
2.303316396094225	1.945132653785058	1.9500672158991854	1.4575829546426053
2.309129549066292	1.950077882280142	1.954987737948951	1.4613000992616445
1.7259591129140581	1.457560235799791	1.4613178529514947	1.0922861368092518
2.7237690112783888	2.301771735254111	2.3045210364963107	1.7207975644225364
2.3017747389454644	1.9451150551571692	1.9474762832890695	1.4541478086167026
2.3045356107371213	1.947495552463361	1.9498183715845387	1.4559362068096793
1.7208224113268102	1.4541943207825465	1.455959491918325	1.0871124334509237
2.719885294539177	2.2968588508772236	2.297714520932095	1.7199813871574465
2.2968381983033574	1.9395983511963681	1.9403197486324162	1.4524405349568046
2.297704070052547	1.9403602522524224	1.9410319939390577	1.4530239070111188
1.7199342999267193	1.4524419522680276	1.452935447066907	1.0876507671489932
2.7146937004332004	2.2921265766504444	2.2889211032203867	1.706150930921585
2.2921461691065126	1.9353387812220004	1.9326442236145265	1.44056705845831
2.288916799786439	1.9326217910688726	1.929925572455246	1.4385761790540716
1.7061661449261676	1.440569633940252	1.4385872987231663	1.0723159261185993
2.7154580392988823	2.293652020835882	2.294175316432643	1.7104044759315673
2.2936787486328125	1.9374088913805885	1.9378162003151704	1.4447131584331914
2.294169054849719	1.9377964719880758	1.938254582448047	1.4450096692209626
1.7104686283832937	1.444773519251201	1.4450900045702204	1.0772856075873902
2.7227897965717176	2.301241545056446	2.3001366164239783	1.7198664929793024
2.301258574614245	1.9449696237526206	1.944064321881479	1.4536126077177893
2.3001036209417545	1.9439650347775697	1.9430647956245906	1.4527920665363514
1.7198741819493424	1.4535625108535104	1.4529272864351066	1.0862526254732499
2.7265326388953746	2.3048879102521322	2.304274539883532	1.7258958711595909
2.304885157944167	1.9484465354530907	1.9479472316253812	1.4589890887758514
2.304270496253037	1.947912774453093	1.9473716002449244	1.4585633205101054
1.7259176715699074	1.4590095868698763	1.458626504672309	1.0924948502623149
2.724620645594701	2.3063254909911355	2.302155666918769	1.7242413184538334
2.306342410330793	1.952271616924559	1.948725500312723	1.4595473279306646
2.302158948832231	1.9487137329344026	1.9451743694240031	1.45688781109063
1.7242447943231003	1.4595425524242094	1.4568824722161724	1.0911594123833142
2.7175599930729635	2.2968631812094134	2.296079732073269	1.7099480068700685
2.296858379370842	1.941322317862775	1.9406459888843743	1.4452894603867819
2.2960721667020603	1.9406143757741965	1.939984198520312	1.4447494097463267
1.709934109521931	1.4452501484756273	1.4447870788033053	1.076012167941502
2.719929982405309	2.299287423978687	2.2939414531785136	1.7144158332573685
2.299275044062131	1.9437074001286856	1.939174423381953	1.4493149664535652
2.2939570740923414	1.9392134926367952	1.9346966190847812	1.4459657028555242
1.7144135908819778	1.4493057444915012	1.445943215922196	1.0807525221959733
2.718399535802775	2.300231173628397	2.2968807112806524	1.7177384710694905
2.300227879067318	1.9463634088666024	1.9435694932856133	1.4534641788735991
2.2968709368268843	1.943529351571524	1.9407212315796973	1.4513441719019091
1.7177465355486514	1.4534797099873276	1.4514341256733199	1.085380191923905
2.719097683478349	2.3025050142567074	2.2974835525628357	1.721917710207444
2.30250608401426	1.9497356868372195	1.9455111559836882	1.4581109534886865
2.297495827492126	1.9455344682313818	1.941283096268945	1.4550015302749733
1.7219157675485575	1.4581424991761647	1.4549733231747897	1.0905151854978838
2.7184444305658815	2.296463005940723	2.2953221529390326	1.7113310659534704
2.2964604030579037	1.9399909914213875	1.939029980729402	1.4456886800632074
2.295304142181185	1.9390083576230006	1.9380631185334198	1.4449768614512941
1.7113052348176125	1.4456753850831452	1.4449849303356448	1.0773303117379218
2.7176579908772935	2.297721823390257	2.295001546984214	1.7169311654357786
2.2977217833224906	1.9426765266488957	1.940396827119448	1.4516487358005836
2.2949633253382262	1.9403359376282603	1.938050788441594	1.4498871863388338
1.7169179371498051	1.4516291343658276	1.4499402754418294	1.0846989350755194
2.7163694010178348	2.293139675469858	2.295982864003273	1.7115895766516438
2.2931508777573892	1.9358604339759553	1.938278460101239	1.4449327697051233
2.295991053434325	1.9382399136327788	1.9406679734969228	1.446707971521407
1.7115902699903078	1.4448813893472081	1.4467536578810918	1.078539413607976
2.71277976603618	2.290146366246151	2.2907822408953167	1.7100037320887826
2.290167319313516	1.9333633870288554	1.9338941229935507	1.4435226482081351
2.2907792092919332	1.9338394824761094	1.9343934251620192	1.443901817037193
1.7100643436995744	1.4436133580618418	1.443970949281819	1.077719349452298
