2.7236821445500077	2.303023285695437	2.3020822285377798	1.7256878560254718
2.3030208832461296	1.9473138530851257	1.9465518966618431	1.459192446313928
2.302085209437545	1.9465662852823078	1.9457578971195464	1.4586155565049257
1.7256650039131634	1.4591517892358468	1.4585602911783815	1.093439423133267
2.719933781531821	2.3004926561344896	2.296142328387828	1.7170045710438648
2.300471442431867	1.9456819947386503	1.942024633810971	1.452208409409072
2.296144426686764	1.942062143514585	1.9383600115012491	1.449454096920267
1.7169702911166993	1.452157946338496	1.4494350727597525	1.0838520307022008
2.718133082580907	2.295164563087738	2.295439436082903	1.7092697423727392
2.2952043968410214	1.9380541027047216	1.9382852665080772	1.4433510000583478
2.295436562760463	1.9382334744582739	1.938465150382709	1.4434227285601935
1.7093294611928431	1.4433345550574608	1.4435117227805294	1.0749040873415578
2.7186579795100942	2.2969530624974386	2.295365139582169	1.7108222262281425
2.2969563907080546	1.9406818885478918	1.9393245235914491	1.4454509854029844
2.2953674004963216	1.9393153021557339	1.9379823315277218	1.4444527360558432
1.7108275677488975	1.4454404910416931	1.4444879169072895	1.0766073766676625
2.7227665095924523	2.301602569844078	2.3046957768330794	1.7262427988784832
2.301628964006799	1.9456209002184688	1.9482390217584797	1.4592509918058756
2.3046927217993614	1.9482007036970241	1.950821606207292	1.461188276636302
1.7262978146790136	1.459300011238047	1.4612498149894027	1.0944889520057703
2.7244876568817147	2.305552269333177	2.3055454677800715	1.7270101800094675
2.305522023158033	1.9510123055762352	1.9509773996966746	1.4614049135497664
2.305563302678915	1.951066671259916	1.9510348199740213	1.4614943520556556
1.7269663107330533	1.4614645616372142	1.4613734707830364	1.094722147391315
2.7210763184836844	2.300118228294401	2.2972762410162435	1.717468545582865
2.3001181911167907	1.9442583791224226	1.9418948485971275	1.4517535121412628
2.297266330250069	1.9418859060009819	1.9394975872984055	1.4500070359398072
1.7174405075731773	1.4517180858890815	1.4500263360520995	1.0840154981270531
2.7213263395377503	2.2988289640063795	2.3035930611696513	1.7234542221984217
2.2988034954776038	1.9419017329237984	1.9459192786462554	1.455851093042387
2.3035913986228276	1.945948747111247	1.9499917888125269	1.4589110723784178
1.7234203137821096	1.4558344046049456	1.4588732463853162	1.0914111561914985
2.7205222282132566	2.3014084822678664	2.297549384557231	1.719314444715576
2.301388530795618	1.946834449174096	1.9435699061088691	1.4544024958230226
2.2975542394707555	1.9436061961727151	1.9403382919761387	1.4520152292113861
1.7193065707361332	1.4544129178920802	1.4519878219096247	1.0865505453435138
2.718471855709076	2.299790208047986	2.299813639525785	1.722799977240159
2.2998107191514037	1.9456100186895686	1.945641046429901	1.4574852078100793
2.2998045662926354	1.9455963673897108	1.9456341892520184	1.4574872361413675
1.7228065691590002	1.4574566056069347	1.457475600998168	1.0917575656865095
2.7197871980363573	2.298906927453976	2.303334169545306	1.7259993638884732
2.298905073448666	1.943164757144748	1.946920444514813	1.4589406845537454
2.303322975051753	1.946896939409813	1.950634485121017	1.4617188090369762
1.7259739266013419	1.458906689608674	1.4616983336835891	1.0953274126275807
2.721274111754267	2.3021124159753263	2.3020918797963925	1.726542881527343
2.302119085763037	1.947500796358697	1.947488209663981	1.4606028933978104
2.302082878577491	1.9474647408610286	1.9474729037512384	1.4605632864401936
1.7265086019788953	1.4605031430430888	1.4605000056244377	1.0952978821576007
2.720698939901571	2.3000676332232746	2.3041575231527447	1.7334929714881226
2.3000586239279968	1.9444715864344408	1.9479003154223349	1.4655018746302755
2.304168757853147	1.947936108670086	1.951391676325776	1.4681101187956482
1.7334766690109067	1.46550817446876	1.4680316136283853	1.1045488697976862
2.7216068838732554	2.30457449288063	2.2990019312298062	1.724004818105973
2.304595493914533	1.9514565542155449	1.9467623861491798	1.4598759707339948
2.298983689656346	1.9466967656897374	1.9420085403975786	1.456298562543318
1.7240028262714793	1.4598337892584468	1.4563221943040932	1.0921282365194864
2.7222236122683294	2.304453279994894	2.3034200778383442	1.7304668931185532
2.3044478587505735	1.9507978654229605	1.9499145286491402	1.4648919908463476
2.3034391206202796	1.9499431420345097	1.9490477647541917	1.4641975556785252
1.7305044807491559	1.4649438963350703	1.464245542900964	1.099979977834759
2.7230254944241388	2.303045615206571	2.3026013159609984	1.7254757280075614
2.3030456738036675	1.9478491311132553	1.9474646750368934	1.4593709145289357
2.302615615284593	1.9474663913253798	1.9470975212173336	1.459076170285732
1.7255112773395405	1.4594029126812142	1.4591039023922654	1.0934329318605387
2.727317028251695	2.3113272181568782	2.3080924310911306	1.735653052558425
2.311362212804906	1.9587963463655989	1.956070416774957	1.4709081928599288
2.308095014278548	1.956044006548557	1.9533239004096243	1.4688958323019767
1.7357136077136104	1.4709681640361512	1.4689351237020556	1.1046471094977874
2.7241466345913588	2.3007436499013485	2.3044905759694614	1.7213942468950123
2.300713556834498	1.9430994767439227	1.9462678023782083	1.453785140777856
2.3044815065389557	1.9462780258919992	1.949472577377118	1.4561920892064866
1.7213628160417265	1.4537650179196344	1.4561784352915568	1.0876861458750462
2.7215964097258003	2.2986140635380523	2.3025920284079984	1.7181464432576181
2.2986197904469856	1.9413689170173871	1.9447385036172415	1.4510988858803742
2.302593447446755	1.9447185879050919	1.9480831543323314	1.4536027988081128
1.7181267395786566	1.4510719574907693	1.4535815310621174	1.0845560027992127
2.7154759653879936	2.290527738318607	2.294949462189971	1.707809842770929
2.2905181023976677	1.932065967928806	1.9358052660748246	1.4405544329081093
2.2949441408062037	1.9357974171270362	1.9395300360770042	1.4432975647235944
1.7077989011016206	1.4405250491738897	1.4433189767269043	1.0740405850398338
2.714382228243803	2.2909248019222628	2.293368847166724	1.7109255420376976
2.2909276144543624	1.9335050110134728	1.9355864817926502	1.4439787992673294
2.2933703686653764	1.935579335301318	1.937674718124098	1.445558420707188
1.7109353223353863	1.443998838156139	1.4455750893228394	1.0784151883074966
2.7162220377283592	2.2924574389789343	2.2936293783307913	1.7126901369648015
2.2924575217356424	1.9348045199216914	1.9357716485437242	1.4454694818798106
2.293646605040037	1.9357815854617737	1.9367821660337394	1.4461662380226585
1.7127008169279332	1.445448919369891	1.4462078334295205	1.0798099771371685
2.7182370905381426	2.2994004446487115	2.30000775577775	1.7197816076529755
2.2993950346071164	1.9450807274978221	1.9456010544598772	1.4547610826624362
2.300007405905724	1.9456084314420927	1.9461216328647462	1.4551471672449015
1.7197815810845904	1.4547495023124621	1.4551356222102811	1.0879889568107832
2.7209355903924823	2.299027416824117	2.298511043737617	1.7191610568774731
2.298999106565814	1.9424949240049472	1.9420971293281524	1.452563357806208
2.2985107739956896	1.9420929322143807	1.9416476838357113	1.452231237535613
1.7191168722615842	1.4525006850233846	1.4522296492136995	1.0861162218236966
2.721795343624081	2.3009847873600817	2.3029357379950794	1.7224290906621385
2.3009708914290914	1.9452339838042016	1.9468654780250665	1.4561380291575088
2.302948173084283	1.9468991792595238	1.9485436833351806	1.4573973796504305
1.722408427949192	1.4561256118255541	1.4573298707181859	1.0900087942779113
2.7236127997251995	2.3031692221325932	2.3071581930494833	1.7289788868461395
2.3031822115950846	1.94763866035692	1.9510130785653022	1.4620638931978844
2.307143437839595	1.9509786031701484	1.9543778490745083	1.4645948786983032
1.7289949887895393	1.4620974081614546	1.4646596172717972	1.0976286731518705
2.723328360907898	2.2978003287722144	2.3039973512430274	1.7160399360780862
2.297789698451949	1.9387152817191604	1.9439668578576086	1.4478324526199664
2.304026779750593	1.943991149308656	1.9492706468548076	1.4518094823760093
1.7160402396131893	1.4478234477810534	1.4518291579713356	1.0812213988157071
2.7217148873193735	2.297512531059294	2.304062824619903	1.721219588058822
2.2975095833273858	1.9394138488030472	1.9449146621375595	1.4528829593094705
2.304073973747654	1.9449712925045004	1.950492062473873	1.4570553200234497
1.7212354434152752	1.4529722040569932	1.4570517122757938	1.0883835574744354
2.7197387583209807	2.2987826173928476	2.295736620915607	1.7151346435852421
2.2987760744065184	1.9429878756618688	1.9404158691199787	1.4496926752593042
2.2957312056139805	1.9403904239374958	1.9378047884815996	1.447705573203778
1.715109674510429	1.4496451335139557	1.447688559062345	1.08152570718676
2.7161314393501317	2.2937833593364134	2.293525516094982	1.713597655844447
2.293782221080156	1.9371055313887064	1.9368869981046986	1.4471327100437827
2.293533750288393	1.9368944338629486	1.936679569035207	1.4469397144462937
1.7136188105687442	1.4471674253338103	1.4469906547005256	1.0810410700714312
2.718665389279573	2.301458382411506	2.29595031427753	1.7212935427055267
2.301464972102897	1.9482945559710882	1.943624716113664	1.4571428512913147
2.2959446700679	1.9436010242408495	1.938961644830423	1.4536305804303036
1.72131160444445	1.4571764745842568	1.453675157851097	1.0897954899653355
2.719258978835357	2.2980050402896564	2.2975504325429115	1.7130234724792228
2.2980115105837164	1.9420328665485684	1.9416344255650941	1.4476730238251097
2.2975451043262023	1.9416352924806366	1.9412413332564389	1.447383833945523
1.713017535883332	1.4477009940537588	1.447353354039569	1.0792017901675626
2.7229405970850684	2.3004077794084874	2.3026779930150454	1.720794565440075
2.300406576187056	1.9434441064365044	1.9453468673372605	1.4537472324313967
2.3027203581565243	1.9453977065219838	1.9473021894625433	1.4552123872893008
1.7208478806134728	1.45380985904372	1.4552297820011244	1.087462709011587
2.7249526159985495	2.3027639259439456	2.307128022668481	1.7278659047847127
2.302779601725003	1.9460014074729806	1.9496815375906056	1.4601706503484613
2.3071279391173225	1.9496523893147115	1.9533577026018805	1.4629077064643514
1.7278753302148633	1.460146873329067	1.4628820388910888	1.09556294895564
2.7192637486061213	2.2960455124528814	2.2973149416075906	1.7172742215249057
2.2960324814484316	1.93869349403381	1.9397539320287065	1.4499771695243584
2.2973116864437273	1.9397601650772394	1.9408394719742146	1.4507894203145764
1.7172863102098157	1.4500131273580925	1.4507865673493479	1.0844466723028272
2.7231367507558737	2.302020058548409	2.304458182030888	1.7262031451762432
2.3020213534634624	1.9460397142854997	1.9481144996106352	1.4592905213613367
2.3044390419667207	1.948065440274051	1.950108449085078	1.4607890868706905
1.7261851185462842	1.4592406916110905	1.4607933141845837	1.0942376209958864
2.720570901740713	2.298597437156502	2.297067844087579	1.7113772832921967
2.2986117501786545	1.9420823867308883	1.9408120469213304	1.4459356498541525
2.2970633173712858	1.940759834045117	1.9394821957110133	1.4449388881827272
1.7114151325779448	1.4459778782902548	1.445022602063834	1.0765515275180872
2.71636126836586	2.2952500966295935	2.296546962762959	1.7180076195936387
2.2952284633497997	1.9393946807365652	1.940481284343347	1.4516165294079506
2.296542408262894	1.9405104132378552	1.9415827480674261	1.4524565734111097
1.7179456369117647	1.451583260998578	1.4523645953132256	1.0864148362032526
2.7267912280464404	2.3089266863163957	2.3069091307391667	1.7338116548782356
2.308929385291914	1.9551373882408456	1.9533887523163644	1.4681567058177263
2.3069341281932645	1.953462650227096	1.9516931089718748	1.4668760626305095
1.7338947243227327	1.4683130172646948	1.466903772878047	1.1026199842871354
2.721975602834462	2.303179659982971	2.303409782858323	1.7311423412009572
2.303197753760617	1.9488301880804346	1.949038772024795	1.4648623914462344
2.303425091566636	1.9490463199928219	1.9492285698721583	1.4649677577706404
1.7311255557881864	1.4648092846642393	1.4649365958096368	1.1010625103058154
2.71917480887072	2.2958862849390456	2.2997368802700273	1.7208419446622025
2.2958887119254836	1.9384985191404296	1.9417635618044529	1.452995105459518
2.2997155654986776	1.9417417392195917	1.9449769852002667	1.4553994685284568
1.720809387750642	1.4529426174822833	1.4553640342234946	1.0890306398512966
2.7183262042623304	2.300144109046125	2.2981954388429435	1.7213777573565885
2.3001373281284327	1.9462993923232936	1.944633424550224	1.4565837694858752
2.2981829209491065	1.944638652665253	1.9430046628661997	1.4553360329507647
1.7213555547835313	1.456581216865507	1.4553443356144973	1.0901402742596282
2.7177426584934103	2.2949823931474924	2.2991856823364762	1.7203130900346644
2.2949673889470947	1.938004971878005	1.9415216775627553	1.4527783628071502
2.299178507533481	1.9415396440819463	1.94509418686531	1.455405033576059
1.7203121383301656	1.4527438725621982	1.4554145807781447	1.0891005817930821
2.72271679057052	2.303791370222504	2.3058895709079112	1.736084388008449
2.3037941012520373	1.949314585939572	1.9510742899390998	1.4688669858200445
2.305937898679284	1.9511635603180661	1.9528965600939248	1.4703054957601787
1.7361701104575298	1.469061214205808	1.4703283508097378	1.10689187191577
2.720817823607236	2.3004138488511696	2.302225503593718	1.727440724195098
2.300410886944184	1.9449822264507344	1.9465015583269774	1.4605791671863493
2.3022342666122175	1.9465203018367871	1.948018555583247	1.4616575691113083
1.7274255563285532	1.4605457650513094	1.4616512576460516	1.0967497498992953
2.721788988516561	2.298315351693079	2.3015761038604894	1.719774634587562
2.2983031173954696	1.9407244459816073	1.9434572409062678	1.4521350078706652
2.301569832866681	1.9434850995340034	1.9462241838759151	1.4542263101426665
1.7197745339578467	1.452226179149478	1.4542505334110174	1.0865596652214797
2.720890333176465	2.3035479269744354	2.2998205380392807	1.7275649795612182
2.3035658803602277	1.9502527816199955	1.947097455066375	1.4626261741143205
2.2998091201821205	1.9470400710015274	1.9438916970696056	1.4601908160559984
1.7275708073106453	1.4626026413736788	1.4602520820952964	1.0969285283838939
2.7203613087019964	2.2992721764067623	2.2990318659462523	1.7195695431531182
2.2992412646946865	1.9433156942446106	1.9431156310970126	1.4533355115420337
2.2990390107474235	1.9431852906672875	1.9429665197945727	1.4532685106078091
1.7195437918446979	1.4533774461259652	1.4532149547742537	1.0869232661332633
2.720564365038045	2.2965722215605484	2.3012610689667885	1.7156764509277869
2.29658160394558	1.9386511220686398	1.9426266643153707	1.448261202223635
2.3012628477476347	1.942597806260686	1.9465788310740544	1.4511944535589256
1.715703876476787	1.4483001412374517	1.4512758965377193	1.0819034439316801
2.7228567679256326	2.3025692200052768	2.3012497234549816	1.7221579275148917
2.302566289772623	1.9471327993249454	1.946026181736693	1.4562791487003708
2.3012511060576037	1.9460412038566728	1.944924981153373	1.455496945347547
1.7221450051327227	1.4562818309049048	1.4554709130357388	1.0891411992582065
2.7242753636262087	2.304013708756491	2.305176640165626	1.7292979966677156
2.304005745392331	1.9486128356444343	1.949572795720411	1.4625799794015364
2.3051793776461214	1.9495714821460481	1.950551020396271	1.4632509394437845
1.729290667640442	1.4625703363469196	1.463275118549384	1.0977479017211047
2.722592248099447	2.302885428832818	2.303049696224665	1.7301982854066207
2.3028761003750415	1.9478545055599774	1.9479993664271547	1.4634330086377598
2.3030401066591906	1.9480257339891145	1.948164504293188	1.463593245189913
1.7302004606795538	1.463478506549811	1.4635751479832873	1.0994656554792244
2.7240802705259077	2.3012228392624112	2.306305960133479	1.7228382385225058
2.3012227725597114	1.9440240457911264	1.9482968050233938	1.4554263017710636
2.3063117912693243	1.9483047556193813	1.9526003864828327	1.4586186288269742
1.7228348152639004	1.4553959868131348	1.4586021531129838	1.0895917835779867
2.7269311545262176	2.3120893010824344	2.308541365132631	1.73361629812072
2.312091002959112	1.9603656834395744	1.957358574119863	1.4699260360222584
2.308532038273411	1.9573600043540906	1.9543372506086463	1.4676894070580389
1.7335852171063875	1.4698891436411226	1.4676168961113067	1.1022459891800074
2.725432217740043	2.307219832092669	2.3042971468631017	1.7247522115063365
2.3072090130378022	1.9531540679684738	1.950695436608207	1.460074868210966
2.304298516756465	1.9507062271501658	1.9482318002964512	1.4582376987720653
1.7247461098104313	1.4600855685462069	1.4582348947325598	1.0915100025458433
2.7205951507656003	2.2983621082985177	2.298158253013494	1.7140139387547755
2.2983306550250577	1.9416135034334865	1.941456149593311	1.4479893813438853
2.2981583548569415	1.941508710453748	1.9413121212620676	1.447926373085312
1.7139714318600798	1.4480056372681211	1.447830767081573	1.0799433761200445
2.7176069893768595	2.297345307672859	2.295069743214033	1.7118722941677644
2.2973523277084373	1.9420895190558598	1.9401535904599119	1.4471531272266909
2.295081397838334	1.9401480506307218	1.938223251946028	1.4456924112045237
1.71188700468097	1.4471357492064427	1.4457056944190392	1.07834484423738
2.7208871511173647	2.300353567140929	2.300170056288769	1.7221125759779827
2.30032477908359	1.9447816566471274	1.9446310508458933	1.455926334049565
2.3001638385291687	1.9446631755562038	1.9444928958597554	1.4558139833449177
1.7220524844190999	1.4558626406385378	1.4557720279069493	1.0898980131140956
2.7215686414636355	2.3004984254765053	2.3003193607909798	1.718641460511308
2.3005246855500707	1.9446013518797625	1.9444368046278473	1.4527600282462103
2.300317616452857	1.9444197019157912	1.9442513347463588	1.4526200750343492
1.7186541035029703	1.4527615686808584	1.4525832112070753	1.085314037212242
2.7245174377055954	2.3046609812624195	2.302456009273684	1.7200081506853524
2.3046682794424327	1.9495040996833204	1.9476468411626533	1.4549826322356036
2.3024554871853957	1.9476498701375682	1.945761825967202	1.4535537046524387
1.7199901528714354	1.454899406375187	1.453518044250324	1.0858066068583807
2.7226633032968834	2.303093337576503	2.304039497427519	1.729966487409695
2.3031096485286384	1.948181476596542	1.9489717970978966	1.4633326975610246
2.3040335040538826	1.9489431623823492	1.9498051091369628	1.4639621425006666
1.7299787053989955	1.4633441721869163	1.4640177208210245	1.0992119898104218
2.7265565597871273	2.3106090927095875	2.307356240230864	1.7358293585853513
2.310603989091796	1.958102975408168	1.9553463774989301	1.4709836439535782
2.307343853183576	1.955355906170313	1.9525870681847508	1.4689397037555743
1.735793310365926	1.470984132053817	1.4688878851827765	1.104986293918948
2.726804448404194	2.309202951339685	2.308772152799709	1.7350808023971842
2.3091966410870426	1.9555492078581516	1.9551670811804982	1.4693615216693487
2.3087840630062177	1.9552050150080371	1.9548081909972694	1.4690766276861478
1.7350899371400494	1.4693639317249856	1.4690594587098882	1.1040386261426147
2.7219411402338847	2.2969751367614517	2.301371226111188	1.7199190350041975
2.2969831549992143	1.9383753025073018	1.9420955817218022	1.4513867979490733
2.301340676778389	1.942009541466047	1.9457456944618956	1.4541050416176258
1.719904598560752	1.451381525618588	1.454179937722758	1.0867213802250417
2.719430110908721	2.299844610861141	2.296198078326554	1.7173506349540897
2.299852211529686	1.9449984714227841	1.941906111187745	1.452357752583411
2.2961886203828477	1.9418826888813243	1.9388251182385272	1.4500484309923944
1.7173592993354057	1.4523476923853398	1.4500748742650185	1.0844723563102907
2.7226889342462246	2.3026796016452344	2.301815333517983	1.7232176983635081
2.3026652501538334	1.9474532525797292	1.9467023805772097	1.4573797779838091
2.3018312008277815	1.946755998447757	1.9460258327822408	1.456886134463491
1.7232430595175654	1.4574328706351558	1.4568385057960622	1.0906571013969122
2.7223128766621674	2.30197826960916	2.3016762885721307	1.7201630723102472
2.3019709103182007	1.9465455716459612	1.946289560472817	1.4545678869076621
2.3016802508013146	1.946305652228672	1.9460497044995677	1.4544183430980147
1.7201643769530766	1.4545853627125194	1.4544194913305148	1.0869733637450119
2.7243510574210497	2.305989500036849	2.3052406671302106	1.7280864956338888
2.3059952321062425	1.951886228098956	1.9512565202260523	1.462760042806942
2.3052467061374124	1.9512343140864086	1.9506120478465772	1.4622472827723685
1.7280740448780059	1.4626939262302072	1.4622454962649811	1.0961711270117254
2.7215569706916884	2.30462689109515	2.299658462063646	1.7252477059697846
2.3046225617167635	1.9515719064132249	1.9473473517737678	1.4609488849242342
2.299652484431799	1.9473621586170209	1.9431609233466165	1.4578093639038003
1.7252115510664696	1.4608919765550297	1.4577527071715544	1.0935855832814891
2.7234054414615776	2.3052828443489957	2.301546943105192	1.7255682650226225
2.305283451725176	1.9513504394021137	1.9481903073151667	1.4606209073816299
2.3015401024543753	1.948189956667016	1.9450527647391571	1.4582860474942325
1.7255701252569267	1.46062904741211	1.4583270240706083	1.0933374435861316
2.7262329449049183	2.309763455313693	2.310383038143716	1.7334572918893316
2.3097740806322284	1.9569466117493537	1.9574557955366447	1.4686746906003798
2.3103832824391564	1.957449744915576	1.9579724989585936	1.469071750160927
1.7334783639301496	1.4687119129512842	1.4690635364095181	1.102276367417838
2.7245174086869217	2.3061052723156794	2.304458317171292	1.7299493097886287
2.3060996838471612	1.9519545149552362	1.9505547737095181	1.464304565557253
2.3044224264068878	1.9505023396981631	1.9491322639487987	1.4632081364970666
1.7298651893848218	1.4641733894506206	1.4631457275166422	1.0984081263549024
2.7231987903964696	2.30177718071101	2.304014194746898	1.7260628958530866
2.301765329437295	1.9455432428235895	1.9474437517439356	1.4589133697858259
2.304005744175022	1.947460168228251	1.9493668312302088	1.4604088271320521
1.7260327388864498	1.4589191577114569	1.4603456202547402	1.094044729677677
2.7221270781631137	2.3049181096616578	2.30377332281337	1.7299654515656673
2.3049229537882248	1.9516647577547197	1.950700531674583	1.4648342499185922
2.303764672712774	1.9506654256039937	1.9496952550535738	1.464051214530663
1.7299623343186215	1.4648048513239444	1.46410443768693	1.099376751154595
2.720289170440011	2.2969412848176916	2.3013447642169136	1.7202233887243583
2.2969353090887235	1.9394497826667199	1.9431763503349202	1.4524438364441075
2.301353707713114	1.9431906222438353	1.9469303524200925	1.4552741900272064
1.7202286708714618	1.452478675106985	1.4552575842945403	1.0876779854334402
2.719631592240017	2.2971614693605207	2.2987526798801996	1.7201459241132906
2.2971645823053293	1.9403284234678928	1.941679430162709	1.4529547303474528
2.298732051553704	1.9416194650040033	1.9429914733033467	1.453890468398711
1.7201304305835272	1.4529084762634332	1.453951611979677	1.0879168985532586
2.712480788608909	2.288813627470313	2.2895983386324734	1.7058982329041783
2.288794507851122	1.9312998905692371	1.9319784924815195	1.439443767708872
2.289610822549274	1.9319872178411959	1.9326557463143608	1.4399257126948324
1.7059215272283665	1.4394925797537859	1.440009977512523	1.0729016441093118
2.7196119410368707	2.2994854943405074	2.2968877240136245	1.7156352739591094
2.2994927952052575	1.9442583480674662	1.942060099440166	1.4505894850209076
2.29689619519457	1.9420792763474644	1.9398737666416637	1.4489616219618047
1.71565648088396	1.4506541515717801	1.4489776186856418	1.0823457806053207
2.7215903277794333	2.3002899576287343	2.3020999527423283	1.7212506470626332
2.300291592517498	1.9442267444554222	1.9457397161529262	1.4547969804008032
2.3020937809953863	1.945741763633915	1.947275075941091	1.4559718204656795
1.721248651483779	1.4548193252959107	1.4559837743002852	1.0886511234875422
2.718887945016443	2.2979661081847955	2.298063135440826	1.7183156766417758
2.2979585646059655	1.9422064270830317	1.9422983351808334	1.4523190440311817
2.298082007603975	1.942321449707597	1.942420015161441	1.452431220563663
1.718351310429128	1.4523673962897607	1.4524570276661646	1.0861181712988128
2.719669461144948	2.2991244175824654	2.300054932555128	1.7231221426315033
2.2991262988944787	1.943596021353996	1.9443869125543767	1.4566422589080499
2.3000592311576717	1.9444075079441863	1.945163286020893	1.4573102752514044
1.7231058736224665	1.456647195092464	1.457223178145383	1.0917175802085906
2.7211773454584254	2.3016352975366003	2.297375615081401	1.7136584709268705
2.3016394185266855	1.9467729414150814	1.943176658966368	1.4494346995628693
2.2973504325917737	1.9431371757554274	1.9395471822018722	1.4467390959192141
1.7136184857643524	1.4493635891120125	1.4467309926185097	1.0790987381502977
2.723780560101272	2.2994413563595772	2.3045364832890822	1.7166422306330003
2.299436607659478	1.9411978317643712	1.9455129134035312	1.449209576253293
2.304542508754988	1.945520795903929	1.9497908753192215	1.4523994905637052
1.7166466199149797	1.4492159336416572	1.4523948704709504	1.0819299311639439
2.7257818076210385	2.305700704265132	2.3064205039051253	1.7238022807674636
2.30570844922454	1.9503835892553756	1.9509795598301949	1.4581423189884692
2.30642941819499	1.9509787276658326	1.9515845448791673	1.4585979147680674
1.7238227205822447	1.45817213563651	1.4585786988756466	1.09008855042523
2.724707533168703	2.3028213043395453	2.3029339311076655	1.7234517292496223
2.302800753325167	1.9462470002763637	1.9463224314991903	1.4566042552577934
2.302933467832696	1.9463416016519215	1.9464072041502491	1.456614961420071
1.7234296649922067	1.4565865994105387	1.4565520128436715	1.090043125281736
2.722485120933428	2.300406197487671	2.302551016636872	1.715803874888931
2.300418429095023	1.9437635371961102	1.9456072773956252	1.449788764151552
2.3025439085154513	1.9455686360455038	1.9473853583791911	1.4511552985221687
1.7158098908490136	1.4497826795793827	1.4511855495548198	1.0813461166548934
2.719558689989474	2.2962760979308956	2.297973152453084	1.7149230671217197
2.296283585025983	1.9388599168497478	1.94032483634125	1.447977180383876
2.297952045492297	1.940261150333243	1.9417122888923286	1.44901877025254
1.7149114825204854	1.4479074555631641	1.449038776527632	1.0812363610685354
2.7221506902306007	2.3004182643038433	2.3019693223894317	1.7228498042673916
2.3004131248211004	1.9440209019549657	1.9453128060282967	1.4559335367019297
2.3019656537341615	1.9452889115806016	1.9466184350521756	1.4568462098460617
1.7228118011477995	1.4558819289060116	1.4568350650254596	1.0902994836094608
2.725608734056971	2.3062745472316677	2.3049548852780064	1.729130393830565
2.3062594316824567	1.9514274670282419	1.95030442850785	1.4630604046034401
2.304972999905535	1.9503612327102982	1.9492552445150721	1.4622896745533984
1.7291076264667682	1.4630725042705197	1.4622519570095969	1.0969036391988682
2.7208854894655556	2.3011218409508802	2.2996817064015493	1.7212074396377544
2.3011360794261377	1.9460785155093372	1.9449508760845073	1.4556598800951903
2.2996910309382077	1.9449067231301136	1.943721037838572	1.4547867447063265
1.7212346376606764	1.4556063115438818	1.454888003672136	1.0888037534856505
2.724635227990736	2.304968703337776	2.3038131732689653	1.7257743651769524
2.304956216912633	1.949932037526312	1.9489473901236585	1.4599712790470754
2.3038212745593167	1.948967635221127	1.947983317355379	1.4591991165196454
1.7257486961566038	1.45993426162143	1.4591834321150816	1.0930578228026466
2.723732519642289	2.298016279457769	2.304041095247572	1.7156177907871177
2.298032353964072	1.9388518654249287	1.9439469053588585	1.4475192285242295
2.3040504882373463	1.9439169828312526	1.9490420317025554	1.4512720709021558
1.7156261226440848	1.4474622286863854	1.451309332656179	1.0807180675282255
2.7229440928670967	2.301549916509882	2.3040448494167385	1.7213551385521029
2.3015620849046954	1.9453759837963769	1.94747316152242	1.454974017395946
2.304040454503018	1.9474630851944668	1.9495761747709695	1.4565548738813539
1.7213505346661708	1.4549470661603587	1.4565451973069585	1.088245514835906
2.7255648587060493	2.304110637545895	2.3044123985566416	1.7246456347748185
2.304086484978518	1.947817218876312	1.9480732415789042	1.4579596243025599
2.3044111380390593	1.9480894568725848	1.9483431957799304	1.4581892703251846
1.7246250576734419	1.4579596630158373	1.4581684890750146	1.091370946544363
2.7245869898767103	2.3057083009224417	2.3032792185990285	1.7217482178488568
2.305722372371864	1.9512431633063063	1.949173460445231	1.4570215426608968
2.303289815718851	1.949174140804243	1.9471299966257867	1.4555047950853774
1.7217977788183016	1.457091409219052	1.4555881181419539	1.088084792957921
2.7230300037432085	2.300453366886309	2.302405934459935	1.7195762610722014
2.300437575206536	1.9434289147313517	1.945081158902483	1.4526862625389134
2.302401166217402	1.945103065996743	1.9467334749179603	1.4539423620166876
1.7195519158979995	1.4527049225263404	1.4538876408591357	1.0858499688559586
2.7268066542083615	2.305862620096729	2.309327472438725	1.731488418958122
2.305861818656658	1.9498872754373264	1.9528316236273566	1.464188826533319
2.3093042827230246	1.952790499487622	1.9557255961979028	1.4663523626503974
1.7314642954473953	1.4641455125663148	1.4663394663126972	1.099403451827853
2.7259494395852464	2.307193309207203	2.308144167085304	1.7298964384803348
2.3072019125260907	1.9527456581212492	1.9535624057062755	1.4641031018253106
2.308126256851849	1.9535549363797655	1.9543651732390162	1.4647729254745876
1.7298805134844526	1.4641166339068157	1.4647267595826445	1.0977400614207984
2.720668635633395	2.2959128409052965	2.303722730622242	1.7221104874673896
2.2959295918679428	1.937457145359665	1.9440599475127731	1.4532450879983445
2.3037267928545613	1.944058054489731	1.9506600383176753	1.458159933585538
1.722127876386837	1.4532340915622701	1.4581773680187193	1.0900204884215103
2.72305647542022	2.302574674098159	2.305277196677059	1.7283248355593859
2.302559390607326	1.9470068100865994	1.9492910928303402	1.4614376250273338
2.305298628948416	1.949323128757887	1.9516076477526425	1.4631779856328568
1.7283411408815452	1.4614447645378927	1.4631621581163714	1.096963095846788
2.720512106655956	2.299977793647131	2.2973925741919428	1.7195228382788759
2.29997192037556	1.94446248857097	1.9422368942413453	1.453701846484
2.2973816809457204	1.942243001968053	1.9400612832545825	1.4520623517803306
1.7195171739024644	1.45370996875279	1.4520482048391843	1.0867917037621178
2.720608960334727	2.2957884822173162	2.2986099327814173	1.711361366056489
2.2957712718740138	1.9372855875495023	1.9396661813900995	1.4440874946776956
2.2985988756100375	1.9396859934132833	1.942060759743662	1.4459028645960845
1.711349904723756	1.444157115557603	1.445920523104923	1.0765121762010261
2.7218894969069414	2.300621453104574	2.3022521581856608	1.725738174740192
2.30062877892404	1.9445389581387118	1.9459554541463515	1.4586414622155683
2.3022329146162934	1.945924754346241	1.947322898803223	1.4597364570366638
1.7257148550892385	1.4586147677517214	1.4596965599830047	1.0942192648917548
2.724065571799416	2.305396089247157	2.304967351043094	1.7275756376472327
2.3054034344633023	1.9510775551356996	1.9507275584799224	1.4620517813240748
2.304964411868396	1.9507362819070815	1.9503844540160318	1.4618546332067375
1.727576241264556	1.4621011039933196	1.4618387932194346	1.0956454227254107
2.722849446963138	2.300589595050424	2.299767123296754	1.717363239780604
2.3005835353926574	1.9438128636746805	1.9431173864590392	1.4510048106586995
2.2997246923282577	1.9430692357536525	1.942384594934601	1.4504614957547666
1.717305112301867	1.4510052246145786	1.450443573450336	1.0831164506298165
2.7166683069020734	2.2955295660127177	2.295387063904314	1.711784407914304
2.2955105979183483	1.9396597593145684	1.9395123719276308	1.4463992146923665
2.2954048045337356	1.9395712333693151	1.9394369011746282	1.4463431668416915
1.7117795657322443	1.4464157426500603	1.4462963459959253	1.0785695778349327
2.715795003279435	2.2948898789097067	2.2959857781724673	1.7193066931851677
2.2948683025805043	1.9392017745123538	1.9401147801530974	1.4528200800102182
2.295992923023461	1.9401511942862382	1.9410660363899528	1.4535219848896463
1.7192854229406747	1.4528437576709579	1.4535060965977165	1.0884404032959962
2.7166225250907714	2.2942129449289292	2.291729675369956	1.7078656282736668
2.294206007852763	1.9374812626287712	1.9353847109039382	1.4423120082142693
2.291713381717148	1.9353581881158972	1.9332821162963052	1.4407325032411071
1.7078308868458405	1.4422746432139635	1.4407328864015236	1.073711222787006
2.719968409184086	2.297652952692679	2.304470048232654	1.7214044900108398
2.297645727306651	1.9409368623371739	1.9466546989776978	1.4541588986131557
2.3044631325599507	1.9466397504724078	1.9524428697054892	1.4584183667233557
1.721388008594175	1.4541259855286839	1.4584445541495692	1.0894343769448211
2.7222456218718705	2.300462139385582	2.302626832387347	1.7209897404438408
2.3004537652220294	1.9440004920324474	1.9458726562670987	1.454378235609795
2.3026393477855875	1.9458928353510059	1.947698058804061	1.4557491754168963
1.7209742485941615	1.4543629490660825	1.4557153522321655	1.0880748472266069
2.7217561311197223	2.305000549740054	2.302073067211861	1.7284145515573661
2.3050101986701605	1.9520594798061186	1.9496029840596687	1.4637537508523957
2.302061474478597	1.949583319382177	1.9470911629093208	1.4619344136004022
1.7284426216233584	1.4637954760993728	1.461916946612936	1.0976530794059085
2.721762721366541	2.301836960741772	2.3018239075511535	1.7227045277588953
2.301841582943835	1.9467184656956353	1.9467006913348912	1.456955852410802
2.3018131617746564	1.9466649575882087	1.9466834188009765	1.4568962175221711
1.7227106760081254	1.456939415472166	1.4569568408509734	1.090424408766981
2.719700198782349	2.297691653332377	2.301512969818424	1.7217384898844745
2.2977112949039937	1.9411915830528237	1.9444454483192601	1.4546243467243212
2.301503844217318	1.9443980198212516	1.947633179956851	1.4569861375409487
1.721756248537669	1.454617567097144	1.4570646396722602	1.0899865822337211
2.7208893619151744	2.3010618790624755	2.2960881125536763	1.7119327087270528
2.3010643650477527	1.946032655490904	1.941811186837656	1.4478071332506903
2.296091479060141	1.9418143165025992	1.9376348922189264	1.4446526448002917
1.7119621172806285	1.4478561444322144	1.4447252587775459	1.0772053658356697
2.7231279517743	2.2995726517454216	2.3057867046497	1.7214246689840167
2.299569297672276	1.9419095481155058	1.9471325142141325	1.4536653315551948
2.305780856588685	1.9471518175968754	1.9523790263770977	1.4575962149876691
1.7214037734192233	1.4536954750626059	1.4575521920936019	1.0882074735715934
2.731478414998611	2.313014195590923	2.31619174209577	1.741353555581383
2.3130166300872457	1.9586713117250565	1.961354057798104	1.474587307530516
2.3162091248544967	1.9613548785798898	1.9640670113857348	1.4766146794766648
1.7413813954977628	1.4746149384502996	1.476632005495876	1.1102302956077843
2.7260036440376947	2.306330937850118	2.308129854616206	1.7317960123554048
2.3063249670508057	1.9512423639086356	1.952833589320979	1.4652332311881038
2.3081130409648916	1.9527783227062123	1.954317794218225	1.4663571938694957
1.7317782072673642	1.4651461875953384	1.4664055332296357	1.1003010890421414
2.720122424499525	2.29860876929963	2.2949352889855272	1.7157293405234058
2.2986263675401486	1.942413526441286	1.9393241650591542	1.4498165874886777
2.294924694781106	1.9392536483792355	1.9361837993927657	1.4474548384824464
1.715738841217994	1.4497846203692069	1.4475187246257688	1.0820403915197396
2.7167327943455355	2.2933838325827725	2.3003138968791235	1.7169336785750409
2.2933823016553077	1.9359967689938646	1.9418698883610095	1.449399057122098
2.3002999541066647	1.941849751219313	1.9477130158313	1.4537536030754936
1.7169109476287367	1.449328662444115	1.453767636306375	1.085022439267506
2.712700662874728	2.2907051669811374	2.29414392457207	1.7169750761956912
2.2906963249014383	1.9343784724327353	1.9372336405276582	1.4499226183615195
2.294154982143729	1.937274359764866	1.9401980178570462	1.452095491697496
1.7169465565640916	1.4499037919756272	1.4520090741157843	1.086780529638508
2.7143202193081777	2.291837134862748	2.2916173357756366	1.709456248753763
2.291822209774933	1.9350980867483332	1.9348877382668677	1.4433284044901271
2.2916126440841715	1.934956241302982	1.9347175183231358	1.4432483326706345
1.709443129935319	1.443401421813027	1.44317484998971	1.0765891873520708
2.7146331506144428	2.290748372891453	2.291842111447495	1.7091667637306662
2.2907682449187403	1.933047143275429	1.9339829955004075	1.442267241769165
2.291838430508056	1.9339685584929633	1.9349001359892857	1.4429797577250698
1.7091830517633735	1.4422759446719693	1.4429714354154726	1.0760942705697492
2.716341410568765	2.294862369245534	2.296104806434906	1.7184054684869432
2.2948569277273867	1.938809498218258	1.9398203255580355	1.4517965916583622
2.2960862924018666	1.9398168193984475	1.9408662569105173	1.4525691178208795
1.7183637585347478	1.451750714065285	1.452481772297802	1.0870097342569556
2.717641005794299	2.294830187394927	2.296795959017913	1.7165520259352338
2.29483145150158	1.9377860341134197	1.9394664077549333	1.4494788441071502
2.2968084213840214	1.93947865981629	1.9411552113816108	1.4507796041188452
1.7165629931415907	1.4494611010216614	1.450780817263145	1.0842175364334405
2.7144406974883455	2.294748917360143	2.2928092635519204	1.719732537032952
2.2947774067391484	1.9399652882652116	1.9383534181341557	1.4538792587256177
2.2927792060793	1.9382708487491742	1.9366228030274755	1.4525871891098607
1.719713996661665	1.4538031847682404	1.4525790921471164	1.0895058371809336
2.7149983020381363	2.294304154477002	2.2925755709623847	1.7148921639640342
2.294310349033678	1.9388024914234316	1.9373304251733137	1.4491615110899463
2.292612917562756	1.9373689359171717	1.9359068426784447	1.448108245176585
1.7149533802898356	1.4492275777278618	1.4481411487839344	1.083306666484176
2.720118322718411	2.300724897765648	2.299768119933104	1.7209773340065098
2.3007174145582803	1.9459659976220316	1.9451917255738795	1.4555958065586312
2.299778747089269	1.9451898218152863	1.944392016276515	1.4550072007548713
1.721000134104633	1.455614970524583	1.4551024331059903	1.0888293829088067
2.7183872276421677	2.2963716058978227	2.2994476430574156	1.7179403930801478
2.2963869889721997	1.9398776694341449	1.9424779949848687	1.4512219013403191
2.2994568241735087	1.942494953192895	1.9450870856234912	1.4532011340274316
1.7179794089348128	1.4512924320698417	1.4532344581171743	1.0857469801967863
2.723165916795909	2.300897219974582	2.304277877471584	1.7264223761963793
2.3008946821190235	1.944117946342215	1.9469647157875352	1.4587132244901169
2.3042683157016244	1.946961473109738	1.9498136067587135	1.4608523360688526
1.7264430105763815	1.4587141588185049	1.4608746381009434	1.0944861927113347
2.7192838855936956	2.298315987478851	2.3018851030877605	1.7235667098107033
2.298298878585135	1.9425054059363778	1.9455165073962462	1.456788038358258
2.3018714939743727	1.9455292099427062	1.9485602280462757	1.459041315369572
1.7235054277344466	1.4566787580503073	1.4589923666884015	1.0925228647103482
2.7209130700490696	2.300391562804509	2.3008088926127663	1.7229033252337105
2.30037294363948	1.9448787636713887	1.9452198417488056	1.4566932179796765
2.3008089080371206	1.9452365571862513	1.9455742825458655	1.4569029711695893
1.722877481738406	1.4566549007231275	1.456881536049349	1.0910282749031341
2.7230137312738023	2.3068103388109136	2.308366763172556	1.7337229641458844
2.3068158542243684	1.9542302992523293	1.9555521124832271	1.4687310493712815
2.3083556724269694	1.9555349477183501	1.956849859188182	1.469738092841819
1.7337170248047524	1.4687404955119645	1.4697313886519259	1.103837432115154
2.7258197935628115	2.307816024449042	2.306727398726863	1.7300789123565454
2.3078391086037136	1.9539059606123137	1.9530178772777658	1.464785084353891
2.306706142185058	1.9529398497631159	1.9520646365434065	1.4640354007748846
1.730051156800154	1.4646927251808215	1.4640701715473732	1.0980307814109584
2.7237088740935333	2.3046188638822005	2.3049550658090183	1.728452652773471
2.304633154327632	1.950018941541173	1.9503235216078558	1.462537754208477
2.30494218252543	1.9502669186452621	1.9505418249123228	1.462648782589626
1.7284444312618659	1.4624492245338299	1.4627009663825434	1.0968378217158665
2.7230948508974984	2.3100609221640576	2.3031037501968954	1.7342989997263125
2.3100730756081123	1.9596986092205302	1.9537816488771245	1.4712995074579502
2.303112537276458	1.953797890745129	1.9478941843072572	1.4668348038467773
1.73431105254027	1.4713136997977996	1.4668199795957013	1.1046511265152208
2.716101859699437	2.2962641003737865	2.295668151615899	1.7174155643153812
2.2962585118477334	1.9413000324852003	1.9408047467058858	1.4519094277577163
2.2956838645064526	1.940818560139294	1.9403455547434894	1.451587188720174
1.7174344336789484	1.451915182464069	1.4515898788391528	1.0858902697123642
2.7200148520649137	2.2993472200092584	2.301171485441832	1.7197026438675123
2.299355899473607	1.9437414949144864	1.9452985618195022	1.4537262659495631
2.301178844351446	1.9452876374089747	1.9468370948789906	1.454913703342866
1.7197275590973524	1.453792706382272	1.4549416573100238	1.0873052585517164
2.72190411845602	2.3026493317963364	2.2998226263300903	1.720695982218352
2.3026516458964825	1.9479741357807692	1.945592434713678	1.455671218017887
2.2997803838210618	1.945529901872043	1.943175521961983	1.4538292957470338
1.7206349158760696	1.4555651041188746	1.4538117178514705	1.0876554291111604
2.720225619455176	2.301211893959387	2.300571900583178	1.72279065433396
2.301211784762365	1.9467397783258313	1.9462155579504505	1.4574031486788261
2.3005748239049093	1.9461989144821261	1.9456557962137655	1.457005205721648
1.7228072082207542	1.4573927814743872	1.457048844639229	1.0910190848955807
2.7221993290814943	2.2998649492185037	2.304002437792427	1.7222976935161443
2.299870010841538	1.9430682114080848	1.9465562673744623	1.4551114708047104
2.3040218485386323	1.9465424491484373	1.950042486500361	1.4576749478322693
1.7223106423629468	1.455102585323339	1.457709090692714	1.089703849097577
2.7268467629326896	2.3073129474041845	2.309821183624002	1.7353835889993825
2.307308252663755	1.952331858926261	1.954431249708933	1.4683637136804124
2.309836782426517	1.9544635225828808	1.9565649463000057	1.4699784721238285
1.73539093092949	1.4683607439740556	1.4699555257855954	1.10433618843894
2.722262452998366	2.30318091175872	2.303062410259518	1.7254450103210368
2.3031874423665464	1.9486077512360753	1.9485131888549	1.4598054177513873
2.303065759239077	1.948500983679258	1.9483722334186775	1.4596626376319808
1.7254420998074245	1.459767682268864	1.4596605203536115	1.0934814922643699
2.7223791329444347	2.298429954182788	2.3040213532947673	1.7274245939289188
2.2984218179054823	1.9404970953789291	1.9451908886889788	1.458401271863947
2.3040225881555503	1.94520935897536	1.9499696318406377	1.461960909678826
1.727409405069366	1.4583964485009817	1.4619133813673193	1.09605790987002
2.7236596801371817	2.305311002956863	2.302945431436512	1.722985695383332
2.3053021428898957	1.9512019162582852	1.9492193113325944	1.458351699295937
2.302932353717249	1.9492199734965403	1.947224938302395	1.4568704477995507
1.7229639373117351	1.4583297035062728	1.456878493425892	1.0900468884571324
2.7245710832666767	2.3059794759030527	2.30632151457622	1.7273292150223787
2.305978155524005	1.9517286083064054	1.9520114156952009	1.4620239366510068
2.3063312576716806	1.9520399277666896	1.9523127172208365	1.4622519201459223
1.7273653788527648	1.4620541219491165	1.4622620447518606	1.0952943371437087
2.7222125610051666	2.3023130682435116	2.30248112925627	1.7254759919676153
2.302299753072319	1.9471833897580837	1.9473087300205327	1.4593298463779008
2.3024894689297533	1.9473527731380151	1.9475021773048853	1.4594600235662838
1.7254756813336147	1.4593488916079318	1.4594697425965995	1.0937340472180008
2.7245449606268046	2.304530890491217	2.304632532426719	1.7295975997776099
2.304538029082986	1.9492589579347899	1.9493738893095298	1.462970698172346
2.30463690808052	1.9493471545184085	1.9494488849945772	1.463045502259
1.729602838722445	1.4629236356069795	1.4630591491108913	1.0979545439850116
2.723031944373696	2.301911666206792	2.303416847061813	1.7227250028767223
2.3019329974892906	1.9459035669947295	1.947200996069603	1.4562747003129897
2.303431866667023	1.9471855064817871	1.9484596114926325	1.4572147588801412
1.7227388497020464	1.4562476736465528	1.4572453370087082	1.0897738609592569
2.7211721762808008	2.3017978036288453	2.3012665781885473	1.7262669512731679
2.301801509037666	1.9470770846401146	1.9465903176168593	1.460199466418081
2.301292485552724	1.9466374209263186	1.9461986504067867	1.4599484028536824
1.7263293283005974	1.4603310662025535	1.4599359599002455	1.095198925498109
2.7252489864556786	2.303576638933538	2.3065533745241287	1.722537524031531
2.303591062444806	1.9471729956253803	1.949686115854411	1.456039523057256
2.306557511132915	1.9496649399480381	1.9521920571493183	1.4578901877291284
1.7225676555107248	1.4560784157827207	1.4579560103058269	1.088856114464745
2.7201595264945326	2.298082531351661	2.300824742866839	1.717962155482465
2.2980832199666286	1.9415008019041557	1.9437944550129258	1.4513510597707224
2.3008315335663596	1.94381644274523	1.94614516164851	1.4531234181986832
1.717954516347123	1.451391252610926	1.4530473366733083	1.084895407148306
2.7240364895582325	2.3044698430923263	2.306577480459181	1.7323980123231248
2.304478615469456	1.9495462632606608	1.9513304633525184	1.4656119962543608
2.306596638310222	1.9513148736366546	1.953148979853678	1.4669546876961836
1.7324077684927666	1.4655691981632823	1.4669511695575912	1.1017970757036244
2.7209179310728238	2.304244552530547	2.302267396099434	1.7318256948030573
2.304239126354362	1.9514058740392393	1.9496985353801202	1.4666595917721759
2.302263991543739	1.949705598613735	1.9480504433300379	1.4653652498462606
1.731841901470937	1.46669649498347	1.4653894457471381	1.1023486052095879
2.724105130301026	2.3040352898301926	2.3017264827963113	1.7224364619891166
2.304017972423596	1.9487320446801906	1.946778003354196	1.4568179082842259
2.301745277830151	1.9468229787343996	1.944819072724446	1.455332296678211
1.722459582300383	1.4568520899086204	1.4553751509994637	1.089065214929809
2.727810216867787	2.311380101702742	2.308952617460803	1.7367600985813947
2.311407497616094	1.9585303157592875	1.9565236427321615	1.4716576115808426
2.308922061064085	1.956397412283099	1.954366730513657	1.4700042364291661
1.7367534985065725	1.471545307613778	1.4700796534010727	1.105685502454038
2.724916198219603	2.3060715260336413	2.3048708296116023	1.7249797409717467
2.3060915517874343	1.9516292516444569	1.950604438974479	1.4598488664515152
2.304889886571082	1.950588455052835	1.949610778419584	1.4590913584942566
1.7250373302580575	1.4599104878390854	1.4591458432261428	1.09210015835231
2.724597553420288	2.3053523836284735	2.3087789437357613	1.7322283361336945
2.3053408158702813	1.9505983935176303	1.9534919100489716	1.465630661893807
2.3087964001501624	1.953542663166628	1.9564471023992904	1.467902000888814
1.7322309198822945	1.4656843029876063	1.4678707809517324	1.1013232099567005
2.7233789049445414	2.30385786872926	2.3005909056654468	1.7245278421316392
2.3038441511556242	1.9489423213672445	1.9461669754946536	1.458860897395524
2.3005912470592693	1.946193570453077	1.9434367211707813	1.4568076664141285
1.724517847194365	1.4588546544680279	1.456785827578085	1.0920334478407303
2.725362468104844	2.3030378985393773	2.3052869359755856	1.7260986281281736
2.3030541615549955	1.946167927314918	1.9481102656017422	1.4586551094441627
2.305267388610241	1.9480453009095102	1.9499392277056777	1.4600044587612082
1.7260938180005763	1.458605492086518	1.4600876434156047	1.093202682028364
2.726036413712091	2.30769449114281	2.306557298310585	1.7289929261045174
2.3077124451971014	1.9535569266115598	1.9526202103726005	1.4636829962047966
2.306564648277813	1.952595133300891	1.9516430914250815	1.4629228244704706
1.729023048300263	1.4636701705345967	1.463014781758199	1.096656102949534
2.725193408709248	2.3085418642852553	2.3065310844428697	1.733774800700127
2.3085407964964904	1.9556069865442278	1.953872971136775	1.468703918260493
2.3065432479180834	1.9538871116756207	1.952185612959284	1.4674210960536176
1.7337819232771867	1.4686987753167668	1.46743690005881	1.1030565580132012
2.722871951166475	2.303298529818715	2.3032506349303135	1.729245198301159
2.3033179066907596	1.9483769642253537	1.9483504690359117	1.4627538574913033
2.3032591118700307	1.948326486335443	1.9482630296014667	1.4626738077121983
1.729302015310461	1.4628060644844056	1.4627588475214985	1.098150474895903
2.7259171853402084	2.306154710690637	2.307815325980082	1.7331022956250415
2.306175961670258	1.951078101219056	1.9524821502062146	1.4662859547852005
2.3077973963790996	1.9524324642200872	1.9538082229109934	1.4672349794405468
1.733102091414019	1.4662431799663371	1.4672633019875045	1.101890131726317
2.7227549309679033	2.3013024876630586	2.3029111220531067	1.7225749308103484
2.3012816125964455	1.9450742695210748	1.9464171510356332	1.4558958835522822
2.3029250317587935	1.9464838326777567	1.947811068064887	1.4569749190696075
1.7225777711411652	1.4559769390454524	1.4569198872447642	1.0897610739545707
2.717620231016358	2.296614461143314	2.2960131821763263	1.7172429169466987
2.2966181795399607	1.9408422594976422	1.9403438044251853	1.4512670058079007
2.2960194883718934	1.9403194295823492	1.9398160063937908	1.4508540939647983
1.717246826535467	1.4512202584903218	1.4508801227802843	1.0851796743482638
2.716767580151576	2.2965153858248004	2.2944034500949786	1.7233260401324688
2.296504313178478	1.941246990573432	1.939454200563629	1.4566998100458626
2.2944074149804075	1.939501499231054	1.9376911465333035	1.4554095292308036
1.723301226381259	1.4567062341405694	1.4553471726788196	1.0930710697076174
2.717600852056196	2.2973837229194802	2.294177550623401	1.7202669625144225
2.2973820882344937	1.942159493684258	1.9394309612114975	1.4542685077864392
2.2941716992388663	1.939412587494233	1.9366966029117936	1.452203436666788
1.7202650831632191	1.4542613716759762	1.4522061081244049	1.0888919444077223
2.7153758382808006	2.291264572723332	2.293072067257221	1.7081639389765975
2.2912154898309485	1.9333371290498207	1.9348639646734533	1.4413255869460755
2.2930818264645665	1.9349573894054466	1.9364643314034824	1.4425586206326668
1.7081017497041984	1.441305386883365	1.4424622653905346	1.0745289187007014
2.712563469826034	2.290495144310348	2.2911883058394946	1.7109441611719258
2.290497961889914	1.934088088268198	1.9346880663665633	1.4447144985115041
2.2911953751207363	1.9346731720522572	1.9352592743135864	1.445102950401701
1.7109701274619968	1.4447510945864057	1.44516127197345	1.0791329965251133
2.7176652430833292	2.296537688831817	2.2956960355608023	1.717518141687884
2.296547950061274	1.9406829234602636	1.939977056846198	1.4514106660724106
2.295694582373008	1.939945367470072	1.939226071914278	1.450785030736282
1.7175218304235218	1.4513890465620312	1.4508597957663547	1.0854438457293238
2.720213144792511	2.298199065052298	2.3010789254247297	1.7212953655614915
2.2982067755026683	1.9416598185292864	1.944097009911921	1.4542396841247058
2.3010846567544414	1.9440898633015127	1.946508745792327	1.4560758938446512
1.7212930932996071	1.4542256883959646	1.4560264096989997	1.0891332507260927
2.725297446755867	2.3031028197224415	2.307532005435849	1.72478133179766
2.303096949605584	1.946313725651412	1.9500834358786656	1.457631886034734
2.3075034049679624	1.950041084052793	1.953765788082037	1.4603434910129278
1.724750396514238	1.4575647171989532	1.4603710719391871	1.0916014008017463
2.719720558197181	2.2979289957667177	2.2973742494966625	1.718645614614866
2.2979430705165136	1.9415576187099923	1.9410880695975952	1.4520718884897033
2.297366943752268	1.9410571027401684	1.9405952361687593	1.4517421605015215
1.7186694926511592	1.4520948818032726	1.4517754130484202	1.0860212411237036
2.7223564247108745	2.3058499637631833	2.302161052669646	1.7281726219681006
2.305852641446607	1.9530594289094647	1.949938291158151	1.463742806357762
2.302176209977704	1.9499381001977338	1.9468181539097305	1.4613637082070958
1.7282529527140584	1.4638041994670161	1.4614879194423338	1.0969553801034275
2.719410350426338	2.3004886773172157	2.3018284200786554	1.7296468701847523
2.3004995752537885	1.9460946972031776	1.9472315577094677	1.4631688013712856
2.301843977861513	1.947255489089428	1.9483626037923232	1.4640386844997206
1.729703012016086	1.4633038280594401	1.4640634334969598	1.100152571307486
2.7190609838240505	2.3004980385229166	2.299605415337673	1.7258540037768817
2.300503238411952	1.9463560572076013	1.9455973251738723	1.4601347092610915
2.2995974752514727	1.9455937622131758	1.944821239438841	1.4595621801523613
1.7258960228221678	1.4601863042052177	1.4596137939549834	1.0953919867684092
2.7139853233116664	2.2903897949376772	2.295294783903332	1.7162035758985181
2.290386061701113	1.9328998325373288	1.9370569215037439	1.448363683914936
2.295273889693877	1.9370298036326263	1.9411915742991646	1.4514075608347115
1.7161967122683144	1.4483276979641866	1.4514735808530894	1.0852810120341505
2.7182208412026427	2.2998065837169883	2.297350703011165	1.72561162060716
2.2998049565104015	1.9458004591075488	1.943710789769187	1.4599742654069854
2.297368519643978	1.9437581715402528	1.9416795250438292	1.4584850058152041
1.7256508808528237	1.4600366264943492	1.4584784485009417	1.0955174557980452
2.721305492031927	2.3009701652675454	2.3001370992984143	1.7206979238449913
2.300962465484075	1.9455647385544712	1.9448486068709883	1.454928344274032
2.300140179153474	1.9448550670485671	1.9441602175992683	1.4543965610216674
1.720683924892801	1.4549135244345575	1.454411754190976	1.0880888559884017
2.725178023563055	2.3031074810267564	2.301829148674266	1.7193154178153378
2.3030920835816793	1.9463977043356078	1.945333827077554	1.4530587617843664
2.3018063131455047	1.9453001761146567	1.944248842232554	1.452255057202283
1.7192425373365958	1.4529496449426589	1.4521989587449038	1.0847367043426643
2.7247392121197453	2.301983606157639	2.307359899925814	1.7251271777203552
2.3019722916658427	1.9448068331367248	1.949342814538795	1.457433110214522
2.3073728223929315	1.9493923744771573	1.9539394855442076	1.460907519429932
1.725113190268475	1.4574712574728974	1.4608364282377817	1.092243047976242
2.7277993060821832	2.3099534956056673	2.307909124585579	1.7305830266422966
2.309929830247487	1.956077634056042	1.9543459577066862	1.4654327767337103
2.307905442254453	1.9543806376639168	1.9526407009655051	1.4641778362766082
1.730540195361166	1.4654367137393367	1.4641315910425117	1.097817188399315
2.7238421236697086	2.305741828166458	2.3049561493652173	1.7253454428962047
2.305733911353265	1.9517993720801001	1.9511221800207095	1.4604949212168818
2.3049725091202204	1.951169800128567	1.9504874979770166	1.4600039296531906
1.725362992797191	1.4605269089185857	1.4600196972704487	1.0928883274485488
2.723452562243164	2.3038044938187263	2.3025505788308536	1.7266870805337973
2.3038111423620187	1.948810366900231	1.9477591369079186	1.4605937923807808
2.302549213840092	1.9477615540454885	1.9467222897981182	1.4598551258760362
1.72668093805901	1.460582036470991	1.4598350823189588	1.094633229690871
2.727457897228184	2.303353095141532	2.3091457814460803	1.7259797196694358
2.303367930331502	1.9452278416058812	1.9501057069164311	1.4576351103264262
2.3091596327125274	1.9501215774644134	1.9550022841440715	1.4613096629728546
1.7259870744360255	1.457658589323201	1.4612834324748007	1.0923119825192955
2.7237742344080846	2.3017954559696565	2.3045275325182053	1.7208156978252012
2.3017850511278546	1.9451983959039625	1.9474817402784703	1.4542258717032917
2.3045438915230676	1.9475302089107387	1.9498251106511113	1.4559931406093691
1.7208071623725008	1.4542493693690108	1.4558904366659562	1.0872023698715927
2.7198785286260088	2.2968469264536924	2.2977127581393932	1.719977167100861
2.2968181374262184	1.9395572529992158	1.940285018033017	1.4523610192424428
2.297699832633295	1.9403280842198996	1.9410575574465554	1.4530050220694728
1.7199072518313294	1.4523781991132187	1.452885948426135	1.087502690825793
2.7146944738119347	2.292146402375474	2.2889271285724466	1.706157394457982
2.2921203912560197	1.9353487679657515	1.9326215317336752	1.4405871205587115
2.2889020488453418	1.932627039858166	1.9298990132233709	1.4385728708938244
1.7060836142343636	1.4405276246623642	1.438436244423678	1.072255313897004
2.7154406798428012	2.2936355811724245	2.2941579594081283	1.710419631364412
2.2936292920500407	1.937344199996745	1.9377708260341695	1.4447209142692483
2.294152491334048	1.9377888021215373	1.9382057723434274	1.4450540156099994
1.710403883832411	1.444696405764465	1.4450016057135864	1.0773013337532305
2.7227791586436836	2.3012299935784934	2.300086974819473	1.7198138035136938
2.30124679041801	1.9449752914949485	1.943980416796835	1.4535505165865341
2.3000857600541758	1.9439723584437605	1.9429980682678083	1.4528084119218658
1.7198198239768754	1.4535411090719672	1.4527669323883494	1.0862456999599637
2.7265226636313415	2.3048666466309253	2.304265254698023	1.7259094068375813
2.304877910061107	1.9484203122672268	1.9479279798688787	1.4590140059228702
2.3042623093864	1.9478932824292012	1.9473924686678163	1.4585986414048229
1.7259092976508288	1.4589529189742894	1.4586027713555465	1.0925159473359456
2.724608508197271	2.306302436162225	2.3021528812832313	1.7242130666587279
2.3063247641329294	1.9522128594787624	1.9487423641351809	1.4595289597568557
2.3021583707405298	1.948713166400852	1.9452178884128195	1.4569299787944991
1.7242375659087008	1.4594986148340736	1.4569514212585677	1.091216071900864
2.7175536608456095	2.29683255849946	2.2960543571070677	1.7098959068336013
2.2968344209176492	1.9412297013211368	1.940574931087415	1.445132218990479
2.2960570477688234	1.940584856526682	1.9399168224843815	1.4446846240918843
1.7099117526668455	1.4451550262060808	1.4446816594991052	1.075842266547044
2.719934916267842	2.2992484276791583	2.2939526423596406	1.7143863332563152
2.299278347257078	1.9436279686771618	1.9391792745434095	1.4492206206989084
2.293954461926827	1.9391426651976067	1.9346924433400874	1.4458829319706554
1.7144274227203233	1.4492335901605233	1.4459397224188706	1.0805975685304323
2.718414900350023	2.30026875064509	2.2968813526130716	1.7177756647751519
2.3002550641253108	1.946430328817885	1.943557619346838	1.4535465301501898
2.2968971783986842	1.9435951045540136	1.9407596928744495	1.4514695640468702
1.717804002175306	1.4535964048172225	1.4514857044943887	1.085598249948703
2.71910945554945	2.3025118702280714	2.297502373571057	1.7219266441768954
2.302518992710094	1.9497452049646056	1.9455120259934704	1.45810289541977
2.2974775711483963	1.9454390554648917	1.9412455171723095	1.454895078618638
1.7218886957086526	1.457998009498307	1.4548975318640736	1.0903074227797092
2.718444180726222	2.2964606229608755	2.295320480178795	1.7113218891850124
2.2964654877252513	1.9399956004559977	1.9390514908077658	1.4457475260724515
2.295325792032227	1.9390283711156944	1.9380846681752022	1.4449610151591887
1.7113554357406215	1.445727741891008	1.4450455221442138	1.0774092877381671
2.71763407159359	2.297683374087519	2.2949371902410647	1.7168440826608862
2.2976741734503516	1.9425942968519017	1.940285402754104	1.4515186410203562
2.2949400608249255	1.9402993617433306	1.9379861526925393	1.4498043968299668
1.7168316772148788	1.4514861618311594	1.4497926932824547	1.0845668972641622
2.7163658579292735	2.2931324667360453	2.2959746253348645	1.711561136491289
2.2931392202021823	1.9358397392210829	1.9382616702878979	1.444903985446549
2.2959591479366197	1.9382215871544644	1.9406219427329028	1.4466588417565707
1.711556794667158	1.4448618550784056	1.4466696635683698	1.0784317033299011
2.7127986817095433	2.290165370001734	2.2908375394653517	1.710064717532709
2.290176197187267	1.933369496669451	1.9339673280203105	1.4436420464620436
2.2908194801663098	1.9339394324737735	1.9345018940695908	1.4441017639617186
1.7100905500136723	1.443692199915618	1.4441405527168476	1.0780281957424196
