2.723655368014025	2.3029711594794002	2.3020309917026283	1.7255850892952385
2.302976725293468	1.9472520467584309	1.9464599523523762	1.4590162715077168
2.302036206829753	1.9464711587971648	1.945667778524142	1.4584335489651654
1.7256041975692602	1.4590523693809878	1.458443946122717	1.0931652920537767
2.719936456651093	2.300497904586143	2.296150892935273	1.716984225026961
2.300469972922033	1.9456954681264242	1.942010916543546	1.4521489105133762
2.2961481413720195	1.942056790605432	1.938391528072037	1.4494380146836343
1.7169620644178043	1.4521713083101886	1.449402362315369	1.0837743429394078
2.718152907213799	2.295222255377728	2.2954636281534526	1.7093479648435437
2.2952170700641297	1.9381042567266487	1.9382909323740634	1.4433806292282598
2.295451006816004	1.9382957140132888	1.9384912309511002	1.4435449272941174
1.7093372526729251	1.443376723562275	1.4435088328954278	1.0749333916325858
2.71866648749791	2.296955541210059	2.2953715634588683	1.710807642180182
2.2969469924857773	1.940623957917068	1.9393183628002568	1.4453573938443338
2.29537671337556	1.9393196093855278	1.9380015355109272	1.444461411394343
1.710797529419103	1.4453494662996098	1.4444189949539077	1.0764498770731512
2.722759637623899	2.3016207676218277	2.304686086040177	1.7262679352977717
2.30161286948648	1.9456406396776824	1.9482093985119635	1.4592652561578934
2.30468639343835	1.9482218589180658	1.9508237952319236	1.461213764479463
1.7262680280177198	1.45928514283297	1.4612131026087942	1.0944732532344599
2.7244868830150195	2.3055209614548597	2.305559774751135	1.7269744992320721
2.3055311646232313	1.950981378931967	1.9510156107138679	1.461389822946843
2.3055467585539997	1.9509808959857482	1.9510353486744834	1.4614312404959027
1.7269688049711247	1.461387748777957	1.4613889664178494	1.09465475351156
2.7210728345636084	2.300107827492246	2.297270451918687	1.7174466152961416
2.3001298305428666	1.9442941935381854	1.94189639749672	1.4517736331881785
2.2972752283698856	1.9418799910227544	1.9395205733160326	1.4500034923511975
1.717456763734398	1.4517512698828667	1.4500269686216234	1.0840438123302183
2.721344159767522	2.2988236625738856	2.303628353567276	1.7234276581467871
2.2988342999053333	1.9418912236242158	1.9459802687463406	1.4557913249654817
2.3036148666429352	1.9459349913216346	1.9500344295109653	1.4588596089975152
1.7234529279558544	1.4558403050150888	1.458925513750181	1.0913225668507642
2.720532790790776	2.301423220803434	2.297564622027856	1.71932027911345
2.3014143649668486	1.9468750348978745	1.9436148753143339	1.454428256582001
2.2975593563703707	1.943611349241987	1.9403352028991785	1.4520084486946268
1.719313374514967	1.454436465733566	1.4519814682667598	1.0864981188187801
2.718442960240727	2.2997694618013607	2.299767292141447	1.7227874221376267
2.2997593901315145	1.9455733184973685	1.945559891345577	1.4574620941678873
2.2997789111398	1.9455844975262966	1.9455963440155104	1.4574912632199446
1.7227704087419318	1.4574363131374568	1.457468427539683	1.091836742771121
2.7197898091995616	2.298889760203641	2.3033360220256336	1.725952159818603
2.2988935651524343	1.9431114693633595	1.94690024871782	1.4588503833876254
2.303338848527781	1.946900309656911	1.9506678561692006	1.4616900459319595
1.7259955986628912	1.4589069734815008	1.4617555313142556	1.0953553194913657
2.7212776147770463	2.3021359779228647	2.3021066296464308	1.7265707215383281
2.302132720508713	1.9475456276056728	1.9475297805101175	1.4606195458767506
2.302100034601229	1.947536009082001	1.9474985484550256	1.4606542144161576
1.7265483726695248	1.4606466623493441	1.4605923799458935	1.0954485687468283
2.7207143549667943	2.300062056169889	2.304183757351719	1.7334722270560603
2.300061044901391	1.9444312874762886	1.9479191987344973	1.4653926265044592
2.304195004834009	1.94794347834011	1.9514280567931677	1.468068585435126
1.733500569328264	1.465498390572714	1.4680856604200005	1.1043537916756148
2.7216156201374346	2.3046005118898134	2.2990107100236954	1.7240209481811195
2.3045847392939325	1.9514450127463796	1.946740974953472	1.4598108627194375
2.2990107698885542	1.9467722420786553	1.9420298233554334	1.4563326538544252
1.7239983717999425	1.4597953084722333	1.4563020468588015	1.0919499153403083
2.722222001516798	2.304439959201147	2.3034387761757436	1.7304759181662808
2.3044454512933803	1.9507709931408748	1.9499386250578965	1.4648789761957983
2.3034384649912316	1.9499241280230886	1.9490822723927277	1.4642523466182098
1.7305032141169983	1.4649168779574726	1.464265291993269	1.0999648695852084
2.723039756792247	2.3030630041471167	2.3026363677665844	1.7255099243381753
2.3030542755259416	1.9478500489228459	1.9474771336737262	1.4593649194453198
2.3026403855895574	1.9475011587054833	1.9471420337290082	1.4591204015131052
1.7255140424890492	1.45939083866233	1.4591145795610536	1.0934391121618743
2.7273310983967343	2.31137116159184	2.308098900267682	1.7357080704362584
2.311373624970272	1.9588489056059888	1.956093211218364	1.4710204760212588
2.308103849791864	1.9560818615081166	1.9533169985914054	1.4689184770720571
1.735717358281886	1.4709850062421677	1.468947045485567	1.1046855393704802
2.724155717474391	2.300740612203196	2.304496021043834	1.7213900452273965
2.3007501362198224	1.943136532138259	1.9463174288438208	1.4538217133198623
2.304524004630314	1.9463551382230257	1.9495181148283607	1.4562853104287512
1.7214384555468634	1.4538800565545493	1.4562575833094125	1.0878096752150677
2.721614152726641	2.298637374377161	2.3026070523879336	1.718162459781223
2.2986289809170573	1.9413829953883672	1.9447084823518674	1.45107227632462
2.302630954975013	1.9447529056656687	1.9481027869467118	1.4536336490493305
1.718194670642039	1.4511300592354364	1.4535937744620995	1.0846006798340861
2.715479522607378	2.290532360006328	2.2949630691056604	1.7078135116547593
2.29052364284825	1.9320693543700191	1.9358243709212524	1.4405274900885499
2.2949581416329976	1.9358336837044814	1.9395549647862553	1.4433436911107105
1.7078142190869954	1.440571131498032	1.4433436063171083	1.0740514138284556
2.714393364213478	2.2909566818369975	2.2934024423707	1.7110090765134498
2.290960197926173	1.9336064444697723	1.9356715939368003	1.4441951891013982
2.2933936520762015	1.9356375731969704	1.9377057305093024	1.4456570425678272
1.7109822420426852	1.4441281714151906	1.4456631358410847	1.078684322962475
2.716234389918583	2.292469947057564	2.2936617081708772	1.7127462264274307
2.292457691520511	1.9347921889779542	1.9357982082702145	1.4455118780451872
2.2936713377306073	1.9358120807775265	1.9368342897097375	1.446296181387809
1.7127056559568883	1.4454836895874494	1.446233050553845	1.0799466185528992
2.7182478161910826	2.2994262508447996	2.300024180078616	1.719808624709385
2.2994106960174303	1.945124838620628	1.9456452978237866	1.4548288104643918
2.3000360894727234	1.945679744363473	1.9461665278009777	1.4552455182380652
1.7198398050130599	1.4548832271294547	1.455287535210991	1.0882097368187014
2.7209391839198283	2.2990100628140673	2.2985250468111684	1.7191265271974758
2.2990004462504237	1.9424531916048595	1.9420966948997458	1.4524730207161045
2.298516971453749	1.9420638300381585	1.9417070064855917	1.4522311566124053
1.7191224040432649	1.452446550928398	1.452288074123538	1.0860930177724508
2.7217867863939578	2.300962268001884	2.302911439787803	1.7223790380221526
2.3009541864802654	1.945210970610186	1.9468292765858088	1.4560785005103918
2.3029116203114053	1.946834172560444	1.9484657329659776	1.4573104186547081
1.72237039335502	1.456073414311892	1.4572736464975746	1.0900067521442454
2.7236297006698735	2.3031942548343554	2.3071763951861985	1.7290140604090276
2.303198812675141	1.9476772037890944	1.951041825419302	1.4621392930027843
2.307178116648981	1.951022961121067	1.9544057072216343	1.4646430078525203
1.7290312513782238	1.4621189999110182	1.4646245608693487	1.0975727885208566
2.72334425390101	2.2978460898680257	2.3040342856026323	1.7161152168011122
2.2978342680469264	1.9388395131715257	1.9440327971356401	1.4480336044287956
2.304033571585621	1.9440462720193732	1.9492794889870588	1.4518532946802065
1.7160918076202962	1.447982248397153	1.4518713969305692	1.0814423762836458
2.721714491457186	2.2975067399930715	2.304058251518435	1.7212030282562722
2.2975296484539784	1.9394301134288352	1.9449550579657355	1.45289971181367
2.3040524849000157	1.9449319438563908	1.9504736943041905	1.4570270336096396
1.721248741537164	1.4529489212341307	1.4571004618692889	1.0883962106876286
2.7197525063227803	2.29878295814996	2.295766353950467	1.7151191554695575
2.2988241930355167	1.9430231500699497	1.9404740648160657	1.4496868248432397
2.2957702730237783	1.9404136717386244	1.9378899526266655	1.4477422848238675
1.7151999569296656	1.4497288549839837	1.4478139734200006	1.0816232340856349
2.716124961100143	2.2937804881173585	2.2935177027324993	1.713597285352738
2.293789846467622	1.937124700930091	1.936903753440544	1.4472023598489525
2.2935083687068225	1.9368660674578864	1.936670754313793	1.4469607175354822
1.7135997990499465	1.4471350399913867	1.446994650118974	1.081116316508804
2.718658617133174	2.3014351322690323	2.2959337213379634	1.7212673034202093
2.301433387849022	1.9482036542679062	1.9435944126456104	1.457072626353091
2.2959360515905014	1.9435922539005024	1.9389262262802636	1.453615519295801
1.7213136361697752	1.457149683465116	1.4536966911681848	1.0898551461632835
2.7192430269608434	2.2979915782323923	2.297522205400757	1.7129737061008878
2.2979676689074786	1.941982913781363	1.941584599391404	1.4475934677331301
2.2975298143912903	1.9416251202160846	1.9411971907768013	1.447310107751304
1.71295265921298	1.4475908049578514	1.4472686056797555	1.0790305049895166
2.7229557106709557	2.3004221972770167	2.3027150228659408	1.7208204204180564
2.3004261086195497	1.9434311214923083	1.9453898402912169	1.4537581353332438
2.302736010975676	1.9454191644210652	1.9473593405962033	1.4552343897666322
1.720856615315222	1.4538152505584676	1.4553044995579807	1.0875309037641325
2.724958284381064	2.3027775496571863	2.30713397236053	1.7278613717990898
2.3027763069136804	1.9459851681709945	1.9496919024464754	1.4601382550577011
2.3071363376688874	1.9496664892091882	1.9533525572997832	1.4628677660818283
1.7278741781064964	1.4601138386140946	1.4629346176987272	1.0955475047445875
2.719266511509383	2.296036662073611	2.297316548982049	1.7172761558669845
2.296033887166749	1.9386576503680317	1.9397550642589996	1.4499929232563202
2.2973193263253346	1.9397611927561869	1.9408636444462701	1.4508178683892066
1.7172882897188597	1.4500156010868068	1.4507888878814839	1.0844743618879666
2.7231249954275842	2.3019992028020186	2.3044423629637163	1.7261784604764754
2.301972765967411	1.9459599855095508	1.9480212211199397	1.459182294947885
2.304445074366997	1.9480661101237917	1.9501314439528812	1.4607889298965235
1.7261352547650095	1.4591528589603027	1.4607173552509316	1.09417102105812
2.720577181673607	2.2986150283816857	2.297056794235655	1.711364705064825
2.2986212415007397	1.9420925997070209	1.9407907723986266	1.4459062710683155
2.2970906316003097	1.9408310731362601	1.9394997115962507	1.445001904845104
1.7113853349963468	1.445930076560199	1.4449520731823522	1.0764992500093113
2.716353405741795	2.2952197663442866	2.29653711335509	1.717946929370866
2.2952173779239993	1.9393780355540275	1.94047897427322	1.4516164103107412
2.296522971043883	1.940476309154823	1.9415708544388968	1.4524197351702108
1.7179314102400935	1.4515882596150558	1.452394530886841	1.0865209010510555
2.7267713887866414	2.308886733658685	2.3068946532570664	1.7338117435916491
2.3088732993658416	1.9550034039162896	1.9533400640193264	1.4680556562028748
2.306903725846207	1.9533774907799362	1.9516585740339074	1.466845912262719
1.7337878187871814	1.4680524581940724	1.4667850092986596	1.102386522146168
2.721983132904203	2.3031970999954035	2.3034258555419194	1.7311284679766856
2.3032029598715575	1.9488472281844385	1.9490459203942596	1.464768874144512
2.30339462873062	1.9490090966341702	1.949181640517826	1.4648971761574237
1.731132479345663	1.464832345123502	1.4649220587128824	1.1009604705414382
2.719165479347156	2.2958564738294034	2.2997151917382825	1.720805279028868
2.2958544133374623	1.9384180934140325	1.9416901265899955	1.4528927890803758
2.2997119143211155	1.94167482644054	1.944984156762234	1.4553407561621234
1.7208118207725722	1.4528789282603995	1.4554011417662005	1.0889943314169566
2.7183064790028078	2.3001082715153824	2.2981431735830498	1.7213076624485868
2.3001077445493965	1.9462440284964349	1.9445684182087308	1.4564471372513426
2.2981465121757867	1.944571391745207	1.942868600933523	1.4551773738734068
1.7212973409338819	1.456426727023161	1.4551476723602015	1.0898001086307554
2.717726954879565	2.294943043813736	2.299154282348208	1.7202467942150161
2.2949372745870726	1.9379381923557804	1.941472644088116	1.4526783043205205
2.299163658560127	1.9414960576613725	1.9450654350812828	1.4552890785390578
1.7202379979623643	1.4526418657875506	1.4552790855612905	1.0888710433418496
2.722712939607	2.3037909257731024	2.3059122507589045	1.7361097779623114
2.3037897283879425	1.9493078456984925	1.951105803643852	1.4689379717929238
2.30590997035485	1.9511472787416269	1.952885312291106	1.470323824567048
1.7361215078304546	1.4690067042354238	1.4703025003327808	1.1069330253063612
2.7208122625131392	2.3004005689286924	2.3022067083330655	1.7274076948793786
2.3004049706944953	1.9449531481716085	1.946478641174501	1.4604903074794489
2.3021960977527716	1.9464663432436549	1.9479784558824826	1.4616160137497196
1.7273961688749662	1.4604945217321992	1.4616195706176016	1.0967162910985355
2.721776508674243	2.2982981800082576	2.301582760406546	1.7197953086472306
2.298293025886702	1.9406918542341058	1.9434957766855447	1.4522297246826257
2.301560623194474	1.9434653650880247	1.9462563618626676	1.454307666777387
1.7197552315892555	1.4521705211472078	1.4542596081750474	1.0866571199911572
2.7208849742788703	2.3035319615526753	2.2998321942283773	1.727535884303202
2.3035219171457113	1.9501407761839527	1.9470544247354857	1.4624726658495983
2.2998224670396836	1.9470502255686342	1.9439429605742642	1.460208530119045
1.7275342700864649	1.462450391816942	1.4602076436133906	1.0967208386881362
2.7203783347416484	2.2992708922866303	2.299053368990615	1.719546416839257
2.299275981691647	1.9433565036475633	1.9431708989304852	1.4533847128509108
2.2990844414049163	1.9431765927986284	1.9429715000898387	1.453199690343575
1.719594314374474	1.4533874856326714	1.4532263280190556	1.0869265490791034
2.7205756628192606	2.296592511634763	2.3012852439087785	1.7157255928251705
2.296588602529379	1.938675696012514	1.9426634005360224	1.4483625975521202
2.3012683540549523	1.9426381796700383	1.946606901311447	1.4513327572057502
1.7156814048510816	1.4483109181355907	1.4512896391585521	1.0820493115815888
2.722854439867391	2.302571747846376	2.301251291654635	1.7221506597495384
2.3025558348920847	1.9471376439587473	1.9460043144460413	1.4562738069640704
2.301248835775028	1.9460468812662883	1.94491100901982	1.4554706292688007
1.7221480274232013	1.4563085515980358	1.4554239647236245	1.0891014087184978
2.7242639887684335	2.304022424407749	2.305164589777789	1.729319758161857
2.303984857714972	1.9485767475170637	1.949547406194764	1.4625825409068833
2.305159209095421	1.9495584052866946	1.950561653928551	1.4633223258718955
1.7292632318707033	1.4624533453694781	1.4632698509276496	1.0977417527795692
2.722591166200394	2.3028814916673053	2.303038645443584	1.7301725944149098
2.3028730774212427	1.9478575349583238	1.9480038270684104	1.4634726609258666
2.3030372055941526	1.9479940974444767	1.9481541986310729	1.4635305934713008
1.730167315675952	1.4634362099848122	1.4635733266096347	1.0995580448636428
2.7240871610338835	2.3012308027866006	2.30632354574217	1.7228563026848451
2.301232130080217	1.9440233987192428	1.9483000041399154	1.4554258955001085
2.306336907301478	1.9483445708206453	1.9526447770085085	1.4586602980140506
1.7228528681392448	1.4554252622124306	1.4586077362911156	1.0896252037700187
2.726916572247845	2.31207199949046	2.3085132371413555	1.733572885961836
2.3120708722925367	1.9603354994716946	1.9573124789609218	1.4698397851398954
2.308505441123391	1.9573207644774264	1.9542839619350083	1.4675700581500835
1.733527049323664	1.4698086484606012	1.4675197494193217	1.102048459120963
2.7254446000620263	2.307259999623458	2.304311654914406	1.7248038602305822
2.3072245630369097	1.9532222010416673	1.9507389758126017	1.4601784729564253
2.304307092636927	1.9507314719293998	1.948257564095843	1.458308046202318
1.7247353467420854	1.4601032605492403	1.4582338152512317	1.0915330552871307
2.7205998199418713	2.29834493980074	2.2981750522334665	1.7139861485145447
2.298361790443108	1.9416498099280626	1.9415139637358205	1.4479831716058715
2.298165331126935	1.9414543858432227	1.9413486713530037	1.447850245955656
1.714020007134988	1.4480008656009027	1.4479452408948472	1.079891368162732
2.7176004420441138	2.2973489734016885	2.2950807131819064	1.7119034910176503
2.29735282901804	1.9421281769005077	1.9401877439019497	1.4472511652003188
2.295047580179801	1.940113616534785	1.9382039437103946	1.4456881468789673
1.7118587825371396	1.4471642071041162	1.4457094075192225	1.07842634135976
2.7208914889899867	2.300327185877966	2.3001587371042453	1.722065560312144
2.300318427113409	1.944734640465964	1.944596670066227	1.4558259107308704
2.3001901102339146	1.9446703693472063	1.9445112379632536	1.4558307079773278
1.7220942757486215	1.4559173707178161	1.4557817517180485	1.0899139861820848
2.7215663051774204	2.300512553726457	2.300329988888653	1.7186591651024319
2.3005095181672397	1.944591284941365	1.9444509108153614	1.4527645002884186
2.3003283746620515	1.9444470167163272	1.9443042791794083	1.4526513251815167
1.7186726415075775	1.4527509717595857	1.4526824855160194	1.0852810727411393
2.724551689165189	2.3047033085755646	2.302491555074178	1.7200225746530713
2.3047064376064044	1.9495428404044917	1.9476860383761876	1.4549690319445023
2.302501864975694	1.9476708690692768	1.9458091128119885	1.4535467304718424
1.720056340270655	1.4549809386513717	1.4535990579747768	1.0858397149372143
2.72265130204172	2.303080175847873	2.3040035263075254	1.7299297827320395
2.303090502862039	1.9481551418357264	1.9489413718392978	1.4633131467525506
2.3040017571674363	1.9489116894283882	1.949695396290485	1.46384403018297
1.7299437689617132	1.463295914054652	1.463886330159904	1.0990714192133741
2.726543710139008	2.310575006720759	2.3073283665312654	1.735766530652129
2.3106050405720366	1.9580841428026632	1.9553593516313086	1.4709603721352371
2.3073272086449954	1.9553060457012386	1.952559847900875	1.468876250077057
1.7358102070946686	1.4709525671166686	1.4688995700163296	1.1049592573428064
2.7268093822083377	2.3092075429464063	2.3087846372772955	1.7350843404993936
2.3091942981097726	1.955549196786069	1.9551788547894713	1.4693356357582903
2.3088160639597763	1.9552396551243973	1.9548828168532435	1.4691324666464853
1.7350907986204733	1.469361290848629	1.4690982194470212	1.1040163191510481
2.7219406574403773	2.2969897207678796	2.3013661720252823	1.7199402741256866
2.2969793211627247	1.9384013967999814	1.9420746098317252	1.451456521698072
2.301367951439969	1.942073856803247	1.9457767358814537	1.454178036426023
1.7199235359773362	1.451421944551366	1.4541759536778966	1.086820762757702
2.7194163375237452	2.299823283614049	2.296182148689923	1.7173334337166064
2.2998433756194605	1.9449718885080085	1.9419229824562485	1.4523301076903856
2.296182877745538	1.9418690917837262	1.9388278244999533	1.4500540997303706
1.7173508528853614	1.4523169396963909	1.4501428253662716	1.0845057141019303
2.722699020921523	2.3026910100557947	2.301855498736239	1.7232801332574692
2.302689012404067	1.9474781259835428	1.946763535241588	1.4574343754584973
2.3018409157387008	1.946770701043252	1.9460611094140852	1.4569290310600118
1.7232531511029985	1.4574359055947308	1.4568666467923375	1.0906411599726398
2.72231202875051	2.301966902077254	2.3016900777576192	1.7201362839187986
2.3019566127014035	1.9465188067608716	1.9462907223832804	1.4545250440694666
2.301676398981876	1.9462648873639752	1.9460738576299847	1.4543523502964188
1.720137412568465	1.4545383394778149	1.454370820963728	1.086888587491915
2.7243555786975713	2.3059986569312	2.3052659400783346	1.7281135374932213
2.306004707331241	1.9518880759755077	1.9512965683367043	1.462781736676767
2.3052447229389657	1.9512220197633638	1.9506421254920383	1.462238557712556
1.7281038847957424	1.4626959027968665	1.4623262423094963	1.096160549091093
2.7215546176815546	2.3046241926810835	2.299627262284405	1.725201457728127
2.3046093271054824	1.9515579665042517	1.9473023241314138	1.4608638026116265
2.2996621155757353	1.9473957536296709	1.943119731172386	1.4577553031936537
1.7252203451114612	1.4609806223536577	1.4577131108392403	1.093593333598535
2.723415534092853	2.305298674678889	2.301561899449528	1.7255891195410242
2.3053133802006958	1.9513911747633903	1.9482337689826992	1.4606646477681233
2.301569228651631	1.9482374732971746	1.9450832476206033	1.4583282523382248
1.7256399889720733	1.4607764997898787	1.45839391612454	1.0934373887765352
2.726216968785007	2.309740520034086	2.3103658232820625	1.733443990307289
2.3097471887908068	1.9568946183638527	1.9574186129231925	1.4686357024304184
2.3103563308293364	1.9573950352233318	1.957943426410491	1.4690379632935464
1.733421077014117	1.4685800108498466	1.4690048037154613	1.1021944973898405
2.724538835979929	2.306123616064994	2.304480905291858	1.729936799758881
2.3061328274949044	1.9519583029994187	1.9505937486474487	1.4642531757961628
2.304476543631116	1.950577989971191	1.949191535645017	1.4632491226148023
1.729936480914449	1.4642464850484458	1.4632201745418454	1.0983983294444035
2.72317837748763	2.301734262990884	2.304002428727497	1.7260017058895845
2.3017343608672705	1.9454929649788644	1.9474312073446596	1.4588557296218057
2.303988135380281	1.9474093168166708	1.949377945552756	1.4603404981609038
1.7260160519630905	1.4588506849021228	1.4603962799757673	1.093964300675643
2.7221457384276833	2.3049453178694814	2.3038040321098685	1.7299947661415918
2.3049411699263493	1.9516726920825682	1.950736017233121	1.4648628634259417
2.303799697378589	1.950713683638651	1.9497554047078631	1.4641214758748224
1.7300079655696863	1.4648378092309857	1.4641593045259766	1.0994391730323274
2.7203083091559552	2.2969734592553834	2.301409003221076	1.7203424111539007
2.2969685694511277	1.9395290824434817	1.9432625957246137	1.4526400109772573
2.3013921298549875	1.9432480175746971	1.9470078697580455	1.4554411191815948
1.7202966289206565	1.452597794582904	1.4553791916056833	1.0879489431772933
2.7196478963630857	2.2971833236856063	2.2987684432173974	1.7201760166663582
2.2971824854784044	1.9403377652454068	1.9417001837415997	1.4529718409684962
2.298773411524937	1.9417060316047874	1.9430484428674353	1.4540188504767322
1.720171157293177	1.4529747429801176	1.4540188940583925	1.0880809069506707
2.7124654194119544	2.2887627219585656	2.289588274303773	1.7058394589097052
2.2887865669244563	1.9312470006786395	1.9319704325608267	1.439381759113548
2.2895808597279994	1.9319439867443924	1.9326276683622643	1.4398843246692408
1.7058783210485053	1.4393953062144176	1.439923397783767	1.0727832677427436
2.7196202410615213	2.2995117330038184	2.296889750233722	1.7156503625376038
2.299530877900642	1.944323962036977	1.9421036313396545	1.4506453301562656
2.296881017196496	1.9420601306170617	1.939856573383017	1.4489462204227543
1.7156756922311471	1.450634530350125	1.4489893582316278	1.082272027379507
2.72159733202233	2.300293450821078	2.302084561325117	1.7212289102124376
2.300302464738895	1.9442129084064799	1.9457265306268507	1.4547265836306298
2.3021105920256137	1.945729032237468	1.9472452183756355	1.455917627083983
1.721261529100568	1.4547903775517128	1.4558962683677883	1.0884580921549978
2.7188962140711386	2.297993369617723	2.2980530621627495	1.718314896660079
2.2979929210840213	1.9422854135903265	1.9423100251709506	1.4523401616890765
2.298062046103897	1.9423033077643261	1.9423961074415521	1.4524010284029376
1.718313872196572	1.4523275989314488	1.4524130463769385	1.0860700581593747
2.719677959478585	2.29914390071576	2.300092438715422	1.7231674297269253
2.2991353855651133	1.9436484847511568	1.9444476516084703	1.4567600380341388
2.3000894721415484	1.9444351770633155	1.945248510893317	1.4573222846416656
1.7231411070323885	1.4567219541129404	1.4573205712270585	1.0918047742891235
2.721138419842351	2.3015978191367865	2.2973121555067784	1.7136101903612835
2.3015769034770113	1.946708536149698	1.9430782645156668	1.4493555045496411
2.2973463550913116	1.9431416904816114	1.9395012318004052	1.4467053480776828
1.7136080172733685	1.4493677150929107	1.4466496512069689	1.0790114401950752
2.7237720059697543	2.2994263562304567	2.3045212762921063	1.7166245820624955
2.2994337861351966	1.9411962459684293	1.9454762244205621	1.4491343414892937
2.3045421915658877	1.9454890379748038	1.9498427118743347	1.4524135414807018
1.7166584109626506	1.4492030151056223	1.4524452198259563	1.0818832376085796
2.725760965204484	2.305655322182613	2.306398237735838	1.723778847534682
2.305663581709622	1.9502931441065627	1.9509315084782333	1.4581058347645588
2.3063721224653926	1.9508894790030953	1.9515073421469207	1.4585109340309865
1.7237177170725657	1.4580178846672194	1.458467945248471	1.0900066685964258
2.724726471695423	2.302829713136277	2.3029905567562436	1.7235120900118648
2.3028427033210064	1.9462582040604477	1.9464403393290297	1.4566771212038347
2.30297549427045	1.9463807830905122	1.946531028667221	1.4567698456343379
1.7234910000936237	1.45661068165215	1.456748694057385	1.0902290798538379
2.72248102790601	2.3004175006458873	2.3025402874300447	1.7158299661418182
2.3004088223480657	1.9437634603757568	1.945572437944798	1.4498009381718573
2.3025397520098343	1.945569141838522	1.947377785311655	1.4511553514451763
1.7158328851968936	1.4498235690826229	1.451186529859445	1.0813957113386594
2.719556912049022	2.2962952460279413	2.2979857453643477	1.7149720695706032
2.2962907352035327	1.9389075412977528	1.9403645557696978	1.4480952722359677
2.297972115001988	1.940335195838223	1.9417766089990935	1.4491235367882023
1.7149714442759951	1.448047950657027	1.449210429076529	1.0815178041462747
2.7221620462144096	2.3004449572051584	2.3020184609189345	1.7229229774419899
2.300443693945162	1.9440648128827975	1.9454239747894482	1.4560638820076968
2.30197455066374	1.9453288122331738	1.946668801082394	1.4569610882333885
1.7228473461750218	1.4559138442977593	1.4569549652962177	1.0904785561816268
2.7256242497762906	2.306292830107584	2.3049849883252236	1.7291581268163183
2.306308587432543	1.9514635437404024	1.9503795301244757	1.4630975071850572
2.3049875615070854	1.9503625808802194	1.9492812105070838	1.4623161755495353
1.7291751511713247	1.463088896181989	1.4623229823468087	1.0969409520709856
2.7208718168582045	2.3011117921994333	2.2996435248423643	1.721157030237119
2.3011101639840468	1.9460904226341877	1.9448487052798946	1.4555446540265375
2.299655321029801	1.9448847552164092	1.9436197996367948	1.4546680101947456
1.7211462867712755	1.4556078117349294	1.4546270615056471	1.0886068961671127
2.7246505610065177	2.304975316677174	2.3038555037748565	1.7257820460023066
2.304975555921858	1.949909925688755	1.9490013630297158	1.4599493295647845
2.303844448328824	1.9489943381503345	1.9480275951515917	1.459246525163813
1.7257600094340457	1.4599172940324234	1.459220166594686	1.0930834895987898
2.723735417281992	2.2980301130166505	2.304050690175892	1.715623731788294
2.2980421567892004	1.938847523843158	1.9439498339460706	1.4474433279568624
2.3040601185194434	1.9439334545660667	1.949060896226606	1.4512644800617662
1.7156548628813706	1.4474514855417253	1.4512961910868114	1.0805427115756927
2.7229507807221522	2.301567107015787	2.3040480871971796	1.7213653803891464
2.3015612302012323	1.9453880821161755	1.9474749841431045	1.4549877578081294
2.304049339267221	1.947491655911677	1.9495886515021255	1.4565224750950954
1.721347539497757	1.4549542950027767	1.4565124521747306	1.088157518470944
2.7255666550875683	2.3040920808240917	2.3044085792024314	1.724623651225062
2.3041199164056714	1.9478204629016964	1.9480800103496232	1.4579546982461766
2.3044197225148566	1.948098818168076	1.94831561502004	1.4581386304470987
1.7246435433091978	1.4579715340893047	1.4581302816926895	1.0913008410261293
2.7245817112903397	2.3057088242827306	2.303272225000464	1.7217537257062416
2.3057200462897067	1.951237507986691	1.949186550467488	1.4570657805329315
2.303286877744233	1.9491833333817645	1.9471407471968796	1.4555570198379641
1.7217956039472033	1.4570664473714112	1.4556118058147505	1.0881309133923471
2.723034560656331	2.300452150161664	2.3024188226156093	1.7195805578613854
2.300471021748058	1.9434755755202004	1.9451390372315644	1.4527481884151203
2.3024067530305903	1.9450910225841451	1.9467516318343974	1.4539380335058751
1.7195884908809091	1.4527242443256903	1.4539551290075539	1.0858862659687947
2.7268150626063785	2.3058825994151535	2.309316951294989	1.7315050509327587
2.305867428105552	1.949892864592897	1.9528179998293276	1.4641840193364393
2.309342272245271	1.9528620441602909	1.955751509436782	1.4664131952228423
1.7315150683161618	1.4642072572493718	1.4664017707096864	1.0994870462802901
2.7259601349099962	2.307237914416176	2.30815240323569	1.7299253127740155
2.3072301892769524	1.9528595855626814	1.9536077047269282	1.4642003837547104
2.308164461224696	1.9536380872787624	1.954390618412762	1.464796618017871
1.7299442138632593	1.4642759293629934	1.4648231231027395	1.0978601957653444
2.720662046817385	2.2959182328043792	2.303729897142398	1.7221251104632802
2.2959071893741676	1.9374690765158658	1.9440803060816527	1.4532729188608158
2.303717385506388	1.9440519942969443	1.9506664196176537	1.4581897317499308
1.7220734312445094	1.4531839926932395	1.458160443516486	1.0900000591547336
2.7230561290929294	2.3025606298229966	2.305289517813736	1.7283297167470992
2.302549047751875	1.9469988671659155	1.949293958347547	1.4614808113759998
2.305290518064314	1.9492939905923305	1.951598324955923	1.4631562471545247
1.728315409429891	1.4614325268675712	1.4631297266790664	1.0970162826374668
2.7204972298603303	2.2999450252889133	2.2973764344479224	1.7195304542922027
2.2999463480927473	1.9443837519780338	1.9422069878917894	1.4536612077801256
2.2973870607983535	1.9422414834846158	1.9400573717249046	1.4520703621482618
1.7195317076274936	1.4537135927995075	1.45204042414006	1.0867947647233347
2.7206073093071512	2.295777004729844	2.298582853035231	1.711328973737361
2.2957820926006787	1.9372872314220093	1.9396574359239818	1.4440972849656954
2.2985930749993853	1.939649925288143	1.9420115633261748	1.445866669586245
1.7113527314662884	1.444100731130274	1.445866949663773	1.0764556508826522
2.721869764524355	2.300599872005882	2.3022101968552335	1.7256864705785186
2.300605364724104	1.944531436486499	1.945902731090663	1.4585966715856777
2.302203168832739	1.9458823931814704	1.9472495814797777	1.4595876171735693
1.7256844199433985	1.4586026529660066	1.4596156992237772	1.0940604153963929
2.724065284288114	2.3053818413492646	2.3049658956090484	1.7275499791639934
2.3053815754634406	1.951066258049612	1.950705199288872	1.462078174278844
2.304940448244117	1.950632024041368	1.9503143273044057	1.4616951890894703
1.7275093325352253	1.4619780051898423	1.461718892885088	1.0955793973809815
2.7228389102877504	2.300575487454152	2.2997338509227956	1.717340072043174
2.300567116085428	1.9437811210300124	1.9430813072478605	1.4509787134712786
2.2997076897761226	1.9430597016938191	1.9423465828715472	1.4504551706835167
1.7172772242709369	1.4509328446794776	1.4503939634941563	1.083034005350644
2.7166701219610694	2.295528913197695	2.2954070813769296	1.7117988147683205
2.295533193954632	1.9396733179334136	1.9395705236439096	1.4464383188487133
2.2953984300784653	1.939549386157269	1.939446324214573	1.4463113530134537
1.7117887955636808	1.446399119340972	1.446326934926865	1.078562323247816
2.715788536700843	2.294880046424302	2.295983014387746	1.7193284704352318
2.294875276390386	1.939184309083571	1.9401231303889839	1.4528355150194308
2.295986817806716	1.9401452081227022	1.941083723736902	1.453579664187295
1.7193042631996434	1.4528194913869459	1.4535663466850457	1.0885033203458685
2.7166330496781086	2.294218673085193	2.291727694104306	1.7078401659866564
2.294221413715464	1.937479085012524	1.9353685445300748	1.4422543990476724
2.291739396267856	1.935405910578502	1.93327233639785	1.4406970006514845
1.707875778072119	1.4423119180392792	1.440739677999402	1.0736166322378782
2.7199661670971103	2.2976214713781955	2.3044911784362	1.7214103189912404
2.2976255867961553	1.9408599205247254	1.9466558760050396	1.454120640769234
2.304463142326307	1.9466147101313658	1.9524579776505098	1.4584470562825862
1.7213696753848877	1.4540729306392428	1.4584066214183784	1.0894184819962558
2.722248052101254	2.300452900618943	2.302639228444584	1.7209867104204044
2.300465977207343	1.9440445409236	1.9458684404963957	1.4543676701731034
2.3026229796297604	1.9458422426841615	1.94769861701078	1.4557360304020166
1.7209513879921072	1.4542934522683746	1.4556674451930907	1.0879570741505367
2.721751538236831	2.305006255453802	2.302065875163265	1.7284223089677688
2.3050249303940866	1.9520772856803237	1.9496021129468666	1.4637981068793027
2.3020478296423392	1.9495413172347222	1.9470740940421525	1.461868415385813
1.7284378804121465	1.4637400171135322	1.4619304745344641	1.0975864246570575
2.721765016461088	2.301852587796669	2.3018231905304716	1.7227004433368316
2.3018256785982145	1.9466934966199985	1.9466507351289042	1.4568649848507942
2.3018244638349104	1.9466988300160148	1.9466982072248884	1.4569162082318765
1.7226897539568198	1.4569024402752089	1.4569073164991126	1.0903126407352255
2.7196945374587056	2.297686462572677	2.301488269962251	1.721750575753412
2.2976762423113146	1.9411343422036442	1.9443567591015511	1.454579204897147
2.3014836352162504	1.9443680339122809	1.9475708733149395	1.4569501850222828
1.7217042833471867	1.4545308924946312	1.4569065195848252	1.0898593828726877
2.7208700244591686	2.3010101560774614	2.2960514462396664	1.7118443900339295
2.301029731923786	1.9459535220314843	1.9417754907488483	1.447717592466127
2.2960573214210904	1.9417340507750804	1.9375563838639784	1.4445350686687757
1.711885479586445	1.447703823683222	1.4445984971337618	1.0770103798376232
2.7231141686818776	2.2995645661612074	2.305773756955217	1.7214187733570092
2.2995392247333837	1.941864238766307	1.9471067937432442	1.453625795353009
2.305783488418659	1.9471635032230168	1.952398809132936	1.4576211225023192
1.7214045870233698	1.4536685789607917	1.4575279678773876	1.088093628849614
2.731468663654337	2.3129966094696575	2.3161728862642335	1.7413611877581534
2.3129965224212405	1.9586181445685134	1.9613202722044647	1.4745562246311374
2.316187738925061	1.9613235264340274	1.9640258740800105	1.4765743774735771
1.741383448398319	1.4745842858140958	1.4766131813291423	1.110095580377693
2.7260009081650316	2.3063225228075126	2.3081213887818657	1.7317629500062413
2.3063314208133243	1.9512780501738776	1.952792310695779	1.4651762622118205
2.308117991192381	1.9527799726575028	1.954304879132773	1.4663193440361226
1.7317852725807212	1.4652009673589947	1.466340839080453	1.1002635535831602
2.720127157549625	2.2986300771495425	2.2949508464191593	1.7157961688153225
2.2986385196369628	1.9424622366849336	1.9393278771011369	1.4499512890756234
2.29494286487193	1.939326184702371	1.9362331181362624	1.4476186213936657
1.7157628757443764	1.4499042336704233	1.447544032418248	1.082241099099722
2.71671725789435	2.2933512544339205	2.3002904536061	1.7168734725576424
2.2933396083963142	1.9359324232853405	1.9417692832313656	1.4492396047995657
2.300288504197819	1.941810531711259	1.9476976060832225	1.453676610567765
1.7168848182111869	1.4492976720116246	1.4536803762645019	1.084893299229356
2.7126829573046387	2.2906821771058095	2.2941221821296662	1.7169247337580493
2.2906662778166624	1.9342848484913855	1.9372254687466899	1.4497776627153918
2.294140992607408	1.9372438693006675	1.9401906609424404	1.4520288771216352
1.7169334440544013	1.4497415792760604	1.452083866876933	1.0865834000527876
2.7143248779552738	2.2918410216827954	2.291622787471385	1.7094551338521569
2.2918510593798334	1.935106414597909	1.9349499307517621	1.4433750822080087
2.291635313400357	1.9349517876107345	1.9347535735419996	1.4432402254363728
1.7094905570374408	1.443415995314855	1.4432904675562706	1.076634593121298
2.7146351629081864	2.290776375109766	2.2918247229912647	1.7091976544633332
2.29077991291579	1.9331078003144595	1.9339720130408977	1.4423286015999988
2.291832318579559	1.9339901352194502	1.9348894796411729	1.4429802611667224
1.709206952391073	1.4423399693364842	1.4429982424740224	1.0761116102792314
2.716320472997929	2.294836122165995	2.296059522187847	1.7183531721564265
2.2948124588431678	1.9387245627701677	1.9397361590435327	1.451669505738683
2.2960703517519536	1.9398046484569769	1.9408082659518893	1.4524867632959946
1.7183093750551108	1.4516772205162007	1.4523912738522684	1.0869403986501158
2.717643387119788	2.2948314704578716	2.296790702040512	1.7165575977064023
2.2948308481195276	1.9377557312496012	1.9394533522996502	1.4494420821210674
2.296794646123772	1.9394479587604605	1.9411318717399915	1.4507449876591234
1.7165571090708216	1.4494136143203924	1.4507578162234414	1.0841864423459586
2.714443891188164	2.294779240984298	2.2927942219473514	1.719738967577429
2.2947667546193107	1.9399907795866154	1.9383046494215568	1.4538394956785232
2.292816617735955	1.9383262924126532	1.9366576609630919	1.4525830141079439
1.7197262649573937	1.4538490504762098	1.4525699385201711	1.0894900213145553
2.715001727886572	2.294302555108831	2.292594455459844	1.7148843141965953
2.2942979456551673	1.9387778436139174	1.9373290732756294	1.4491009145910205
2.2926140045209187	1.9373621966019245	1.935936302215892	1.4481284314022813
1.7149143246473486	1.4491466033704234	1.4481159825348413	1.0831613603502455
2.720130699717185	2.300744150252584	2.2997756362969723	1.7210024956275405
2.300719038949276	1.945992804716677	1.9451596418436663	1.4556509337514456
2.299785767150212	1.945171888536171	1.9443851502895146	1.4550018960763502
1.7209531566634662	1.455539276585651	1.4549572705574374	1.088742797572712
2.718399807992398	2.2964109319373507	2.2994687956057698	1.7180107615221216
2.2963998063533255	1.9399064433100695	1.9425086060470296	1.451313251562846
2.299476871725029	1.942512540628676	1.9451075057926976	1.4532426446449838
1.7179885610002703	1.4512611738569998	1.4532182222197454	1.085718029453763
2.7231378129856343	2.300828185901773	2.3042318529129195	1.726371255735806
2.300840035202288	1.9439986121859218	1.9468924775405787	1.4586175667922159
2.304238864797545	1.9468950876516988	1.949769755928805	1.460808608832564
1.7263826164731826	1.4586542908082099	1.4607861208728556	1.0944495258052604
2.719261699379538	2.2982735331263946	2.3018389441175624	1.723467337197463
2.298274165898379	1.9424556941650948	1.9454452827823292	1.4565952508425282
2.301830680422583	1.9454353693934585	1.948486618325428	1.4588655466898146
1.723465898062977	1.4566014899294004	1.4588971691616244	1.092285562361513
2.720904561538017	2.300353825419203	2.300805937082101	1.7228641694263402
2.3003442897268225	1.9447747976894103	1.9451527538482534	1.4565161440597547
2.3007744997846373	1.9451149371809369	1.945535638661488	1.4567848204214588
1.7228196412572092	1.4564732791883799	1.4567528352373014	1.0907522886813934
2.7230091580295386	2.306799304352378	2.3083551575263046	1.733712620325598
2.306817435512541	1.9542300570857583	1.9555415453663991	1.4687459705969113
2.3083407716043576	1.955487757011584	1.956819994008123	1.4696748486323397
1.7337127898203553	1.468714519679686	1.4696969332067356	1.1038613773105068
2.7258365943303122	2.3078228998625456	2.3067444672976833	1.730081975346187
2.307841817808983	1.9538973951859762	1.9530272820708714	1.464766024977991
2.306737488056524	1.952971695204849	1.9520908988259122	1.4640526690205837
1.7300633359919324	1.46467823784047	1.464121590855144	1.0980372342704185
2.723701412989865	2.304620550895906	2.30494970807061	1.7284480238187239
2.304616306669718	1.9500200983926421	1.950299627187639	1.4625089667345794
2.304948536057561	1.9502963316519122	1.950581764403459	1.4627100292760427
1.7284473451315112	1.4624927297865795	1.4627054230055734	1.0968588396122925
2.7231034345059046	2.3100925917917894	2.3031318276162684	1.7343551353315416
2.3100825121761464	1.9597176328652235	1.9538061110333953	1.4713146123191365
2.3031225411959166	1.953813113045519	1.947941999015969	1.4668912873602675
1.7343112156474032	1.471278662529456	1.4668502407193074	1.1046365286292448
2.716099505650638	2.2962643843419808	2.2956630718935833	1.7174004780594272
2.296265973998944	1.9413296102986635	1.9408106580048419	1.4519384651725964
2.295659139326581	1.9407889774718088	1.940298495104856	1.4515190380105036
1.7174187787973423	1.451949160961749	1.4515750533541396	1.0859517708506405
2.7200212378029307	2.299357863335782	2.301192458535235	1.7197582385902483
2.2993610024541393	1.9437604345363697	1.9453338108611409	1.4538475846804102
2.3011856882637587	1.9453012112852506	1.9468569145660986	1.4549654293811674
1.7197385996466972	1.4537935750896545	1.4549766845356162	1.0873979151507884
2.72189579262156	2.302629875204909	2.2997809597486296	1.7206287170621557
2.3026200352463153	1.947912403428063	1.9455209811789373	1.4555557117020104
2.299773600957179	1.9455217293200533	1.9430936268046484	1.4537192307386997
1.720609398619498	1.4555190916104792	1.4537518920998729	1.087578451322827
2.720214524609331	2.3012148080514963	2.3005498708764747	1.7228028831730802
2.3012006672815715	1.9467351679395566	1.9461732569385475	1.4574274493399078
2.300548097332341	1.946174825197023	1.9456174764718022	1.4569651976220195
1.7227751121841568	1.457376209078627	1.4569628351943364	1.0910572147920024
2.72220375107584	2.299894954148504	2.304026877141325	1.7223484661349497
2.299874484341995	1.9430991551019334	1.9465856669183619	1.4551604862224468
2.3040194592298664	1.9466097282423271	1.9500483464366887	1.457728360596238
1.722328211136335	1.455188724462208	1.4577441606796866	1.0897125363754279
2.72684773046768	2.3073126480092565	2.3098362109259742	1.7354123425964552
2.307299397424009	1.9523101864071648	1.9544360085389754	1.4684039435180045
2.309842252592999	1.9544519204964697	1.956589858622927	1.469996964927881
1.7354005332491038	1.4683780106596356	1.4699779064841083	1.1044160823685487
2.7222840213216895	2.3032232664017367	2.3031015300450277	1.7255395355016974
2.3032179283512026	1.948685593831547	1.9485516634191482	1.4599642947991909
2.3031076515430935	1.948601053179199	1.9484533879599069	1.4598832053403152
1.7255061635935516	1.4599473659856017	1.4597487625679635	1.0937930738041655
2.722373919392345	2.298425447055149	2.304001776400416	1.7273904657830743
2.298427566435144	1.9405001924779928	1.9452238306953538	1.4583889622691448
2.3040237133198804	1.945234894179438	1.9499290686952595	1.4619325417087816
1.727416538048681	1.4584269145632511	1.4619358832190708	1.0960433443246527
2.7236805975333933	2.305350465167923	2.3029409846728996	1.7230028203158587
2.305346645887533	1.9513017715284693	1.949240812883927	1.4584211353086978
2.302958768345338	1.9492912429887272	1.9472110384364092	1.456927106567708
1.7229943148573434	1.4584484591463749	1.456855273856782	1.0900981816904185
2.7245608430692116	2.3059369594138968	2.306306067161915	1.7272915754981089
2.3059481831890465	1.9516402078029886	1.9519668444126375	1.4619157851068947
2.306321227132798	1.9519372529952896	1.9522645151963687	1.4621078092736155
1.7273235304113657	1.4618863206845738	1.4621782252921134	1.095065552518195
2.722210371574486	2.3022972462493017	2.302474340598519	1.7254544050454648
2.302300162375777	1.9471576586802233	1.9473247154210245	1.4593061684697097
2.3024947758185137	1.9473304156797944	1.9474652886905626	1.4593987468835457
1.7254757303612778	1.45929424796552	1.4594395761366183	1.09368340468377
2.724541368608532	2.304520360799021	2.3046340456137737	1.7295907140645905
2.3045113470185785	1.949218127588729	1.9493341212634843	1.4629096041037692
2.3046369190820912	1.9493636781053805	1.9494386244406865	1.4630441888655457
1.7295640670415808	1.4629164325299449	1.462964459931743	1.09788573629237
2.723023342119488	2.301928432336374	2.303406319912772	1.7227291352278762
2.301916801953888	1.9459564384338197	1.9472071304170928	1.456329416100961
2.3034069405108526	1.947235375023145	1.9484533997395657	1.4572924479090752
1.7227325831959437	1.4564104713117292	1.457283275501401	1.0899943647329273
2.721191124041587	2.3018251410104082	2.301285757718439	1.7263156031871556
2.3018327439654205	1.9471205550762187	1.94666608688297	1.460336419745584
2.301318355536311	1.9466773186194386	1.9462121357317723	1.4599832878230383
1.7263699473318157	1.4603639531514088	1.4600416868655932	1.095337781267859
2.7252671317985637	2.3036244143883593	2.306553072540322	1.7225439909581495
2.3036133413821642	1.9472147665295754	1.949694396716884	1.4560467048408388
2.30657354985061	1.9497278895076064	1.9521817552083915	1.4578864501692361
1.7225892082368313	1.4561035575508747	1.4579321068920963	1.0887918826524368
2.7201507029886396	2.2980536043277966	2.3008222117819215	1.7179471096264323
2.2980550508183906	1.9414286070606461	1.9437942161905208	1.45133943779268
2.300825718563763	1.9437853403598584	1.94613983141893	1.4530964002974127
1.7179620397687188	1.451349129334993	1.453154858093724	1.0849685988283941
2.7240291701588792	2.304446667127047	2.306565507274706	1.7323458512473564
2.3044303345481802	1.949452614142884	1.9512359724776125	1.4654202207137625
2.30655061589286	1.9512716159743901	1.9530519039248257	1.466829311185674
1.7322937171344537	1.4654108835296202	1.4667397479126851	1.101489783026258
2.7209262585514473	2.304256573743317	2.3022733754354996	1.7318460102615727
2.3042524589905438	1.9513823423174232	1.9497319190483922	1.4666383817329371
2.302283110079118	1.9497360588132515	1.9480521960290202	1.4653853012811526
1.7318749681192926	1.466677126816461	1.4654475056024374	1.1023610404213373
2.7241001222464303	2.3040261548333563	2.3017321498694083	1.7224582189843345
2.304012484179225	1.9487184025656965	1.946775347086686	1.45686362528207
2.3017284651193908	1.9467960019932864	1.9448447516723801	1.4554280250770664
1.7224205115988525	1.4568153884714123	1.4553211683170078	1.0891138948817314
2.7278003428576714	2.3113622855639577	2.3089116892914325	1.7367123030236762
2.3113568828081927	1.958465566162593	1.956402631571646	1.471538748908532
2.3089011082584125	1.9563853004257332	1.9543221965405637	1.4699604069821326
1.7366794978832418	1.471517203560932	1.4699706589723085	1.1056494713483762
2.7248899784710514	2.30606309591555	2.3048313486503536	1.7249503031738949
2.3060624952062425	1.9516175387516235	1.9505642134707	1.4598114254881096
2.304865468071966	1.9506170224742705	1.9495387132008208	1.4590411972294655
1.7249950389157351	1.4598784794798447	1.4590496990569335	1.0919570742694187
2.724605429893997	2.3053516852312	2.308795177446941	1.7322515640927367
2.30534258590292	1.9505751196638352	1.9534955465160009	1.4656259797782498
2.308792521310942	1.953504833532626	1.9564137016601926	1.4678405598563853
1.732243979535946	1.4656330840647465	1.4678376799549202	1.101183988407788
2.723380979642115	2.3038638670305436	2.300601816462786	1.7245319144221092
2.3038737352099243	1.9489806578251165	1.9462323838767137	1.4588966450611498
2.3005927741014407	1.9461952599780705	1.9434442572757316	1.4567813501554923
1.7245279908713431	1.458853819436281	1.45681294348102	1.0919894142665842
2.7253666186245726	2.3030558593077277	2.3052599355866086	1.7260997488427285
2.30303813714934	1.9461486895812534	1.9479992898230032	1.4585692670859833
2.3052875554946968	1.9480874325643667	1.949945582501872	1.4600758493706898
1.726109555494239	1.4586512176135045	1.4600105385629227	1.0932088714112733
2.7260352912863106	2.307699019556017	2.3065579988928846	1.7289906865596985
2.307703113039189	1.9535580751008677	1.9525997512390798	1.463626621147605
2.3065651398960783	1.952622668610222	1.9516350128902242	1.4629662459991384
1.729017140650163	1.4637318051880366	1.4629379246578151	1.0966368590765707
2.7251907080250106	2.308518508651636	2.3065477574302755	1.733755906955648
2.3085368859205526	1.955554940271919	1.953913173028227	1.4686748105895198
2.3065367031864485	1.9538598887060423	1.9521904938927974	1.4673570534080531
1.733771973439995	1.468652480610111	1.4674462894475304	1.1029702553602674
2.722879889415593	2.3033354697864716	2.303295346709909	1.7293414975822667
2.3033399577804334	1.9484432881135476	1.9484379434297336	1.4629310554524613
2.303270593735532	1.9483716373374846	1.9483394734926778	1.4628188110347098
1.7293027457072243	1.4628217211726737	1.4628334977618405	1.0982725593544125
2.725902413032838	2.306125083328975	2.307810895925158	1.73309712246002
2.306129326977113	1.9509771908809508	1.952427887425466	1.4662066981297983
2.3077921919125184	1.9524133511375152	1.95384871807686	1.4673137925024908
1.7330692632259936	1.4661805903777687	1.4672833211820766	1.1019511439404734
2.722754993744445	2.301264695831416	2.3029266708140472	1.7225502856257473
2.3012862535904794	1.9450473392293721	1.9464626423824856	1.4559330667192407
2.3029163842313447	1.946393449283167	1.9478240445964683	1.4569197964876341
1.7225900213825929	1.455889132675544	1.457007813737511	1.08980146702869
2.7176257969941098	2.296618207388598	2.296008688417347	1.717210758296633
2.296605122499854	1.9408231952515937	1.9402899710024917	1.4511470043673944
2.2960283224803013	1.9403702112728383	1.9398152378798679	1.450860187101697
1.7172193326837075	1.4512409295970956	1.4508040515640497	1.0850738524421204
2.7167713685874944	2.29651143849601	2.294418834504358	1.7233527467297927
2.2965268562814933	1.9412479419401094	1.939524320855136	1.456791742994269
2.2943988759522775	1.9394815184969463	1.9377235675701412	1.4554620750416831
1.723317313113732	1.4566937689529584	1.455446154211197	1.0932267642173732
2.717585743304356	2.297364245443945	2.2941698918520124	1.7202528629118137
2.2973618194968997	1.9421226380197485	1.9394133677462457	1.4542588824236782
2.2941530957875598	1.939407940952966	1.9367033565201766	1.452209054877981
1.7202349524474088	1.4542298978942025	1.4521990827914337	1.0889304561155349
2.7153659637006062	2.291213806278187	2.293062773544813	1.7080881711025235
2.291227221202178	1.933328087240444	1.9348977348833536	1.4412930673959732
2.293055091505471	1.9348536069594153	1.936426273861794	1.4424018104263672
1.7080872422895894	1.441271219001414	1.4424320884573334	1.0744553110865003
2.712576433222553	2.290527822384797	2.2912318407957066	1.7110097005573788
2.2905266744176207	1.9341594452711022	1.9347456002051062	1.444782089881295
2.291220712994333	1.9347338713718798	1.935331466605956	1.4452163197857504
1.7110089212155717	1.444807019905526	1.4452434855885812	1.0791734531770436
2.7176713492260087	2.2965696836022627	2.2956864693336247	1.717541119132873
2.29655388006647	1.9407172475040042	1.9399639995453033	1.451435327855635
2.2956986914795836	1.93998525054248	1.9392313322096626	1.4508584122285253
1.717539713542011	1.4514240575112105	1.4508714804581657	1.0855061830755577
2.7202153316408446	2.298220436502609	2.3010833173252494	1.7213228852400217
2.2982168125452325	1.9417081569411054	1.944110868703083	1.4542990009153183
2.3010984825980496	1.9441277267252133	1.94652610786566	1.4561006926006463
1.7213551063712458	1.4543463351354082	1.4561360356149897	1.0892820681347144
2.725304737013086	2.303116551814231	2.307511659008173	1.7247763243937195
2.3030934399485266	1.9463375440701405	1.9500182559697308	1.4575878756625318
2.3075365911150953	1.950076649114834	1.9537870599789897	1.460385165518061
1.7247687912300513	1.457594376069161	1.4603377907896355	1.0915265027010248
2.7197162704009266	2.2979304618108607	2.297362491673243	1.7186441804103048
2.2979289994467322	1.9415497783175102	1.9410790729230867	1.4520686091191408
2.2973489696066856	1.9410490335186161	1.9405447489298056	1.4516837430442724
1.7186258344595047	1.4520710214128616	1.4516860404207226	1.0859398837539211
2.7223422339247487	2.305816853570188	2.30216716086819	1.7281982451406375
2.3058501718986064	1.9530486107879839	1.9499681655047825	1.4637963065651365
2.302168780223018	1.9499060472748198	1.9468451537148999	1.4614224287214237
1.7282655306129697	1.463830666337806	1.461573917855943	1.0971226531102092
2.7194062143367863	2.3004714565347295	2.3018305041665816	1.7296184626745938
2.300499263471137	1.9460902730675376	1.9472539987125506	1.463195417635361
2.3018317382980196	1.9472169743279253	1.948371220167826	1.464010962808793
1.7296736455267734	1.46319661025967	1.4640988952010991	1.1001296302788102
2.7190682034883302	2.3004960178317133	2.299620654967535	1.7258802457830684
2.3005131256791187	1.9463673899983718	1.9456176573999393	1.4602046388411785
2.299627117926525	1.9456153841176433	1.9448753255066709	1.4596235350633382
1.7258770068658336	1.4601650504117571	1.459603910459747	1.0953795819548044
2.713986350298866	2.290378216743914	2.2952862624786854	1.7161977740593695
2.2903964485570127	1.9329021484474673	1.9370572896275429	1.4483516468002449
2.295291463738012	1.937016832934556	1.9411891016773442	1.4514338431218652
1.7162167406496165	1.4483280455979688	1.4514635488967664	1.0852813614094863
2.718234209489113	2.2998132548485155	2.297366481555295	1.725630647304331
2.2998248141055715	1.945821073388062	1.943738107623581	1.460009340432413
2.2973894422407724	1.9437831218698047	1.9416890811777272	1.4585000000680932
1.7256735075908987	1.4600860393247703	1.4584776417715597	1.0955121762939954
2.721299925603517	2.3009327568893485	2.3001417395916874	1.7206782322800471
2.3009597514448767	1.9455062530768625	1.944866652757277	1.4549142905874222
2.3001258085386374	1.944800608588915	1.9441625897358528	1.4543695951041242
1.7206938118930857	1.4548991487247716	1.4544047380029064	1.088014482461048
2.7251641241923585	2.303095957572277	2.3017970534680505	1.7192740873949595
2.3030653887188604	1.9463876136815204	1.945291518719616	1.4530028742592593
2.30179305058944	1.9452955328276802	1.9441813405789368	1.452137984021627
1.7192392395466045	1.452994362086973	1.4521567846424734	1.0846343812526917
2.724740362296391	2.3019850953421295	2.307347233324249	1.7251125282318907
2.3019854977061303	1.9448561753401448	1.949339590725011	1.4574900922557628
2.3073382656181396	1.9493177289678603	1.9538808015608762	1.4607991360055854
1.7251015606591993	1.457459212307083	1.460842551338893	1.092258531400621
2.7278175614284703	2.3099542098945647	2.3079317730949547	1.730579092373669
2.3099606277878393	1.9560777027710063	1.9544108557885498	1.4654565470187924
2.307946708396615	1.9544150151613706	1.9527236664618852	1.4642271720885425
1.730605616326791	1.4655085748611603	1.4642546081784154	1.0978999691213982
2.7238432930769285	2.3057425060364998	2.3049823581004563	1.7253545489573117
2.3057533559375885	1.951814911673212	1.9512198439044368	1.4605548329257472
2.304971370250526	1.951178280261443	1.9505286186493491	1.4600257808927541
1.72536553786876	1.460525594300161	1.4600752990276258	1.0929032747167289
2.723456162299046	2.3038343809084387	2.3025064701539346	1.7266749208116974
2.3038175430674586	1.9488533462910844	1.9476832463432332	1.4605667848373225
2.302538234290662	1.947779443731225	1.9466175619629424	1.4597892555860854
1.7266787940087653	1.4606352037353674	1.4597051210196408	1.0945363420033856
2.7274321941104986	2.3033045689538274	2.3091009821099653	1.7259146441637663
2.3032948280631778	1.9451225411125979	1.9499776822325863	1.4574875119462227
2.309103733974839	1.9500176279750914	1.9549064447204392	1.4611546992563766
1.7258586608049036	1.4574614053660337	1.4610402987448097	1.0919876025525925
2.7237758315494087	2.301783919049468	2.30453997971915	1.7207920960311431
2.3017733336356963	1.94515827019645	1.9474744828681405	1.4541301225311578
2.3045395656484366	1.9474820856195632	1.9498219581940521	1.4558878202326575
1.7208006531787294	1.4541714932351895	1.4559051890668968	1.0870224878039492
2.7198914257096107	2.296858049258944	2.2977280737984302	1.7199786916039663
2.296852305215644	1.9396160274339944	1.940322182433529	1.4524248530400943
2.297727514537414	1.940359681813278	1.9411122276352888	1.4530447460430411
1.7199621027948886	1.4524706520988484	1.4529898918166608	1.0876706387590576
2.7146981902123053	2.2921377448637945	2.288934505250538	1.706136297561449
2.2921541143603563	1.9353550314108938	1.9326845658574516	1.4405800874382557
2.2889266902848697	1.9326589370850435	1.9299578754607705	1.438571314852215
1.7061536948284683	1.4406114592179786	1.438617509290405	1.0723311829141402
2.715452937654734	2.2936560411700815	2.2941793047653727	1.7104354974807314
2.2936667498419823	1.9373994889909463	1.9378290733155994	1.4447715235241407
2.2941815627594213	1.9378446769389448	1.9382539264260152	1.4451232681413904
1.7104545161628704	1.4447967642644086	1.4450896309240957	1.0774565806254497
2.7228091211570775	2.3012803763579806	2.300135339504504	1.719916028137736
2.301282350703041	1.945017916724585	1.944064387791233	1.4536985280710748
2.3001635555458537	1.944097762530486	1.943116453582485	1.4529988332813442
1.719953103002292	1.45371698413231	1.452997262836459	1.086514502947871
2.7265352987266667	2.304890057879552	2.304268590424921	1.7259285061841079
2.3049100593743757	1.9484785520012213	1.947952790880657	1.459043832676915
2.304274650865892	1.9479442453480715	1.9474174512019173	1.4586862492533887
1.7259793773633112	1.4591171934107336	1.4587499675072673	1.0927454007487836
2.724611360947815	2.3063037811844422	2.3021582913702745	1.7241987360069058
2.3063172388596045	1.9522257162938426	1.948721608302928	1.4594732997524797
2.302162698854167	1.9487022888373688	1.9452305462613821	1.456891020130458
1.7242231230043157	1.459523950826404	1.4569037885009555	1.0912007391467249
2.717548537604916	2.296818909247209	2.296047054935896	1.7098761784556122
2.2968151279447353	1.941195149979449	1.9405588657982353	1.445117618589042
2.2960472646813783	1.9405448503391234	1.9399135611254705	1.444625548859624
1.7098631199365097	1.445075543732914	1.4446145890492177	1.0757453784919628
2.7199331345043305	2.2992564753405857	2.2939622898264282	1.7144293989920605
2.2992704091870864	1.9436553450544922	1.9391846325890667	1.4493079172453214
2.2939507362944513	1.939139839563156	1.9347008463903634	1.4459202557742843
1.7144153248704708	1.4492450098063046	1.445938101449557	1.0806595780675945
2.7184019617532145	2.300227577729459	2.2968722344131356	1.7177196340086354
2.300244022719685	1.9463832015190494	1.9435616438103167	1.453449731331211
2.296866586399114	1.9435249420296712	1.9406918792769634	1.451321055047169
1.7177347794182298	1.453436248293534	1.4513472982007862	1.085229571896052
2.7190855672584076	2.302497518289622	2.297460643050744	1.7219046546692358
2.3024760093660657	1.9497273534847066	1.9454493023182664	1.4580896064280493
2.2974334592138588	1.9454415128717695	1.9411794241078901	1.4549007795959572
1.721843769411027	1.4580577515776436	1.4548579886275625	1.090437975930484
2.718426967900306	2.296435201444069	2.2952857128353057	1.7112682502883827
2.2964199056112515	1.9399346278450649	1.9389488294671022	1.445553381565343
2.295269504931509	1.9389555930540017	1.9379558241455337	1.4448359078719246
1.7112409688915076	1.44559809034265	1.4447945462295835	1.0771225476847055
2.7176569524107745	2.2977357499564506	2.294961682584552	1.7169089774914925
2.2977101352997877	1.9426743860661737	1.9403028002626688	1.451583508332955
2.2949772164840225	1.9403863844538112	1.9380241833293186	1.4498814658669954
1.7168714395663158	1.4515786666509616	1.4497824176426233	1.0846021601927396
2.7163840407369375	2.293140390849693	2.296002279063776	1.7115498527914876
2.293148182247147	1.9358248865554135	1.9382619735304516	1.4448436932349251
2.296009057085192	1.9382635130455146	1.9406828701620942	1.446658444941318
1.711594175479829	1.4448796747126502	1.4466694712966897	1.0783182150630817
2.712792501355968	2.2901726229354815	2.2908224662290837	1.7100900352644821
2.2901694343861667	1.9333881923873444	1.9339324704968892	1.4437105297639168
2.290818333242928	1.9339250884361443	1.9344765757885118	1.4440423436454715
1.7100591415997979	1.4436423683606148	1.44402685821781	1.0779003706017567
