1.5225460563570021	1.1544805705776167	1.1541441422280636	0.6588980492650605	0.36862632738695406	0.388150172802265	0.15631907269408268	0.052782949929281585	0.06189782763375895	0.017369200322986045
1.5228076741677385	1.1541300644673629	1.1666609037321725	0.663522470559807	0.3822179186948318	0.38908379869965726	0.1749438848480878	0.06895918207393215	0.07170364278424894	0.025842206145578382
1.5218107111841637	1.1593949067334601	1.155646048662566	0.666482145853904	0.3789759480577112	0.40003310011437765	0.17586589968235597	0.08077721661208442	0.0663041988617357	0.00628573206136436
1.5234053400646737	1.1645112197386307	1.1644262453552112	0.6870165026839753	0.3993590400496727	0.40816494264053194	0.18069203369558284	0.0841935860674259	0.07849203199026705	0.011658642559550233
1.5261131066988207	1.159082710728156	1.1718982187515468	0.6754373149331748	0.39063825379437955	0.41131553512656466	0.17584172391100938	0.06995125728472606	0.06504224336222043	0.02279708453540496
1.5322875822415845	1.1786090023720222	1.1626529031583943	0.681614219538566	0.39479967946153977	0.39614515772289627	0.1795603258302927	0.07671962266113994	0.06541796573636506	0.004783897450035488
1.5261596275452998	1.1703565298915608	1.160797700912212	0.6789773490654581	0.39226508981495956	0.3933631706578002	0.17119447503520788	0.06389136221575348	0.07960871584468958	0.030023161050155234
1.5251108161083249	1.161047199555709	1.153463915405335	0.6642045305034144	0.3873407026336999	0.3876293561699705	0.1762234656698723	0.09305203738644856	0.07075457385759436	0.02737686028755393
1.5237577589128941	1.1539459530286398	1.160784429053679	0.6664839774026904	0.38781788767336006	0.3927723464807289	0.17363872920877949	0.0770276724780325	0.06486430055641487	0.014274827961160592
1.5186917136129081	1.1562986278034098	1.1559549941827507	0.6597599649181694	0.370491208063456	0.37919238554073786	0.15019404622471116	0.05216469429579508	0.059305570870947594	0.005300240447754517
1.522288177241771	1.1633613043151334	1.1584369251578484	0.6771517662986916	0.392316319071215	0.3932354787528274	0.17494208634427633	0.089336127425976	0.06882356747075973	0.014926095791636606
1.529156966071294	1.162493611524744	1.1682936211006945	0.6721496151685876	0.3973376513645912	0.3900731827457956	0.18596837948450187	0.07645250025930236	0.08816101068682294	0.026918001900126484
1.5304251327097198	1.1712720138901018	1.1687986268284658	0.6833935354272603	0.4003149182571165	0.39020799342417295	0.1854147997567218	0.0896142375372184	0.09128103239799597	0.02236431305609067
1.530838044034037	1.1784519370360218	1.1755945624526696	0.705395480609154	0.42082402402750113	0.41625945056965175	0.19661540226815918	0.09540887249450189	0.08367867585045044	0.046945500368666765
1.5339616649905956	1.1752410069699515	1.1752044277041307	0.6909217783161575	0.40828489341903296	0.41876586660024046	0.20024353638389886	0.10071929292189982	0.0978526057019141	0.04459021194210507
1.5269913115009686	1.1681364345189325	1.164964111083565	0.6827887496492664	0.3922647759794203	0.3932084999645086	0.17573316333007302	0.08120803261319745	0.07426576036836074	0.022077295658818025
1.527972487377149	1.1758774471630666	1.1718170632584406	0.6996175736907434	0.41600635790006607	0.40972848362817554	0.1849096061436721	0.08412983496044742	0.09305638624953626	0.027163172391527966
1.5291049103574343	1.1694549049522678	1.1765984088692287	0.6913004781957945	0.4186840753352947	0.40657714221936964	0.19737642421244725	0.10090837559666557	0.10275669399465749	0.038254265710768176
1.5304150881349816	1.1734321255996065	1.1776877583376926	0.6906592029489582	0.41209722418870876	0.40982589010774684	0.19077834332905153	0.09162852557223092	0.06878348153063336	0.027593897452263982
1.5309033001579013	1.1788292651601566	1.1712335350424965	0.6871239743598441	0.3920681475687544	0.38943786825967674	0.1775902000454459	0.07990291572115191	0.05755280766220997	0.02783776640733921
1.5281424681664446	1.1737901068807204	1.1774263447851816	0.6952936353781892	0.3971734076127303	0.41291862053642037	0.17899662712376505	0.06804780544479515	0.09057216248643672	0.03711807114143798
1.526615407223785	1.1646760017423	1.1716521632168932	0.6759296652570639	0.3772200851515645	0.39512300343365214	0.15954547815605974	0.06977398262683751	0.05334690855591544	0.011121280974867396
1.5272268576968626	1.1671185687568046	1.1702365455238166	0.6877418999294684	0.39848196449400874	0.40729611439365004	0.18104240226392154	0.0676949240644788	0.07260192009044333	-0.0108676601566946
1.5280368770253543	1.1681810976487554	1.17518509948229	0.6911976458341377	0.39959401996214405	0.403011535569101	0.17533431644821607	0.07668226809380517	0.076558303959865	-0.003600331269472367
1.5302578958467892	1.1726164494044427	1.1647803113566075	0.681081659659396	0.40474388138752215	0.39695019148531696	0.1867704759904537	0.08188946381947464	0.08734804959114952	0.037403776287603455
1.5286588624936326	1.1740296695677939	1.177330015635809	0.6905363236018529	0.4043456994248837	0.4023054984428324	0.17539128184520214	0.08276173088027577	0.07601552892449183	0.009552436199466151
1.525034377241148	1.1670292987023096	1.166651389900179	0.6809556012574401	0.40560727821892656	0.3934243771166391	0.1787824704773917	0.06601431645074449	0.07588270997179077	0.0017410577092112757
1.5220236663658187	1.1612924513884075	1.1538926385156998	0.6713001839632893	0.39123695443766615	0.37982673899883634	0.17725913142661037	0.0853888632358677	0.08277284657818203	0.04464414923691272
1.5250226190026712	1.162966545169692	1.1702115919882128	0.6905064503641543	0.4130286808949603	0.40777636671943385	0.18402973124443125	0.0866217377205103	0.09463608970211299	0.03829274151745806
1.5259764129235391	1.1661070214618716	1.1595585460166329	0.6641811893144545	0.3891828503833093	0.3862060229668727	0.17371899108849112	0.07509300248562188	0.06770842986185617	0.0022659683778656612
1.5243493773395367	1.1614612247530491	1.165582087391665	0.6837984814106136	0.4068230567044158	0.3891895556309545	0.1664980975824865	0.06961587022790675	0.07014568605089279	0.019179564185404716
1.5268244542698943	1.156881723756193	1.163776078175382	0.6807068002465932	0.4056468304224845	0.4086388138861454	0.17918025825395	0.06563065711147292	0.09505365658474084	0.030986070989719505
1.5263303598022275	1.1736901231624652	1.1608183609466052	0.6823791285880682	0.4102792990318835	0.39697612937936805	0.1820862071546447	0.0793399831493973	0.09162588452618439	0.03273491825006244
1.5241117928953143	1.1621779007427733	1.1665907265201474	0.6731388297188818	0.3818965109007844	0.3869413711678311	0.16035602418708644	0.0572467868269498	0.07166825516193565	0.007149986127027182
1.5243335910504048	1.1589042074913307	1.1565181167421512	0.6607102277098517	0.3688083892088245	0.3794237882046073	0.15971266193987899	0.07010970049958322	0.06847578152715306	0.030676249230945387
1.5306335337871022	1.1714003464672111	1.1640936786271872	0.6735319717268154	0.38667668653581955	0.40001760937683256	0.1705781684250569	0.07722368164815159	0.0857033274852586	0.04109332301137022
1.5248082033268915	1.1690777111579562	1.1604153075220511	0.6759985565548815	0.4090661672554935	0.3950794988356862	0.19369119373391228	0.10698217031972382	0.09264579204875817	0.034195118763342275
1.5201722668474917	1.1597689657286463	1.1504210555315513	0.6722185090751673	0.38992122605717244	0.38567139948326523	0.16278415272862665	0.06149503721575495	0.0637231188944496	0.00751971070843691
1.524101401798256	1.160646301946599	1.1512930344437455	0.6583903292521223	0.37240415847546404	0.38617122840158324	0.1671289738753488	0.07182580142254966	0.0666845263748427	0.026907380908717957
1.5206555134241635	1.1465387589076326	1.1503580781676748	0.6474731465179625	0.36463010705523746	0.3772572811651598	0.15624982234545604	0.0726201771337328	0.06621923187392724	0.03453134886244807
1.5199730740575983	1.150366335439686	1.159978729858313	0.6546296883024891	0.37077595388386503	0.3614058395221262	0.1436381637938796	0.04565193302780743	0.06022411657924017	0.01557241084563264
1.521221942760589	1.1583141597123552	1.1568784573162583	0.6790574538659588	0.39576529161240426	0.38905792526161853	0.17499644486478738	0.06391069858947485	0.07178518280172033	0.021175950396225544
1.5201193574820238	1.1539140938181411	1.1584376100853673	0.6668557619596486	0.3855049997796138	0.3824474848797281	0.16034298978616862	0.0702562746966919	0.06031773583022377	0.02822212805414987
1.514761458831218	1.1509778929272576	1.145829553874269	0.6546180349543405	0.3975572676357342	0.36472416986501405	0.16275296437195733	0.07082067503740774	0.08100703152266686	0.022415059114090433
1.5168881174715492	1.1525563390893232	1.1480214223171963	0.6641505790456116	0.3869315725176736	0.37250739451347603	0.14712744701250458	0.04924378841998124	0.05326574915918256	0.013798553472722942
1.5262335545185475	1.179366710189913	1.1651140295497642	0.6922213864624281	0.43346923862487335	0.4139792602237978	0.20822382166147457	0.10553257687359212	0.11804457604763721	0.06830466907788847
1.5281992062468077	1.1714866118632743	1.1643003671641208	0.6819147664462919	0.39617357905767747	0.4041482952121117	0.18888600128624616	0.08288789619814249	0.07036102729516878	0.03450839937014908
1.5252101620563951	1.1666880900093684	1.161522755660841	0.67381789018112	0.37754533806807	0.39115390864791216	0.166274830041411	0.07454609720773493	0.06995247510457767	0.010892969805376188
1.5244366928998803	1.1702578532798291	1.1576028127544489	0.691183221663683	0.40346773449233464	0.4134607146982845	0.18930726472901746	0.07049888868788942	0.09086527856198011	0.016971924640519807
1.5261155605509447	1.1726299611021629	1.165182395394025	0.6974189282297846	0.42589965171604277	0.4211598134333381	0.21459337792447852	0.10632749165102127	0.10772627678146905	0.04132376003574478
1.5294579092598102	1.1630617002362957	1.167389982935264	0.6874561772567248	0.3974652312305016	0.4081023527410679	0.17815692376410505	0.07586800802809211	0.0689073373495005	0.029176094683448752
1.5318784973793675	1.1651307004249862	1.1711609198520618	0.6689721773057813	0.38692202719974716	0.392194963037529	0.16929549424603288	0.07997158390963123	0.070600125853719	0.019461531075880698
1.5321184081232155	1.1724372617480698	1.1769004029419088	0.6890877405043712	0.407553825877063	0.393475090621654	0.15533956463039525	0.0749242594253433	0.05357501178141486	0.021501459779729764
1.532397349003069	1.1689891881309142	1.1685187050679322	0.6782759543680837	0.39259369331441807	0.3942955585059381	0.1726244658906566	0.08772059954131249	0.07702763204931047	0.02310831230857758
1.5347556629310213	1.1746610658195813	1.1805107957938654	0.6786930431738029	0.3844708844530105	0.39038293607092556	0.16042328446062218	0.08375884823396278	0.07812457372558147	0.04058523923412664
1.5281976536012916	1.1592858997979887	1.1742515999240195	0.670046734820861	0.372787142569545	0.37076929324021823	0.14842798189090223	0.060009388732483265	0.05872109031416464	0.013550255580271038
1.524650554845337	1.1676158075953291	1.1606266214757843	0.6814115991050664	0.3996369887047032	0.39167081225251266	0.18465277776374095	0.08642418011927797	0.08258103979326949	0.025838455861628543
1.5187109288504956	1.1470324528865339	1.1509042937115612	0.6548899183565944	0.3589312440529361	0.3747314631444271	0.14583185335435014	0.03965910137342617	0.06216546828626533	0.025546230815605954
1.5198405124709504	1.1615529181860786	1.156576823198878	0.6752564459258957	0.38655332511569473	0.3883826815216238	0.16220192898784988	0.07522991503489301	0.06980817904846855	0.011230184382783316
1.5266001249788639	1.1650233184524066	1.1603604533157128	0.6805882505515658	0.40211962328849205	0.3958185214133152	0.17636759401503735	0.06432791022685037	0.08892710837453141	0.01636107395215448
1.526301557717651	1.1539379071547147	1.1603245711153392	0.6596655125043781	0.3903233701623375	0.36806175710746886	0.16357725099451337	0.07007567326761836	0.05931656715198525	0.010327628661668808
1.527103996703061	1.1700065337843435	1.1679896839612427	0.6839441001232927	0.39266587030907174	0.3972451297787194	0.1718350874783184	0.08441792946455415	0.07705197525996084	0.030879722606938092
1.5294131651872074	1.163449001321975	1.1643052332021968	0.6749360563545381	0.3923030555244178	0.4057730708714634	0.18250516834647643	0.08338847419981733	0.06560053414532327	0.02398524178307318
1.5312264318970996	1.176379992139979	1.172673947922548	0.6876246995095374	0.39769482954680574	0.4081459444130518	0.1889760228137746	0.08297323376866346	0.10401195463573476	0.05065379383504569
1.525257188675413	1.1650289899712931	1.1711181648768272	0.6845847645249746	0.39664964931440294	0.4089330307261337	0.17548879508682427	0.0754405743035328	0.0934268353019079	0.02968068262495536
1.5299828562721245	1.1683790661178284	1.168413576066121	0.6845741908498062	0.3971295265845842	0.39741752661752044	0.16584452259765836	0.0727379174959716	0.08935010484399858	0.025752307718515586
1.521191391060733	1.1593505423317072	1.1544663101334431	0.6660569049958325	0.38992226143367154	0.39311139123968175	0.18083307800749676	0.0814198277673635	0.0866480972034288	0.01773216253011508
1.5224442498452677	1.158933343861086	1.153769818999129	0.6620519526281516	0.37333929495647233	0.37149077556841253	0.16763649733961325	0.08590552932970454	0.07794107048858352	0.01820405263454586
1.5210234874966553	1.150530877486957	1.1628069094136453	0.6715291044030594	0.3741311048418688	0.38370563188972096	0.15638962883074325	0.0646831750824283	0.06113779623839596	0.01681216482589617
1.5260617973971442	1.169519943711444	1.1712707793537551	0.7009205127560466	0.41662299381871093	0.4193201616479834	0.19083565353667087	0.07624333953448978	0.10563892300645761	0.03103575108695339
1.5306454110773098	1.172251574271794	1.173191995857488	0.6996930080972206	0.4153738898715702	0.41315522842519514	0.18738065455556846	0.09357853239290133	0.08126692862906805	0.04548590089901818
1.5278655714465676	1.1646507873252052	1.1721056766736337	0.6832464024443777	0.39096667092064585	0.4110808652514346	0.17914128724663106	0.07573202587790567	0.07481484344538039	0.023732055827376086
1.525130037199726	1.1638341355133461	1.1736919132065569	0.6962499422949551	0.4187004720499763	0.4127751004798373	0.19090653762071297	0.06916111160507565	0.08607442464102508	0.017254083755944224
1.5284765886588763	1.1677994359797137	1.1702522048980049	0.691146683005782	0.40481461484669523	0.4113373273125588	0.17677245121345964	0.05765778101192769	0.09281231793534285	0.026133704496801007
1.5325452039064151	1.1761086400478673	1.173096666364596	0.6810411447403076	0.3978408309459902	0.3905261883565079	0.17933064110816732	0.0852583015749788	0.0804311024423844	0.02104685741213132
1.531151068358867	1.1764272513992735	1.1746245193122768	0.6894279795747494	0.4018813953983423	0.412430848304411	0.18882153075350058	0.0839529767811481	0.0885981719912301	0.036782742196442855
1.5310700948672629	1.1682474128125326	1.1642316042439151	0.6817672171377578	0.39346055491862564	0.3973672638556096	0.1784109168037621	0.08048217973930773	0.08398103468745409	0.01155469567748255
1.5259303656157261	1.1676908873474545	1.1652386757063482	0.6801111926017647	0.3917882594625916	0.3974094905231071	0.1852134390760415	0.08193579015695386	0.08298863512351858	0.033464482728914995
1.5259228354846246	1.1696560014110757	1.1547973033860395	0.6715305061831527	0.38539939960396974	0.3990306027618252	0.17567952106767531	0.08972133844457089	0.06415814928901498	0.023479933047715795
1.5237800209062147	1.1607379208041655	1.1647043867301683	0.6573979665949115	0.36727323474455337	0.37325208346593214	0.13945419927525773	0.055089168041632525	0.05021818395213395	0.002021858594164765
1.5231443446731285	1.1527036469234533	1.1688678152876026	0.6793972460516697	0.3964782415077354	0.40184165900050467	0.1743192159481737	0.07452966401322005	0.07569217628515819	0.03264106905254286
1.526548176715535	1.1712227388864267	1.160944862894758	0.6824119092764769	0.40691824088549555	0.38733994294183455	0.1780107267344883	0.08876382435197076	0.09195925990932084	0.046244635623898966
1.5286328938934826	1.1706570728637746	1.171039011747431	0.6955508575495449	0.40758105713955456	0.4104082407942571	0.18701209301938254	0.07549695994901712	0.06982284107521168	0.009202136453647413
1.5277399443195259	1.1679491692550121	1.1674505358208185	0.6921551645360786	0.4147507763897738	0.4074639090555634	0.18987014111996797	0.0867752561318526	0.08652013352561855	0.035725435046718684
1.5268459956636273	1.16782707233103	1.1659442536359745	0.6732014816215496	0.4004588827105488	0.4019023641856056	0.18342350428015167	0.09513457645511827	0.08855757297806895	0.03873336485230007
1.5283309181920512	1.164008650427164	1.1713700130846394	0.6815711977960149	0.40550911890578656	0.3762401227158587	0.15774633613446387	0.06665194104702496	0.05297139426617725	0.01033674365824219
1.5221123091618802	1.163143480689397	1.1647006847674901	0.6778309095507129	0.3804109424677977	0.38823096911477606	0.1752077795124702	0.06658341028698543	0.0817168768481869	0.0330019824413108
1.5236552395840526	1.1587926933902526	1.1577663299944014	0.6769027595329518	0.39149663242901667	0.41005947979993884	0.1975051311992144	0.09799857678021338	0.07895347432897802	0.02172497716700702
1.5207225051973445	1.1580430710508547	1.1567781650006665	0.6676743902336187	0.3861554739316502	0.3931668895889261	0.18123490596972378	0.07378288480642722	0.08414015250368788	0.034313123084229166
1.5237461716051652	1.1538164571757434	1.1548863152907272	0.6594318354100918	0.3840433061552439	0.3788690566502374	0.17333320937684965	0.08814362272639868	0.0717830758254559	0.01563758345526013
1.5206347665880442	1.1547813146132664	1.1537963077058342	0.6720759915321367	0.39586585243045025	0.3941932356124857	0.17081788793921795	0.06472728026815927	0.09483807832303777	0.028610197577900523
1.5204813371268588	1.155485233748388	1.1640660418428486	0.6748021493155798	0.40213033025479183	0.4101583836653463	0.19825180173972803	0.09173110796354034	0.10262832652437108	0.05311591223436677
1.5257514854778675	1.1636239181564385	1.1651619894998222	0.6763023521851504	0.38741637074452917	0.39751297067950603	0.18010834819789417	0.06923479402181852	0.07112678484060297	0.006665602103758595
1.5230246696479044	1.156053581759214	1.1623581724902476	0.680781416670199	0.3981162753467615	0.3919607584922736	0.16204092623764835	0.0785204717513073	0.07345908787139366	0.028570793550453017
1.5255045858578544	1.1637991736309	1.1581288624880224	0.6691064195468175	0.38405312805254765	0.37341885952367104	0.15534557356495654	0.0649844032820937	0.0567681623187672	0.01589813885504068
1.526455766469244	1.1644706120292656	1.1649368030560348	0.6728319319510694	0.386510438264039	0.39380235906701666	0.1681222521400952	0.06050702410777705	0.07236164191703247	0.02130093769920187
1.5226907411002235	1.161104057551795	1.160740617254264	0.675458330901617	0.38953109539708675	0.393324337668486	0.17844188074530562	0.07995050526931627	0.08929608729648494	0.03843449309842237
1.520901353247911	1.1550011940718494	1.1672875292216978	0.6778482122233095	0.3988045214399998	0.3931022288003	0.1774404994134738	0.0863995918855584	0.0829410128462641	0.027855031105805377
1.5262375073104242	1.1608945059188476	1.1658675950675803	0.6657837492314936	0.37177316866618093	0.383349896870548	0.1562505168566576	0.06169066794591628	0.0537269441528567	0.0035281326056923724
1.5281525085543792	1.1633947842120074	1.1672329834265536	0.6770927775024698	0.3967671297308219	0.39943669987783914	0.18501345464696983	0.0950565908207055	0.08087664549881096	0.0241048814394611
1.527313699105025	1.1665777424070665	1.1674478502948085	0.6825870953424621	0.38528804715221643	0.4030608240195739	0.1724041837346667	0.09573225299976536	0.08224796997298221	0.026652983240307893
1.524941535413512	1.1589820882249144	1.1616485512704204	0.6644384141402537	0.3797704795365604	0.3777721595492596	0.173028207557788	0.08330795659005255	0.08609066002946619	0.04623990558971806
1.527687510578922	1.1628377093125886	1.1713512535354373	0.6872280571715756	0.4060703023866518	0.40383940253869227	0.19095276881715642	0.07643917354897287	0.08888759958021811	0.019968302377393513
1.5274482474337039	1.1642481051447855	1.1656180703747923	0.6837542035607908	0.40649643342467057	0.3959806280278308	0.18185509934821953	0.072462902977137	0.06607085421182303	0.026851175144718097
1.528170555274252	1.1631507116651258	1.1686298281703067	0.6689298019988635	0.38157688991076827	0.3778582408072094	0.15796220464724292	0.05983048180863318	0.07202307892622278	0.027878064922250527
1.529246736951696	1.1732526796759422	1.170502140802611	0.6956524915814405	0.4095237362848415	0.41351610283552137	0.1860638980187506	0.08389076679200073	0.08338515599579138	0.012751549615308133
1.5274163674617067	1.159536791193394	1.164075022879175	0.6615160851226373	0.38749196575986133	0.39417736563059846	0.18883350445821911	0.08827407363931189	0.08018316721930335	0.03007023061892802
1.528590551108148	1.168445614654261	1.1743621139701261	0.6968616282562871	0.4032469554788063	0.4257804202776135	0.21384875958683575	0.10279176419327496	0.11613208448500255	0.0563519348179066
1.5305816050371224	1.1727045771718076	1.1718859583399241	0.6883805297989131	0.41183827539510814	0.4134571927564902	0.19933176381960271	0.10122064206338484	0.08646048385470012	0.042690521988306473
1.5268169681066315	1.1616314510902326	1.1698208347307784	0.6840709106051932	0.39314110736813085	0.40766272203142656	0.19577345188088327	0.09134895848438322	0.08837458441453178	0.023779518573391868
1.5242241301016688	1.161622143933366	1.164355654570961	0.6885044328364287	0.4178006209259453	0.3963156154861819	0.18156713550991904	0.07927873250622589	0.09174495401978927	0.028487152911553754
1.5282966171639634	1.1696116810422432	1.1756502546478522	0.6923498782108268	0.40441663451086024	0.3833690233131681	0.1731259064725178	0.0865669080589414	0.08174752172200724	0.03721397242833657
1.5314448017389133	1.176104162135379	1.1718738756156342	0.7040218277497825	0.419603354510691	0.4218676725499259	0.2069290876544401	0.10784080824139726	0.10244219042763189	0.03645571921901189
1.5359211741640868	1.1827606571233729	1.1852553103124057	0.7058532780983655	0.43184500900347544	0.41908290407287674	0.19685955278806963	0.0888652040639535	0.08697063862747743	0.026699074669525456
1.5354058306995275	1.1782965319212613	1.1830913629087645	0.6999991662894721	0.41157258524931906	0.4127509400197881	0.1812022368431077	0.09808041390924976	0.08040404316561217	0.03833950543860211
1.5343759941408777	1.178025854083967	1.1765325543945877	0.7005512978032483	0.41499326608424386	0.42533340494013033	0.20805181421168706	0.11575990382811899	0.11487475542790376	0.061968952551505224
1.5356762937559258	1.1841769699220346	1.1809107572942468	0.7107792382027149	0.4286703448134038	0.40615522237143964	0.19183449492499297	0.08294605531527569	0.08572888004302823	0.040222368709126224
1.5319817284612365	1.1745647917375734	1.1726547646401437	0.6921266716271282	0.3975390048612161	0.40517034581072375	0.1549937722048872	0.045692282202624564	0.0647726258023512	0.005108973432875061
1.52791744168072	1.1657472831353815	1.163150383206622	0.6755407533815158	0.4072246752006831	0.4003800863794177	0.19477926422845895	0.10195323522906986	0.08436015929529814	0.01983695969999736
1.522017659105141	1.1653951527666433	1.1569167661094022	0.6766256128278442	0.3955319802938455	0.4045065162603383	0.18477752004974904	0.07806007498943773	0.08167023605402793	0.021310027246658522
1.525874392230339	1.1689855546398096	1.1585406687170838	0.6713165694631396	0.3987677623899738	0.3841132014159118	0.17174538903643924	0.07684531622626972	0.07316093670724433	0.030162508588860618
1.5194322502879507	1.1455879467365175	1.148177317612707	0.6471901613552888	0.3606440906094218	0.3635085050230609	0.14703069570961022	0.05403618885882428	0.05490400427552945	0.027242398674556394
1.5256866215488318	1.1645216872907531	1.1624243329693447	0.6763959954453124	0.40969461121653616	0.3968991768213153	0.18400000248825896	0.07337731574148355	0.07568082340373378	0.008125192664848837
1.5228637450413665	1.1670505343678197	1.1566344772609125	0.6752658865201302	0.40763338813827904	0.39846074848115837	0.18340564169736898	0.09702833195459612	0.08839959037067606	0.03839689204855068
1.5263720458791552	1.1636074665162992	1.164501991853737	0.6839572860254594	0.3950066140922374	0.40046006587547667	0.18362966534026817	0.08517838449739339	0.08647373980011186	0.0450158501610636
1.5288660975628825	1.1756818176634407	1.1726799736917801	0.7008361979211917	0.4269522822118797	0.41080529818742006	0.19283784101210052	0.09284757668543629	0.09153010537389367	0.04870838712405203
1.5302125565597557	1.1720882222270783	1.1685353855450364	0.6841898858030669	0.4028156281188596	0.39435356368479746	0.17762508962065154	0.08726646570234067	0.0580038432581651	0.014153825095043284
1.5275297694273866	1.1642385767627084	1.1604820839558256	0.6728371641847952	0.40351862149023743	0.3840174785355032	0.18427980521186138	0.09489932910024082	0.07801793642837104	0.02478881380571932
1.5273595968381175	1.1591072820154442	1.1694296075179442	0.6751170071174973	0.3757578580776937	0.38819991941020326	0.14935561367177788	0.06964273579448019	0.06724821751083028	0.012002177390563185
1.5288921025795625	1.169030201363533	1.172346379542271	0.6851792354544184	0.39558522828031245	0.3854463142805187	0.18511019343462365	0.07828929711879039	0.07353063179102198	0.020325570782150647
1.5272276157359619	1.1644561049208666	1.173023680063388	0.6811953792046087	0.3907475281662642	0.3992898538127043	0.17500609814637802	0.07009039081472229	0.06614022085160173	0.03006773695369178
1.5259436099283477	1.1608392114917025	1.1736401729926162	0.6860133895840484	0.399640855020538	0.4042134850048521	0.1772787835418748	0.07819910615699538	0.09292341798802216	0.03875604693262867
1.5281207276002036	1.1725593953609552	1.1660877254545317	0.6930236736924509	0.41527914788969156	0.4074240558460491	0.1819487365266408	0.08332739244443027	0.08809230429581244	0.025224905483141512
1.5313776256352416	1.1750112327897557	1.1747065778783907	0.6853927696409244	0.3967794677083551	0.4083003136077487	0.1863881705823966	0.08245183607978236	0.08816992499480368	0.03990212240646909
1.5306983253911453	1.171131086867657	1.1713609529595768	0.6795427420636515	0.38383470472523434	0.3916105668827361	0.16296178958976354	0.062222878622318754	0.05262498825789257	0.0003728591767161603
1.5254802596692174	1.1644004692430672	1.169309690939092	0.6688891081000007	0.3899824751164834	0.3812218783685629	0.16694780326824996	0.07274965490701263	0.06269121515496903	0.014591467805579973
1.5284490473114696	1.1601080792204495	1.1704369010983886	0.6723707965362329	0.39658046924537094	0.3975967139014134	0.18635033645463134	0.0890328530123192	0.10042682534587388	0.04483913161089244
1.5284910792417927	1.1578624643560984	1.1615126600544423	0.6597135452109859	0.36457974997749826	0.3720618514446605	0.14352569455151823	0.06466054836768256	0.04971411979168172	0.01914803128992333
1.5276947369623075	1.1688431355839721	1.1682921346176898	0.6847154879035493	0.4088600838405924	0.39086876948803734	0.18671993439537665	0.09570978723069162	0.08368438617688789	0.027597099442469644
1.5301900087750249	1.1675394269397938	1.1702856895234688	0.6811208963497946	0.41120878540390315	0.3923972644708092	0.18314231724962957	0.08118647658514495	0.07868008079936416	0.0041843461748712575
1.5267508389977649	1.1706206847370848	1.1555359010725121	0.6723517432232361	0.39111166186927626	0.3977679621836837	0.18694069814235878	0.07512716521871483	0.10148919425640868	0.039529798134040256
1.5297414251727988	1.1693754243074639	1.1699301002994626	0.6754602139811554	0.3852167399892941	0.37906009175058486	0.16185941139112403	0.07130004230229911	0.07949243606841011	0.03461271925225914
1.5244664411437314	1.1546211032266562	1.1570149925324738	0.662917325969355	0.3922610630666312	0.3974689235358503	0.1861120787325752	0.07843837625699904	0.07547922927863679	0.00642611716465974
1.5201045335366654	1.1503158922349606	1.1549883452466265	0.6572276803178826	0.3644490385154928	0.38631237490327686	0.1665763250062845	0.06549326618861469	0.07274253237011524	0.012794960825335213
1.525005328645026	1.1514234516662119	1.1665199107661144	0.6545854030484044	0.3582342364338734	0.371296382846112	0.1530207127357273	0.0668158428087794	0.058552814538030865	0.020904183525445593
1.527231902793849	1.157876218750055	1.168507554712969	0.6762486814489646	0.39087099210143283	0.3789291059004692	0.15856269514983098	0.07924895015000233	0.07491806709418826	0.044939183637384424
1.5267764770727206	1.1666811642116188	1.1658866063937694	0.6882379820909279	0.4146489039187219	0.4227396676679219	0.1998526496900316	0.09879626406436683	0.09172998624534151	0.030319156366458124
1.5325345643984984	1.1770128056610938	1.1690096901962355	0.6837706029457414	0.40378901597323086	0.3907093442212129	0.17545903746538727	0.07447190796775106	0.0645392579005432	0.010900592734208417
1.5316541150414218	1.167526188871069	1.1674376552408239	0.6780315104447331	0.39614934066375507	0.3978762728291179	0.1731957197326076	0.0749574551579064	0.06680097530423872	0.016099587199441354
1.5301912153268118	1.1645663320054451	1.165669388364685	0.6740894091512768	0.38950198949499715	0.3972319329348426	0.17070447996895888	0.07302162583222242	0.0756863645780046	0.029666405285477124
1.5318224612141522	1.1768925314549956	1.1760797651876156	0.6909444430144516	0.39926668473509647	0.4004944441234186	0.17528331626322796	0.06457623356799017	0.08050300847784109	0.01110510801181047
1.5279061004560566	1.1584685587094476	1.169896806640484	0.6769702564063318	0.3865236112495613	0.39173410986814383	0.1673256572946149	0.07090362715272831	0.09531895521525725	0.02000896069675183
1.5245750563495069	1.157946746405275	1.162613226108749	0.6706231155614738	0.38862296640280675	0.3658894805192201	0.16233298606238666	0.07006483574960064	0.07822335985053133	0.027847260070316533
1.5250039668703117	1.1559762756581615	1.1550453010862727	0.6475003287003581	0.35337529566821657	0.3630188681487596	0.14370222275246247	0.0628269789125156	0.037840051845369066	0.019237034517643293
1.527759777179862	1.169443149297553	1.1730344859276767	0.6869348874659825	0.39230988049247795	0.4027966390655658	0.17628999512353744	0.07995224988406036	0.07954129097498969	0.02033399130369778
1.5234065898819804	1.1589432773550632	1.152453298098363	0.6580285293994197	0.38876363930484725	0.3746597213462743	0.1506621410078364	0.04983556687606443	0.06717502776394152	0.006362295187281502
1.5275229490799518	1.1692534003060686	1.1652110279313237	0.6866399387807629	0.40479633707083706	0.4120436324155311	0.17581671599069634	0.06955245056572466	0.07189148000101389	0.012776530738641453
1.5253869358024823	1.1699523605524647	1.1660212433912793	0.6835832626497538	0.3996675592897907	0.4014806142688125	0.1826853331001551	0.08038253920072763	0.0793729746495675	0.030623017641423403
1.5276338164746501	1.1699276141777706	1.1691560812324353	0.6880081467058408	0.41347065946719336	0.4073056646590297	0.19705214444682273	0.09677075671782062	0.10975164443906958	0.05325610862286056
1.5305712338261541	1.173257898629149	1.167463882835471	0.6793742598630481	0.3913960790150182	0.39969031492974366	0.176458984698294	0.08773649423270845	0.07786729533295854	0.03442376457272473
1.5268096961497457	1.1540305198676082	1.1628672645996365	0.6621210882283471	0.3774748308578496	0.3772655332025974	0.15061211967403124	0.04673553377337693	0.07991178249165226	0.012261231794298505
1.5242728456612151	1.1578661668657115	1.1563804937849187	0.6600513746205794	0.37471772851468715	0.37141376187984865	0.15603327803742773	0.07280514170149893	0.07010962405748347	0.03281711066532065
1.528687247636245	1.1675224364007588	1.1729633610203338	0.6921868066767338	0.42671657748207464	0.4281149663623792	0.21813402658162093	0.12657474790226736	0.11175171502192154	0.06870349341008618
1.5275823253433687	1.1671603462277464	1.1595315004153333	0.6697643457249014	0.38336221236427015	0.3826826509747906	0.16491818769256744	0.06924123247716782	0.06521182146044013	0.027269391938473532
1.52285023836179	1.1635349533502695	1.1594612298447553	0.6737600252944244	0.37608842084836985	0.39845192239196936	0.1725165249391084	0.06313661405517723	0.09041470985407357	0.02302369996775511
1.5224355041094997	1.1626050308185918	1.1615022994052648	0.6648616963287194	0.37116310081164466	0.37373175205677955	0.15032695541915833	0.05968757083536421	0.052093652861377	0.010972831171986629
1.5161833453303564	1.1540714495414757	1.1462818097767804	0.6658063648881101	0.381823684602879	0.3881187837451875	0.18675328712125489	0.07489335869618988	0.10714656609355688	0.040582145334404046
1.522388051271243	1.1607010999053746	1.1585024715938437	0.6728714854194613	0.3822262951089357	0.40117407930494353	0.17438559120111863	0.08730551884548893	0.06752832535002103	0.026179777485318762
1.5261312482856484	1.1610330242009814	1.1633535495896359	0.6787153392036294	0.40173559790547375	0.39233404158940627	0.17805290129068466	0.07830519570792627	0.07945983232107001	0.02797145819595835
1.524902014704466	1.1634965966877167	1.158282090133279	0.6652869503698216	0.3812796862593021	0.3803398008812909	0.16120462489511556	0.07133609902311777	0.08137216646851698	0.027856785105260906
1.5187656523295605	1.1595059495245637	1.149134161511864	0.6644901453012414	0.379342323095777	0.3906966343074145	0.16774088284948802	0.07354719703376648	0.08430288183991305	0.053866283728800084
1.5242484048245013	1.1525875171444526	1.152856061859512	0.6535791199910003	0.37786463008577353	0.37553759852832946	0.16575574779327132	0.06581134460802257	0.06672091889031151	0.02268640579649323
1.5280435712395573	1.1764565143469536	1.1697115154085402	0.6996066508109751	0.4243250180093543	0.410630056751722	0.19038272175513204	0.08025272288922802	0.08107506663208086	0.020682173032751307
1.5293838067346297	1.1720865818565929	1.1734098766671035	0.6968879042208166	0.41797360032364367	0.4115378943789973	0.19146069010111344	0.08287554581711888	0.09702056885534042	0.039603636763670874
1.5290137989547192	1.170724467542102	1.1680810097613552	0.6927169883000893	0.399155441668895	0.3890424089178871	0.18529923616242364	0.08543002732582629	0.07490129395176066	0.023025495318911713
1.5325401819417275	1.173106734933585	1.1764171532809027	0.6918635504591122	0.41792367255755647	0.4085794947289573	0.18523850557430158	0.09073123622907255	0.08535751821986892	0.03554138154291501
1.5300795971625902	1.1756849242971	1.173086941404672	0.6960776461467951	0.4283582786425169	0.4079536160752363	0.202083946491076	0.10435766507137671	0.10777963287484	0.04744397111167072
1.53112442439732	1.1675514690907565	1.1765155938754763	0.6873719646497682	0.4038840053402397	0.412868074484817	0.1915758988323532	0.09162579072022908	0.08541972458318578	0.03569074411409051
1.530018419461137	1.176998815216991	1.174184889538657	0.7036689339143591	0.4145777563075677	0.4040938134524484	0.17282594432926565	0.07040768047746473	0.07375751362540386	0.028309404405645763
1.5346488073675464	1.1717829561972701	1.172913291485606	0.6753125812163848	0.39546461438138225	0.4009543604788975	0.1940463024041009	0.10800376755274826	0.09770091951907173	0.05698356056789996
1.532981827775225	1.1710893342489603	1.1726351540551203	0.6881350454369078	0.3867218385464045	0.4008196514647517	0.15910109833746644	0.07175209284460475	0.060829908485305645	0.01880100508914146
1.5310598517357077	1.1684584998640193	1.1644993509637063	0.6739342898515667	0.3841792231533282	0.37843489403840835	0.1556678412440882	0.06485197030290896	0.05713303758131648	0.031070939784593285
1.5314747196790024	1.1717929274009384	1.1654429480704165	0.6802832192977869	0.39906869182924193	0.41010761429429793	0.199214903568638	0.08700819409772348	0.09113008799275825	0.03549946860756097
1.5292745158016676	1.1740659524062	1.1653118740242563	0.6928735609384966	0.40993488434976566	0.39925093195525435	0.17130808063351227	0.06915342343311577	0.07740688522659851	0.028805132854069198
1.5252746498052436	1.1736142450000304	1.1652821592465552	0.6906213724275855	0.41889468862122314	0.40966491987523185	0.19586006827965247	0.08619809603535145	0.07648183396588043	0.017592410529167882
1.533415729888204	1.1844659657862109	1.1689075801074595	0.6939889395429297	0.40433675063900637	0.4042141392681107	0.18717803824420903	0.08195948378620121	0.08935846030897995	0.02954065716483039
1.527114490460502	1.1715430627723409	1.1573125175055214	0.6820151322353917	0.4014678594645691	0.3926293695820708	0.16451560883386096	0.0759917359216053	0.07416814695091128	0.023238770055388432
1.529678115257056	1.16868046163085	1.1802752987247078	0.6929216560647607	0.409802392008098	0.39929843936213294	0.16854170826752374	0.07781711861671	0.07892750051000642	0.028191359062399446
1.5249953448794427	1.1637166627163131	1.1670367097517826	0.6816281003224565	0.40160648844756897	0.3913345536736389	0.1831972442119567	0.09588412866819523	0.08717345754352973	0.046628929205027196
1.5302434119864687	1.1742810531968972	1.1698513072244887	0.6917838269543135	0.41233090803204653	0.41136432057667427	0.19462966451570685	0.08189750828346402	0.08073404746813502	0.01894000534296146
1.5270851190393147	1.159900434650902	1.1720729830382923	0.677058572227495	0.39135849314736526	0.3974156617948531	0.17883702745439997	0.08119770818547382	0.07583529692237073	0.039084435580248336
1.525333092607956	1.1658612143663802	1.1644156050145762	0.6792701919115882	0.3952344288694368	0.4009858926592019	0.17625264290923712	0.0658836481258332	0.07743718506385791	0.012172208347693064
1.5274040339324457	1.166207393510295	1.170847317404257	0.6881610658629168	0.4026293304096237	0.39729295604119735	0.17307231051398006	0.07441330992353261	0.08499339617117917	0.039281816909370465
1.5212624628696096	1.1615135913092913	1.1608128571419252	0.6896426573394608	0.41294891644028464	0.411192522611104	0.18975020941900125	0.08196055654935369	0.08385005696782552	0.036960761100922564
1.5243981702376816	1.1651040497399276	1.1609972131044444	0.6868463009160338	0.4099704499714798	0.3949690356405437	0.1882966456048443	0.08346996876467287	0.07674358833325169	0.04001806164257674
1.5179453529812672	1.147511056804943	1.1519848027658535	0.6502933124000959	0.36551609006777913	0.3613063255324627	0.145495489203442	0.04921647710787117	0.06315083724711293	0.0146622402451851
1.517434117959544	1.1524700853726404	1.158637815049247	0.6800355772889881	0.396687239902924	0.388447831855273	0.1852251902413757	0.08331571735484962	0.09274786062563672	0.024018484930595742
1.5207474022097638	1.1596461532631572	1.1484181604062522	0.6669178073308708	0.38700106744497	0.3844559485620279	0.16104672840331233	0.07860706018210833	0.0685292034148916	0.03852294661088778
1.523787132868006	1.1614040768336824	1.1666221372342789	0.6770485109339615	0.3913906556592046	0.394121652889006	0.1736719672224774	0.06649937894390082	0.0874806570617374	0.03286405311042431
1.525398552828529	1.1616951119233003	1.165666377697538	0.681541525531249	0.39038726090265274	0.41271392646003996	0.19739087210363104	0.10194099440657196	0.09673950464563787	0.04829647811499994
1.5270074853507456	1.1646460312703977	1.1667628375904	0.6938644787104268	0.40949694303997447	0.41590086179234803	0.1815801400191157	0.07933341430648673	0.08877789986573613	0.029569669387984505
1.525541143526909	1.1702340301151886	1.1604486850991378	0.6803472157086418	0.4040803078195672	0.4030776001491798	0.17007224820924924	0.0856547084378148	0.05861528758564795	0.01734470889822536
1.528032398902531	1.167193599870631	1.1704099769093586	0.6906230809462773	0.3987590169744858	0.40952001789954523	0.18345244132667846	0.07300321691620254	0.08493943425126387	0.018288336357770395
1.530805593897135	1.1708956304405838	1.1695576696111136	0.6864812747850461	0.3976504167811237	0.38933155508804773	0.15151433130401376	0.03950088884976834	0.05432013359713672	-0.0038878069736936116
1.5269726256708769	1.164248220116355	1.162073587779281	0.6685192189444085	0.3780773328161475	0.3788874512533032	0.15562534060444064	0.0605741263777875	0.038424226571756676	-0.013897238434005896
1.51843829295179	1.1456523640060903	1.1548340347408816	0.6528387485395162	0.3620155319388118	0.36690336244191296	0.15491515709923903	0.06970388968942262	0.06458410194635845	0.020519308364964337
1.5216197783889227	1.1520198997259474	1.1485163007640176	0.6545852293337328	0.3661028718324787	0.37847461671546145	0.16012118243555612	0.07047869318876335	0.08035478312282379	0.024714524119077024
1.525905748930307	1.1596658432642597	1.1640744612982337	0.6634701300317989	0.3913144533691548	0.3875372631995867	0.1641327149607016	0.07162584820106306	0.07538131436182094	0.03030271980748722
1.5238612841053216	1.1621682101633768	1.156552370795488	0.6848220415732055	0.404458657601248	0.4099788172963645	0.19063100047027257	0.07646176657014783	0.0947809593644948	0.019565520997203267
1.5265051950682205	1.170352847562387	1.1644687135820837	0.6809411478681571	0.3972096945101299	0.39929975867684725	0.16877460907186423	0.08101061051782035	0.06718143652104876	0.019658422764629053
1.5281547754849831	1.1738207747393719	1.1602822422747694	0.6686745858244902	0.38505462962529635	0.38611320697096274	0.1663385733425812	0.07473042886473502	0.04977651385464785	0.004796348021602694
1.5331344029767218	1.1805151952002406	1.173399392634999	0.6908560797354462	0.4198734329864209	0.4141318812508132	0.19287303455482604	0.09058579050736454	0.08648592523666726	0.019878432378995687
1.5291810044687848	1.172444637915083	1.1697774137242432	0.6898846673627362	0.4027563449555148	0.40392396656611007	0.182955058364711	0.09829073450284186	0.09401813338811144	0.040313064064548106
1.5256887676939153	1.1678633072892681	1.1670323475840878	0.6931928978550547	0.4019713898302934	0.40497972641695046	0.1725138250001762	0.06689900540820326	0.08062441038574249	0.005226348402982537
1.5336088130194636	1.1805594600961349	1.1825866383393846	0.7022310176269007	0.40599321470538297	0.4120180932182253	0.18035535497750166	0.069823333044442	0.06499909997506255	0.010847300094293019
1.530599481597012	1.1692622278971596	1.1686508370352915	0.6767156484266407	0.3956551512727853	0.3923183732259117	0.16744541286347914	0.06652487296945352	0.08871642535358043	0.01493438174109599
1.5249104288843585	1.163914437419852	1.1682162413300476	0.6795923761246743	0.39702582255618	0.3850752679357079	0.17326682812791597	0.0834854928847076	0.07773532577935284	0.03566531577527665
1.52457926701494	1.1594580050056464	1.1585086887282818	0.6695780903433971	0.37487378595983045	0.38552961221468074	0.16722652551191514	0.06515504266861794	0.09356926825472177	0.021800075201075672
1.524760515066775	1.162980341184142	1.1556536983928467	0.6613054917491072	0.3664855114424048	0.3786740963897855	0.14688220675990285	0.053743893530129844	0.0617153022666055	0.0058798819319006304
1.5267300578874676	1.164290850859329	1.1667527699534388	0.6873257617766031	0.40866318314800865	0.4030066942938649	0.17431818464946153	0.07849656897549269	0.060047692523117556	0.009229466874040658
1.5233251320660102	1.1612131940868688	1.171156093121021	0.6837086420119234	0.3865648408358623	0.3896274698037441	0.16482227891199455	0.06398587756352742	0.06710098814562569	-0.0025313547008368586
1.5272154015751789	1.1713476272156642	1.1716404915764378	0.6956638253617801	0.4154246550855663	0.4067439386575995	0.1907859796316884	0.10330575918782518	0.08329577267965349	0.032020109713501825
1.5223807403857075	1.1524232333212239	1.1572410532318473	0.663360985061785	0.38352574476024903	0.38469084327943137	0.17494366366775044	0.07251168390771814	0.08345238924442604	0.015025514206319122
1.526166209844209	1.1601094935988405	1.1670670037834379	0.6821177183965288	0.3943819586846853	0.3932072746981332	0.17585633152291893	0.06554061350888213	0.07501607178988205	0.026317703180806687
1.5200401173767861	1.1568021109911706	1.1621448456236907	0.6701451071999435	0.3930261613707342	0.3920380809956114	0.1796885943973886	0.09767957124130605	0.07209595089726623	0.03514698492117805
1.5178030310635888	1.160960484916442	1.1466872765489713	0.668471559239936	0.3865533179211331	0.39149924408291903	0.16520135295949637	0.0646992845376729	0.0727545488841165	0.03219129187727507
1.5247177947751782	1.1619095842271865	1.1559269522590563	0.6627697308040036	0.38090210683164694	0.3771620743397618	0.14939348129423896	0.06290152371297734	0.07132277696800632	0.013181142804819457
1.5257059311808252	1.1609786066997787	1.171439691551639	0.685901663163158	0.400255985203793	0.4056679547625742	0.1832555719723866	0.07183733047832952	0.07638844200276317	0.00842277077633629
1.5296675356681455	1.1689097668751205	1.1606935975587929	0.6700098215621936	0.38955188598111523	0.4000359998772053	0.17628295356708967	0.06494071252218553	0.08189584574920795	0.01623794379503837
1.524479353990285	1.1678014024719054	1.1561415486019198	0.669980658362591	0.39134297823710745	0.40819765418468346	0.17496778081550224	0.07107473139050202	0.09398584457908385	0.03561842980429055
1.5296835154853308	1.169202328951281	1.1653336238537502	0.665125476551129	0.3749155379294194	0.3943253830584419	0.17627663050215472	0.08265680439587474	0.0853004162712231	0.020350893462317356
1.5237391749375384	1.1595578010596546	1.159317973089302	0.6637315116106143	0.3812040424649316	0.3820821855357885	0.15628268662532854	0.054170793081541546	0.07234662038177384	0.017114058057532258
1.521817549639652	1.1539749256417915	1.1545073204381835	0.6760306252253501	0.38761386848485824	0.4039948300603668	0.17743719853085058	0.057405249410010586	0.081045926282704	0.014586008648071688
1.5256161338957834	1.1594608586737958	1.1713271014473694	0.6831757581842817	0.39194936129184604	0.4027619717184828	0.17425873236433065	0.06431690864248833	0.0779446062590383	0.024804219664651392
1.5261399484077733	1.1654094979829095	1.1641407287935641	0.6761230327298654	0.39655508414954155	0.38826910419098914	0.18422882645529962	0.0824876322048037	0.09283312445785298	0.03896300868007232
1.5268699041452634	1.1592912076379462	1.1697932690475161	0.6791716064476865	0.3991547894751475	0.4037763595407393	0.1941183615644853	0.08915126325078143	0.0848084298234468	0.028633634926005222
1.5229652557093012	1.1524707373431202	1.1598518770583992	0.665366939823657	0.37704355128372985	0.37361781361685314	0.15376923690313316	0.05279443081587439	0.06176484270731223	0.009137107699652544
1.52489957389481	1.1599568656235162	1.1642320261042345	0.6792773042468195	0.4000309191885478	0.3784227522513496	0.15774422923344794	0.0645329496929782	0.07497715370147798	0.023306995950421384
1.5218089440930787	1.158655926089224	1.1602750096656256	0.6671217015100608	0.379034948876986	0.3767957322074905	0.16682199969405076	0.061509134594309955	0.07341943566464224	0.015516768308131583
1.5262257798847694	1.1660048830217138	1.16469060200363	0.6858183524198034	0.41269554893478794	0.39235378027017553	0.18249861718407911	0.08059703195748948	0.08344367616514517	0.04032898207184642
1.5217796667298225	1.1649290792839198	1.1616698284616511	0.6801644505572663	0.41072961920421225	0.3910776762226147	0.19288961405932556	0.09007521674784605	0.08509606399745813	0.018416857346674677
1.5306536815715501	1.1744902570932594	1.1730738192249648	0.6882164549285653	0.3999540858479458	0.39875372294067696	0.17307573655289937	0.06720698867722878	0.07141127004742392	0.023614916548780746
1.5274408715818726	1.1733218558664924	1.1717426158471553	0.6987310473841514	0.405646721936997	0.41217992206331683	0.1834560327381445	0.0764374146615593	0.07223840592549159	0.011453138961969575
1.5316574077438174	1.1742383412471349	1.1763198790636982	0.6958453595551335	0.4026690148126827	0.40982506579516986	0.1686109927592916	0.06717039804772965	0.06690863327232512	0.027941116563808734
1.5309451800681073	1.1665416908259008	1.1785390556466366	0.6909108888889679	0.4128817630625492	0.41233444898906124	0.1952532316908002	0.08694287249386418	0.0932148167713292	0.02471853197353442
1.53220119088869	1.1820374532824955	1.1766548687243672	0.6951338553951378	0.423462103567698	0.41682909222392706	0.20121991953136073	0.10443182823705947	0.11294720744655234	0.04780302312844701
1.529900934404147	1.1694124316537602	1.1718149783414331	0.690939256963054	0.4225266735546272	0.40372863013350063	0.20729826670421841	0.10989099174936218	0.08261940444223513	0.03227691297406496
1.5307058239039217	1.164544782747318	1.1733811233156313	0.6959288441102729	0.4132264104889508	0.4222444522137233	0.19260392106407487	0.08332790038831697	0.09260470340666019	0.015360606881872848
1.5237654065872976	1.1697313583817266	1.1580515145075128	0.6833366605714666	0.40270227990540625	0.402781649764736	0.17486378444108305	0.06566928417045605	0.07370370796525565	0.01633243036662529
1.524695636006365	1.1643396756524562	1.1570058661364884	0.6685263343780066	0.387295026245765	0.3833973259958279	0.15729207416860044	0.06662204629830978	0.05815617120580442	0.016351208740777987
1.521006688852898	1.1530810988923264	1.1535720932336009	0.6610209334079855	0.37497623929811214	0.3851001495217128	0.15764920157058676	0.06260284603139338	0.051353870751632474	0.023761991397051416
1.5196335528420641	1.1485039752566013	1.1579060694001628	0.6502559901892258	0.36771321860047357	0.3795119937672047	0.1477320307382133	0.051645619610704914	0.0879869951367502	0.0333116523332729
1.5223879460452554	1.156879849448847	1.1555700032873026	0.6634941765422553	0.37348813219352733	0.36363090694808237	0.1519607902479516	0.06164079996162334	0.06667187450468028	0.031390647423163
1.5255663830111839	1.1594412582370528	1.1598471785102265	0.672146949509848	0.38938965085896615	0.37780512395252813	0.1565575056539416	0.04943527461092469	0.05776718370742643	0.04164476794551396
1.528221892985164	1.1669683228663048	1.1650291955520806	0.6766625550220503	0.39469856177750906	0.38449266868513493	0.1700167978936405	0.08401085622206161	0.06785861700669778	0.011572804354643926
1.5245240741289559	1.1678409719818026	1.1566020650131839	0.6874282342920041	0.4123236748194861	0.40891070407605856	0.17912936608222962	0.08425185198434426	0.08006771916790972	0.015562930260485284
1.533063855398697	1.179470949887067	1.1792571347605965	0.68649972909752	0.3965787122828925	0.41493958077843884	0.18417469773214107	0.07901348359697473	0.07982732011613533	0.0309203631817004
1.532781666756032	1.1748355588290602	1.1664131166390623	0.6826850319519051	0.40613490269354036	0.38403932070836205	0.1723054970215326	0.08198481508974902	0.08235354903140737	0.041016051129010474
1.5265199928037627	1.1667971773468901	1.1626246377394305	0.6869296883507655	0.4010072650787435	0.40385225735614283	0.1881394348028439	0.07678178302204064	0.08326296565686227	0.02217410925585038
1.5316678856429249	1.1786031004012565	1.1741785651914034	0.704825973803087	0.42773952786804487	0.4289121166705311	0.2176614518075679	0.10538102804842027	0.11483098999903832	0.046896226164209485
1.5323236352341914	1.1754215708427114	1.1730890122876045	0.7010759606946758	0.4243082536789488	0.417407615881856	0.20205924758540406	0.08973803990818452	0.08596074981290602	0.017282250727898588
1.5272623925034194	1.1727505993720149	1.1683529846187133	0.6887152088127081	0.4098598408129177	0.40660154747748517	0.19405122255041107	0.09171146806898671	0.07346765692850095	0.014189938588551158
1.5264312760167411	1.1723862912615952	1.1596176003152978	0.6832456807559337	0.3999640378772266	0.4053662859994814	0.17743861613499284	0.07911268590366898	0.07735042133311415	0.013790014215584215
1.5265490392762038	1.1697397406937542	1.1651093487210145	0.6846792746499387	0.40839568113172997	0.38801880192500415	0.1771702189184284	0.08824120702780208	0.07178651163261868	0.03973375447163871
1.5251286962545816	1.1634200626352658	1.1554354434909608	0.6678011256353544	0.39382037716158136	0.3948308557026651	0.17705428605611473	0.07768061909860637	0.06358100470866528	0.02197339376718738
1.526295292386392	1.166412850880352	1.1643613081700581	0.6633393489585606	0.3655386387629565	0.36754763901063886	0.1398883581834255	0.05556110595526206	0.05118166279931678	0.024586574850984526
1.5236456751125163	1.1669837850937943	1.1596224293400803	0.685449596585689	0.3961519049015602	0.4020512553574248	0.18764549160760635	0.10230198981965687	0.08186052520235694	0.03281780359702368
1.521140625907532	1.151683544063839	1.145515892958307	0.6603163160462795	0.3670142168558715	0.3866198787780893	0.15509372726044537	0.06936506312063531	0.06813733620720688	0.025992534619397552
1.5229913257566112	1.1621607009153638	1.1625908932398272	0.680300229008052	0.40117197477531286	0.39980102157368275	0.183596309263713	0.08501642842834756	0.07975817073887101	0.017903164417419022
1.527152762197736	1.1783401483622589	1.1687714800596984	0.6959247476798276	0.42381537369255157	0.40940174136103696	0.17902338439027485	0.07147227907699626	0.07514476445445267	0.02596980129704911
1.5253523115321581	1.1635828337563794	1.1568080383956094	0.6613344293274454	0.3683074401092194	0.385068425091798	0.15920264898632228	0.057725838637688924	0.06268294742618015	0.020074092784410785
1.526777766740584	1.172424156528836	1.1616297121748558	0.6934539224489537	0.4260472727039064	0.40622209956619204	0.18825580264685884	0.07432167184120742	0.07978896706854315	0.02264821132915444
1.5253274211625534	1.1717920420213932	1.1687767287634179	0.7067331507149102	0.4260720678806482	0.4208463633234505	0.1835321353264411	0.08289737445422353	0.08627571934687935	0.027340116172815
1.528057237017733	1.1634084652045873	1.1699916078393238	0.6960158254388983	0.40703331950746147	0.4038617174991023	0.16875973464625693	0.06165355791461438	0.07677672061657397	0.013049154478712823
1.5266104749956244	1.1624492664117605	1.161856895331321	0.6682322008274599	0.3877940702613447	0.37468771522802286	0.15486425753579683	0.055686543028779525	0.047772173107329424	0.014080422975635847
1.5275836848422646	1.1670205945644223	1.1648200478739423	0.6734192870759408	0.37531165673795264	0.3944402663536648	0.1767097296559631	0.0835107706028953	0.08965930318536719	0.032234768715664476
1.5306393655531427	1.1685895431176578	1.1712689661064204	0.6775394289063598	0.4013019780852863	0.402761548732693	0.18279206659013386	0.08506871787826518	0.08191133509953066	0.025408964655506242
1.5269570779182553	1.1657935795811687	1.1669904821945234	0.6814578751418723	0.39714994262346814	0.3931712769660354	0.17709440145333843	0.0811660773947095	0.07576701897773132	0.02214020233129311
1.527676060182711	1.1640207668020008	1.1612379858413417	0.6634703940783057	0.3754862929718877	0.3800074491566417	0.17158007605614373	0.07204097551296784	0.09406359749818896	0.01621955021023043
1.528264995567001	1.166563550578909	1.1651224704463803	0.6753713140563019	0.38518154398490334	0.38034450234651235	0.16906972428225486	0.06006961679196284	0.0699192599142127	0.02724979059429165
1.5294903010928362	1.1578356718603113	1.1676657780304336	0.6613512769957003	0.36666440436690906	0.3818554217650362	0.1484539639270227	0.057481666434306154	0.07259260188765304	0.019532333959589143
1.5261936463301107	1.164669835194428	1.1593279385006343	0.6759550258052753	0.3894882364905604	0.384346171222048	0.17917440513931812	0.07552231363870039	0.09196600927058975	0.03528107816595252
1.5256199241968897	1.1700024062256595	1.1581360266403238	0.671513207969125	0.37585989448725204	0.38211765214751836	0.15827231738361397	0.06636321089213389	0.06225795806194815	0.021256026587682126
1.520257507961927	1.1526862348596927	1.1504798692106657	0.662136701795352	0.3765212687136137	0.39226023732214055	0.18068112840748174	0.08251639270970484	0.06846168329082297	0.022236977331240623
1.5226083290427108	1.1630999355673235	1.1542182518755344	0.674218930549104	0.39914187156932424	0.39368617013921425	0.18074018946589407	0.08758399686529406	0.08179442801582448	0.036919685022865974
1.524924165990077	1.1612497649280893	1.163278174491255	0.6662115187083624	0.3890379624468369	0.390822871677933	0.17992318671217838	0.08975343328581309	0.09088861960916023	0.035093956700830126
1.5261539128998207	1.1677467345931498	1.1607132488103185	0.6853275083288153	0.41649816492584624	0.38496544661403104	0.18196193033843022	0.08388866535669019	0.09368595643056664	0.04901874697125649
1.5261827903982905	1.1583779450587823	1.1703425412648913	0.6702285189313313	0.3809324119875357	0.38920516526536886	0.1737374389105549	0.07198838636112298	0.06856072654747664	0.023930219549245155
1.5218520812073284	1.1573702917389044	1.1603858901103843	0.6669309252027478	0.3877783209189094	0.3806990019101942	0.1777287963852252	0.08963078578222239	0.07540960839474133	0.03145319139826734
1.5215501629510102	1.158338655376193	1.1570818566697743	0.6692472277512895	0.3781936321721838	0.37900294207809815	0.15319621203177036	0.07199940769342711	0.06148378175978572	0.025446908654643552
1.5228357572284008	1.1492463711590513	1.1669744992327171	0.677154371572686	0.39932244467129124	0.4149559186334051	0.19716092771296442	0.0865832659347966	0.08587796398763417	0.0276072613539576
1.5271280467043944	1.1734383015435423	1.1665659393904848	0.689590840916582	0.4014260492621433	0.4115184605557161	0.19079819476937812	0.10205401161210033	0.09497802599104649	0.04471718358771756
1.521280647631775	1.1564295151747976	1.1604941367481014	0.6715662225714355	0.37315916884636924	0.38412488386819343	0.16204849353752845	0.06438331506632125	0.07221342195417073	0.03262092092659766
1.5220878850721855	1.1564575796371384	1.1630039613261804	0.673956437900157	0.38903485316811665	0.38354148834126295	0.16655638937342201	0.07156145615954873	0.07575481993043563	0.04061107498362862
1.5196064471553403	1.1575063668276266	1.1522641429049794	0.6704532981888107	0.4007159900315098	0.4018788495340054	0.18703543654354066	0.08792985737089463	0.08916072627314009	0.02411355014581106
1.5251584084799208	1.1677014963164416	1.1695491546011263	0.6932591464282064	0.41266244906023786	0.4017068026235074	0.17618420285495506	0.0873587907533624	0.07959318991268625	0.031351113991594494
1.523912983383797	1.16786883090889	1.158436891466113	0.6836629357326687	0.4176388004143654	0.3967184848651511	0.19646543672545172	0.09962345311651635	0.08246635163882424	0.03203427426053543
1.5334428022588398	1.1772023648590115	1.183212471238121	0.7102394894996533	0.425963760115954	0.43734592739432565	0.20082624363679408	0.10387403607277775	0.0796231937549824	0.019997362834024184
1.5319885900196857	1.1769567436181714	1.1699572537561354	0.6879528145693163	0.4147128191879623	0.4088127872825545	0.19699648527318395	0.08415546803341906	0.07397719788014219	0.021648463637344666
1.526769145432995	1.1680770140313408	1.1598041206799106	0.6813458769068729	0.39112069807750777	0.39720872152287573	0.1658992248652459	0.05212910339879649	0.06019853272527308	0.019681764202150398
1.5296150849212948	1.1700347726284634	1.1683876406763234	0.6838224677433995	0.4024193670731136	0.4077964368118841	0.17641678320217302	0.07258587847390004	0.08249136250214274	0.03519519865585923
1.533736602620038	1.1701175945391957	1.167453306271482	0.6797979603336325	0.39176924327598983	0.39955372253747895	0.16937990673259273	0.0703768192439249	0.07917440005149655	0.02959229711909919
1.5259711201712696	1.159936924281136	1.1679353801671073	0.6724633385498526	0.3893767026145471	0.3923964217593	0.16807424009670682	0.06835893476384726	0.07120332151379989	0.012917250751780032
1.5291942881468776	1.1626964761964045	1.175628657794176	0.6822765747127559	0.3845923534225857	0.39990994342971675	0.171308382260188	0.04932036401561944	0.06283669051500966	0.011515514516059982
1.529917078743365	1.1660356759723767	1.1714070903666247	0.6860286267455862	0.4106897295121248	0.39900510271261386	0.17026355756102085	0.07431025242888183	0.079062531279122	0.0342726887004199
1.5297111713070535	1.1745116508953037	1.1670642091970695	0.6815475001679648	0.4087197333345726	0.39310719283487017	0.17189582595324826	0.07948613808829418	0.07870162265669992	0.02639330788001843
1.5272016072513788	1.168836685228539	1.1643916359417377	0.6835406968226826	0.40624818310218447	0.4026626072420531	0.19024321623715948	0.08593487624342996	0.08586295945495442	0.041704917779561555
1.5257007445858208	1.1674907284638587	1.1671146966892936	0.6881244439291699	0.41222864212408994	0.4158088397768479	0.1925552968782897	0.09830385442341581	0.1003058653209467	0.028640914747255126
1.5282594352456225	1.1687477686463028	1.168885256064926	0.6821390225642749	0.4015821379239497	0.3868146540163291	0.1755853454761491	0.0798987193332768	0.07825374791212548	0.041697337724929756
1.5261096594104733	1.1560621736876617	1.1666142600183722	0.6629137894808547	0.36605337695804135	0.37711965933236324	0.13653043944896565	0.04274451317153823	0.060970210953745094	0.0047788331732469495
1.5263813672639022	1.1685954670005039	1.1690841902225328	0.6962232982756892	0.40435855942405474	0.4040971539716193	0.1859206201526892	0.08057183625758071	0.07543616085135402	0.020976519534840067
1.5237892144054526	1.161930430533406	1.1592030848358035	0.6726449729981623	0.4036621813887107	0.4029827533147423	0.19211619309221178	0.09521804497697609	0.07323722604383692	0.021089355397196387
1.5172316917864337	1.157354466922234	1.1538220591871253	0.6838914153725458	0.40452046966464966	0.40144257220074525	0.1931432506885271	0.07719153358688427	0.07526628717677285	0.02170400936506027
1.5205984621374364	1.162034819200078	1.151870089180099	0.675254948673147	0.3952838781429508	0.3992567409013817	0.1863105230495836	0.09005547071192746	0.06323666875797938	0.01457321092595388
1.5237938701325213	1.159981645421121	1.1613499617027019	0.6618649588835367	0.3783522681766136	0.38754665933719795	0.16461573389201675	0.057809004643415034	0.048235413303879086	0.0015641395428294496
1.5214689940744046	1.1612712221198471	1.155210105359694	0.6648111531717826	0.3802027649692296	0.3835263129682015	0.15549781666302082	0.049764768093016463	0.050126388110838804	0.006833312623865318
1.5239120436568012	1.1558623003346407	1.158982033894637	0.6682021671176136	0.38931968837374686	0.3809001231800459	0.16598040208725223	0.08449335066536469	0.08677966872376754	0.03008426194356403
1.5233380496364082	1.1557373398011084	1.1548798179094142	0.6509241509170569	0.36179916439790233	0.3612987538435527	0.1300182431420659	0.04425726548517628	0.05490983395662214	0.0050002525966752155
1.5213233861071624	1.153755721953229	1.1515081739441024	0.6545117099692317	0.36729187843187955	0.38138682651738776	0.16778877205509654	0.06700420731051647	0.06021019830743982	0.02048183388746643
1.5223414576113456	1.1527369654386233	1.1638193557615404	0.6675712064677174	0.3762079700045374	0.39326623418614504	0.17821045437215657	0.08392238384017772	0.07879735836431695	0.017019355294467887
1.521722328707973	1.1592776871622563	1.1592240052798621	0.6756133533716642	0.39655329678461704	0.39839909635308224	0.17884696104018805	0.08122470381691878	0.053479807287935735	0.013674271657575251
1.5231218306847127	1.1601235376821124	1.1611619057503342	0.6709449014792936	0.39244135743583886	0.39867783933526774	0.1854603418788636	0.09018784062410434	0.08388185028697887	0.032532840292486154
1.5228973703673583	1.1649804466079547	1.1626938454331648	0.6782975728873237	0.4048570924800232	0.3926504173717664	0.1714467718970846	0.07978716039172193	0.07250400634203086	0.020259440612098816
1.5246534406842658	1.16877976008474	1.157297647865938	0.6884858852087476	0.41300826458618406	0.39807182611056263	0.18636885025729452	0.08490880808555384	0.08440420841324829	0.02086679266687748
1.5258271187371695	1.1649185403105262	1.1639468322743316	0.67445290213744	0.39388058475465043	0.397747840435502	0.18468381436450246	0.08076945885784875	0.09025639088974054	0.03440233726737472
1.5272000133474009	1.1656493759763082	1.169568523760763	0.6849987090892018	0.3908423109480059	0.3996947511223117	0.1740648797196726	0.07639012771847094	0.07664037817948867	0.007240892608221389
1.5270666873772079	1.1679133370787054	1.1648272724864641	0.6848882271985753	0.4155313117634977	0.39946283472631156	0.18959195528124026	0.09566853973787219	0.08895464491518762	0.03448022266586551
1.5301580437853934	1.171269541465274	1.1757714233714693	0.7001754531988991	0.4057177279740621	0.408019272239881	0.16760743298783973	0.060778754646281435	0.05314792560333603	0.02248035378946677
1.5287323170015925	1.162516997339518	1.1705863005640715	0.6871252235976386	0.4105456053587689	0.39998071532968216	0.18340637679115862	0.09237629175363321	0.09758395793506043	0.03783655518446521
1.5307196989082097	1.1742758491273617	1.1702851714569744	0.6895922790292628	0.4007404437818999	0.39743375328062347	0.16133087917124184	0.06504905832776044	0.0593797577435126	0.006111124036043233
1.5291931406613213	1.1736295549709657	1.1668297362176396	0.6861247893275388	0.3965664949143663	0.39917576066950555	0.17795152928883032	0.07610496879856592	0.07156464663536376	0.012162673173520143
1.5320057222051977	1.1719834290520263	1.1831534971220543	0.6989045563842708	0.40984223028592076	0.4117063037173402	0.1760261729435576	0.08143068332923885	0.061142576873268246	0.02575495413225722
1.530455360906278	1.167169726738841	1.176388700986152	0.6935982387055941	0.4127551697982772	0.41413996169343714	0.20635259919065557	0.09962295847842886	0.10773555600100843	0.03333686727834559
1.5276622935275854	1.1662742792197913	1.1715119946278305	0.6897245535838719	0.42019783003468625	0.40680311654867174	0.1821530220260252	0.07955604906147846	0.08300255489247572	0.03431679550262593
1.52903805459319	1.1586250217309777	1.1626997103318	0.6681652528497269	0.38294074218061325	0.380753156566309	0.16590886550542727	0.07561866964334146	0.07667981370438774	0.024439772214623994
1.522103229603459	1.1598612482146071	1.161749686438767	0.6842819661155413	0.41463932543903037	0.3898572717258035	0.1773985380836456	0.07182351678289495	0.07595432651427135	0.014998737399768489
1.5233927643937182	1.1607174875242263	1.1590068058458725	0.6794992214586068	0.39527819074732357	0.38237558006467126	0.15590297604143105	0.06213958841301623	0.05547224965924488	0.018445319037618826
1.5225976542342363	1.1537126411942924	1.1671920175268609	0.6759302781129684	0.3932824554685317	0.4071619053011272	0.18388681250800953	0.0833824322351459	0.08645672303379838	0.04779635056418295
1.5277825460425078	1.1602132547592552	1.1716744541925206	0.673099882901447	0.3995427868989745	0.39985000270851956	0.1763290827034265	0.0639877459783903	0.08520457182992752	0.023273058858104698
1.5241991321111332	1.160200183084899	1.1562944943943714	0.6615533116280545	0.38505975537608095	0.37254937502315094	0.16572342822356242	0.0813251705347733	0.05028671648071461	0.02652055388714034
1.5186074281098985	1.1480975647569918	1.1579954059856727	0.6629552778738445	0.38689064945451196	0.3774421224079073	0.17158895533922486	0.09864592355809532	0.05838051796647855	0.025802416503598918
1.5235058536656412	1.1593273272606721	1.159816020961113	0.6768476579869556	0.4002501910282362	0.40286080900863674	0.18355401353345113	0.08894393171223666	0.08790826623378872	0.03868703259660525
1.5246551671322093	1.158171295746197	1.164726415517708	0.673704666654237	0.3917740241837569	0.4097329130126779	0.17815875877786191	0.0854060124825058	0.07006006297721214	0.024227146156031554
1.5215445797739633	1.156235435023871	1.158561317299768	0.6713481062533133	0.3899379293926228	0.3713785773169848	0.15595866581987455	0.0713682206359389	0.06303241920329374	0.03467387885507434
1.5235239158444394	1.1554796078488563	1.156899252727826	0.6697464693895185	0.38682140867245374	0.3944990070975038	0.169064222504016	0.09796737762452917	0.07389341409155024	0.03231157155621134
1.5310548635106918	1.1667862806764602	1.1803146988009148	0.6895213029682209	0.39771290205200505	0.4122158154585267	0.18439213926363718	0.0791415747071011	0.08968175438371984	0.0364970173887392
1.5233066291974433	1.159570378407762	1.1642177484589733	0.6770871816874557	0.3965491018534886	0.3902270939940951	0.18147752508419995	0.08430122928859543	0.08872020856984073	0.04005157979816808
1.5251492762937557	1.1556138265588851	1.1654854888587345	0.6674322469487848	0.375959352312911	0.3832610812056988	0.15775132969649308	0.06937846675569248	0.07376388683068759	0.04771170368090938
1.5236894277786859	1.1622878630761444	1.1614591724556123	0.6608186325288693	0.3737059319529075	0.3761528654595209	0.15840713736228948	0.06710161526578297	0.05676813243733043	0.02032858861189211
1.5281764357830159	1.1703892878720517	1.1729224991471445	0.6917612050678739	0.3970771202708938	0.40195854845687673	0.17430064685204594	0.07954934897525069	0.07302717565953731	0.018044354366987814
1.5269078204089592	1.1620753881627934	1.1619201438201583	0.674635615316885	0.3894847771212136	0.37758319258540163	0.1603859327192923	0.047854591126080946	0.06814212620734467	0.017819745327331042
1.5235583489419449	1.1478188772828308	1.160514134434447	0.6570278618393791	0.38005334843367466	0.3789555045497493	0.17361356969854944	0.08378967812645834	0.07053592037787892	0.02970437426604008
1.5173038208354752	1.1455477663106362	1.1473084512524823	0.649825350811624	0.3560235435314045	0.3589334024964434	0.1410102750438293	0.06676204155900783	0.04748988782600116	0.01522997835294599
1.5183729507333534	1.1556955593644946	1.156369365172374	0.6675675892364992	0.38989856650912635	0.39497346468506034	0.17545790850895596	0.07439609112477173	0.08158823201869074	0.03391994591877253
1.5268389390467147	1.1600057199040825	1.1675690668363998	0.6716086978757216	0.3819580622763644	0.3783120039847091	0.16067478945054944	0.06904998296774031	0.07716575537037468	0.030566590796538878
1.526643285536962	1.158523523690682	1.172348618412927	0.6797103848963021	0.3857527860852415	0.40295215506459114	0.1799158852033972	0.07556383495100322	0.07120888643323929	0.017599525311124846
1.5291666231863037	1.1650810147661022	1.1665093006021214	0.6877381984374604	0.40663252838116953	0.4030805885301588	0.1748723897353145	0.07786233161688055	0.06311435315564053	0.0029858270521491894
1.5304906219000252	1.173451015532446	1.1725666003177677	0.6978963897620959	0.42162921874935555	0.42533554624112774	0.20503669469872732	0.09140296137785008	0.07915926491827913	0.02221093260563737
1.5249465327596061	1.1659486273073614	1.1619612989060866	0.667950406163549	0.3921399843287748	0.38334180183062116	0.17070700143729134	0.07174839730421069	0.05333128681667074	0.003301713681240867
1.5280377175379412	1.172965178674433	1.1611365867826415	0.6891634658175401	0.41956480495252757	0.40781525360841164	0.19356783760641422	0.08456579553257274	0.0894012843328356	0.02473111790534432
1.5250794726935495	1.1585086748131286	1.157817103496714	0.6783247211816751	0.39382946217794373	0.3907927773745616	0.19432958408189538	0.09507350752270918	0.08460555746986646	0.026366925083477138
1.520515181751789	1.155652912975596	1.158327043619944	0.6666392792568057	0.3906422918146617	0.3824790111519617	0.17227874219130165	0.05519477742507335	0.07576879404411052	0.0012667546869515828
1.5243994811880521	1.1571909422806204	1.1646431442374894	0.6838967865524975	0.40357270731716344	0.40026943266820436	0.1870583928496323	0.08636162124057448	0.08053488019486675	0.028521904796615292
1.5243542276734214	1.1607329615858737	1.155493253570197	0.6699159115298503	0.39100711667682164	0.3814552848313627	0.1523038491975457	0.06518446968478793	0.060215439480318406	0.021860313126498998
1.5192316972641917	1.1583819766558172	1.150229195776402	0.6789066268962136	0.38570615734549607	0.3955817606551322	0.17056524268570797	0.06593345487430072	0.07318076625928077	0.006784884832857324
1.5235094619196177	1.17090492681387	1.156252894141499	0.6802863606036397	0.3942611656180758	0.3939466244364356	0.16621078501880937	0.06647239700931257	0.07226931253130879	0.026498730853346766
1.5259383459138602	1.171195599503468	1.1620255981891119	0.6780282093803169	0.39335113061536764	0.40448602730999506	0.1728182611807837	0.07481109590418052	0.10800513235460686	0.04641918826021698
1.5285550608261385	1.1602103032855904	1.170256839515923	0.6694209908145913	0.38005069174089495	0.38742870179416156	0.15974133920527858	0.065571466846489	0.05599693364510894	0.013181059430872413
1.5272986388629373	1.1724998438885086	1.1625223437128898	0.6813784620769814	0.4066735420203471	0.386522993051454	0.17647837363208246	0.08061067244580904	0.07424027561230855	0.03057359429796326
1.525771479252762	1.1712758845433833	1.1610713965892903	0.6785789632697771	0.38633914837004146	0.38215966714124217	0.16648148655388587	0.08058686341419058	0.06909036126731657	0.02735012818810677
1.5210422064206053	1.1600973731946522	1.1467841611997234	0.6571450802391197	0.3689775429771991	0.3629090984186455	0.14453260364607465	0.05951506620732741	0.07713650332292249	0.02277801628953229
1.5235774080592965	1.1622674371279489	1.1602009845945997	0.6702457385815891	0.3840932664698682	0.37545092271637226	0.1582698082858755	0.0592831514747126	0.06895245394781616	0.022448995465632105
1.523176813312207	1.1648585266686988	1.1582110074794645	0.6861060129177295	0.4164321272223823	0.41686487234526926	0.2088359080874905	0.10962816680424756	0.10156831117735325	0.031173354229901282
1.5252185594592886	1.162901290481811	1.1653509074163348	0.6763023893711169	0.3968273375323913	0.39686613909670915	0.17880236238827119	0.08274502166660001	0.10208081952579867	0.03405426625169171
1.5241526561838963	1.1663495784770843	1.1625894161489596	0.6809247339689244	0.39117860779382535	0.3854855616260717	0.16548024988629925	0.06941764121580431	0.08855375528901765	0.03097230833078863
1.531259871678705	1.1696979875389268	1.1770544407474348	0.6901775268006292	0.39873241142575616	0.39836800491263374	0.16259500271340854	0.0636392688732518	0.0672487245817697	0.010724547973309677
1.5326647597803802	1.1793411814077273	1.1778768413218232	0.6957509563264755	0.4134033589022287	0.42367103807332135	0.20078988425036595	0.09159882808199121	0.09720446604876827	0.01665308587015353
1.5240638195370058	1.1684177044574358	1.1673385622614485	0.678716289728651	0.39265727132460765	0.38532098058539643	0.16102062780222218	0.06823754784518327	0.06221658670080475	0.02712525568321155
1.5285724496555706	1.172161094364837	1.170535029889547	0.6901150549946329	0.4064988392599167	0.4081443588570377	0.1823190840527181	0.07426904515282448	0.08755108871365108	0.03999222185701799
1.5248257377903518	1.1682729088831372	1.165452620714054	0.6820387674876538	0.3951579037621914	0.3793440506662691	0.16209898459684602	0.07773030367345789	0.06856573981067586	0.03550483776569863
1.5249765293959134	1.1608873692989288	1.1669207661082146	0.6782000929000305	0.39276381407595823	0.40475159062332616	0.18008431428193072	0.07831286610069836	0.0867874306937913	0.01634251281492902
1.5258704916076762	1.1640070765924349	1.1651516757530356	0.6710927719890525	0.3832170379939529	0.38481119976408656	0.16779605495807745	0.08128735655294804	0.07276360305682945	0.030612363654922998
1.530600125939756	1.1609872380965074	1.1672556733594122	0.6654241896571375	0.3785097221121128	0.3949424361545573	0.16230600941104775	0.0629485585848695	0.05121622557011385	0.00613640222591263
1.5252489291098137	1.162562344668185	1.167216809285325	0.6692254110729556	0.36661399567291514	0.37585505733271635	0.14277092782448947	0.05272948070223673	0.06541591278205125	0.013741507416439671
1.522796380087197	1.1615893538005626	1.1554489943037811	0.660639137677076	0.37672270113602546	0.3818273670751267	0.16308024765257587	0.06598839435741621	0.05059332481526549	-0.004428347593450982
1.5212994877896597	1.1573016290224747	1.1574386309223952	0.6687251353655972	0.3870109390964168	0.3689783527029981	0.14706772073249114	0.06460714236164494	0.06041534053993897	0.019421618970415833
1.5201946297708977	1.156389673099909	1.1491940383059998	0.6595786576651678	0.3816259660282155	0.3708102326324306	0.15703468127565337	0.06545728287721132	0.06472187720805199	0.03276764421428686
1.527719986448175	1.160070640715473	1.166143646489079	0.6748747122266037	0.38812008337114906	0.3865273061141397	0.1574416247959707	0.05511710091465259	0.06333090740516838	0.008797529351996307
1.5284374996076613	1.1640619318751955	1.1656476839525864	0.6784446172276509	0.3968702868731391	0.4043968193396517	0.189888362845423	0.08353572979156813	0.09017890531081169	0.04022090100560005
1.5202552338478035	1.156656111326522	1.1542225364348215	0.6524398370120272	0.37357420594859153	0.3733764135317681	0.1733702436483176	0.09071459323773157	0.08088213393953282	0.054008137900239464
1.524937927992572	1.1683054145139709	1.16524495980324	0.6687532285106523	0.3902740432216618	0.3901315563944763	0.17612008928164274	0.08168992550664038	0.07073411301358269	0.028053379574953945
1.5244560180890494	1.1708047284306637	1.1548398533522344	0.6789759767354513	0.3790319060767899	0.3922755184704777	0.16057694288867358	0.053737350671794144	0.05776265085461501	-0.004376253209638095
1.5219171157261213	1.1679868720809123	1.1605024023960893	0.6796651769101477	0.40456498790259166	0.3991839628529546	0.1836678908051306	0.07741560833466436	0.09642775755049748	0.031622653937413855
1.5234546455006681	1.1578004907659087	1.1653021063841893	0.6665530882536603	0.3929210360187898	0.38856046870514366	0.1839321326634238	0.09429596705874582	0.08451283152491051	0.03214331717732842
1.5229886206533143	1.1570973175019679	1.157449421508198	0.6668299094794669	0.38561288355841783	0.3929150924160164	0.17306564385168027	0.07967992867595511	0.07060660007471481	0.02568453928627384
1.5221646789247485	1.153349688405594	1.1639963065693932	0.6853694399391157	0.3933660967569984	0.40682740805353945	0.17681765130804175	0.07337575421868776	0.06954728207095055	0.014871924745308974
1.5228865006458805	1.1601393853778754	1.1533553717560157	0.6620915066058036	0.39235832394618736	0.3708220309340895	0.16965363254690569	0.07827079486573824	0.08061720401752082	0.044618726234262024
1.5212884388963408	1.153609077766883	1.154573259305786	0.6513468908369414	0.37329014280226996	0.3736904582292319	0.16529312694652912	0.07177087002101687	0.0737912994483506	0.03934836718105066
1.5199676720567996	1.1529070552007683	1.1557937348605498	0.6656039198368112	0.38570088848255046	0.39768926826175427	0.19522014346494748	0.09056672229110124	0.08935441336726924	0.028190721853872107
1.5251978432009357	1.160074881037965	1.1693480474561033	0.6781126283821722	0.403227543844099	0.3952566349404222	0.1834401921617813	0.08452455469288703	0.09625759275023735	0.026743196269434444
