0.4368899042661662
0.43814127552784904
0.44126876343106775
0.44821089914426576
0.4457867139378564
0.44945088464009025
0.4448853656023924
0.4416580114657569
0.44128045618907014
0.43613404863461586
0.44130538149182325
0.4421818887116013
0.44660902424633697
0.45262767257633246
0.4494209855794979
0.44604689139517223
0.4472131479241738
0.44882005491574417
0.45202221203476256
0.4463180579188888
0.45185727174489226
0.44381075960777444
0.4484567805032815
0.4484526408201539
0.44749707753490114
0.449491745316221
0.4451757165822397
0.43781830497523583
0.44681099047393125
0.4417100258636913
0.44553613083478866
0.44337479399388885
0.44482383310321705
0.4409940548701379
0.43860344176686666
0.44605325466080276
0.44196198241787843
0.43674678805345063
0.4392458544569849
0.4319155250599753
0.43667087470303767
0.44025982771463273
0.44110892337118474
0.43074273343396885
0.4370591724280841
0.45004824544650707
0.44718321947136946
0.4409007726549061
0.4473654914182423
0.45123923413054273
0.44531148722989555
0.4448387330041728
0.4508384981689684
0.4459410496528173
0.4484301061002443
0.44217961863245453
0.44226049757282787
0.4326369603409615
0.4445578830310722
0.4438409187098114
0.43798685264712484
0.44628311024218764
0.44460053888821377
0.4483828615490382
0.44629850326234904
0.4491120615681328
0.44122552282309585
0.4372485019771393
0.4413979734634423
0.4517883547952182
0.450325966106985
0.4440432789597469
0.4519677519611924
0.44608931560843934
0.44792250006099565
0.44954804220711925
0.44418321509778386
0.4417374375800472
0.4387374872996783
0.438644614702068
0.44356138939442485
0.44659857823314025
0.45284107489239916
0.44787525943039636
0.44417766620278926
0.4404220125859026
0.44622168978032967
0.4422865735094137
0.4442638098994358
0.4379078094629854
0.44138245180857844
0.44248404795196916
0.44260262303877673
0.4433404437779809
0.4384971328407596
0.4442964151700078
0.44271378183385024
0.4424693669296422
0.44267464786712246
0.44586176020843404
0.4481532075918595
0.43790994767859076
0.448837113290704
0.44459824846623436
0.4445379786777976
0.44876283411669426
0.44191111445854875
0.4545734635777809
0.44868909133230067
0.4478926132189607
0.44329782960625336
0.44790159309718497
0.455566306298338
0.45872364868499843
0.4557810883163176
0.4556793814096351
0.4563996607714611
0.4525147526768873
0.44109718657341285
0.44280956686754985
0.443900913817304
0.43303088336754875
0.4421371309044224
0.4439110004627564
0.44953308217599425
0.45098285308439806
0.448946153122375
0.44321439828575765
0.44286090270839923
0.44658019978252267
0.4449000051242849
0.44595325909326894
0.44905135939079927
0.45113693785545156
0.44845733891553863
0.4393458215062495
0.4428839169306531
0.4403688125462058
0.4496994022616725
0.44596134412737004
0.4449692053883289
0.4436941597332551
0.4401276586343746
0.4365044810645677
0.4365694681341004
0.4454570638422605
0.4474388439748335
0.44764654467412157
0.44427207996089524
0.4459042498533332
0.44694626093495177
0.44389205536699367
0.44038259501577826
0.4351072802606397
0.45112998415173117
0.43707549868874995
0.4510743971151206
0.44673005777354763
0.44604412869892823
0.44692450226298336
0.4424394557268203
0.4359410091723235
0.447101820285483
0.4422778752075836
0.4433950652287757
0.4384762335176453
0.43718862836237954
0.44213656819057684
0.4459010399068705
0.4395369651762708
0.43990679181327796
0.4372214838710968
0.45160250669983726
0.4495445296348218
0.44793931818833754
0.451257210230751
0.451934952228082
0.4525692710301197
0.45126887386603204
0.44672430265236035
0.4472466997886346
0.44366445333444343
0.44330220489483857
0.4496531283419531
0.44903544494754816
0.4504304828534687
0.4444498452132388
0.4475905044435636
0.444199127251383
0.4481896781795547
0.4445469569038698
0.4436834694826091
0.44551952916214604
0.44567463589611417
0.44550822873822243
0.4334002115970199
0.44280299410884133
0.4403209445344914
0.4441313897460173
0.445905543660186
0.4466709740681332
0.44716581176959386
0.45109056404384273
0.4501396008095057
0.4392303332410321
0.43334674720868094
0.4356016929950685
0.4413796110009232
0.4435910233731506
0.444004224465383
0.4424177167437889
0.4506311532552441
0.4479563264447668
0.44712998476088056
0.45712631226854666
0.44491864183835933
0.44429827311454856
0.4399823898950445
0.4375777085193935
0.4445858800465548
0.44790684860092994
0.44898718112581576
0.43401190108965765
0.4462081408373542
0.44037608056372046
0.43819189980735423
0.4408808574685868
0.44620958790561754
0.44556738657143974
0.4444500942660224
0.4434003092715113
0.43903208319910053
0.4404769434616637
0.44793355413386643
0.4470561558797155
0.44709521136916514
0.4392190366840088
0.44168157332163377
0.4376254704160139
0.4441356496630214
0.4459973387160195
0.44884563220329277
0.4485458078836478
0.4514680656313739
0.4528762231705825
0.45104878211947336
0.4465943332492923
0.4499391885533814
0.4440810161373157
0.43932782378734553
0.43480827432797864
0.4343276349344994
0.4389989666596765
0.44043241738706745
0.4442911034158194
0.4475068119001906
0.44942780337803695
0.44492115635236956
0.44503010433067147
0.45346936764358703
0.45020785295711296
0.4474945793654404
0.4481075551944195
0.44462456753790813
0.4399185964475567
0.4442270344898031
0.4455460265635101
0.43760876963666195
0.445513760749978
0.45193854844145814
0.43874951451523264
0.45031473110463804
0.4522447699442869
0.4502848662142775
0.4421460963951938
0.4429054094830757
0.4467397111391476
0.4459396567904839
0.44214110243513755
0.44453751413672804
0.44099211278026673
0.4413482030622729
0.4414186401242957
0.4371723169276512
0.44102008270347226
0.4394524367906525
0.4470009540170216
0.44573216819364264
0.44049881158741805
0.4392497481289894
0.44507083861707514
0.4501438604322499
0.44095047244460805
0.44202488938188905
0.4397772217259852
0.44988360076027983
0.4430266328237995
0.4587155459032027
0.45025018968173924
0.4481944308742636
0.44585606425967367
0.4443191401152253
0.44478279124603937
0.44845136640457767
0.4449480895845826
0.4449029139456056
0.44477327876605915
0.44778045624663726
0.44661418516225854
0.43723166603896685
0.4486650328836686
0.44355096919870046
0.44091059724687237
0.4427221062611287
0.441345583826864
0.43976349124742825
0.438205467803311
0.43069090140981275
0.43710242879735506
0.4408255465114363
0.4439278660902711
0.4430204304836996
0.4437353506875658
0.44500045874379884
0.44485941498029596
0.4466829426584127
0.44665883099713555
0.4526521651911668
0.44615068322514834
0.4501879386028195
0.4474009036933427
0.44910678507274887
0.45076875896270246
0.44780223614945114
0.43802223948252855
0.44273392319554633
0.44303462819263406
0.4425262305725935
0.44147769588963953
0.4378432880556052
0.4351890959094877
0.44327663516441934
0.4439363694213186
0.43801311856923664
0.43939594178020874
0.44705031621848046
0.443444606032893
0.4398777112335875
0.4373363020384109
0.44692746859453764
0.4415017468754265
0.4336210267736187
0.4317311005969912
0.441283185979549
0.4408180309726526
0.4464994920494983
0.4482957684249784
0.45291385120428607
0.4408065007468629
0.4493500141653642
0.44229965494130935
0.4380866305400144
0.44386982025781
0.43985192138169954
0.4417521653566247
0.44651886759745624
0.4421437897707852
0.4418835998946522
0.4468879673535622
0.443323874479078
0.4317911875207892
0.4438504815837328
0.44538780214252055
0.443016081336619
0.4454771393495394
0.45163810959292167
0.4523168754329587
0.44570052578995684
0.44731858298341215
0.4431966705229304
0.4446045491261226
0.4408617039838101
0.44229409658580177
0.44227063657606536
0.44197967586221937
0.43806541630544543
0.43461282931613915
0.44546381524346673
0.4453496493077118
0.4341109432539489
0.4475582913630642
0.4456488167288306
0.4448804617796937
0.43829172629296526
0.4376644816935196
0.4475646601900796
0.43406874041422827
0.4353955132667709
0.4372140625844501
0.4460558276530389
