0.3357105917309359
0.3346913370006645
0.33610598459523827
0.3456343456120068
0.34424712963833676
0.3439995548855462
0.3338344866262104
0.3331413570497458
0.3348973981033678
0.3368233363731549
0.3366620990224476
0.33950068513598497
0.33725712617069514
0.3452738123867161
0.3490249578727662
0.3435343746547876
0.34365968566514987
0.34209098726713744
0.34544408043583646
0.336839983977008
0.34730228837206406
0.3364617700644637
0.3393753676569044
0.3478302032149831
0.33845150540979835
0.34669130189057795
0.3428020733404378
0.32928859228574464
0.34394787110736397
0.33414951922528596
0.3380081306752673
0.3399908035479955
0.3381290538951165
0.33649553890588274
0.33377935474026793
0.3376673055125839
0.33358719769896844
0.3264466282382009
0.3321359429523791
0.3282175748244393
0.3297676701247328
0.3361581171857482
0.3354511540227456
0.3191298449465814
0.3254723012500884
0.34450929915757905
0.34300297232170274
0.3319580050602659
0.3422496325724053
0.3423032210127927
0.34136761682540123
0.3414536061493126
0.3437365386983447
0.34143052128134205
0.345394398567414
0.3350895691613754
0.33099093879537084
0.3299427620095904
0.336527566079643
0.34039335235026186
0.33273258545619183
0.34014007443341693
0.3435909247652856
0.34084499153352565
0.34571944341140354
0.34325956951364794
0.33893672322792306
0.33082069095873506
0.33746508451333895
0.3507669958842425
0.34749788513344687
0.3413079021648709
0.3514274235141516
0.3425319470076562
0.33571246035927954
0.3421739092477983
0.34254877444911536
0.3352363070708531
0.33229195575070786
0.33133539667992123
0.3422001398055707
0.33773203471187657
0.34982033765817805
0.34298681624470406
0.3415763716173314
0.3342196804894695
0.33644135268359715
0.3384797745793238
0.34155990918208534
0.32826738135599687
0.33674565118727967
0.3436753241177464
0.3374468576780843
0.337655726662647
0.32963765626601355
0.33839248725660015
0.33834944418307705
0.34011168280298093
0.33957197310241066
0.3429981724788467
0.3469064338511083
0.3307321465734055
0.3439446867648875
0.3405851426926934
0.3375178179072176
0.3447564344604712
0.33485044227878696
0.3520583214186879
0.34458208084222613
0.34632239055067543
0.33654748303685644
0.33972302373640334
0.35161010558889166
0.3540869911992426
0.35000463965221734
0.3551227265071495
0.3479100614299513
0.3452512271116191
0.33463722733805756
0.34078618268409683
0.33133436123781784
0.32612598905771817
0.3378027232056366
0.3373818384700092
0.34272106132712227
0.343184975089684
0.34272798438961155
0.3345866333457263
0.3395359100210496
0.3401050277741839
0.34105481637960566
0.34241512046205175
0.3410956239927691
0.34647878364185797
0.33945265480078074
0.33003274245789066
0.33694277469958117
0.33523297552108394
0.34349294412377157
0.33927185441865654
0.33746038440810616
0.3396845270077335
0.3385589808798888
0.3357029922169255
0.32942464132349386
0.34160911369270286
0.3463810796073766
0.3390237910308666
0.33773345987125913
0.3418260112938794
0.338108618409197
0.3418217233634977
0.33356144370744484
0.3269123180641356
0.3465867626403624
0.32945746200660775
0.34632624345748475
0.33987690873444215
0.3425840240911968
0.3396847777819488
0.33777454168789894
0.3314918470266698
0.34893230316018314
0.33499672463358743
0.33802376129069756
0.33031041184328186
0.3330150472839664
0.3384974336207584
0.33941379268854116
0.3290169547263747
0.33319785391207357
0.33110736847949174
0.34974368070017875
0.3465524906288114
0.3388203899392774
0.34809407101401413
0.34439592634442145
0.3488705171923334
0.3466550332801021
0.34225869495961514
0.3394797008816009
0.33412407082054235
0.33380060740106465
0.34257954431148296
0.3451939934543553
0.339922182159347
0.33596193127256346
0.3450647747926587
0.34170540494806434
0.34392789836857757
0.34134265345014936
0.33686487015577593
0.340644655083493
0.34219237703528194
0.33946798311347903
0.3262187223230536
0.3348243891852191
0.3296781022700257
0.33903482692254094
0.3409104925149599
0.3427991775073922
0.3474240124207087
0.348863141172921
0.3453334673848847
0.33345646279154306
0.33034385960827467
0.3302216862820064
0.33552588797166777
0.34311195433170477
0.3410207923482919
0.3312667886301397
0.34602032605202054
0.3391588734256226
0.3421044104259087
0.3547272553201872
0.33717455925389733
0.34061930406185587
0.33438494504412986
0.3294618203982895
0.3420159773676479
0.3410476922958028
0.34613722429059934
0.3304340746148429
0.3418658771241652
0.3319504526532174
0.3340264187983022
0.33462422263015007
0.3456521515482789
0.33966947926481666
0.33785847899832394
0.33536917606179534
0.3316145524634339
0.33371173980981195
0.34527572819560465
0.33684949248712487
0.34598449534014447
0.32961357826337323
0.33443632098763
0.33306059135195387
0.3414086374928918
0.33917142919464155
0.34359761967085406
0.34378897550199977
0.3484341278281438
0.35029527522004117
0.3449684945506839
0.3416308542300912
0.3476447485371931
0.3359854179322539
0.3346154209336969
0.3299058338848175
0.3336609979706142
0.32557065414429215
0.33536836202340153
0.33840614450903206
0.3451732120343758
0.3463628586463112
0.3370064985938143
0.341901394950387
0.35076082244721124
0.3463923276310868
0.3406879503994657
0.3419527160278724
0.33472028426523165
0.3356310119077382
0.3340740656010672
0.3405310366079464
0.3329400235482339
0.34050283203898934
0.3437921969837609
0.33408277775005596
0.3471121521159147
0.34944087312298094
0.34507921397546154
0.3351784060960621
0.33913661813843327
0.34502223369237295
0.3380832158062736
0.3375663413666514
0.3398165318661495
0.3381495802532068
0.330891311859222
0.3382526562954317
0.33180551684050524
0.3326614548799941
0.33746199705646784
0.33698036287511385
0.3369937334977337
0.33241276827631455
0.33640082201872357
0.34760797014270817
0.3465480355827561
0.33417250961478334
0.3387098279063596
0.3375877171133413
0.34466688466543444
0.33770148740629
0.3570231395281551
0.3449384652789656
0.34559912797462294
0.34058706827751867
0.3388166315611279
0.3393938214472008
0.3453995123783986
0.3428616895692392
0.3363435080975685
0.3403380479305876
0.3474055716778246
0.3419460964159236
0.3341715694708482
0.3448523441211298
0.34097655470247196
0.3368718817804221
0.3387718210466994
0.33316554947618376
0.33321052413035795
0.33523566048134845
0.3227541414525474
0.33314331459777724
0.3410193188600481
0.3383529542091859
0.3344044930020431
0.3365254122871196
0.33801207449587584
0.3427441126345108
0.346858588382917
0.34483772581124755
0.3464012477493385
0.3422116055717806
0.34454421890615455
0.3406259704679236
0.34572011507104183
0.3450295783173223
0.34631408672869
0.33522016314421577
0.3380747234565065
0.33369062559831436
0.33647705142480344
0.3387004369193125
0.32879739357980375
0.32922408567148725
0.3391988352801283
0.34416188714322193
0.33207016299185393
0.338286723880229
0.344925373974512
0.33968468286181636
0.3336392401651038
0.3278421429926325
0.34340794311496037
0.33450980119722784
0.3299598890821408
0.323792926553208
0.33588446438029584
0.3350827200332272
0.3418107218477587
0.3471505885348805
0.3489592317841663
0.3359050473614071
0.343085304113563
0.3376317600945709
0.3298606286014461
0.341070291383239
0.33098747633583675
0.33428131742763134
0.34106301596182315
0.3345243237509136
0.3395368179954344
0.336482537809967
0.3340561932988771
0.32354113752163627
0.3362318185746511
0.34433957923404185
0.34034954390966904
0.3348028322431975
0.3480564734828068
0.35010932037772197
0.34112259672014483
0.3426702041377718
0.33276500180162394
0.3403019133816581
0.3371886264669485
0.3353360130740528
0.3378196691006581
0.33286285827108336
0.33126970412738893
0.32742080184090633
0.3386486746695501
0.340146097859182
0.324946460951396
0.34050252373589046
0.3398638123815268
0.3416457767411816
0.3381223332386891
0.33335665860767155
0.3484095743233014
0.32520448242406363
0.3263719911568204
0.3322968757276358
0.3445251344306341
