-0.0035948689707097953
0.00013258528654969975
-0.00020496034732200256
-0.006192627096873026
-0.00027150825026217037
-0.009435750013754974
-0.0012315615925537209
-0.0012245963601093088
-0.00385560201971794
-0.005127560700840463
-0.005790761245532013
0.002266957786490276
-0.0011146969674439764
6.684183499373346e-5
0.002431275872604947
0.0004893597563796888
-0.00018632621640860147
-0.0011236214538635383
0.00017079087036258307
0.006176931658354145
0.003028868874197397
-0.005679327390886594
0.0005765661314848736
-0.004721745346289529
-0.0019284682007877224
0.0023123453363031675
0.007975811145670352
0.004181011461210446
0.006807511377344727
0.003299272449827993
-0.002841262503872555
0.0014275065197108295
0.0017580253709794612
-0.004715866897468613
0.0033424054794028465
0.001655035978057961
-0.0048782756894316945
-0.0025149699203522945
-0.006105660948615869
0.008840620558948076
0.004991893282019583
0.003017729384993584
0.007431323460140505
0.00686644297021826
0.0012707690475341274
-0.0010759140944995567
0.00044283247522609675
-0.005116674467639843
-0.004990916715056813
-0.005469335093065148
-0.0031564764343126367
-0.002614205693986952
-0.001733987209133177
-0.0027193365724404797
-0.007828697203792664
0.009359798988768939
-0.003292755890496778
-0.000778331687990992
-0.011943116959472642
-0.005924509533535665
0.004533678680147832
0.0038014247575256627
0.008275692159091937
0.003492891037616188
0.0023512404570079537
0.0003304540390758634
0.0005752128792395582
0.001068382108051796
-0.005844542711641698
0.0038225697442627973
-0.0046458810802381305
0.0024937824704497707
-0.0035947266307835087
-0.006252332417366241
-0.0007955541771462876
-0.002645026072766813
0.001445393905544925
0.0017942924614065758
0.0009791769456690697
0.00023385744594520412
0.002868011810670782
0.004796945382546117
0.0005123369400203415
0.003759182989829149
0.00162177324265194
-0.00728568844169988
-0.0050801759617322495
-0.005694302324690963
-0.0018399569361327445
-0.00024408360441526502
-0.010056909878223993
0.002108845616403814
0.00764948952317908
-0.00583461426578754
-0.0007226938351498608
0.003619878461915358
-0.0023764401265712123
-0.0029059029422390872
0.008268327290161474
0.0018943184226645872
0.006210518540040936
0.012727941564008216
0.0016280497263740149
-0.010698194035578019
-0.002756109676508522
-0.007330579099062973
0.002825391779464333
0.003451767917290422
0.009387086979415009
0.007364117052163328
-0.002731172778875375
-0.004322203208234694
-0.0014688066224389429
0.0035415230514501688
0.0002939384467796761
0.002137307438895119
0.0027522790654648135
-0.002884782883692901
-0.001727449952370146
0.0008065600139805329
0.003947136229556782
0.005477818289797023
-0.00042843674706396855
-0.001631791723450988
0.006063246299356117
0.0017341429943878146
-0.0008514472486854922
-0.0036205963574712998
0.008331280161799437
-0.0003177078410993233
-0.00480887284422118
-0.0023721516922630475
-0.00563852746770853
-0.004538106692513969
0.0019952607072864247
0.0028658294195811913
-0.0034148681544421866
-0.004163078888930529
0.011431566695003606
0.00020238052506488553
0.004357568099814974
0.0025230834135710816
0.003646518282410106
0.005817125582036317
-0.00395497367471392
-0.0018392316744824933
0.003576842519813221
0.0030316402172252226
-0.00242291104272851
0.0060917276556641635
0.0037689894559240996
-0.00668216964865983
-0.0027266070685577175
-0.0032532346255448046
0.004719672400431851
0.011647882758442226
-0.000892985516535451
-0.003517156310149532
-0.0027172732970295282
0.00026241928130723506
-0.002076530343122445
0.007102618503769447
-0.006696365229037447
0.0016756474420859836
-0.0016284501738476063
-0.0006484498689217898
0.0011083216618046035
-0.0007069603591245583
0.0019383162251969818
0.003333406619497672
-0.005482040151479282
0.015547805107647479
0.008221196239126717
-0.0015836045482022626
0.002247947415943496
0.01215423603035331
0.0046545045985110925
-0.00038800160654181895
-0.0026260399330866376
-0.006491743357818629
-0.0016546731754337903
-0.00874596768396621
0.0059836369027960875
-0.007938921528334553
0.003253767430878766
0.004489757712374752
-0.007575374016785103
-0.007318347235116498
-0.007238851568052026
-0.0035302359976854916
-0.007765238706625841
0.004412528380358989
0.010057683051626512
-0.0029672064391837436
-0.007174917449599143
-0.00015548694450080608
0.004936677085443956
-0.0002785364726391188
0.0032826413012253253
0.006868801026179202
-0.0001280508330488397
0.0015547153775452938
-0.006695012191677948
-0.00534160137623008
0.004832975116885907
-0.006690380175704493
-0.002648161010882923
0.000356069829747377
0.0008418825980775172
-0.007050510038227154
0.004628401251118823
0.0038634453240057928
-0.0016144824647683646
-0.0029291864475070647
-0.0040223271710576
0.004634120892950221
-0.0024034687158512058
-0.0028388047557336062
-0.0025691013185210805
0.005882344939816714
-0.007935257746664221
-0.00171989419615005
0.0005988489368001831
-0.007065987777548465
-0.001206051971346337
-0.00912520958410447
0.004400627499437387
0.005077953865960833
-0.002049594716524754
-0.007414614539668828
0.0006012978499409716
3.5427449757292666e-5
0.0012763511708926035
0.006300845684052355
-0.006611970165521665
0.003457229235040275
-0.010081752740858535
0.009510846894811126
-0.005632938398465039
-0.00931839801509086
-0.001059270372681455
0.001973211956554479
0.0030364889040102347
-0.004117827741534874
0.002891703839063682
-0.0037632098488740687
6.747063956634764e-5
-0.0028160293022448327
0.001543432344457602
-0.00046287287758859535
-0.001990737592090283
0.002726539187096442
-0.0004429797041789817
-0.005790593292676393
-0.004274966955942097
0.008527107452669516
0.005174688791418487
0.0032302553027423876
-0.0057082507980398
0.004299605590347517
-0.0026817432965027567
0.006719085708674074
-0.007057857128684743
0.002531868111333169
-0.008093113967476575
0.0021223565298518973
-0.004275029034263194
-0.010799489724509852
-0.0010498016171240185
0.001879274740170335
0.0011196086615296392
0.009629982386862372
0.005133934579602207
0.002973335658306526
0.009964622211594613
-0.004480376573911098
0.00454171957011728
0.004604174763274487
-0.0017003308673006984
0.0028616195308846216
-0.008404848124327485
-0.0057405751129160085
-0.0036673600586524
-0.0038500083256159568
0.008264679105005899
-0.0008587327703751188
0.004053415340091402
-0.0012027737788801649
-0.00594288996874881
0.0037315056834241913
-0.0005996110048758647
0.005411456000401993
0.0036856813174100437
0.0005369084768377775
0.001964223088422541
-0.014019051765788111
-0.010276886287670466
-0.004126278168429801
-0.0034294885086329674
-0.0015255814694714374
-0.005851657511718992
0.0054177848936871826
-0.005332541493336358
0.006659908231146972
0.001757156828750543
0.006979242254697516
0.004372653861314543
0.009274263487827884
-0.007767114607768238
-0.007781724467685992
-0.004159013008183782
-0.004032755174419711
0.003222693066638192
0.008964509161297854
-0.0047511495163864185
0.010026278115206066
-0.0006709842489090468
-0.003988008156384923
-0.0016140565508294023
0.011249874531529582
0.001725347755315105
0.00381323320768784
0.00769198190600296
0.008942883575326774
0.004761856566093083
0.0005250730507453694
0.01046876563880579
-0.0018680282779879832
0.003448384631302049
-0.0012852245313913033
0.001474517755249577
0.01042408401770416
0.007755305809038461
0.0029966505297673134
0.0015575612995514946
0.002552361646664701
0.003313152500786631
0.0064853207890990154
0.003460452720495111
0.004696476587185483
-0.001472339565521989
0.006776721065317068
-0.013306098867814734
-0.0031686271428727764
-0.004859167908435184
0.0057210521757574675
0.003563241836821098
0.001161875326922188
0.0017790235551375757
0.0007660128945325708
0.005845096774497822
0.0006952215365783901
0.002339553882563771
0.0024443803432597096
-0.0018200346329057154
-0.0005804694355117518
-0.0028393023621443776
0.005649663837236992
-0.005350838432855686
-0.006851294407524226
-0.0022750538617500207
0.020703481519378186
0.01033169513579193
0.0035721759640943936
-0.0005945201740554946
-0.00011426812505742687
0.0033743968658869598
0.004512189721314446
0.010724588404081527
-0.001206767561824523
-0.002739798818760594
0.00081367086729976
0.002823359699149822
-0.005999476555844728
-0.004083952959280404
-0.0010388230683896404
-0.0018004261489400946
0.00945500561492638
-0.0022332235042615265
0.007414676244490131
0.003156182192300369
0.011732683131910572
0.0057125010241655914
0.0052782797698791495
0.0026942552203357167
0.0051759113033069265
0.001590755370599637
-0.002790727143254346
0.002254627691885906
0.0076499586372956695
-0.008606515184500337
0.000368561821612941
-0.002996975134517176
0.00985627787399954
0.0093091110695268
0.005177390769549986
-0.013595383376893456
0.008754455706915442
0.010931362845502716
-0.006659751841162422
