0.4406219230354785
0.44529899704443704
0.45928548709588274
0.45100882703067646
0.4454810301330185
0.4472880689628332
0.44435621268441694
0.4504024763961443
0.4498168042581773
0.4568948389099337
0.451209476948038
0.45548777530332824
0.45485943676871465
0.4648693295064917
0.4595933733213456
0.4501334610738312
0.44439082646788336
0.44051107937349704
0.4545566711665345
0.4402956304416223
0.4526230555717628
0.448664279409206
0.44256861735915726
0.4475246516228222
0.4471539522920365
0.4459310138601946
0.4555263309907136
0.45506559945814445
0.4548813441684185
0.44873905889842486
0.45591938964220974
0.4515006690361046
0.4451300613690026
0.4531930612614483
0.4539267115591458
0.44691051277066435
0.45149929815268247
0.4464572882873515
0.4463215626509753
0.44215665258366443
0.45323571709297555
0.45350712478466354
0.4465125125723552
0.4633842673957202
0.4539742359373769
0.44962332992015913
0.45593870183354607
0.45442998433685133
0.44820452006920325
0.4494339831140704
0.44109020454026293
0.4523272774995393
0.4527249819537463
0.4516505426018593
0.44248694032364155
0.4529915664338902
0.45204313496920595
0.4501333256567322
0.4555444790441178
0.4572927413178183
0.45928648388405385
0.45247524299013314
0.45032927198339995
0.45765404968318896
0.45181917737993643
0.4531253225961291
0.4547461046831798
0.4524739054875981
0.4544655907276489
0.454833948977528
0.4522398171319883
0.44969334588452897
0.45040243614316444
0.45297219441376185
0.44754616168680234
0.4542232917028108
0.4410320492638164
0.45220980574380126
0.44774055060050816
0.45186124254846166
0.44890818577646346
0.44769256443889205
0.45431969659931953
0.4513410700325076
0.44601345488939087
0.44462289696111207
0.44336407236013725
0.44087641583050635
0.44726625009487875
0.44757863216599625
0.44653636573027006
0.44579183753431906
0.4481122976403387
0.4485731401265594
0.4557601288394784
0.45149734440807343
0.4520196513386197
0.45811988336544096
0.44508979210818556
0.4461395923348133
0.45165251282566804
0.4587366025882785
0.45802014487935927
0.44966258890056116
0.4601176554652504
0.4504532437791191
0.44742366476198536
0.4474155134358431
0.45619559413442357
0.4515879726682277
0.4489250512749508
0.43994694015403774
0.4476115697195813
0.4436926805353369
0.4543935908076628
0.45685955702752756
0.44674302672125127
0.45771959242065274
0.46161448964762547
0.45891639129392875
0.4492930846448345
0.4425560263277513
0.4455594686023701
0.44703709186209023
0.44837046763307886
0.44654922911028244
0.45311854899986037
0.4519044048877205
0.45834636832446063
0.4558614378804613
0.4476356109043411
0.45519841207124084
0.4501893032486591
0.4464073730406041
0.45105037302485845
0.44353171565395644
0.4529473370069683
0.4534079298473919
0.4462608338974671
0.44542422113780233
0.452076083137305
0.4465277955186901
0.4448732007851634
0.4488219245670706
0.4469699978431719
0.4482313795896991
0.4428603200467269
0.45075239578209586
0.45338196458331753
0.4464638752185169
0.44738743575642564
0.45371566693062043
0.4528890850544993
0.45050675616272845
0.45203018758032876
0.44872078662110676
0.45211361114521803
0.4592316543733188
0.4543257096677369
0.4455747175782147
0.44952699680941577
0.4432610346297743
0.44438011826439117
0.45180541493841697
0.4531930558271598
0.4466557504504272
0.44425144082262014
0.43958254539874453
0.44151872995422115
0.4569940837999249
0.45425302249626043
0.4481579775117872
0.4503989988647257
0.4461691202251734
0.45155579037085936
0.4580522097752358
0.45402029477550854
0.4538653807654516
0.4443907817998228
0.45587912793723656
0.44239763978151253
0.44404913405133467
0.4516096085723728
0.4446543524989206
0.44804369106808495
0.4563793839979266
0.4544221726948315
0.44760151986159435
0.44474320434989284
0.44890318284000075
0.45027709523225606
0.4427152594520549
0.4518025290779452
0.4521667821817059
0.4497287493863054
0.4611917472135303
0.4525840631422309
0.45596036960808656
0.4549301531774365
0.4517445869493408
0.4576519062831483
0.45190906987120716
0.4569910516113503
0.455650104673551
0.45594554771020857
0.45650620050266605
0.4514277009311755
0.45079359463959773
0.44481840405016787
0.44515619220688074
0.4527340286846065
0.45669478164791116
0.45353594257185664
0.44420103359705104
0.450944511859779
0.4445726467669698
0.44426710671690955
0.4458944531854232
0.45197354135122914
0.4467311776060219
0.45393738677435486
0.4560101513271461
0.44391474914898416
0.4499693397965976
0.4596461345144442
0.45450652843501715
0.45803338369490193
0.4626171590799404
0.4632240247026877
0.44837596029491533
0.45918158298574796
0.44673403425589725
0.45178366073070525
0.4531032078392258
0.4583098811616504
0.4523736387244259
0.4516078194111178
0.45864954969609734
0.45035680590423094
0.4534298484277708
0.4530231704824739
0.4549404492634963
0.44790445229926107
0.4496767629880895
0.4528562922820842
0.44381778174276865
0.45425227758111375
0.449115417924245
0.44856545430563105
0.4447021615929245
0.45664495690764667
0.45147832615647765
0.448436529290104
0.443930220247244
0.445448983646807
0.44999642495081843
0.4494058929462725
0.44077355962709014
0.441321388161879
0.44269893719437486
0.447878448188936
0.4435855095083921
0.4387767421211697
0.4504877511646528
0.4546837628382558
0.4469970190944755
0.45102725761541923
0.45533266438893644
0.45524620900070273
0.4499335249546264
0.4486836303184756
0.4523818221441503
0.4558158020709944
0.45116202954210577
0.4505668517751695
0.4551531268586246
0.4610899955356329
0.4519796836610681
0.44200012639863234
0.4518203351061229
0.4571850001759085
0.4548646340810152
0.45549700561426604
0.44781978624874763
0.4466031807143016
0.44197837397865486
0.4484109628260917
0.44751575692332896
0.44968543538102956
0.4482466625355324
0.44927424765649443
0.45020344460108647
0.4575449334568589
0.45176876926969217
0.4521189110811308
0.4483348771729499
0.45098870354274845
0.4457610705401888
0.4384554843895072
0.4497528045041855
0.4465309069724345
0.4518161096242896
0.44960932616498056
0.45909328362928625
0.452611028386914
0.4551918221628331
0.44554178425431207
0.4455785600679543
0.4530781177959937
0.45171574802291065
0.45390540906297666
0.4502849799641337
0.4407546483051829
0.44513516924695673
0.4536396481754466
0.453752341478975
0.4521382128158573
0.46030251726037447
0.4622879841656014
0.4546943460980805
0.45218070178373043
0.45442687709840907
0.45679395868403866
0.45752927891728107
0.4679297754491196
0.4494639860170106
0.44497487992873985
0.4516272320035591
0.45375947928831084
0.4438525292731817
0.44473796589348275
0.4522801645985304
0.4555276850803415
0.45305006394079234
0.4495507827433664
0.45746264189354274
0.4637962383197556
0.4554128841055994
0.456530517152121
0.4569464605807924
0.45112012033328575
0.4496558660825328
0.44677342078026155
0.44034434403271844
0.4459132321607194
0.45192753397106905
0.4412503473703151
0.44236332456220073
0.44496962425065306
0.4440572909713159
0.46208787493548703
0.4551223813349919
0.46154662182114264
0.4502623852929748
0.45205803140288364
0.4597939250492349
0.45572299889731577
0.45162635346931107
0.45375730053031504
0.45223001100914456
0.4556903204208527
0.4475742138787941
0.44765255092974016
0.4534174565665901
0.44732646494231676
0.4546386711530699
0.45257368847608453
0.4525080918007704
0.4545222447040463
0.45615913471372926
0.4581264973169856
0.4559300766893338
0.4431356840734344
0.4487849645829743
0.4512389224544589
0.44673019339268777
0.4448656888124956
0.4515384811271525
0.44803689974164546
0.4482017946059713
0.44895383468245514
0.449236872853444
0.45150543627731055
0.4469024889895626
0.4492159685477253
0.44940708113927835
0.4507027732176279
0.4497483747157014
0.45801033535331026
0.45238395884631816
0.448955809314683
0.4451080731497296
0.45285215267618956
0.45168393347850083
0.45374524001849775
0.45183302689494403
0.4492259630200363
0.4507333098250588
0.45338071386697343
0.4508295693505557
