1.6409886484625513
1.6394247703279832
1.6406214005763258
1.6408609307959883
1.638554459509285
1.6385737593344651
1.6398150038402735
1.6399466694378941
1.6405644380813027
1.6385325362988776
1.6398318386583184
1.6395663389461594
1.637551190479777
1.63782109273204
1.6385121022435905
1.6388937347130752
1.6393517586432353
1.6406851699590859
1.638613739514101
1.6380758326325133
1.6399989780500257
1.6404933462569575
1.6398191161527882
1.639201209285523
1.636871852555322
1.6369227765607886
1.6362615233064923
1.6342238651296892
1.6320346532800714
1.6340792180645822
1.6344761971164234
1.6321212289595706
1.6327370215852661
1.6322145459133979
1.633840156545218
1.6349395217215772
1.6367643008744248
1.6392055300351003
1.6406538598178684
1.6390670347545648
1.640066996088211
1.6392979869943805
1.6396647562359412
1.6415199017140247
1.641916334292753
1.6436019402319455
1.6455452553740177
1.6421813686955415
1.6413381336762631
1.6423904187689413
1.6436526312137745
1.6424987719716273
1.6427141011810615
1.6428496094037444
1.6387831226710496
1.637412453517649
1.6372681993962472
1.6362675720476019
1.6372161441496298
1.6362423146007394
1.6364565583995787
1.636959512314555
1.6357722035798012
1.635698634867518
1.6369189914084759
1.6369461924863433
1.6371262521717254
1.6356993606857457
1.6390479006497207
1.6381588201027817
1.6383231758748766
1.639016809563285
1.63911283073719
1.637873091084329
1.638784568496861
1.637080502099057
1.6397698701810635
1.6394389961088385
1.6377258037629265
1.6378511781227358
1.6392654679126153
1.639958537945371
1.6398754730618963
1.6403977432191679
1.6400145168835039
1.6390278955012847
1.6371662070203667
1.6381887116395588
1.6380231034026793
1.6390083680515257
1.6384592875744795
1.635931603629528
1.6375022732289768
1.6375401161270415
1.6386518071549074
1.6382065186721653
1.637597651077928
1.6369618196506157
1.6374248612048246
1.635557645464393
1.6383712442976286
1.6368130773438534
1.6379480542044238
1.6371370765097206
1.6343307404091483
1.6346267732920576
1.633273726832849
1.6318752036894433
1.6316277298146744
1.6327244670572152
1.632070627969004
1.6317023571716267
1.6309459228607683
1.6310609718429392
1.6337365991165362
1.6355187622109055
1.6370276922090752
1.636919375914667
1.6367977176817494
1.637390842824042
1.637770375953667
1.6375229455956573
1.6390643660337028
1.6376685910780044
1.639405880990919
1.637633613221727
1.6376192507783889
1.637667384047257
1.6374053411908083
1.6379003066535294
1.6380117005108379
1.6364462948829153
1.6368084189576861
1.638562460804793
1.639216408807673
1.6392328444002748
1.6402720660891383
1.6388953046643207
1.6391485480753711
1.637946453253059
1.6378236229801932
1.6395081228249682
1.6385603253641405
1.6365815389348681
1.638069974671339
1.6388108462103144
1.638069317584452
1.6400227636463385
1.6410587395988032
1.6420773915678653
1.643652864720704
1.6438606438353875
1.642426688510693
1.6408572061479791
1.6412025046774965
1.6415266140591793
1.6402309669143724
1.6407246839266818
1.638118146429242
1.6364213128266933
1.6370833162528275
1.638831908993856
1.636721289129004
1.6357726509783945
1.635955118606421
1.635708652661347
1.6339574666390115
1.6352157924781108
1.6355762786671204
1.6366719151075817
1.6362168175626297
1.6392833385414618
1.6388363750539487
1.6381440687383892
1.6386432435247673
1.6383081488439708
1.6367772272557244
1.6355098766314886
1.6355618584076168
1.6344258082266785
1.6351057819951722
1.6355307519312858
1.6370933214795245
1.6379642328706665
1.6376041638645225
1.6385364912662914
1.6390066291827372
1.6375626693150753
1.6392137044253097
1.6388111073618892
1.639088733850754
1.6392860400572475
1.6378618300881727
1.6389956811673063
1.6409240315988831
1.6386609961670664
1.6386883728120494
1.6384713564814235
1.6393607231091047
1.6408716645115002
1.6411131157623378
1.6403626164773073
1.6396308480918302
1.6398299920903603
1.6373568649422832
1.637715438964353
1.6383864182698273
1.6390210044743667
1.6398223876484457
1.6399527067822237
1.6396331775558166
1.6391213032384395
1.6384974148477465
1.6370635350728406
1.6378864639130768
1.6369667900544185
1.6348907646212862
1.6349388534290956
1.6375962657757845
1.638231545236438
1.636715944940875
1.6398150442945867
1.63833610366853
1.6384817369917553
1.638666142569911
1.6390140368744175
1.6410059406321293
1.6397868950458263
1.6378308218910518
1.636484416603611
1.6358491017343875
1.635756928965872
1.6376332864749723
1.6379817835695758
1.6385056705705523
1.6380956687908006
1.6362946432736454
1.6389415768316118
1.636848668451297
1.6386341191444025
1.63982199051601
1.6403140984187141
1.6387516222186083
1.6378697613299695
1.6351962466442171
1.6337646628627005
1.634958792028396
1.6343083829060387
1.6345735574545643
1.63367267487827
1.6361156549283038
1.6337936657739136
1.636322440988316
1.6372421583304764
1.6388962062371446
1.6392127954774496
1.6406392655544608
1.6401003262107556
1.6394795957540884
1.6397947913274564
1.63793098521192
1.6380659960467456
1.6395142715260536
1.6400174957253424
1.6388106861331773
1.6418359444268364
1.6408333235377337
1.6423816083772258
1.6412834392835354
1.639440482829835
1.6410118918616092
1.6392298194337231
1.6384199431121114
1.6367435464260298
1.6362694973634508
1.6393844948856866
1.6407115738361946
1.6388143398864885
1.639676486407183
1.6398505014228968
1.6394945019042875
1.6397562290168266
1.6406107119443651
1.63951567395861
1.6382416996209892
1.6381819358482061
1.6379896143164494
1.6396303776221264
1.6382334449697908
1.6388948189662498
1.6371457685209565
1.639517588488331
1.638841386411366
1.6388431030348922
1.6409492928592355
1.6409866822184043
1.6390392166206809
1.6397703212422226
1.6405343909152996
1.641672658715166
1.6407968265952755
1.641474317459718
1.6402331718903864
1.6395981833152367
1.6401579986238262
1.6386973280863013
1.6398699784852988
1.6386561673347029
1.6381198148589369
1.6365849592556945
1.6344825191297458
1.6353126017773478
1.636389147810851
1.6374790684605467
1.6372865192589072
1.6375005933650124
1.6372657295972242
1.6388115565603054
1.6403292056452767
1.6389168660523716
1.639925328483235
1.638867818847452
1.6390170000306532
1.6385729386912877
1.6396954822867966
1.6410916202324224
1.640636902318192
1.6395163069949752
1.6395756759690372
1.6363462090962866
1.6354307584095473
1.637202728168975
1.6394071739862295
1.6406824167078387
1.6404017791550722
1.6395587092573765
1.6394124386277453
1.6394797623788886
1.640869921220445
1.640798153138587
1.642199387878569
1.6398473204532114
1.6379447279258346
1.6410695343343566
1.6405026027574454
1.640912194862073
1.6394296035399276
1.6402018343082014
1.6405298669705122
1.6393951283581603
1.637769810201987
1.6394940295525613
1.6390154267683763
1.6382448288120046
1.639921262323134
1.6377917632989663
1.6367809133333646
1.6359692896497753
1.6366492505704515
1.63518263455096
1.633772276820863
1.634299202865023
1.6330602500917095
1.632974442435185
1.6362469338663579
1.6376447283578748
1.6380287583153386
1.6363380024030314
1.6343132953908714
1.6384663560043342
1.6398471562373143
1.6392708602927606
1.640004759155735
1.6409473654345001
1.6420493869998187
1.6403532227507371
1.637193810349249
1.6397645496584026
1.640556034115739
1.6419750983069656
1.6413744351539084
1.6397865408840435
1.6389721746476855
1.6378785804408635
1.6405019697608596
1.6408510424604723
1.6393266865356382
1.640165841115996
1.640538404878826
1.6397987425836242
1.6381723148012568
1.6379065303612395
1.6372392291081055
1.6393776616751463
1.6418882396450858
1.6407937083250834
1.6384435475456747
1.6388559988517635
1.6410152191935887
1.6423486500888589
