1.6541183630969103
1.64811987632446
1.6538870486338455
1.6520080170112146
1.6511408340426388
1.6482517694770218
1.652863233634278
1.6525073234024317
1.6523947328381399
1.6494858594501953
1.6495127427198173
1.6494760619765905
1.645603754054168
1.6480023512558295
1.6487443100892132
1.6489726405885596
1.6491409874289051
1.6505521036893085
1.6489032652624975
1.6488002408341562
1.6536483179745411
1.65037586347478
1.6470187725243377
1.6507075331274341
1.645397349905803
1.6473854403255044
1.6475115966707239
1.6440937603397714
1.6452134719389175
1.6449899694218022
1.6473003489693616
1.646231155290482
1.641730137108147
1.6414020790882886
1.6443324889563615
1.6459235797764595
1.6484986855948924
1.65142617548176
1.6505226688578296
1.646189414226289
1.648606785683393
1.650711363965334
1.6476500119512383
1.650805290495982
1.6520614928964064
1.6535385025651297
1.6553045534017374
1.6533607211337347
1.6521956645087457
1.6530023934208735
1.6525459903124076
1.6536897864083366
1.653624646040972
1.6567412929045449
1.6510203620591977
1.648640311137303
1.6511850865349347
1.6481787368910163
1.6449318395880748
1.6449126504266691
1.646369232306075
1.6448603671744162
1.6476293273740503
1.6470501336959036
1.644752999416689
1.649081214441082
1.6441425605297937
1.6472327751737819
1.6488337547251306
1.6481435003322407
1.6483152972672381
1.651234199062959
1.648763792440635
1.651137576672694
1.6450630973508198
1.6500320279456284
1.653921247378014
1.6487624404366148
1.6456210878827444
1.6486927955072235
1.6475502859376352
1.6513484870309099
1.6541249504417013
1.6470793083682824
1.649839001965312
1.6478243561348702
1.650147572721819
1.6479398183696252
1.6503497153302087
1.6467226475072603
1.647966541119211
1.6467087443117214
1.6499809712589277
1.6498948150904642
1.6527746325501735
1.6455548500998916
1.6501181577904096
1.6500590916002988
1.6459583982665897
1.6488719668294962
1.6501130897018303
1.6452907984663327
1.646856751571311
1.6460430463203264
1.6433225242223277
1.6409525754490382
1.642238147762999
1.6403237379347342
1.6450192977933258
1.643383625353271
1.6416035187424394
1.6391697240819243
1.640485343143605
1.641647774192604
1.646628882106378
1.6486324600578082
1.647749339351149
1.6461971884919284
1.6459074575439054
1.64879301962329
1.6480698203603195
1.6488522693784866
1.6492649193263
1.6463365887849264
1.6509139102047086
1.6477005358550505
1.6497586291809052
1.6480274509510866
1.6410560379687242
1.649736192907201
1.649204928258992
1.6504674664372732
1.6465971935325823
1.6485784427706642
1.6493566451157888
1.6473625733731034
1.6538845456074123
1.6494577381546227
1.6497682076705575
1.647545493845282
1.6476499595183385
1.6486829863450436
1.6488417117996252
1.6495824595404571
1.6453761126869852
1.6514558174425735
1.651428578931531
1.6492313231210123
1.6499837335796221
1.6519204740301507
1.6550359259819878
1.6516181736481408
1.6514317811357013
1.6526720019572372
1.6521729304474633
1.653350698260566
1.6517017199184807
1.6498513371794747
1.6493010228154485
1.649342718841155
1.6456173147053887
1.6526214533863925
1.6434025921709687
1.6452936575036903
1.6479366529287578
1.647378425098275
1.6480532713400575
1.6495111001396876
1.6426631987305427
1.6469618807363857
1.6461491583027041
1.6464384523508673
1.6481584690130493
1.6513313718057876
1.6506826547391216
1.6497978625714058
1.6468966627319075
1.6486547362998736
1.643918308951657
1.643385091730079
1.6462751797509179
1.6437112764597852
1.6435486364833045
1.6487889386318388
1.65011197880573
1.6531471389024635
1.6463473054696065
1.6479727036132827
1.6476905841739455
1.6520423176719916
1.6489530856683803
1.6483248113730409
1.6491737027862658
1.6524668175003867
1.6474287410765145
1.6461804047091915
1.6488096335008686
1.6501639088178464
1.6497021422657228
1.6528605415400417
1.6509981638855062
1.6522496713368375
1.650837540694598
1.6473650189649336
1.6452851861395155
1.6496929748552884
1.6491074105792989
1.6492844227456107
1.6488068723367109
1.6500294216845584
1.6464513522774427
1.6474272027950754
1.6449441695600955
1.6509470655940812
1.6496703721826105
1.6475339593226506
1.6442430418684715
1.6449115795701195
1.648002629106193
1.6465590900323517
1.6490369964101705
1.6472809512570343
1.6490947475395736
1.647410453998587
1.647533777989946
1.6476756808691557
1.6497739755130554
1.6461668413367503
1.648842009530318
1.6477129619905375
1.6458892993154088
1.6479046866677547
1.6487515554572196
1.6463941671293578
1.6429743834846313
1.6519665125013587
1.6438520583088025
1.6468019142838486
1.6436394994964472
1.6499572117489176
1.6523260274976925
1.6495021918268322
1.6523287788463044
1.6482127199700907
1.6432548431925103
1.6404142391163756
1.6443227898446935
1.6463551191460468
1.6483700287174528
1.6465156260143057
1.650279716769836
1.644676387945477
1.6480135991254192
1.6466975308165774
1.6510356232792294
1.65419932973389
1.6512268587992094
1.6508734339362845
1.6500624570644162
1.6501045556895968
1.6494522445308935
1.649854111428764
1.6494398896717448
1.6490778582466032
1.6507923015269048
1.6491533046303903
1.6521187677310198
1.6545868619677102
1.6533661265113135
1.6489841614976823
1.6523766330754381
1.6486462783407156
1.6492989230538944
1.6475188717067621
1.6444340451938313
1.6518226992606677
1.6494103595246477
1.6511170884263318
1.6499589870103815
1.6519818987903099
1.6492027276217498
1.6553657573580782
1.6526271011624347
1.6490323852181126
1.6501396625615181
1.6474398341512442
1.648656603946435
1.64674268451629
1.6473718209500041
1.6492159153752544
1.6480812332544192
1.6503556236591141
1.6510153515250523
1.6490482454513251
1.651261149628121
1.6520996301485948
1.6524303918425134
1.650185539132635
1.6516104767377557
1.655454738819646
1.6503564350263298
1.6526716901398766
1.6520431516269343
1.6545969847265507
1.6494345422662957
1.6504546322153428
1.6509009658742024
1.6515167661060315
1.6478685797981731
1.6441003420513907
1.646181725235997
1.6424439149504093
1.6470541958878948
1.64956852517347
1.645365203577657
1.6472907028687658
1.647599527162369
1.651558376728716
1.6481582060874516
1.6482855753089198
1.645674798640156
1.6515796687243578
1.6480274543176674
1.6434375584479632
1.6514289112625782
1.6579093685938509
1.6510294078532595
1.6467938920908973
1.6510579712485067
1.6433532669721858
1.651840557982927
1.6432574309383157
1.6471436490632856
1.6496335331067316
1.653725897710182
1.645523449618472
1.6497444381202242
1.6475775348292618
1.651036037987582
1.6481535488789738
1.6525113866006214
1.6500788823716717
1.6455534367180726
1.6563580394828943
1.656540641221143
1.6515882154135078
1.6526735289971919
1.6544204855175297
1.6512539723473387
1.646768431909714
1.6487328909836552
1.650505540129655
1.651785202864737
1.6505302551979224
1.6568264908734576
1.646399416773054
1.648915306872278
1.6447668687017576
1.645414834032769
1.641604911987219
1.648834235530804
1.6449652619867565
1.647784081454506
1.6472039349136218
1.6476270805856734
1.6461086847594462
1.6487885034216352
1.6416536141165494
1.646591260657674
1.6493524119019232
1.6469590594113672
1.6500308278167455
1.6539371903331026
1.6541442715501247
1.6521224354236232
1.6506753774001799
1.6471503304291852
1.651031454985581
1.6517753310799201
1.6531455421422077
1.6518326872431448
1.647750847365379
1.6502827225025447
1.6487003581582897
1.651967749171917
1.652353079573044
1.6534129073081567
1.648852024914609
1.65069773304216
1.6491348647602884
1.6494608164502147
1.6484225403348436
1.6536087004036661
1.6510686098504306
1.6580045878922602
1.6473230608703846
1.652914315393887
1.6506720369213865
1.6497318628045918
1.6532456574320793
