0.034379265392938896
0.028469992536989418
0.03417238805349801
0.03271604285616145
0.02875025013128122
0.03444085960221599
0.03211510868687575
0.03591137800057349
0.054402060544762855
0.05314306650220531
0.044209465770786945
0.05077811734687309
0.031479120451116394
0.034289705405619146
0.05366014913784066
0.011072016790281232
0.02845582605612027
0.050646460931299125
0.05814950111068079
0.027910329212711804
0.03208615064638599
0.051558071293894156
0.013660331866178616
0.03229102409163268
0.026626510859819714
0.0390567363101444
0.03989302680132069
0.04675258750227489
0.04465936089636979
0.043874894670424665
0.03647097614349763
0.03183413158325296
0.03221212657677358
0.0166572203147805
0.03519343245620389
0.03211737834755083
0.031206637082389573
0.03167940486962962
0.04420377947184552
0.032113906708206935
0.05858207342752588
0.04492847381045798
0.02857757998278882
0.02388463258695995
0.05754998034278434
0.017300137115193414
0.04327380441710349
0.035273327573885016
0.036334381276305984
0.009399752025941155
0.042196796060468195
0.061521733370853655
0.03013213376658701
0.05244455626541507
0.05445121990705926
0.04503384993328749
0.02321346536359161
0.03933007838776399
0.04470488797048555
0.017460193098950416
0.03508747058739375
0.03506470373056928
0.046230053003154095
0.06659481246459173
0.03500194728203229
0.047796606216707734
0.03970312037443998
0.03253583161356725
0.03446583897931045
0.03340202652765306
0.03974738760934976
0.043892803276372586
0.03913222313416048
0.02614589887302327
0.036824691477955404
0.030114245456241986
0.053168202375145926
0.05466216114986649
0.05277068636942592
0.03355783345078485
0.04854927491856296
0.041350591307162315
0.0389556743041829
0.04212030223545637
0.027037461667487495
0.03569820076902808
0.020070359540549733
0.027245914212409347
0.047165741893271516
0.04606596885759236
0.04345728684573821
0.033239769749209946
0.03757308746927704
0.02942925167160045
0.025455791147942573
0.04505720443787259
0.02550291359799029
0.03156333464837073
0.05050163254073495
0.026461118526065378
0.04278678567861731
0.04833168581210781
0.0341174939802674
0.05963525058736084
0.06674951187420788
0.04156639775569672
0.026317755268443266
0.03148345527183309
0.04021612902047145
0.04171211128081195
0.0208680425507035
0.026108329479077687
0.02969593958487183
0.04055056312888686
0.03824132595453
0.02200015698543608
0.034379244612144415
0.022958548152780037
0.025266813212969044
0.014899583829402758
0.03383262788966087
0.02818798652418341
0.029833319239022632
0.03946714915905471
0.037598204530587445
0.03678539183072112
0.04886911838971361
0.013792627137479623
0.02100540566556698
0.025444393997516423
0.017877666307271608
0.0670243106625988
0.03583345042332679
0.03822888232682237
0.006236580178436106
0.04191590909830992
0.047349465581168135
0.018969554647637554
0.04339673193206764
0.02778378989820536
0.01794370410926023
0.015903622117962098
0.016910508579279716
0.01142294246718521
0.034789050095652876
0.0353377926481825
0.035225302702759156
0.048007745659231604
0.044558646479104805
0.00893427439092709
0.02175419270842185
0.02427454245660229
0.045338167023644765
0.041238376095492336
0.05538926517715452
0.041362297263101123
0.009120363730474253
0.03903896093933041
0.04758403057663546
0.05460448636146626
0.032047911331871126
0.022952647196837896
0.024655920781290017
0.040707591391437495
0.04487530757019119
0.05745847751219904
0.04893260663341402
0.052188700717995536
0.03083853481953
0.02215502495015604
0.023679661137643408
0.03797599788122688
0.02382880451884658
0.034139500359315365
0.0317161095793263
0.04885455594293894
0.035720201711177305
0.038449207986512274
0.04445481580501012
0.03228695483974894
0.025493580090856872
0.03509891108040075
0.026407605655660568
0.0094373004482235
0.047471679903037904
0.048108280070417495
0.018628720337237597
0.05654275196070889
0.04839888444128709
0.03337323580124708
0.04763553206264
0.03961750083024616
0.03671677233904881
0.04496678131699819
0.03896762132146152
0.0208731754144265
0.01819235458424817
0.06063352483820614
0.022510310962203066
0.0480724849575153
0.03199105079789695
0.026161124995392686
0.02550904371708057
0.051189693671347805
0.04147671716861438
0.012498202900652046
0.03901689394266688
0.03653809682326216
0.016777896982416926
0.04077127544777959
0.04093871276745986
0.03843572869118923
0.03250783655781321
0.05766285852989217
0.046092207298559625
0.01819045875707677
0.03813311225769862
0.037808348812689525
0.006782844202439837
0.022035410320521056
0.04441059087817838
0.03366778329499741
0.030806498679535867
0.047253375341292855
0.04568903036975404
0.030776757417538134
0.03448676428946132
0.024610188930610188
0.02099365392946393
0.03420860116253354
0.014440938200968633
0.04897514159451112
0.04646156470897149
0.03078882370035456
0.05042910924982563
0.0447936509037427
0.026057653453936905
0.010346584673629042
0.03119043791234534
0.04832989031717526
0.05179148228535206
0.04572032123190112
0.023788961965897436
0.042245015732325995
0.0310585176669419
0.06801333787182098
0.048570615914913615
0.03658026676023783
0.04093922638721857
0.034032106093118686
0.04091440318959057
0.030033014689069982
0.04045704603720474
0.020267660781990156
0.01196872682806746
0.025840693566328378
0.01698965072104708
0.051518984064066034
0.021660446640272477
0.038080391873502414
0.021797766107708373
0.026327124069185314
0.036614412602375176
0.03442991884094765
0.03750828909146978
0.023463230823558827
0.04088604546869652
0.0628193457486795
0.04251911680351189
0.013087137968985566
0.02223782531466654
0.022243406304225444
0.04249604686300695
0.03022419335380074
0.044904003641193485
0.02770673674763329
0.02655652934555181
0.047066393869872075
0.02317666109799
0.029431533572416933
0.042619018997174025
0.041839853632952534
0.039352785364627094
0.05123617570867125
0.04026863879021424
0.05029874553320105
0.020978278835219213
0.029911452895148412
0.04414874920271743
0.03975343272039235
0.0284913596890893
0.04962411460352717
0.05173864585950444
-0.0014744894385777096
0.05249141786462423
0.04846059182622883
0.03591823697919339
0.024647580801751497
0.03045169918723791
0.01903741951257455
0.027576698538113245
0.0446196105769478
0.0416076603563309
0.05175422327385609
0.05573775621464162
0.02857585763004177
0.028018998918051666
0.05747917111143226
0.05032473542706059
0.027762892245571647
0.053985363186685155
0.023117702450024306
0.034279655633991796
0.01830743881380717
0.013474967566382053
0.03130512199564965
0.039812835134534194
0.02897745711224435
0.05216868295436159
0.02729624191781522
0.043000658785131485
0.051385587466294735
0.0235211334228805
0.049503406838359604
0.04780526674185505
0.053467627156908795
0.04215222478323
0.04797495734986633
0.043361723138564665
0.03026302858358212
0.009307321024584371
0.04072720533778412
0.05682879353448843
0.053758566419300005
0.056177919849396574
0.040363745792623855
0.03885129029108656
0.022532864337740557
0.03630294285444433
0.05295177603385545
0.05306746530439879
0.0479595210550099
0.04175928403700686
0.03462226109918622
0.04324734836915731
0.02558682719912847
0.03739783835048274
0.04820242724927867
0.033402477501930344
0.05280645557901756
0.03871395907468873
0.011235660227527004
0.045641746724931515
0.034563640226438805
0.021704898344598825
0.029552978466506216
0.02332303455819922
0.02695830648697755
0.03207349878492276
0.025939231383244093
0.03461283383899785
0.021958932811916212
0.031022531243296535
0.04545800437678475
0.029616498071982907
0.04613139617697813
0.06416039852521258
0.043795430173873356
0.01911486321436804
0.03612941881099227
0.024161793629817522
0.03382755478384215
0.03476785872519405
0.03934950871704443
0.0515556266276523
0.048209466754595615
0.05796624888938935
0.05295242772278339
0.02852527329059132
0.04614988055348465
0.03654908352781936
0.027662986189095747
0.04157674022690282
0.042838318083857164
0.06389583741039667
0.03160937466872436
0.049203878689112246
0.026316529619862486
0.0492990279831437
0.03933042829554049
0.023826996667281948
0.03571163783549537
0.03582102174064231
0.02832464057551909
0.0497700563355473
0.0618388103394191
0.03003711317511275
0.04296561600106102
0.043877820103771725
0.027988212668896124
0.024816393173993367
0.04011824344441727
0.02395614240021448
0.035238344289377284
0.03276673804700342
0.01995403233515965
0.043362051630261536
0.027440834923201936
0.023534194998530492
0.035173325722688706
0.02823142260428985
0.033407354820512325
0.03551626447792461
0.04014065768015111
0.03449159493459348
0.012679126692580846
0.024536804461010846
0.037617295471176
0.027176376938029257
0.026872727645870537
0.03934412843613316
0.028417726966597907
0.032500159791944774
0.013478756257760578
0.021104316281298635
0.0376766487264184
0.06029460612150852
0.030874544377641335
0.05323146537367544
0.05670161033351502
0.03559566834637626
0.02234567300940762
0.06203212517626954
0.029525496372062122
0.03552752978702538
0.029984237578940857
0.04255762944258157
0.04247764305431746
0.016867264630957914
0.021048577731494766
0.030491073146879422
0.024748888738782643
0.040809232842516516
0.03160062530977218
0.04386294182871203
0.03240174503224033
0.04372365660557606
0.03367422766188048
0.05597419065268426
0.02945929997383374
0.0168353670763026
0.040130300369703005
0.03908640007717115
0.031669870412365554
0.03985684559496895
0.040389777387095274
0.009357259589684511
0.05026284218930193
0.053746849056138184
0.05165716654492071
0.035654943108113214
0.030524362254157302
0.039540479170250165
0.04009392252495369
0.021520823000892537
0.04527655475284031
0.016716219619923936
0.029986231902361767
0.04086216275713538
0.036127971205007325
0.030778863650469022
0.041324649973660824
0.03005465215685761
0.023443555632477887
0.02835997499833982
0.04363807673567327
0.06782212994961637
0.004768508774064649
0.027435991346758996
0.044441892787142515
0.03228323055660827
0.03946129601501365
0.037987792609851814
0.045923427547829146
0.02541107385032227
0.03904370631755981
0.03629986274733295
0.02918949646300673
0.0168089784320832
0.022063378908427494
0.05149490760949087
0.024835438281546978
0.035500169017183426
0.026465850796010475
0.047924637206971446
0.03902686415984526
0.03730268968108462
0.04993836595314167
0.03740834115991275
0.027406999498867705
0.015343569284369338
0.025496000764958855
0.03151856934237369
0.0232134649634822
0.040624991917847186
0.04109744134777721
0.037866474678360365
0.03429017855963325
0.032372813340098554
0.01574796587189606
0.03337573431328256
0.03294496431378122
0.011541510465799579
0.038246711135739624
0.03592633591362373
0.02575493168151522
0.04074839891430798
0.05425685960756094
0.045034157883111804
0.03672280723606175
0.0157137961695174
0.03428579816361159
0.03782817351157479
0.03807784535964443
0.023787650378939065
0.048366282110924474
0.011123654006186135
0.03250055921836792
0.05515985984737455
0.030207807253534648
0.02672024833366781
0.03460126182294258
0.04716132873637303
0.027118397417519226
0.03621069051654391
0.006769372391690999
0.04430880959699161
0.022200841689460953
0.039994455905381955
0.05126737200742648
0.016762797146031027
0.042733698080876986
0.04325700422506145
0.019851041181269395
0.038154048766161
0.028438896212637732
0.05190912046212029
0.027117629788319168
0.010831903571210465
0.04720840287530839
0.028434376928857454
0.016193748193093955
0.030820460670832363
0.03035215950323287
0.035140206406918964
0.05471198351293253
0.030790940904111136
0.06792457036514762
0.03869177981103793
0.023411551685396204
0.04684996059784753
0.04360147542869883
0.045248472028142
0.028728474362041033
0.03889695544782873
0.04380973190315412
0.06111076691270878
0.02599629694525056
0.0486283475626339
0.03782834889691036
0.019117009051051976
0.0160086399979929
0.023126024198080422
0.01713775635190666
0.05035393109054877
0.040938132800597785
0.05742938901911242
0.04130828676552278
0.04250410043422438
0.04294602238246513
0.025581799351928357
0.04190386055727209
0.014274336657406846
0.05578393372286013
0.03592314362996656
0.038268146496327114
0.02258670609418335
0.017087108188598522
0.06014361436350596
0.03817954884127972
0.05020668654564361
0.036851359775862375
0.044763357262865434
0.03410425953772186
0.03310195739840396
0.015949001860692383
0.04877873626303622
0.03235249485396918
0.04600864062858312
0.04695866014622217
0.03925988150025254
0.0474716654685953
0.03884041241010386
0.035533270182527756
0.0402211930989033
0.04928448689495547
0.02073812607801343
0.02349482045274249
0.038976217546768346
0.0049351480473341265
0.032835399080031115
0.05188857610480987
0.04311635973642834
0.014395661647318444
0.03014164631602307
0.041221523651545904
0.024505871573247483
0.056543446564822214
0.03321314154994929
0.0394207967588813
0.047338273796727295
0.018445864362976513
0.04998777279894209
0.02424057464548459
0.019167167616458376
0.01635879199333541
0.030705053285018078
0.03460949040815631
0.02075780532493222
0.02043216790275771
0.04574188348441052
0.010557689130437649
0.019467535775236237
0.025808896473228718
0.030071472325726156
0.012659676995013738
0.039846759536095275
0.023645611583288036
0.05541592578540398
0.03557627340686341
0.02139965427701341
0.03224440164532301
0.02810604652938098
0.058913461420991714
0.03436872631884078
0.04034399266363842
0.03569129495878792
0.03399794665720141
0.05606447534899134
0.04396431302384628
0.023900509605264502
0.033552801428049374
0.03803954744262489
0.031719239129027396
0.02667190365381939
0.01244480713119928
0.03898664345100621
0.036057124157096485
0.025670557886393896
0.03129323287392006
0.015460161280434037
0.03275908223370975
0.04778434489077169
0.023614685196439007
0.03367804059026891
0.04102550671641999
0.04875408893773267
0.004988166118271588
0.03826942401349556
0.0377443502946666
0.03946784401837941
0.03127672087825215
0.017511061880563946
0.027906447901251102
0.029264050294078796
0.018770169493631354
0.027961038801661165
0.043972441917744715
0.023495225937329584
0.048747064903703
0.02798768698548905
0.02555137303334172
0.05067099643696375
0.038875313060238344
0.04363737683983741
0.03670236534805456
0.03832292956167731
0.04536439185244116
0.03174951053260611
0.04010521228871933
0.05648436354460337
0.03183909802776732
0.04031810329698366
0.02328088450478722
0.04737086261676317
0.04941166212484368
0.0506925885530419
0.019302949387081714
0.022888523745889823
0.024616766360893966
0.0213122680149938
0.04242217238187128
0.0448480890542346
0.03232506503218851
0.049244059207944973
0.04876189903913524
0.01866345277775487
0.027547829580814448
0.010409686635610638
0.044540194532406194
0.02594852812402321
0.022612873160583313
0.03337459352746701
0.026827662820235236
0.03794535460807734
0.053923856100361836
0.02018136666433403
0.019232351664822997
0.012938589967092176
0.030299424822539237
0.03114621112260252
0.04085292042310719
0.04118232101593798
0.028854188643408694
0.02914447681614734
0.04735414430628806
0.04887601357726447
0.0479771578919628
0.051906989646747705
0.0293980787836775
0.04019658574281709
0.02779699845612093
0.058127161062360516
0.017615293360634696
0.05129085613159144
0.036482762436847074
0.04940125734219239
0.03438478826754242
0.039298515020086855
0.04076163374815854
0.037800731349984636
0.021996445978932213
0.01120709102270029
0.0371230107675822
0.03480180070914234
0.049005749988532465
0.031710171048154503
0.045238490371035826
0.01928106142259657
0.05465151548253425
0.059464439856767234
0.0338619528666319
0.025679185441883738
0.04850477061770015
0.009196372554087907
0.04220560569635577
0.044141643967359534
0.026300695452938002
0.030769893031602116
0.0278595727695602
0.05686361544398314
0.027702392648837382
0.017877494089033462
0.05281133362813651
0.015696382995817642
0.03486540094751299
0.03914448599815287
0.036028363025755225
0.0059245518388030055
0.038498033191221255
0.029522531081145345
0.03884000298023883
0.04091755999589568
0.049066824584463355
0.05068046758964716
0.030681682870848017
0.03238729940959931
0.045768364383315385
0.04242311241410332
0.04315734945516353
0.046471179176543774
0.03036923487243303
0.02298513899640568
0.04005564108437344
0.061477280539069326
0.032545476271460795
0.014354664008556374
0.043541239406320015
0.03464030348792188
0.022182700078386228
0.0329039193571808
0.049451131665515236
0.01602942267107683
0.023276065630567278
0.04027905490091216
0.053081213513241694
0.03368582400856714
0.030556857988392243
0.026577068549797928
0.049025350030716335
0.028442804317981213
0.057545703555325074
0.034272166704975876
0.02973320420137062
0.0488781006460471
0.01939483959905813
0.05366281443489826
0.04886111666337775
0.05359316344510899
0.025990482428131585
0.021128298755293446
0.034763836073561524
0.051671580355928046
0.006691977209676745
0.04447165485614005
0.0138970805948811
0.032015727692233646
0.05331267656739978
0.01438982158714901
0.03328073451105862
0.029627120591943633
0.04921674940571803
0.04647653811538895
0.03318012112259698
0.046207381378707654
0.04128585573551695
0.03020672693454775
0.03958794357963466
0.03520639725220052
0.04117761690593147
0.025925944001500587
0.020166524251374572
0.03582684876772713
0.033596636198756434
0.043163108499591846
0.038681465894087844
0.042142399521990836
0.03716551202971897
0.04266823391181876
0.030600567342298636
0.028838299306408112
0.032808827299349586
0.035659675151262546
0.042887491463839286
0.027717512825710295
0.026855262413790375
0.04050135174459473
0.03285714486525717
0.02333347677464905
0.032668189203599804
0.026498427911982137
0.028055244311555476
0.03666067343819668
0.06266549813367694
0.02967119585796326
0.04150529129649824
0.030724616445929907
0.030213096575856056
0.04625781636645333
0.030022673385847163
0.04664154174359135
0.026783414541012747
0.04691149123858737
0.01482681228529537
0.04328692248788865
0.05429289418934932
0.038839063652356356
0.038919966079682865
0.02689184882003312
0.039546147858936315
0.03628017495629497
0.027407600244085766
0.04460156890234929
0.042115079927728186
0.045252855149330945
0.03189562101175546
0.03046607505808653
0.015149120427830547
0.045047702427599076
0.018902551860378418
0.018494955539016786
0.02738499904648096
0.03732983763557831
0.027548756846312528
0.0183540857910017
0.0452469594486858
0.028555237233899376
0.02941746078201674
0.03311231806480845
0.0684780229517244
0.025327198688727702
0.04671589681377237
0.02931721328095207
0.020123254926095253
0.04048337899703848
0.004795745770687254
0.048074274570111944
0.0309505034369209
0.045456030130894366
0.03544243984089964
0.05011090126445917
0.04536404712496983
0.0334152837610956
0.0604751172845779
0.037374071248442484
0.04757691626777574
0.038496036259444574
0.03531838881327837
0.040821539006918026
0.014241978660036106
0.023499725056415587
0.037128317296449234
0.019189262979518718
0.01125718023736812
0.0393740398679428
0.02680380561189289
0.05141503996965403
0.0221833631900063
0.02219955076445944
0.042783187505857925
0.03698193257653624
0.05245579804053979
0.03761162174577708
0.026326022213531156
0.04376209748212195
0.036187171298443045
0.04165840963581752
0.03465096058453168
0.02438400888379679
0.052576707268847736
0.027847101794304295
0.04460003067827167
0.03612016607618318
0.02962182579903888
0.03771290314219618
0.037175881616788156
0.04511122205300027
0.037755600259385146
0.02567338396283677
0.049154275769070124
0.036455561128565885
0.0170566032971456
0.02022919950311112
0.013834064836353622
0.03458473993635462
0.025676662290551336
0.03356303864039667
0.05580302532418621
0.039288069253804424
0.017067165655098897
0.021516570343621297
0.03832959309090547
0.04942454642986891
0.038374807478564275
0.022248505874890585
0.041642523233484954
0.04030977345652976
0.012711342217249483
0.037956010687713065
0.03965896194049544
0.04064224285476739
0.040956769451908986
0.015331193965506152
0.02591666198820164
0.031673483031489716
0.04737435979824865
0.04424350938817595
0.0552197718515328
0.04509288907459057
0.024024532167063004
0.052773972238840706
0.0554821356372682
0.043372228042974595
0.03737782468511043
0.049912218696950075
0.055744530050512525
0.027718756162566766
0.04518830297397405
0.039272581139804905
0.024578283349997544
0.021310806687954167
0.04404953239153171
0.04045751833624858
0.04066005205127314
0.029688341159125664
0.037914111594764044
0.02380857876359411
0.02468175673003078
0.028335848108972245
0.04878419818304092
0.03824782876613818
0.019365508433652496
0.027722270796637867
0.052161314746174456
0.05993674627634688
0.04655284952245333
0.035584822549021344
0.04347475038210649
0.03168253195383791
0.04126620844085768
0.04858054428608845
0.04898324803188557
0.04290910523389538
0.020224290152753715
0.02713303822211094
0.04219307887719546
0.03248043255127179
0.02792385622686195
0.03443617224747309
0.03953763159902825
0.03633509103385435
0.014976791045740512
0.025880184711430613
0.050565876491347625
0.013257342244524047
0.039660368046158107
0.0408571123876096
0.02451406186700213
0.046006845432857726
0.019541894556174264
0.025408213644330106
0.027251694087388395
0.02738320163767013
0.03693456840382601
0.020040258216700968
0.028252979325485893
0.01403616616433983
0.02072598459480143
0.026316379197164057
0.0551734252810491
0.03985743851865121
0.028687853404122634
0.042079057022044036
0.04428234829351915
0.04277321357319246
0.03115906449552161
0.023688855348319195
0.04537721939855176
0.046096365922990865
0.025725093515292004
0.016073693537509738
0.04996681789489166
0.02542266642114975
0.03460694961118327
0.03888801001554223
0.050242949713457136
0.04510463129980864
0.04625447910187868
0.04125458723692677
0.032618948934395875
0.049267539794398935
0.028704440104840582
0.02652823287305
0.020207143411052605
0.05369416318497779
0.049401382626496626
0.03969909444497733
0.04052775774743894
0.02728294833972967
0.028412100604673324
0.041845220953244035
0.013400658034602013
0.05518633966632476
0.04205289151255902
0.02725013057350662
0.01121920381513249
0.05697296300195952
0.03390002665349419
0.017092584931118267
0.037011701953563424
0.011203749827182034
0.03237344766514893
0.038252793176170245
0.03312182553957735
0.023146252937114843
0.05032848413436582
0.02697286504406238
0.01625305544337165
0.04718114357274952
0.0404894996639914
0.04795750682991835
0.03734978645040972
0.0202002475589476
0.0428473813676265
0.03417748847464634
0.03656130551945672
0.02683504764045974
0.04971407067168107
0.051006933559659386
0.04750856327437894
0.04240623350397041
0.05734037678074607
0.06000124755054076
0.056304258663176954
0.041165606883834374
0.03133782601099365
0.02518436625503824
0.04630891335568073
0.03410600659568383
0.008824924386421315
0.023061378775928898
0.029694328260763278
0.016442784350501848
0.04214280151875049
0.011014073919556345
0.02731375470327701
0.05584302856055183
0.02211373319028974
0.029827254423544704
0.045185594736028706
0.03734904264552756
0.028927884056063204
0.04465013309233363
0.01913231651062061
0.038182096080306885
0.03905519405408332
0.030953091612905034
0.038773686851497124
0.05179561254448511
0.02460220961221101
0.026369322205605537
0.03285400494288624
0.016099586032981464
0.053101801230349834
0.040638601732738644
0.023133723473714098
0.031640535094653637
0.06395964042478787
0.04194063710406683
0.038085294732237436
0.04083964912488504
0.041133310689759735
0.041601887674920804
0.03390073430484917
0.04208107954678123
0.0388910694936491
0.047377530220371236
0.026834920802456294
0.03153238083877551
0.026823243522920766
0.04494873333284004
0.02971796206218113
0.03778825531483153
0.0478520532053765
0.015056101145730031
0.025761154009545414
0.046639275156559815
0.03426765713799794
0.050264175506264934
0.05227123645226255
0.032583766995213884
0.0250865557800712
0.045052923343640264
0.0349121800336485
0.04799778848089564
0.04411733816907118
0.05938458118680998
0.03709761904692721
0.04881437311852005
0.023890136221315042
0.020619322856445098
0.024564554210192713
0.04414507416879672
0.020610119821452465
0.04354995676016765
0.02534353024747677
0.0359862786380918
0.036129830473742644
0.05065946970812791
0.039866915453272665
0.01865762914310257
0.02953885684387857
0.03857367737854054
0.040583044052266266
0.041043483486366224
0.031152166844177626
0.02501412117547714
0.04472075802896208
0.033845242416759624
0.052357410128078874
0.04599865444627878
0.02679735964400357
0.039415610655145226
0.028611982166791734
0.05175556922617936
0.04575009263710826
0.04892164597080971
0.028357550097007824
0.03705080738449051
0.034365884323654367
0.06638111379787998
0.030314666580667782
0.04128358074944087
0.020041847062315377
0.0237386747815961
0.02641904595644929
0.044508140733002965
0.029329569526743426
0.059544033631409365
0.03767330148414516
0.023850046314545452
0.041651610453778326
0.048356995426618254
0.038923404314520425
0.016824219583348315
0.04602200199416834
0.02749209517867176
0.04876892207327209
0.0344597044064575
0.03324743972768612
0.03757958850591307
0.04507986155097476
0.01003116178872667
0.05539181855546427
0.04161561983103506
0.033714930646583915
0.05888727469376839
0.047127805052094296
0.004516919090398577
0.03240736470484512
0.011800825568372461
0.044081406200696616
0.01839143519442759
0.030088144654442026
0.041597845331163105
0.035122504557569184
0.015910992188022846
0.04755427994259554
0.03212231511853664
0.05151771327649437
0.03230452346069404
0.0356464305075847
0.01312697339437813
0.024069616547740258
0.02533060594497451
0.04305975820275576
0.023949317092575324
0.03217784858827741
0.027160924225356927
0.02376956241010436
0.04863171241012436
0.04990512311964829
0.05329878829747292
0.0384322394742902
0.033497523032207606
0.027025719862855686
0.04535953665054543
0.0428851381936233
0.0261747437350843
0.05975289587825598
0.039509378530466446
0.052201072784685
0.046923372372482175
0.02202414264440387
0.03954363855691398
0.02113256155668365
0.03812017188664526
0.029699015316881083
0.03721988442284825
0.06595222761212789
0.03786996331979622
0.012013650171169666
0.0146307346398315
0.04879669645284722
0.025397896790991546
0.06870393368534262
0.02751817701195592
0.03374412861676948
0.0370857001175762
0.04429665975816429
0.03178174873409755
0.04007900668161901
0.05272225991249646
0.02227088175043203
0.04547986702259561
0.034667615079811614
0.03284330347446421
0.03805662773911621
0.053066420855647715
0.04301198939545786
0.027303821346929304
0.0590965012692113
0.05344158580967851
0.03738312920249623
0.040584091248627406
0.035847006152838506
0.03211577107949723
0.029491456863298737
0.025183371476586277
0.04180209278063973
0.02173871095665388
0.020342133149017623
0.056698911019276155
0.009486665070665527
0.03539119275271124
0.03401973432900561
0.025759083218616013
0.048366582810107216
0.03917154207883192
0.044483438442657605
0.034457413039702615
0.024750165831969498
0.03295375019990686
0.05446048864843653
0.06865691558359135
0.04011448598706236
0.04147934591157571
0.03944144697223975
0.03680841118001156
0.042343157749885174
0.0327687860590854
0.05373867717653445
0.04609153278623729
0.022428188437249457
0.02530348291083886
0.05310161667944284
0.05301435391475662
0.016110851204653755
0.040035040538443714
0.0325329730767375
0.04011827139844765
0.027633200391588328
0.02396271851973432
0.026171129759790544
0.02808105873765613
0.03845155459252088
0.04267641470120803
0.049591312037662524
0.04252980348405485
0.02204467348318951
0.03642494492766461
0.037488858523498286
0.03115199369228857
0.032682581475423994
0.029121585629511667
0.018731542876525786
0.04184663550227813
0.04196849704239364
0.021929432675037556
0.030730619582039723
0.03448359133756368
0.04231916544567278
0.029034360058634665
0.03561145854008557
0.028292959407270054
0.01613366682637142
0.052093213927305204
0.029060989333827187
0.028109967904638704
0.03673226093522794
0.03876044406024552
0.04908194560493474
0.039997457574025994
0.03645854957395512
0.041957199216818175
0.05319541999784404
0.025610214643370013
0.0399503052627524
0.027818706422520816
0.035538775123214274
0.06033738811002972
0.03907650539434192
0.053078184010061744
0.03291078098406987
0.027730155452915742
0.03642852973481578
0.04985516978485084
0.029921914370586777
0.008603795925992596
0.017853165667406138
0.024662519586608266
0.009836547465105084
0.03178005996530325
0.043213486644442384
0.051063171062850375
0.02727333557386607
0.024960889864866047
0.056286567791780304
0.03640394672387689
0.05503874967961801
0.019183134319681126
0.008252085793141637
0.03500941493694
0.045349879684154354
0.050177900133444114
0.02790959785833539
0.016359007779903716
0.03139787099888031
0.027363540447122192
0.03857040918203865
0.0675246610581092
0.051121791418456575
0.0166068360346076
0.04654768963695815
0.05501063911918434
0.04555074244431701
0.027381754147244367
0.02962421365547737
0.03520648039126935
0.05288646439131084
0.03740387932347342
0.04481973809485045
0.03729420568210829
0.018863686794901018
0.026918702188123436
0.026647348043501926
0.031295452898056346
0.04411314740491516
0.04310176664365156
0.047388226201772785
0.0498635762337761
0.01490842643293362
0.027928070900531492
0.03147851231324723
0.042490309873274235
0.030356434410307474
0.029772687646552033
-0.002596778484597006
0.051265453441846624
0.03422874694434819
0.02228894284843294
0.027413530736548244
0.038597484209417485
0.01365499980303929
0.046831986363044795
0.02423804519180079
0.006975304120413577
0.0399449334104224
0.034645310594952544
0.03885539813458601
0.03105486274619497
0.027770218988630222
0.03309120835497245
0.04414010931387207
0.05597939988184882
0.024177989331215455
0.04755264321417561
0.044073437806098424
0.03936007556674367
0.04232736954082669
0.03818836270334383
0.04536679400556094
0.0358073557140424
0.0594226585523943
0.05709879463722614
0.05599908771611306
0.03500693201512157
0.03638841587823579
0.019072271852591156
0.020422895214050194
0.03961980469298266
0.027741929952429578
0.03354915031517755
0.04689020323157043
0.02185143144391541
0.03736452600583755
0.03382074339673349
0.023941063899665382
0.0371011954766393
0.055336593414139296
0.03644763160289402
0.04987855132916587
0.029473740606617612
0.013141899062116371
0.03339263831503568
0.024814929682672134
0.03710709867942194
0.0561028024531239
0.051976205279907484
0.02660044122056538
0.039007601885707156
0.047785018907052355
0.03241465747306236
0.05297957841506096
0.033981902655679054
0.030252446241709155
0.029627423855695518
0.04516187348094031
0.03071569966268242
0.06114765218972104
0.03768994561060341
0.034603710514410815
0.032317925602598184
0.038791879498167994
0.04412321361822724
0.05452946258906585
0.02832470837782164
0.01947104077690085
0.024881970883680264
0.022748902642384463
0.03151226607631481
0.033416875056663894
0.03292758238283357
0.03264589568947969
0.03194581209646765
0.0440590113499153
0.0351539256496861
0.025848030782024568
0.015922921086624808
0.03446814821792152
0.03452950350838045
0.014121509209867999
0.025108711424651996
0.029120370004592958
0.04654691230073746
0.048298307312199903
0.04780597252676956
0.04818842913884
0.03873430217443009
0.04240050915452323
0.026792286501518114
0.03191605308045277
0.040067802275878535
0.03721848046803297
0.029991083474042633
0.044344847903919744
0.04867524759881061
0.04373036547530626
0.0743351441285239
0.04540374705049172
0.02505084690389463
0.034533695700176864
0.01924441112579115
0.04476000946300447
0.03558465263201881
0.04798747115930284
0.030544121384459305
0.04066611900434065
0.04024764646435555
0.04831576896707384
0.03137770846081776
0.04521490048709806
0.034378094186008366
0.035874829859231426
0.010218770721325363
0.03575696880628074
0.050838358167583544
0.012364826774984381
0.05495812082508693
0.04468302046400523
0.018209421986125702
0.03978238825298745
0.028859800639765436
0.02993309563101406
0.04250114166377364
0.046071122719310104
0.030572524835429576
0.0435344713566448
0.03561979224334261
0.038692870528510274
0.04091715622994338
0.03421733367664278
0.029451040425323965
0.03885800545625612
0.06493202654750804
0.02920869816583776
0.03871003405899741
0.055904779045216825
0.04712957296193043
0.051200109594470675
0.05179343955783425
0.036399224575378156
0.01854094882632511
0.03617934045197045
0.030619401915564524
0.03353270105481939
0.029180369362877268
0.0422195209623913
0.03695669665127219
0.03092470548222119
0.046894019441488605
0.04181593773188208
0.03267607897339583
0.035411622257482386
0.014268296217539432
0.05081732651231101
0.04334251520414209
0.0471309802246044
0.02974278543693382
0.03086774898031921
0.04442593347625999
0.036552443555997634
0.012803133285303445
0.05395867321248578
0.07758732449969219
0.02299495392826837
0.041362476313517
0.027095117262915466
0.04150083694150784
0.021881266787504898
0.022077774460397777
0.04125816853021675
0.016744341077621204
0.026732063377402186
0.03428961773045515
0.04300893274774097
0.0203287917212265
0.042180712054891024
0.0352184807094222
0.0243325126200554
0.022187193922941884
0.03114596356460262
0.02905318945455478
0.020282870382137178
0.03440453804452082
0.05957919568260462
0.04431235028364796
0.03176539670328614
0.041059280631138825
0.045177978753175224
0.05108485383868306
0.03327562648123324
0.02978350033558192
0.04554257800815754
0.04188149694580172
0.012565332310313551
0.031565156136975685
0.038459542925354945
0.026945369066775575
0.027029248905288527
0.0466524095882401
0.030661757332697725
0.0389688762634467
0.05311538085986789
0.03977748640065943
0.0536466576497388
0.033765456431699536
0.049357198746760395
0.05176302572223096
0.036232197253982516
0.040178358500812174
0.03727931549868729
0.044362633730216997
0.0405503186975619
0.0403972317993066
0.0335910643550748
0.016155629565105627
0.02535019655168385
0.049053460583050636
0.041728995638494075
0.0458948837599924
0.02811730027581281
0.013662940583938441
0.018911724047128528
0.038535380592848535
0.020921341697568683
0.04498766918866791
0.027314171696884902
0.05067701597539048
0.038938028603079974
0.019110383609653243
0.03588398182866399
0.04354147239902399
0.03019849748912223
0.05093094208994614
0.02705006300173483
0.03823503940727197
0.020123259039454545
0.019389330639378574
0.035290734633742105
0.03533929596462586
0.02347972505126603
0.05548598298693075
0.025861082872290088
0.03562544052489794
0.043516667878540014
0.04324748366628017
0.03397918972694833
0.021158913905909304
0.038428983551568076
0.016127196662110294
0.04435511089518418
0.05173188214234863
0.019621898731015268
0.05354702271382565
0.038718357751625194
0.03314157589458788
0.027434967004281843
0.0463179728896492
0.020147325819242057
0.029710276111676967
0.023271075288395393
0.021794016502468268
0.013601174987489272
0.04967287018944368
0.01573494794628144
0.031353369018220445
0.0428140530536332
0.02540664231748338
0.04369992930559782
0.05232661904373966
0.01568420602886416
0.015691757430322334
0.034516779479084714
0.0289704487949054
0.03144892941133852
0.040663306139170005
0.06037041705972012
0.03601924927626689
0.033918830717844
0.029170144492657167
0.03619791009332752
0.012036121454954668
0.04336599429184822
0.04202384728843435
0.039889505872199936
0.0205449288372197
0.04632066245402401
0.0321433830787478
0.03123780302801475
0.04013561600897796
0.035832481370485184
0.06712337984621058
0.02088456881482722
0.029254292779320585
0.02516648448326168
0.026682686560334973
0.024823529132042298
0.057212670834494744
0.035160699758675786
0.035320072449413396
0.045643101051807605
0.037216585564014505
0.04973456159979346
0.0537388782976244
0.03365962754304541
0.03133443771018341
0.023674314262040634
0.02872905411890888
0.05719482032613878
0.037779183986973844
0.0242231836088862
0.03591668732912663
0.030350393222820418
0.03798262120680514
0.044037285648081105
0.04205138731303883
0.04391405932272862
0.021822090118639233
0.03670042976491827
0.021479666551576477
0.021020867305926477
0.03036219316503859
0.00965511781731246
0.04115640693087745
0.0340077268333547
0.03356078096750561
0.039276696353039785
0.04710611810281255
0.04228200281033151
0.03430599666323815
0.01883522415925453
0.035183233160347833
0.03439948990922304
0.03129513092971545
0.02583991945743493
0.0373655275862575
0.011661145416349447
0.0465947722343417
0.05419019023006216
0.04304832221489394
0.06552454487965233
0.045029923998619215
0.02612346246095544
0.0365146617347515
0.03947634762670278
0.018539399961280095
0.01831689473800082
0.0384850199329634
0.03563394262126458
0.05553430819671004
0.05454174102199214
0.02395890805745504
0.024715097933070883
0.02685984977574739
0.004213893342950805
0.020365003832058682
0.039678608571959324
0.04002259338127034
0.044409732216590524
0.023031344587007962
0.02485427765528342
0.03503174530313963
0.03665903330994943
0.04387824693179496
0.04226464363499785
0.03686643706921642
0.029937113059563366
0.024937099478497735
0.03530668244149429
0.05640317478781299
0.02840287476196076
0.031058981628899873
0.03081981450721145
0.024465674949671095
0.04864172512276776
0.039806860049943396
0.017198360971463773
0.014835787858493814
0.04629851764980844
0.03589210788920574
0.03964954402372268
0.04524693887037097
0.033919817265274335
0.037640532898526514
0.03010408627599867
0.042840742079148855
0.029600795388933565
0.036753581479737424
0.03191893913395043
0.022322087643387695
0.03862945721721271
0.0420460471374131
0.039104158293511895
0.02613556804347406
0.02165263197338724
0.06311124348075164
0.051792894669779974
0.04614443066178361
0.02730197766094604
0.033385306588647086
0.05182919345534395
0.06248785722699361
0.01730402630380562
0.0030636702632867944
0.04722183108402492
0.03388451770991314
0.0384587553844142
0.031379613255567464
0.025404904818539506
0.039943017259550385
0.03822558304221974
0.037177808921756164
0.040568300223154836
0.05390488245824678
0.028919998537578328
0.04807502091141903
0.04993378046374489
0.04995739539469723
0.06298934590447049
0.03348972332452012
0.028349102607445928
0.06946076884777641
0.02523633238151935
0.036762218337647826
0.03244761808049355
0.04708662143485866
0.03634752674882444
0.03076802564271991
0.03274140232364046
0.043491806655768406
0.05062515648977079
0.022779918501010056
0.026218658316365315
0.011174674394186445
0.032054269961114844
0.04382233625443312
0.03764995249630207
0.027935452348590427
0.024085776027913182
0.03502032611969359
0.026107784564135497
0.038065758575229966
0.0028070537768637212
0.031132738666778847
0.04379396145097021
0.023022201039518977
0.02995727124632709
0.025596598818878366
0.03632725124848368
0.023822992569060557
0.028537442114134337
0.015715173578142172
0.02348653839848891
0.0342337257699274
0.03179630025798169
0.04851897213235613
0.025309542988375247
0.024436129745563816
0.045332093490619944
0.02327633312615571
0.0400968871846107
0.031440667126835596
0.05098482519613318
0.03226867489424888
0.02981462855547076
0.02592741385938664
0.02786519791822157
0.009625675792505955
0.04566737329715502
0.03434014573412412
0.01998021976713994
0.06227829210336217
0.033395856761301745
0.0446014264788702
0.036167794280160176
0.012545936226954638
0.04239252708134157
0.05095146761600698
0.028780464509700676
0.0326320419762452
0.021117658779378004
0.03273675474145679
0.025047000950849267
0.019183676922352406
0.037547022283602835
0.01514962353040698
0.05377725744699154
0.04786947048089881
0.023325014455516224
0.027299146360320978
0.04982429247049394
0.034457344016442536
0.048316067487201686
0.04140327537079104
0.04448141414142788
0.022814851911196605
0.043969045072929584
0.026730061385334063
0.02733604248440373
0.03476198671383293
0.040183512955058606
0.034604273307070804
0.03818697944900615
0.012541203560571965
0.04951406505569521
0.02640261473595789
0.040631883158723785
0.03940989505284284
0.009211891974998502
0.02654323011385393
0.033184121188460675
0.015401439081372629
0.009270174034391825
0.04705733787796154
0.02303787187464256
0.04750858177052818
0.04877469309080795
0.029347068440283994
0.05383594730053027
0.03687854350898255
0.03218800146185508
0.031567919729814584
0.030843590112633122
0.026536291714134838
0.046276505465837676
0.04959105517878267
0.036970964556840846
0.03395085192134218
0.032934135805765076
0.045693346253529596
0.021065666204818794
0.0316952763343776
0.03645021590682762
0.04374370317988036
0.03736863936144498
0.029705531233351345
0.04883439401328721
0.015995435570072082
0.04049329220423477
0.03698410548893594
0.026909148892107528
0.03007776059536836
0.031019831183742574
0.0420271287241396
0.010996909643481333
0.04168053243011234
0.03267365735614625
0.046679902644062035
0.06085112543531479
0.04549941120076559
0.06246442803161993
0.028541682396911724
0.02576218616300224
0.025473435807130528
0.03759570880340432
0.044408274385523264
0.03272496328103976
0.03942122433313589
0.052528846801338125
0.022288325697012095
0.02500024544706419
0.03050031026255657
0.04486446931459291
0.025263316890677692
0.051522648328630266
0.04278791870082325
0.030529229134603368
0.05724303269239421
0.04425968857539278
0.02546418043289468
0.04366841660601624
0.024222121005184064
0.04002247786186021
0.03866635222046706
0.031123858725157157
0.027255044942502922
0.04091777326934079
0.03420642224760892
0.043796206106900354
0.018012993738520132
0.019439122354194226
0.038184164499903785
0.023267692880973887
0.022486912549143128
0.028924889564109525
0.033201715936177614
0.041357960179001875
0.042390851943862384
0.021040945844039698
0.04232410473974546
0.035976148903864115
0.03200359751288283
0.015487822925844543
0.03954277459055727
0.02724084465949668
0.033895733343685897
0.027193517842806495
0.04311494370514467
0.027192154909475397
0.06528889955273068
0.04656420995026175
0.025987720094051068
0.03551262690358674
0.017029551952175148
0.01966047871597962
0.04067864694260925
0.03761464450336849
0.02777008833826501
0.030101965435450656
0.046414500015625436
0.03798554999679265
0.04847794436228979
0.0432480751750583
0.02966791381018424
0.03382978735595751
0.054075042306574915
0.06006855973590714
0.03545722317193045
0.019929693129718574
0.04757266204237501
0.0366880441413608
0.019451167836001988
0.0125504870997953
0.032883180289105765
0.025971598264436728
0.03510676465286303
0.024032828319510972
0.061700910306292614
0.02111601509394836
0.048000387262013444
0.02212120726255773
0.027028803938508286
0.05115926051472708
0.04877295134316609
0.04343150578709554
0.04458457281941006
0.021585284255498195
0.03843208682182251
0.03870753455494114
0.04869433819417339
0.035007970490528895
0.03867787637394515
0.0452865319642287
0.061602712644674026
0.00747430863657658
0.027724859852793757
0.04741652881264356
0.0484620706859389
0.05483542362993683
0.038664129898773505
0.04192716253150796
0.04145760376277513
0.04642708837048509
0.03963652091504211
0.02427257439515628
0.04464444172662148
0.01931321630756439
0.04516705152066974
0.03790822759928308
0.016459115708778532
0.02906461360243563
0.028555574715891034
0.03301157574380916
0.014870760197462994
0.04619980866533703
0.034112592943030096
0.05272705410900835
0.03791846917520858
0.021997986755492797
0.04928478715306847
0.027929346888797453
0.0119969078476424
0.03741480453006574
0.05492748956402939
0.019947076945255524
0.045303247759163716
0.04029970692883258
0.03737563432271658
0.04212401468108472
0.03828727322417645
0.013927210465034623
0.0549593445854258
0.035883746469639655
0.027589550981824577
0.05381824484881889
0.04089439100543393
0.039963110414393176
0.026126322380039556
0.030419755632646876
0.04903732285273772
0.021118059379581347
0.03977692665421013
0.06431299040404875
0.023049567039246606
0.04630308541284256
0.013887491555558816
0.04740021789367517
0.030476561157323653
0.0336063471575479
0.025227796199061434
0.028098634201620495
0.030244720864757026
0.03886564176625509
0.027717794766485282
0.030447751074778463
0.022185292525927457
0.03064777518769876
0.004192868149564643
0.0476372926442867
0.03410659377221477
0.018478505260927123
0.03781115783850873
0.035236980439183385
0.03696494117186718
0.036309873718604946
0.039358005626428036
0.037769350417423124
0.012916511710565959
0.022579550749941966
0.024077741124733223
0.03525713260479281
0.030543963718472053
0.0534001045298384
0.06147640499876822
0.05211532513352207
0.03423153072604125
0.04972666311494762
0.04116683816147975
0.02067090674311616
0.045140992995540204
0.05488231625112829
0.013649259491790123
0.045015160285540014
0.02313760491057197
0.03279566991116765
0.014147674022214821
0.035099016158195794
0.04540554271488011
0.031098657009354554
0.03425455881383323
0.0324298880125385
0.04940333369155297
0.024309874856029656
0.0158423416770365
0.006393689677583479
0.04058610429890937
0.017910913302826938
0.03774806108998581
0.022587121421017098
0.0394722693397411
0.04553984409190448
0.033816591717301
0.03106759326303606
0.024755398454867072
0.013784422521018837
0.032868546303592816
0.04744733537552327
0.033192391192962786
0.04155587463379888
0.03964296280021662
0.03410124540769114
0.03595853514421536
0.03409678144930399
0.05610481343972881
0.03667889016695351
0.03576809128460118
0.026329210552408135
0.03871776222739111
0.061437397771699265
0.03744020852364363
0.039392607719534053
0.03581043003871024
0.029263431982194277
0.03237861863253516
0.048598360971708915
0.026275160700060484
0.015578614924384252
0.017297227226373085
0.03202467040687722
0.04494696414138049
0.020040955970413526
0.015572428373182977
0.028186485123800484
0.06281762868323806
0.0282630133078126
0.0478563717915437
0.03552345861700955
0.01423112109742468
0.051443778784861
0.04296354229065916
0.05008526797959034
0.035567041223350145
0.012194185380873314
0.042628294092694474
0.01804125618631913
0.007146394893808743
0.03770354938940741
0.038685571399072805
0.04581193413007601
0.04253782764422375
0.02533702699936084
0.06606049542168399
0.036161024866204025
0.05625695033824024
0.046848881566300904
0.031201378391100213
0.03854333952615939
0.03631065384914918
0.037143028197154475
0.02097238013068283
0.033902471386807076
0.05827360850201597
0.03608880112886591
0.024474256638451243
0.04905759859205776
0.04917639334156908
0.021496179744722812
0.029216123844262983
0.03303725750697467
0.04011188999290893
0.028806186776072988
0.033329485098103934
0.04392154085611409
0.021393068901331858
0.02605552837084524
0.0411491425326594
0.034533746971110196
0.028265869927462405
0.04667482183390148
0.03715692892830947
0.03908009898158461
0.037734606810999105
0.035321597091789766
0.026881005465189796
0.029747755085218427
0.033017257617810616
0.019194899498464202
0.006337812441304609
0.031137626510919985
0.03302898177097416
0.027709627610066265
0.045089830938496174
0.027230317282028706
0.03270453980012454
0.041151901839565075
0.009050475149000758
0.03482735246312027
0.025120110212797878
0.043807404874310146
0.05486293507234
0.041266852585105096
0.031099657091748528
0.017622249587420338
0.03606149266855131
0.02730623908108067
0.03833302967848193
0.04175127302387963
0.02137407347548526
0.04733402822679368
0.055750618635129895
0.019889910150853687
0.029693461841370478
0.05486500445617882
0.053774822670959295
0.021571337449022718
0.051793894615662694
0.038124304684227284
0.048699797097987454
0.026794597204061275
0.035023693250992124
0.02496642924644269
0.028747724346260918
0.041148058284343654
0.02928067185355744
0.05774513873658871
0.054848000283268354
0.025567648900669298
0.02253266587102635
0.05527321706523999
0.03894420845731709
0.02705175973621528
0.03785799537677911
0.03259587529176531
0.036497322745752694
0.039725663925553475
0.02882925839548067
0.029832407679881854
0.051046707969735025
0.033670096913887976
0.03809744043661614
0.0352190890186522
0.05150319565872441
0.04548643887367772
0.02759084823860045
0.033047102155146744
0.04717166027740527
0.030903126448518035
0.024166281813535445
0.05445424072837685
-0.003965167656245726
0.02286271937648079
0.03390507932599078
0.03571615881395427
0.031071836385266755
0.028688517348063186
0.028150261914568996
0.03450216142917802
0.049226820999723184
0.0449458098905743
0.02357875662816212
0.02888959644273053
0.02257815974745295
0.03377353139526122
0.05196648645004777
0.04286019059664376
0.03108144809499022
0.04944023783848772
0.024611229238927432
0.022703804767504384
0.04134168429652264
0.04139753602884244
0.026601260740912392
0.022949388715272072
0.03948369471190663
0.045232085328402
0.04468184293543492
0.054251882734320855
0.012849144011572836
0.049972210725048094
0.0360191755862006
0.05019447832972744
0.03727396688059868
0.019942078797101997
0.029966598290541845
0.066974136685197
0.020743711183542953
0.04435631581762784
0.03384166313414537
0.044458301072594936
0.01635991854438966
0.026523152422086034
0.01625328446206442
0.03318125320837913
0.0545373343972884
0.05253181974077141
0.03299589872245842
0.0198690425841199
0.05023245525652435
0.026121966516248887
0.03445887915872582
0.018381115862013568
0.03779996748923642
0.02252438684906509
0.05361715005860243
0.05914574812141073
0.04463105751666503
0.01821403282025619
0.029828992704639568
0.03442029134881217
0.04382166836203519
0.03420912185289321
0.03309724713341837
0.04172764201099621
0.031307759784667974
0.025470947590503397
0.04476419982821318
0.053086321121234126
0.033569741612256766
0.02007915039442602
0.04854425016465065
0.016384914155247274
0.03647341762875954
0.01382719679379908
0.03078095094821142
0.02903369087596127
0.06064096430728734
0.0456400098871212
0.02441811062382563
0.03380302385399568
0.03465551267886022
0.04069772555108474
0.014620085534224177
0.028096821004121645
0.019784002392115363
0.01819760397094879
0.03365668990793762
0.026581366231835955
0.049176721717533574
0.04597850173579085
0.01784499896874553
0.041529762451944466
0.03285437611791687
0.027432605410752778
0.020250563286614804
0.020234686905635273
0.04030474876285737
0.04414763166688641
0.04205493658022502
0.03875405577988925
0.054324043507293404
0.024760298886311063
0.012316938780628414
0.009814725478588034
0.03489998028305297
0.033087394144754464
0.030551624975803854
0.03312273278900957
0.03514824644588306
0.04869866522521951
0.020083656032460144
0.06080591462452969
0.04811818451567637
0.042823258075439935
0.03592555884472923
0.03229178188037934
0.033407257416432044
0.030872732616389117
0.03097477571497105
0.040957234679487114
0.043334737315413714
0.04643260938743421
0.040050293959563894
0.052424294785093056
0.029231272440247237
0.026805609249957375
0.05623071654510885
0.061917893674353644
0.02333324248701885
0.036960218581977365
0.013732601452146411
0.03433582340609912
0.05092443417192186
0.023076555460110976
0.0512132246546971
0.04006023623943092
0.057217333563020216
0.036883685921039085
0.030404380770209804
0.02514327012469016
0.025202387702109454
0.03881380850292602
0.05720294999724576
0.031440944771858714
0.03382214445127832
0.011061783649556286
0.018639160820692422
0.045738455860003455
0.013953666609072102
0.053049367683178736
0.02477912438120913
0.03851414896781252
0.04026644187895481
0.04163865225726347
0.032148679186189924
0.03874029544786214
0.0522680188968086
0.027148198050459302
0.023693219998494063
0.03567727331364436
0.001891429231720684
0.03817260036976281
0.031139337835398503
0.0460106592096431
0.05090641768562726
0.04584842889657133
0.042891435794333924
0.01942355941495326
0.03494622850313647
0.037165210004419434
0.02477513408212556
0.030995286835837396
0.049919127955669995
0.05167961222259776
0.027323394299604925
0.03788242601516187
0.020719712463585144
0.033186349394485934
0.035276363186968446
0.031515242374771046
0.029830230941872718
0.04166098678124373
0.03574452098589082
0.019246852827485422
0.032969185604955445
0.043720599060409426
0.028086943889867252
0.030562424724955777
0.035805240770050095
0.041959567868427895
0.043594645010228555
0.02180577364296743
0.02271900963237468
0.018719986631163678
0.04144438019868595
0.04141395286901338
0.03248398236718206
0.04647643059461273
0.01875872413924058
0.03626761176909949
0.03265587678544865
0.037001444848024284
0.047168598679348084
0.033975855404890176
0.058683165739284004
0.025656283927616055
0.039030366519973686
0.01113744031895245
0.042223979358067106
0.04033438820428272
0.036132218667005875
0.034989742249393226
0.020296898291242052
0.05344555973094424
0.05116359847269843
0.03080725819353225
0.02698034283558571
0.03966346923547377
0.034942152706876894
0.03177520454723869
0.05214168994268008
0.03384137755796425
0.022020630711496778
0.055672233855808384
0.06476947824664142
0.02993822938977896
0.03311741315314235
0.041844547512430885
0.012303798354110444
0.042644497479776694
0.024453107016457577
0.011099210192216734
0.020064392050598907
0.010780627436428828
0.03667410830271509
0.04230227334523741
0.03590498372482092
0.03378875147004135
0.02062345156992685
0.03386490613442644
0.03123073944795455
0.052028428950798636
0.0208059019365718
0.04747360132776941
0.056867472610355414
0.03727436022630755
0.03691048662085673
0.04553524594914672
0.0272574586801582
0.05406352864958481
0.03941097527863863
0.03605395181072166
0.03562860357788201
0.03857237540206018
0.04399899749875943
0.026427909660697895
0.03397989602970465
0.03941880958587134
0.03045787978428085
0.05494233703797812
0.03014514662721913
0.04769365984300604
0.026053916463674505
0.05843185556952432
0.027916337247818702
0.017179089184621875
0.038079402335789145
0.0070204499839955255
0.05745100408135633
0.046537807384058424
0.033578203725386405
0.04644840639900058
0.03670771540365123
0.04413627155678104
0.04027084395309399
0.025361771093309678
0.027199368126847787
0.03560873514275283
0.04760621433862769
0.026308517382688627
0.024435288407136997
0.03874417104158927
0.05292229646536979
0.031276216539339194
0.01703822924227532
0.038855006164137305
0.045119871037739664
0.04538494650850765
0.029618312387298836
0.04316987268104659
0.019499855422918044
0.03284232545373174
0.04808678139433287
0.03777006392202054
0.025232331860103915
0.022981633265734238
0.04011463913467749
0.04404870026305614
0.04297050451111142
0.03175054710890662
0.03632856317956191
0.018246848526797387
0.02420157498408007
0.014437316324367452
0.03458375484444319
0.04255626931936622
0.033672737610895655
0.041898700884966625
0.031625619199383774
0.0474283486457243
0.03302739112922937
0.06332024587355325
0.039357975343457946
0.059232884933298625
0.04966997997122386
0.042501705146052685
0.04760821072224608
0.03464395015436807
0.026539647037102633
0.043451722730269586
0.04452675495151871
0.028020074614835806
0.03131834693464118
0.044802170068620605
0.025470670010751723
0.03828747847492606
0.033914121872266674
0.03258783677959622
0.03082678671395312
0.017469685600766983
0.008057415644898178
0.04423045216346123
0.03546324681374172
0.025835636087548082
0.03045648972787096
0.02055221263467791
0.009675793140338972
0.02143869639301089
0.026926629324514277
0.04681168978092029
0.04780608562507216
0.04006823912158959
0.046717936793339014
0.02601814575337348
0.03545096587484282
0.024991629173418076
0.037054674662275605
0.02377629163424291
0.08289150113345595
0.027817559981500387
0.04180741145403642
0.019396857874893828
0.030994658356965164
0.025727250941741872
0.02823210564223449
0.040790259275546
0.02269062241522
0.037480330814031
0.022623289695478277
0.030645921928407795
0.030820442330620916
0.04160507794047423
0.03987883492366274
0.01922847484449751
0.052574613554376703
0.02857271856324718
0.03506097032422435
0.04687928463919458
0.05918355909236761
0.0284776635285153
0.0398216880670626
0.04914093256363096
0.028720111596989846
0.03251848102166214
0.037130604307113034
0.04611434420113729
0.049390056270033435
0.030648654606502852
0.025707281075646314
0.03237536485266582
0.0660958703868165
0.028299705313135366
0.02057898601969893
0.025886253870511657
0.03829985413472276
0.039138188724353484
0.04999081291628122
0.031651577565480066
0.015764303794522455
0.04283368519955607
0.04492865878906316
0.039254751369175306
0.02758405618448142
0.05010923972819059
0.05764273122914294
0.03229955830642483
0.021883186233502792
0.033425833286502074
0.04315750937142512
0.043726242333188045
0.03766597330490834
0.024466745155666
0.03552789075287309
0.03530418433008928
0.04350650284872476
0.04487176804070954
0.048949633181067584
0.024738341592127636
0.05039493472629186
0.033072661799710495
0.049682412626756746
0.02252811319689392
0.0506706459036152
0.04422891875721791
0.018603773088714647
0.03211574391018529
0.03301493313055209
0.033687005787475924
0.02910568744255687
0.02562689553592458
0.027999219369454664
0.046237933935776465
0.042188659301908654
0.05499608222234829
0.04586855834842883
0.04760851621411829
0.01947395615770108
0.05500062568958676
0.034660303428501696
0.02624953358507811
0.038876933801258534
0.027975897295327606
0.03596952306949935
0.05227119683142998
0.03921731421567887
0.020209286074331062
0.032393569774432085
0.04076234881911876
0.03348119497606176
0.04274222464407702
0.0440939040668852
0.04149918796277115
0.05640647032239211
0.042661456567182454
0.01851264886968744
0.05281575255464517
0.034774883181579896
0.029118496564831065
0.03245076318729119
0.03186506243795373
0.03745386920647869
0.013712548090469229
0.032971724805214854
0.04931311083957267
0.02984057803642041
0.036637947963113524
0.03501109564895451
0.05829262895726711
0.04559167809099102
0.043683114423250395
0.0352733923200853
0.005418778030529011
0.03685064016610953
0.04220178088190486
0.0333224316151591
0.03438329800678423
0.034116472439770326
0.02228860106528467
0.009082149586482978
0.04063286340446215
0.04459442366729403
0.03966267039257713
0.018841677984151907
0.061459072317898336
0.053906610029857596
0.04760680952131796
0.05807364731219281
0.025618103970924747
0.0431744713316484
0.044225605183194176
0.05167172977583695
0.029586963027851975
0.06235958897663591
0.025245533019362776
0.03713744088805464
0.04036337171656031
0.04522762061504456
0.03536809682132782
0.03248131728796888
0.03346229064035531
0.052208415257664134
0.038117742955007
0.02703214721293904
0.023466027064979772
0.03174433160500677
0.032149539562016716
0.0365868333537138
0.03572885774174657
0.04043836921869127
0.053870621532745334
0.013597786868573668
0.05525143944582883
0.04906214357959624
0.030898435780312
0.052294027622017555
0.05153330782512072
0.04530952712036554
0.037633618069406405
0.029013684932151132
0.026167311643059722
0.026867538003529076
0.027169703253809657
0.026757373069175396
0.02508192317383437
0.04200413297195533
0.04042243048411807
0.038228386364888484
0.029602924865658166
0.04166792840551638
0.0279412520360468
0.039814645334769874
0.013935071981617718
0.05678342056054014
0.042017663861076006
0.04675155578206447
0.04369818538249459
0.0474591443768604
0.028132368620797887
0.023371686967283076
0.05679335695016618
0.04372038477629944
0.0238885723017628
0.039176773343806336
0.04693311794118492
0.0544819350952673
0.03016697695360674
0.033318216822770044
0.036298594670171366
0.0462540387044373
0.06297864548226176
0.035112165012476965
0.03092964506261478
0.031275206501388
0.03580830507093908
0.026170215360379424
0.03442200229127139
0.03169352177429522
0.03723759245818777
0.02045340992131143
0.039638206925263264
0.02225724403867215
0.01758775841857571
0.03971277088239414
0.03857015642993584
0.0373574931463808
0.04201177221693966
0.03534427830422157
0.031265295124361284
0.04317173288197968
0.02559847347114825
0.033119698813929795
0.03652867735176487
0.03514447454574474
0.02893418114000674
0.04685601104778257
0.02071607696557742
0.027621182916592917
0.03158907870161057
0.03686256056690264
0.026620796783918484
0.03617863578474852
0.01267082730352442
0.024395274946369873
0.032299175961806266
0.011897325819531757
0.0372478867117924
0.029682437389530088
0.041042295088457234
0.0475996330914243
0.05451961703652526
0.03596061282771422
0.027066423278138418
0.03932061824551221
0.020988776557615836
0.03624478018332038
0.04894872379821267
0.03512111587563073
0.03449035171671714
0.03860725256322223
0.012899543988746504
0.029344344233667802
0.03330434585659439
0.052508639826171766
0.05324048302103301
0.03710741208431377
0.02741053884575405
0.04849458019715991
0.04070733727466763
0.02244119491489968
0.01585226829396424
0.03744104812803626
0.02347054445520419
0.03830833645385171
0.03671771114667029
0.032026743332943364
0.02890853984395457
0.021809221763254245
0.05034200324381598
0.016517300258050555
0.03481917447941603
0.06155644908238558
0.03800992579927122
-0.000693856118126055
0.040414324281268205
0.03853631637685359
0.027624852246586243
0.05455072704634198
0.02726040587869028
0.0324464509589305
0.036533977455896
0.014669859245575609
0.05567349440029741
0.05014507901280281
0.04577064809676557
0.056786974400470314
0.02738729856484644
0.020717283350721608
0.032298923273252775
0.05776879001187273
0.043132897855611994
0.02242885124880171
0.03686065626049477
0.049679719308900805
0.04232570947657818
0.027510727464506536
0.028616208713879633
0.020525677065554256
0.03717540881272647
0.020008805773797336
0.058014687686502635
0.044460703016179125
0.017468253069384532
0.048286720692470836
0.00692854122826939
0.011235319421761593
0.03750866984837875
0.02052145671046643
0.02929189298888324
0.022523654604895693
0.01774060424404409
0.07120204811214982
0.04668900084183215
0.02606747575112638
0.034936435833097995
0.02826649391978412
0.033862364306117866
0.031238854132559953
0.03323428605372275
0.02836776225851745
0.037539881747469646
0.03967797162463664
0.054378485486796704
0.06714152217057102
0.055345565158141326
0.031347350970752995
0.05182213879657555
0.04544041007380643
0.05060769448480963
0.04201378837631655
0.033124193181646694
0.0349307427778171
0.009978410106118637
0.061014711952422605
0.04889666508503623
0.05920121144566268
0.03492296572895429
0.027263447906564507
0.03948758754650797
0.042069901720376265
0.019389748544489084
0.020907830376900027
0.0334145474831697
0.023766183641553033
0.03931768000371404
0.0407799627848407
0.0209473312743703
0.05123607526792715
0.05032642622137562
0.030052723266778936
0.004837613753396677
0.03479388367167681
0.042634331715614045
0.028242463664225115
0.02234698547119785
0.04234668478186018
0.035763523272692624
0.035264072978201194
0.03834409884635195
0.05483508487993229
0.06435795804916125
0.060113792927863535
0.03142851651337207
0.03494921320984584
0.026733726429813427
0.04198242554790842
0.03251682854294127
0.04291336713724353
0.058713434087574026
0.024036075025682408
0.04169772937405462
0.02704731535232302
0.03544669549701326
0.027510236763027385
0.05066078146389987
0.04477839053920891
0.026569427674159103
0.04922689932120071
0.03578262626409613
0.05358198887991316
0.04547697308217097
0.03766595260320494
0.027073684710009087
0.04344299962292051
0.014916512408504957
0.0331078491452717
0.033054818185078036
0.024436394587480176
0.03074388869988306
0.04247960326718302
0.04537020576185723
0.02144448830884136
0.024523853432946562
0.03723154341789535
0.031148072400151057
0.04727121420703277
0.02552622302660944
0.023085121693281647
0.05315803765072251
0.016591949230197207
0.03545843950333677
0.03500086629278394
0.03120628300218965
0.03186703770170741
0.040306243945782076
0.054592965970286664
0.05206030966662892
0.03172899145982756
0.04156915737038862
0.04059292416449291
0.027855585228466276
0.05138824001910756
0.022062873913830855
0.03429971945737021
0.03948554946352002
0.03908851923868004
0.03432993882399077
0.03968926202474719
0.010840709618359938
0.03653613223171638
0.029533478420104075
0.051872923665721465
0.06337564339874142
0.05053661920060172
0.03957565336453741
0.058632063570857
0.02413922985302169
0.027278278406663095
0.058851804572145255
0.022544941418217144
0.02481644144893754
0.027655536841280227
0.044259459826823055
0.024947123572864802
0.02724902185883471
0.036671050150272624
0.034861037352965446
0.03250895461404579
0.04369564513161529
0.03614397955290229
0.029915639137118023
0.053208757185076325
0.02963255697889501
0.01969131161669958
0.0367090711701908
0.02559661115010415
0.011455182867909853
0.0360513267219745
0.02047743868151769
0.016999973249094708
0.023654724250712716
0.03451328725256152
0.03311416982387538
0.059723171559280884
0.05028151110380929
0.022592656688176865
0.042933031873429936
0.020264939530048345
0.04045664494432362
0.017908457286667876
0.02725582769706389
0.03720009306341419
0.035985542790624984
0.02671831313557365
0.04526758307554387
0.01955502399087514
0.02851782247660655
0.041375126439051495
0.04128606311994232
0.04782225985778356
0.038914649009683604
0.05111526170088607
0.04574605280322283
0.03720266510096424
0.043608396106197975
0.054737087223853995
0.025621274284127374
0.017480150230936575
0.030411620242821385
0.03988768492081375
0.04934441020434498
0.045940642180544264
0.035678467093906374
0.01247459792545166
0.020943655038914922
0.03546413821492261
0.04274965547103402
0.04282049822454996
0.03096629905311142
0.02679957166582173
0.03124601032299921
0.05419192517686783
0.032606436768274585
0.04744048997956553
0.044166792704467474
0.03740359137234411
0.03613525666211523
0.028009798618559907
0.044655880732560785
0.02667631769967559
0.02200612243243524
0.036621948648391855
0.02896245184368225
0.02980663062333609
0.03394885431264525
0.0504878276063009
0.0259699555042495
0.033004720871567673
0.020768615384733527
0.03411788340182852
0.06274647810166728
0.041158166313986666
0.03623736719654651
0.022018815565763926
0.03047026197249364
0.0445017180889545
0.020500777810938696
0.053332063130911087
0.035618243233992215
0.03824140402624548
0.018967613125662627
0.04781983091167607
0.05781054574619552
0.04719353753379831
0.0160268633180092
0.033107091293459054
0.034555307780132764
0.05400821346086155
0.04447071518702265
0.0345126938542786
0.03742786795243948
0.03594167548948369
0.026217123503245465
0.04439002761995102
-0.0013415478752320294
0.04972490651703343
0.04750768911016787
0.05087222793925218
0.040668934484021604
0.03181680952343743
0.030839643209579208
