20131
40249
60345
80687
101073
121489
141895
162403
182987
203768
224395
245014
265711
286470
307291
327975
348674
369475
390265
411032
431838
452668
473424
494281
515098
535879
556708
577501
598383
619252
640124
660965
681797
702645
723481
744431
765189
786109
806955
827950
848812
869707
890576
911507
932386
953244
974066
994853
1015778
1036702
1057654
1078587
1099498
1120435
1141354
1162282
1183027
1203867
1224738
1245687
1266562
1287550
1308424
1329295
1350191
1371040
1391861
1412674
1433585
1454455
1475395
1496326
1517142
1538067
1558979
1579845
1600733
1621617
1642526
1663387
1684281
1705151
1726041
1746906
1767791
1788691
1809563
1830440
1851267
1872061
1892952
1913719
1934610
1955484
1976405
1997311
2018270
2039212
2059993
2080896
2101679
2122536
2143423
2164349
2185253
2206167
2227031
2247807
2268725
2289586
2310474
2331278
2352170
2372984
2393780
2414654
2435565
2456455
2477387
2498333
2519230
2540177
2561126
2582032
2602920
2623871
2644775
2665617
2686508
2707375
2728247
2749215
2770122
2791078
2811795
2832655
2853567
2874366
2895339
2916196
2937105
2957874
2978763
2999673
3020561
3041493
3062356
3083305
3104252
3125115
3145943
3166755
3187786
3208569
3229453
3250296
3271165
3292009
3312970
3333830
3354667
3375468
3396265
3417113
3437889
3458713
3479647
3500430
3521288
3542204
3563011
3583850
3604656
3625606
3646489
3667392
3688307
3709215
3730081
3750990
3771863
3792670
3813488
3834320
3855243
3876147
3897170
3917978
3938886
3959702
3980502
4001431
4022213
4043207
4064098
4084956
4105700
4126603
4147529
4168344
4189236
4210143
4231041
4251922
4272778
4293630
4314563
4335431
4356282
4377228
4398146
4419058
4440014
4460885
4481630
4502538
4523416
4544201
4565088
4585966
4606828
4627731
4648593
4669440
4690316
4711202
4731998
4752872
4773822
4794760
4815575
4836366
4857301
4878170
4899186
4920118
4940966
4961769
4982587
5003421
5024310
5045147
5065988
5086811
5107667
5128515
5149340
5170236
5191087
5211940
5232782
5253683
5274527
5295290
5316258
5337081
5357981
5378836
5399669
5420555
5441400
5462326
5483299
5504267
5525120
5546048
5566886
5587812
5608732
5629632
5650418
5671308
5692120
5713046
5733941
5754811
5775637
5796487
5817440
5838316
5859179
5880173
5901089
5921971
5942893
5963739
5984607
6005505
6026349
6047224
6068146
6088990
6109754
6130758
6151599
6172416
6193298
6214166
6235159
6256157
6277035
6298025
6318968
6339811
6360703
6381614
6402586
6423486
6444306
6465208
6485983
6506774
6527713
6548664
6569478
6590305
6611147
6632057
6652874
6673752
6694644
6715511
6736397
6757228
6778112
6798958
6819794
6840743
6861627
6882525
6903369
6924253
6945170
6966010
6986867
7007783
7028605
7049400
7070204
7091070
7111920
7132761
7153631
7174518
7195448
7216322
7237318
7258224
7279185
7300127
7321057
7341927
7362807
7383763
7404669
7425610
7446463
7467317
7488206
7509079
7529915
7550770
7571742
7592535
7613508
7634402
7655329
7676279
7697165
7718041
7738923
7759808
7780784
7801651
7822622
7843472
7864308
7885135
7906079
7926842
7947633
7968521
7989327
8010234
8031078
8051891
8072764
8093687
8114566
8135493
8156370
8177293
8198223
8219133
8240062
8260978
8281852
8302805
8323801
8344778
8365682
8386594
8407478
8428309
8449105
8469981
8490861
8511712
8532525
8553450
8574390
8595333
8616231
8637173
8658047
8678931
8699872
8720757
8741719
8762583
8783457
8804371
8825228
8846124
8867014
8887986
8908944
8929800
8950723
8971580
8992413
9013365
9034285
9055154
9076014
9096986
9117809
9138713
9159599
9180448
9201384
9222276
9243117
9264005
9284835
9305733
9326582
9347473
9368322
9389164
9410011
9430798
9451563
9472464
9493299
9514237
9535107
9555879
9576707
9597546
9618379
9639167
9660056
9680958
9701872
9722574
9743485
9764254
9785164
9806066
9827051
9847893
9868810
9889743
9910624
9931467
9952258
9973133
9994031
10014978
10035978
10056821
10077786
10098698
10119553
10140382
10161406
10182221
10203123
10223999
10244793
10265598
10286506
10307392
10328242
10349193
10370074
10390934
10411819
10432672
10453587
10474468
10495382
10516338
10537182
10558044
10578951
10599893
10620798
10641696
10662607
10683592
10704374
10725208
10746100
10766889
10787827
10808731
10829613
10850503
10871452
10892252
10913088
10933911
10954740
10975627
10996482
11017353
11038279
11059151
11080088
11101007
11121810
11142656
11163538
11184482
11205449
11226282
11247110
11268036
11288936
11309767
11330607
11351495
11372342
11393225
11414061
11434966
11455814
11476713
11497663
11518510
11539335
11560191
11581083
11601919
11622724
11643646
11664516
11685323
11706219
11727115
11747946
11768872
11789688
11810537
11831328
11852076
11872958
11893740
11914565
11935507
11956320
11977260
11998221
12019151
12040018
12060967
12081849
12102754
12123727
12144586
12165557
12186442
12207320
12228267
12248963
12269801
12290737
12311605
12332557
12353451
12374341
12395265
12416056
12436942
12457829
12478722
12499532
12520436
12541289
12562225
12583083
12603907
12624716
12645596
12666520
12687400
12708276
12729104
12749992
12770916
12791769
12812539
12833329
12854268
12875160
12895985
12916766
12937638
12958537
12979477
13000386
13021243
13042153
13063068
13083909
13104734
13125719
13146696
13167614
13188435
13209423
13230278
13251159
13272109
13292972
13313799
13334627
13355621
13376550
13397459
13418406
13439252
13460150
13480975
13501826
13522658
13543503
13564395
13585304
13606206
13627050
13647798
13668652
13689566
13710490
13731338
13752283
13773188
13793971
13814974
13835786
13856703
13877510
13898370
13919348
13940275
13961119
13982039
14002894
14023676
14044527
14065431
14086223
14107138
14127947
14148861
14169712
14190622
14211559
14232521
14253318
14274143
14295081
14315931
14336839
14357712
14378599
14399511
14420346
14441268
14462091
14483060
14503979
14524837
14545703
14566560
14587379
14608262
14629123
14649967
14670792
14691697
14712513
14733347
14754221
14775019
14795938
14816841
14837765
14858539
14879349
14900191
14921045
14941846
14962733
14983601
15004480
15025268
15046235
15067141
15088111
15109013
15129765
15150650
15171511
15192276
15213164
15234109
15254994
15275814
15296624
15317518
15338508
15359457
15380445
15401301
15422134
15443034
15463965
15484831
15505695
15526498
15547331
15568215
15589040
15609953
15630882
15651704
15672541
15693379
15714247
15735163
15755951
15776803
15797746
15818653
15839576
15860393
15881349
15902219
15923066
15943964
15964837
15985740
16006606
16027460
16048396
16069224
16090087
16110938
16131785
16152583
16173466
16194137
16214991
16235769
16256659
16277550
16298440
16319342
16340259
16361117
16382046
16402998
16423835
16444716
16465622
16486492
16507394
16528191
16549088
16569898
16590723
16611602
16632544
16653486
16674332
16695250
16716187
16737101
16757954
16778800
16799634
16820513
16841410
16862284
16883191
16904020
16924917
16945810
16966683
16987589
17008596
17029427
17050352
17071185
17092032
17112977
17133962
17154758
17175653
17196524
17217458
17238279
17259144
17279960
17300796
17321629
17342478
17363413
17384342
17405280
17426204
17447102
17467927
17488892
17509788
17530618
17551492
17572383
17593212
17614099
17634946
17655841
17676679
17697471
17718328
17739222
17760058
17780879
17801718
17822538
17843304
17864177
17885020
17905875
17926740
17947638
17968508
17989439
18010367
18031258
18052112
18072984
18093861
18114779
18135571
18156424
18177266
18198069
18218925
18239847
18260750
18281590
18302557
18323469
18344288
18365162
18386065
18406968
18427766
18448644
18469496
18490363
18511239
18532200
18553024
18573956
18594706
18615557
18636414
18657212
18678036
18698965
18719923
18740728
18761501
18782311
18803248
18824133
18844974
18865896
18886725
18907633
18928557
18949462
18970313
18991207
19012123
19032949
19053888
19074794
19095750
19116643
19137463
19158323
19179200
19200104
19221095
19241935
19262843
19283614
19304510
19325425
19346306
19367206
19388056
19408962
19429727
19450609
19471483
19492410
19513284
19534204
19555139
19575915
19596795
19617675
19638514
19659382
19680322
19701109
19722033
19742881
19763811
19784741
19805565
19826493
19847395
19868210
19889123
19909932
19930797
19951634
19972506
19993471
20014443
20035324
20056231
20077093
20097946
20118850
20139741
20160609
20181439
20202348
20223351
20244188
20264994
20285859
20306768
20327687
20348491
20369412
20390232
20411175
20432003
20452874
20473710
20494584
20515453
20536244
20557161
20578013
20598922
20619857
20640657
20661514
20682337
20703173
20724086
20745024
20765967
20786847
20807793
20828705
20849496
20870379
20891238
20912065
20932932
20953849
20974688
20995554
21016476
21037341
21058217
21079081
21099935
21120716
21141576
21162459
21183309
21204116
21224930
21245823
21266677
21287529
21308440
21329360
21350158
21371007
21391943
21412833
21433632
21454505
21475423
21496279
21517142
21537941
21558798
21579652
21600542
21621365
21642254
21663157
21684068
21704971
21725830
21746634
21767410
21788287
21809185
21830028
21850813
21871733
21892650
21913522
21934395
21955350
21976243
21997036
22017906
22038799
22059741
22080605
22101474
22122235
22143182
22164000
22184891
22205731
22226675
22247497
22268349
22289288
22310184
22331021
22351942
22372813
22393642
22414489
22435318
22456193
22476999
22497941
22518757
22539606
22560483
22581347
22602168
22623037
22643865
22664753
22685668
22706554
22727471
22748360
22769276
22790119
22810910
22831750
22852715
22873648
22894526
22915387
22936308
22957183
22977973
22998799
23019719
23040486
23061423
23082329
23103217
23124131
23144993
23165988
23186809
23207613
23228494
23249380
23270261
23291123
23311944
23332926
23353864
23374696
23395576
23416474
23437366
23458270
23479169
23500031
23520877
23541774
23562638
23583479
23604456
23625355
23646179
23667026
23687964
23708818
23729691
23750656
23771538
23792492
23813376
23834145
23854981
23875911
23896886
23917770
23938627
23959396
23980345
24001248
24022131
24043111
24063938
24084820
24105739
24126665
24147611
24168583
24189525
24210419
24231278
24252127
24272927
24293766
24314611
24335453
24356370
24377248
24398123
24419026
24439816
24460732
24481550
24502425
24523272
24544230
24565129
24586007
24606972
24627842
24648617
24669455
24690282
24711119
24731981
24752835
24773735
24794519
24815387
24836284
24857257
24878171
24899048
24919922
24940801
24961678
24982523
25003446
25024281
25045165
25066114
25087011
25107798
25128656
25149594
25170409
25191251
25212059
25233052
25253870
25274752
25295588
25316489
25337391
25358273
25379143
25400077
25420916
25441826
25462706
25483577
25504529
25525448
25546348
25567191
25588097
25608936
25629936
25650742
25671679
25692457
25713263
25734141
25754946
25775790
25796580
25817504
25838340
25859194
25880018
25900829
25921687
25942620
25963519
25984382
26005242
26026162
26047020
26067867
26088715
26109590
26130491
26151370
26172285
26193107
26214035
26234819
26255650
26276529
26297452
26318244
26339142
26360047
26380927
26401831
26422729
26443697
26464550
26485391
26506293
26527112
26547998
26568792
26589624
26610546
26631385
26652304
26673225
26694076
26715004
26735859
26756719
26777694
26798572
26819434
26840292
26861316
26882155
26902970
26923787
26944708
26965614
26986432
27007277
27028231
27049120
27070065
27090996
27111837
27132684
27153570
27174406
27195335
27216144
27237074
27257961
27278866
27299759
27320584
27341507
27362396
27383271
27404065
27424965
27445822
27466733
27487519
27508398
27529192
27550052
27570829
27591689
27612594
27633489
27654292
27675197
27696093
27716959
27737843
27758625
27779485
27800374
27821255
27842138
27863067
27883844
27904770
27925702
27946484
27967297
27988208
28009071
28029939
28050791
28071650
28092391
28113252
28133967
28154804
28175760
28196667
28217531
28238433
28259235
28280053
28300960
28321917
28342810
28363765
28384496
28405387
28426274
28447094
28468001
28488807
28509736
28530545
28551438
28572392
28593315
28614164
28634955
28655785
28676652
28697496
28718415
28739283
28760189
28781096
28801953
28822797
28843695
28864562
28885458
28906399
28927308
28948129
28969009
28989917
29010816
29031689
29052539
29073482
29094310
29115174
29135981
29156808
29177723
29198592
29219440
29240285
29261175
29282127
29303042
29323904
29344825
29365674
29386582
29407377
29428142
29449039
29469919
29490781
29511671
29532583
29553417
29574318
29595284
29616127
29637035
29657844
29678710
29699564
29720452
29741295
29762199
29783136
29804009
29824920
29845845
29866663
29887471
29908315
29929181
29950127
29971030
29991989
30012826
30033749
30054705
30075639
30096524
30117451
30138331
30159268
30180056
30200999
30221891
30242631
30263452
30284309
30305221
30326161
30347100
30367901
30388761
30409589
30430492
30451438
30472287
30493190
30514055
30535031
30555826
30576746
30597592
30618573
30639557
30660378
30681199
30702104
30722945
30743754
30764639
30785542
30806397
30827307
30848155
30869102
30890071
30910996
30931906
30952792
30973708
30994580
31015456
31036419
31057362
31078308
31099216
31120028
31140850
31161834
31182768
31203657
31224542
31245401
31266285
31287186
31308063
31329018
31349921
31370744
31391611
31412451
31433337
31454167
31474994
31495913
31516842
31537718
31558581
31579417
31600222
31621193
31642035
31662919
31683810
31704703
31725570
31746384
31767263
31788133
31809002
31829951
31850800
31871649
31892704
31913555
31934388
31955250
31976189
31996951
32017743
32038664
32059562
32080363
32101275
32122150
32142997
32163808
32184776
32205727
32226586
32247304
32268243
32289100
32310012
32330948
32351843
32372737
32393566
32414432
32435266
32456140
32476955
32497866
32518717
32539543
32560461
32581383
32602194
32623027
32643978
32664875
32685760
32706665
32727544
32748435
32769240
32790065
32810806
32831622
32852529
32873388
32894300
32915157
32936012
32956833
32977662
32998570
33019436
33040291
33061138
33081993
33102941
33123839
33144650
33165613
33186545
33207464
33228410
33249226
33270075
33290923
33311914
33332946
33353870
33374776
33395658
33416453
33437285
33458085
33478912
33499701
33520540
33541447
33562271
33583274
33604111
33625009
33645899
33666665
33687645
33708473
33729325
33750200
33771072
33791929
33812739
33833691
33854637
33875466
33896377
33917320
33938178
33959012
33979850
34000808
34021651
34042508
34063494
34084263
34105090
34125867
34146732
34167632
34188484
34209448
34230311
34251260
34272246
34293150
34313997
34334866
34355808
34376585
34397442
34418410
34439245
34460065
34480938
34501804
34522673
34543568
34564473
34585337
34606110
34626968
34647968
34668871
34689818
34710646
34731620
34752422
34773280
34794197
34815047
34835864
34856659
34877432
34898302
34919222
34940074
34961009
34981914
35002749
35023571
35044508
35065431
35086280
35107123
35127904
35148721
35169501
35190450
35211325
35232110
35253045
35273906
35294797
35315627
35336513
35357403
35378270
35399120
35419962
35440906
35461769
35482582
35503361
35524312
35545252
35566132
35586982
35607807
35628699
35649619
35670441
35691398
35712401
35733377
35754304
35775153
35796018
35816878
35837672
35858553
35879533
35900245
35921001
35941860
35962786
35983600
36004415
36025271
36046206
36067020
36087823
36108649
36129445
36150250
36171073
36191959
36212857
36233709
36254588
36275560
36296454
36317334
36338227
36359134
36380036
36400894
36421760
36442551
36463465
36484322
36505048
36525884
36546655
36567542
36588355
36609147
36629981
36650872
36671631
36692529
36713408
36734302
36755190
36776090
36796989
36817832
36838682
36859562
36880517
36901403
36922367
36943178
36964090
36985001
37005901
37026716
37047532
37068423
37089236
37110170
37130983
37151866
37172749
37193603
37214466
37235354
37256158
37277081
37297954
37318778
37339639
37360494
37381434
37402307
37423236
37444106
37465037
37485845
37506682
37527588
37548536
37569376
37590230
37611092
37631931
37652739
37673605
37694495
37715365
37736269
37757130
37778015
37798838
37819698
37840507
37861316
37882158
37902938
37923714
37944617
37965444
37986385
38007340
38028313
38049247
38070049
38090895
38111786
38132749
38153593
38174458
38195360
38216281
38237150
38258061
38279021
38299925
38320741
38341527
38362324
38383112
38403944
38424758
38445525
38466388
38487382
38508283
38529206
38550023
38570909
38591759
38612594
38633478
38654392
38675279
38696117
38716989
38737818
38758625
38779577
38800425
38821337
38842201
38863053
38884020
38904902
38925868
38946708
38967543
38988412
39009275
39030051
39050888
39071809
39092552
39113409
39134241
39155177
39176074
39197014
39218006
39238818
39259700
39280578
39301417
39322317
39343136
39364001
39384921
39405854
39426710
39447583
39468448
39489287
39510181
39531051
39552046
39572924
39593748
39614681
39635572
39656413
39677249
39698086
39718807
39739722
39760611
39781518
39802346
39823199
39844033
39864933
39885852
39906714
39927629
39948483
39969447
39990259
40011104
40032001
40052956
40073785
40094682
40115634
40136451
40157332
40178145
40198940
40219815
40240609
40261580
40282424
40303402
40324257
40345109
40365988
40386815
40407701
40428602
40449408
40470317
40491204
40512200
40533077
40553928
40574796
40595645
40616502
40637467
40658298
40679135
40699957
40720918
40741841
40762783
40783679
40804579
40825403
40846343
40867144
40887971
40908794
40929710
40950522
40971441
40992320
41013219
41034035
41054893
41075797
41096730
41117611
41138513
41159314
41180258
41201199
41222076
41242966
41263778
41284621
41305430
41326330
41347242
41368073
41389022
41409884
41430701
41451559
41472500
41493444
41514301
41535173
41556072
41576934
41597817
41618662
41639547
41660337
41681298
41702132
41722972
41743916
41764752
41785641
41806458
41827287
41848155
41868973
41889888
41910766
41931581
41952501
41973350
41994179
42015039
42035863
42056783
42077666
42098623
42119501
42140443
42161316
42182221
42203032
42223894
42244636
42265589
42286491
42307468
42328318
42349178
42370012
42390934
42411748
42432625
42453568
42474427
42495338
42516184
42537094
42557947
42578783
42599686
42620560
42641552
42662480
42683420
42704264
42725110
42745960
42766771
42787632
42808572
42829381
42850175
42871057
42891841
42912778
42933700
42954610
42975424
42996233
43017025
43037970
43058975
43079841
43100766
43121640
43142536
43163437
43184308
43205212
43226004
43246832
43267700
43288696
43309571
43330441
43351256
43372139
43393069
43413866
43434733
43455596
43476450
43497276
43518165
43539037
43559998
43580913
43601785
43622652
43643479
43664466
43685324
43706266
43727223
43748091
43768965
43789901
43810725
43831534
43852511
43873410
43894376
43915190
43936043
43956896
43977670
43998568
44019378
44040246
44061226
44082119
44102986
44123819
44144670
44165539
44186307
44207180
44228050
44248925
44269858
44290812
44311710
44332630
44353571
44374487
44395446
44416268
44437241
44458115
44478966
44499804
44520611
44541503
44562304
44583278
44604128
44624968
44645772
44666702
44687447
44708301
44729159
44750107
44771068
44791919
44812783
44833717
44854642
44875448
44896312
44917177
44938027
44958860
44979775
45000721
45021657
45042534
45063462
45084363
45105269
45126166
45147054
45167859
45188772
45209678
45230510
45251486
45272390
45293216
45314179
45335011
45355807
45376721
45397593
45418460
45439308
45460229
45481029
45502002
45522893
45543771
45564687
45585615
45606496
45627356
45648264
45669263
45690047
45710927
45731858
45752667
45773540
45794453
45815384
45836289
45857206
45878187
45899097
45920008
45940770
45961630
45982586
46003532
46024377
46045169
46065990
46086806
46107784
46128667
46149473
46170292
46191115
46211990
46232877
46253728
46274562
46295326
46316229
46337053
46357946
46378875
46399719
46420663
46441584
46462495
46483448
46504290
46525113
46546008
46566818
46587644
46608500
46629350
46650260
46671143
46691978
46712829
46733672
46754511
46775308
46796231
46817130
46837957
46858804
46879694
46900482
46921388
46942221
46963073
46983952
47004935
47025761
47046719
47067627
47088456
47109246
47130067
47150938
47171815
47192729
47213614
47234459
47255349
47276302
47297199
47318130
47339047
47359926
47380752
47401699
47422580
47443435
47464343
47485161
47506053
47526963
47547758
47568668
47589506
47610397
47631288
47652214
47673057
47693867
47714789
47735548
47756423
47777286
47798138
47818985
47839842
47860703
47881609
47902442
47923275
47944244
47965155
47986035
48006996
48027917
48048778
48069562
48090433
48111312
48132037
48152926
48173793
48194594
48215413
48236251
48257045
48277950
48298858
48319762
48340542
48361413
48382309
48403222
48424074
48445018
48465967
48486865
48507777
48528700
48549683
48570584
48591481
48612410
48633310
48654190
48675095
48695878
48716871
48737691
48758511
48779416
48800295
48821197
48842095
48863041
48883976
48904865
48925737
48946732
48967663
48988455
49009350
49030257
49051089
49072048
49092883
49113807
49134681
49155527
49176387
49197163
49218112
49238992
49259939
49280843
49301673
49322614
49343508
49364456
49385392
49406230
49426980
49447815
49468624
49489532
49510411
49531168
49552026
49572999
49593918
49614805
49635629
49656553
49677467
49698344
49719225
49740046
49760906
49781785
49802635
49823533
49844445
49865316
49886126
49906910
49927750
49948635
49969469
49990381
50011310
50032165
50053025
50073881
50094784
50115663
50136654
50157589
50178482
50199335
50220233
50241037
50261891
50282803
50303786
50324690
50345414
50366267
50387144
50408059
50428911
50449827
50470772
50491776
50512632
50533469
50554307
50575256
50596065
50616918
50637855
50658782
50679620
50700544
50721348
50742171
50762985
50783820
50804702
50825520
50846474
50867351
50888247
50909199
50930139
50950974
50971862
50992775
51013625
51034525
51055392
51076310
51097199
51118149
51138973
51159884
51180815
51201611
51222563
51243412
51264273
51285164
51306063
51326821
51347675
51368588
51389392
51410206
51431103
51451965
51472918
51493843
51514709
51535693
51556555
51577429
51598327
51619250
51640208
51661054
51681914
51702663
51723452
51744301
51765192
51786070
51806824
51827756
51848624
51869535
51890419
51911229
51931968
51952769
51973589
51994495
52015426
52036356
52057223
52078019
52098808
52119720
52140589
52161476
52182403
52203375
52224259
52245131
52265880
52286794
52307599
52328488
52349378
52370256
52391132
52412102
52432938
52453846
52474658
52495561
52516377
52537271
52558070
52578869
52599662
52620584
52641502
52662391
52683212
52704077
52724861
52745764
52766661
52787603
52808532
52829313
52850178
52871191
52892022
52912879
52933815
52954556
52975422
52996244
53017051
53037902
53058756
53079594
53100357
53121204
53142084
53162996
53183919
53204753
53225614
53246562
53267441
53288286
53309196
53330100
53350984
53371880
53392816
53413694
53434505
53455511
53476361
53497212
53518076
53539050
53559931
53580818
53601771
53622771
53643576
53664540
53685356
53706286
53727173
53748119
53768944
53789799
53810711
53831655
53852445
53873303
53894165
53915082
53935979
53956814
53977756
53998600
54019549
54040378
54061319
54082234
54103139
54123958
54144994
54165874
54186694
54207509
54228418
54249241
54270167
54290955
54311823
54332656
54353576
54374486
54395289
54416179
54437063
54458012
54478961
54499944
54520803
54541597
54562418
54583303
54604116
54624980
54645856
54666746
54687655
54708453
54729242
54750013
54770918
54791767
54812650
54833482
54854342
54875243
54896137
54917050
54937959
54958891
54979700
55000655
55021548
55042411
55063197
55084052
55104881
55125677
55146474
55167259
55188063
55209016
55229826
55250828
55271744
55292585
55313472
55334360
55355194
55376036
55396872
55417757
55438709
55459664
55480638
55501438
55522422
55543383
55564218
55585077
55605807
55626730
55647501
55668446
55689401
55710273
55731139
55752105
55773048
55793951
55814851
55835748
55856634
55877443
55898393
55919301
55940078
55961026
55981950
56002803
56023780
56044614
56065562
56086323
56107141
56128002
56148803
56169629
56190562
56211452
56232279
56253214
56274220
56295171
56316053
56336933
56357833
56378739
56399632
56420471
56441322
56462119
56483054
56503873
56524779
56545694
56566599
56587433
56608271
56629222
56650082
56671047
56691901
56712900
56733708
56754643
56775491
56796394
56817303
56838154
56858972
56879908
56900809
56921583
56942459
56963307
56984113
57005040
57025952
57046850
57067756
57088593
57109525
57130461
57151303
57172150
57192996
57213923
57234829
57255635
57276434
57297392
57318107
57339050
57359936
57380768
57401706
57422532
57443351
57464217
57484999
57505954
57526936
57547780
57568632
57589566
57610451
57631318
57652157
57672966
57693806
57714680
57735603
57756438
57777234
57798119
57819018
57839960
57860893
57881725
57902656
57923532
57944370
57965252
57986096
58006911
58027730
58048532
58069415
58090322
58111229
58132064
58152946
58173828
58194723
58215574
58236428
58257250
58278156
58299095
58319936
58340830
58361703
58382636
58403537
58424402
58445283
58466193
58487071
58507959
58528883
58549834
58570729
58591594
58612458
58633286
58654116
58674941
58695817
58716725
58737647
58758593
58779487
58800384
58821335
58842203
58863060
58883932
58904844
58925686
58946633
58967518
58988451
59009308
59030218
59051092
59071949
59092849
59113629
59134566
59155531
59176468
59197335
59218143
59239138
59259951
59280924
59301826
59322750
59343610
59364309
59385313
59406230
59427055
59447948
59468762
59489652
59510537
59531455
59552368
59573331
59594177
59615064
59635940
59656716
59677593
59698458
59719299
59740176
59761126
59781986
59802963
59823799
59844757
59865672
59886543
59907516
59928422
59949322
59970265
59991159
60012025
60032881
60053786
60074657
60095555
60116325
60137246
60158162
60179040
60199933
60220772
60241572
60262451
60283303
60304151
60325042
60345933
60366757
60387628
60408552
60429340
60450165
60471132
60491947
60512883
60533693
60554561
60575397
60596324
60617299
60638092
60658940
60679753
60700636
60721604
60742517
60763304
60784229
60805061
60825964
60846772
60867733
60888577
60909379
60930288
60951243
60972069
60992976
61013806
61034748
61055707
61076611
61097483
61118377
61139284
61160125
61181050
61201840
61222674
61243631
61264551
61285432
61306298
61327168
61348070
61368949
61389790
61410763
61431486
61452316
61473219
61494096
61515003
61535858
61556770
61577625
61598539
61619410
61640131
61660996
61681822
61702695
61723584
61744392
61765337
61786210
61807092
61828066
61849012
61869959
61890835
61911667
61932593
61953529
61974345
61995199
62016071
62036997
62057849
62078816
62099758
62120708
62141662
62162561
62183476
62204371
62225229
62246174
62266972
62287953
62308870
62329728
62350677
62371560
62392400
62413211
62434059
62454910
62475739
62496575
62517376
62538220
62559089
62580118
62600845
62621704
62642518
62663409
62684257
62705141
62726092
62746989
62767893
62788741
62809551
62830388
62851194
62872027
62892954
62913850
62934733
62955597
62976500
62997391
63018310
63039244
63060205
63081049
63101950
63122884
63143824
63164691
63185615
63206607
63227467
63248368
63269298
63290205
63311100
63331995
63352852
63373642
63394555
63415413
63436361
63457300
63478118
63498992
63519790
63540684
63561591
63582356
63603257
63624153
63644996
63665873
63686768
63707741
63728614
63749380
63770219
63791169
63812052
63832982
63853832
63874801
63895647
63916509
63937408
63958242
63979138
63999942
64020784
64041629
64062614
64083576
64104514
64125345
64146221
64167167
64188024
64208901
64229700
64250583
64271447
64292305
64313181
64334066
64354918
64375826
64396659
64417534
64438437
64459341
64480193
64501105
64522058
64542937
64563810
64584709
64605629
64626478
64647334
64668264
64689149
64709993
64730800
64751770
64772554
64793430
64814344
64835238
64856116
64877067
64897886
64918752
64939565
64960501
64981357
65002289
65023109
65044076
65064993
65085850
65106723
65127645
65148516
65169376
65190245
65211222
65232072
65252986
65273862
65294705
65315555
65336388
65357188
65378014
65398868
65419743
65440589
65461497
65482337
65503216
65524025
65544934
65565953
65586825
65607673
65628568
65649449
65670382
65691282
65712174
65733124
65754040
65774902
65795740
65816654
65837442
65858399
65879209
65900175
65921173
65942061
65962932
65983786
66004732
66025558
66046432
66067262
66088091
66108923
66129792
66150681
66171624
66192531
66213436
66234270
66255135
66275968
66296799
66317655
66338492
66359310
66380135
66400988
66421880
66442703
66463538
66484400
66505350
66526141
66547066
66567911
66588799
66609676
66630582
66651424
66672383
66693226
66714088
66735061
66755943
66776779
66797638
66818550
66839422
66860302
66881202
66901992
66923001
66943858
66964728
66985608
67006421
67027231
67048126
67068979
67089923
67110794
67131623
67152445
67173276
67194113
67214987
67235825
67256756
67277632
67298561
67319376
67340238
67361150
67382035
67402851
67423703
67444586
67465448
67486285
67507176
67528187
67549079
67570003
67590749
67611614
67632499
67653430
67674327
67695080
67716049
67736940
67757808
67778621
67799458
67820443
67841302
