0.3579624760174983
0.3357910826525647
0.33805166734579667
0.34371262798633956
0.33334516288621285
0.31950721587051334
0.3276189781625065
0.31072685616535395
0.34129688428810445
0.3446281731072809
0.30913004396092747
0.32250838866513487
0.3350714217828996
0.3169991253272384
0.33612222191406693
0.3416890441570487
0.3411931856371636
0.32863193414155434
0.3324559253913806
0.3358530715497271
0.37242139117699063
0.3471958443231088
0.35043095569655525
0.3393290896897069
0.33558050416539376
0.343599352891689
0.33756250991338954
0.35400480005259416
0.3613372839779799
0.34623980234585017
0.35252126100864223
0.35099649863575133
0.35515989952851856
0.350915847802061
0.35588595460496775
0.33043910488708894
0.3445473122637571
0.34116301006435357
0.34673366345969203
0.3270839980260254
0.35129008663180217
0.31469533821664664
0.34642252504148285
0.34227112465278353
0.3563365670254371
0.34927169430669813
0.35944798095457864
0.3628031688798208
0.3325792588597134
0.34750668919734307
0.33072145551986454
0.3238754727923935
0.3322270533392339
0.3301525245537217
0.3484452495810876
0.3369409342449347
0.3473134562019209
0.3452806007913487
0.33774937343113876
0.33217948728150803
0.3493244303868793
0.34027496357763815
0.32330521333464424
0.3358187177327148
0.3462138407489752
0.3443310297768519
0.3305717565687484
0.35216358644394485
0.33822100559612744
0.35803543129860826
0.32616909892015666
0.3291238694976242
0.32709187278188284
0.34658412459817456
0.3632412671186105
0.35857923566451755
0.333069679642247
0.3281884979770688
0.3200555766687554
0.3221288127639424
0.3434457072247418
0.3265958870279917
0.32442773986540907
0.33945715732955906
0.3520804021908974
0.31819143945215783
0.3225198259953139
0.3150597956636746
0.3268485204510049
0.3269590390577781
0.3473873416191578
0.342975152398836
0.35478588403817546
0.3325120933357347
0.35820099876077116
0.3416552828124834
0.33047621974746494
0.3418878581300891
0.34531275034915837
0.3420144005862875
0.35590658672288833
0.3478589378789832
0.35390439257163714
0.32492648720779627
0.32467853249445466
0.34057290793366474
0.3423964739059231
0.34630314999116274
0.33161873652113505
0.34392149604879246
0.35309757197888625
0.3270723475755461
0.31116303921362454
0.3186004931003087
0.32874105467038567
0.34573254251859636
0.3273668752882815
0.3278930867629821
0.34179835796791136
0.34945530890203047
0.33534326866125186
0.3426119634033649
0.33322846162575914
0.33618519432810373
0.34622286353632914
0.33176618331406604
0.3416297039690739
0.348983340876035
0.30981253681935816
0.3101800520004837
0.33727538378439414
0.33827035958219287
0.3242990897299154
0.3300961385855917
0.35254771690727654
0.3382045341681179
0.3455761552629447
0.33319257203997726
0.3392421628353398
0.34169264304631763
0.3331974287357791
0.33973351060672435
0.3213967304831865
0.32785850383023096
0.32276574304623207
0.3289094445379751
0.3341440996413884
0.34192734428435523
0.3268962293118318
0.34843123181832825
0.335743144633125
0.3257845035265093
0.3402600606476257
0.3435708015582948
0.3430276603217691
0.3448162123145231
0.3488507262147803
0.352896758377899
0.357494155809779
0.3468929292684079
0.3571443038757601
0.3390054879268209
0.33243682995772106
0.33235604565295884
0.33868589940652694
0.31955669367221606
0.31580917333618896
0.31902509139424245
0.32750232395571205
0.34545901619432373
0.34855260085776035
0.3516718219576147
0.3449917236967033
0.33666154745797283
0.29968041050989247
0.33979390083792405
0.35221067837303843
0.3509035820367352
0.32037593853819235
0.3302542604318329
0.34070132480066195
0.34348539435015996
0.36061568848127273
0.34092331267694564
0.3294736897719579
0.3324949159908126
0.32849631929382783
0.31511868742638616
0.32853954272318564
0.3325705220150005
0.3352083851516276
0.3144980347329491
0.31356080531400166
0.3223622402961429
0.30784289415360855
0.3205248039856589
0.3362903409949761
0.32966519266424765
0.34250536457319025
0.3349266787105787
0.34952294864688693
0.35490594919276
0.3492452006943412
0.347111741237515
0.31906845637433723
0.3288597820911099
0.3197682349208535
0.3186776166933617
0.32045791894460807
0.317111885691845
0.32711167731367263
0.33445159726685697
0.329228347176615
0.3386951523714904
0.31896823054580775
0.3203953990413355
0.34433406730750316
0.3214062191279933
0.3337605385722279
0.357179386886348
0.34549830435944384
0.33959352310303476
0.3268008148622368
0.33002639520643906
0.34131640057818724
0.34154924188098934
0.34075790889743096
0.34191601010829653
0.34915106381740135
0.32723930159312087
0.34725800980011057
0.3477671517489906
0.33810615739231453
0.33859093820091046
0.3228152905269776
0.31704703046319793
0.3444845279354516
0.3399355771057957
0.333668028347909
0.32627886023463426
0.35870638223517815
0.3513553814338076
0.339426991232036
0.34121245573988496
0.33418496755787414
0.3383129095846611
0.34485985546694453
0.32163679245523646
0.337464721778699
0.35808453935449314
0.3452247239389866
0.3235370443951736
0.35201287892461164
0.34784360519656626
0.3492600929542758
0.3153562152579565
0.33813642944584205
0.31517856082790047
0.32047112801592514
0.3352751834635639
0.3616113691658319
0.32286188356710616
0.3494784603657065
0.3234734688500915
0.34574404480425325
0.3328445124016334
0.33373739146665615
0.33779346778143626
0.32962200656782903
0.34301601624183875
0.3409929236750504
0.33983879801957706
0.36571592852946155
0.3452805220049993
0.34535040872297157
0.3388870944879411
0.34449256371204623
0.33007935047521136
0.3391768729366072
0.3427317621442071
0.33193226067554915
0.3400681834360576
0.34085921388626905
0.3355074026484542
0.3476013238269401
0.3450241138408336
0.3567869249576975
0.34115663164919546
0.32605554081643606
0.34440505582989583
0.3260517148624283
0.31694688270153315
0.32499025926140357
0.3343698251187738
0.3363825367484228
0.3198335548729204
0.34732083504988054
0.3680416127866867
0.3384358756221496
0.3149415449873112
0.3333103796294147
0.3342539342273757
0.3237529520173181
0.3456637306804776
0.3371235668175574
0.35096523234761967
0.3386456801383313
0.3286916779865006
0.33445290183783505
0.3539015007256582
0.328986858255746
0.33270414062505366
0.33649071272967723
0.3580581090940542
0.34150146374919443
0.3516748363045775
0.32395736423124644
0.32827447946313193
0.3240566967008618
0.3190701020025008
0.3118650979491194
0.32823082018322414
0.3462419141948633
0.34076149673402367
0.34870407132369047
0.35694035045704264
0.33419142752343334
0.3459615982449181
0.3514025586061339
0.3505096814955248
0.3263348135393825
0.3274552964087274
0.3413494175848075
0.35485531351891797
0.3493574899746337
0.3336036403117162
0.3401764954492371
0.33681538603942773
0.3411323750727273
0.32368898454672873
0.3352110136495943
0.32041047596750766
0.33009209762910785
0.338074312548312
0.33506150165243653
0.3394707366750439
0.3329501228589362
0.32865861245918115
0.3478125093525594
0.34016275103574445
0.33721170166805425
0.3337178432469644
0.34414678912483354
0.3518130081863826
0.35118961439105156
0.3299341862774673
0.35025166520386075
0.34696244101500606
0.34653062185935324
0.3341079217944264
0.34135375292264114
0.3333529071133253
0.34000346161068645
0.33411283756744237
0.33165935391441803
0.317564097336712
0.3182376074364238
0.3397960145222897
0.3307319918457328
0.34128513517510806
0.34023416995037115
0.33627110569320134
0.3423828908388379
0.3529986746594105
0.33768130281366315
0.31600655738963923
0.3562064379663012
0.3266341631196735
0.3310243676856104
0.3327439394530611
0.3465514904518654
0.3575012593334853
0.35362723797123113
0.3436428241993424
0.34292649105053113
0.332038387779203
0.35261978185417897
0.34315827228852175
0.3300302776158856
0.35154634497882886
0.319404366072537
0.32038243318593607
0.32850000232239046
0.3378089330211693
0.33050804529830996
0.33664292730962
0.32009078106537525
0.34825608047219925
0.34573279106061594
0.3350552863976647
0.3356236744682316
0.3427735354563495
0.3413938200062604
0.32373706358728793
0.35305724899455704
0.33984731119075307
0.3355697064397539
0.34000591989207896
0.32287067570257216
0.33268663042700075
0.33711671307885493
0.33719574671225194
0.33289247704644065
0.33654388472318825
0.32489880207965155
0.3290270485167222
0.35214845795055
0.34201481668511136
0.34025661671845653
0.3464702862914644
0.3470250711045041
0.32397179433934953
0.34746535836327114
0.3203048550310061
0.35268591918476405
0.33715614638586977
0.3171382460209162
0.33526723939330105
0.3468061163870818
0.3518311910594728
0.33267492178941904
0.3366742127074892
0.3189655787071961
0.33442175235937643
0.3111558291799944
0.340995737221252
0.3380103035374163
0.34108600103990316
0.3380772648950045
0.32300800376849537
0.33446842378092034
0.3351454813017868
0.34005780768708954
0.33649646767851105
0.3361211725589037
0.3419006935094481
0.3660859126015402
0.3616138384299978
0.3570727336021625
0.3288510279818668
0.3389120276867484
0.3489445185320381
0.3232383610042946
0.3332215180307174
0.35564902552154487
0.3285190025006058
0.3561387617852773
0.36686535678686066
0.3445805320333444
0.36900439748683134
0.3293353177202859
0.35425408206362197
0.353031935566073
0.33997655904029617
0.3498198358649355
0.34123486570249983
0.32046659949620043
0.3224291774332152
0.3270085445525292
0.3365366803224711
0.3372880604546421
0.3721755685968035
0.3501937684614898
0.33245547777758
0.327065335062567
0.33954043038287196
0.35203673342728375
0.34428350440282973
0.33131329361907036
0.3311145215845993
0.337440673428459
0.3385158733580771
0.35141031201832595
0.3413971758942995
0.3409523257392332
0.3479373372506098
0.3384963723602134
0.33602355475642043
0.3509184856403563
0.3338709300981276
0.33534823745126563
0.34548445957754786
0.37628401305741754
0.3401279299959024
0.3327693451154031
0.3441761974221532
0.3226423720688054
0.3571075307189034
0.3476360174044407
0.3418123117692702
0.3335684549521817
0.32598590408992123
0.33212028065969545
0.3570336153655895
0.3337888642073578
0.35810345818959505
0.3335663754766429
0.3244582892173443
0.3236822902034089
0.3437333647336614
0.34120340109426067
0.3272847443744503
0.30465220281198424
0.32580466803351216
0.3366393027824259
0.33614278259918595
0.3520272289544758
0.33191409405056094
0.3510687689338122
0.3270960614642082
0.3437536667660067
0.33676988595212964
0.36929532923433384
0.3551939479453664
0.35636995788828457
0.3402476701535839
0.33879149950552334
0.3488514171725826
0.3324535907175783
0.3447105962261951
0.34310513444396645
0.32958866266048725
0.33963697881502053
0.34381843933547607
0.36349309264869045
0.33145533243230946
0.33278019383007196
0.3303989594729422
0.33771323194584824
0.34227625788176175
0.34877569322575397
0.3595556268168494
0.33557353410405033
0.3274822364162284
0.3395758493593006
0.34694003858262495
0.33056737138520814
0.33304337351016977
0.3492317268586156
0.3381049126856841
0.36298507122655066
0.33663349180751734
0.351470883410983
0.33222044700856795
0.3266437923281357
0.3274053434127313
0.3260067889014755
0.35463569232141895
0.32827241467368595
0.3255277195009536
0.3159890883847374
0.3259122038925254
0.34220458046293145
0.33209848917979967
0.3310787305801105
0.33613404158141247
0.33558760240597024
0.34308031581895937
0.35067100165162945
0.3755014493936745
0.34553045067451477
0.34988810505096213
0.338403994222935
0.350709801871005
0.3312785652536979
0.33809642933711687
0.33422204150710944
0.33884591459048485
0.34016549985110456
0.3537344991823109
0.33300993664901146
0.35394551046221345
0.3388113826537023
0.3768859403864566
0.3261853935340796
0.33380403599765646
0.3228365213198772
0.34498029227958726
0.3511690562743274
0.336466270088131
0.30770605517658506
0.33115983095126056
0.33258144862071193
0.33436006178981437
0.3341175691045378
0.3416721365526041
0.3458535433379885
0.3445695357515528
0.33522205981499575
0.3345362132972787
0.33560437645194363
0.33421278327485093
0.3158231753307317
0.3183331402340961
0.3352128022398774
0.34077219645101686
0.3300814759523295
0.32991562088433235
0.32788091219392745
0.33662204259094175
0.34895567073882583
0.3498865286085039
0.34419751848446645
0.34065548390096767
0.33360486438029546
0.33746512711812177
0.35696933010681964
0.36528182140632026
0.35199213634513415
0.32129196322097037
0.3333892315280842
0.3256394931313395
0.3090328044590547
0.31520916492545537
0.34269346506613185
0.3277113806096672
0.34836723789332624
0.35983029307213577
0.35289958774618846
0.3315962661604366
0.3074018255678315
0.31582083555893703
0.34007288746612413
0.3184792519672313
0.3415018762550712
0.3385458457452289
0.33428474611527914
0.337992315275653
0.32441841363927665
0.3286033204382425
0.33606943885357066
0.34330716909500936
0.3266897934270915
0.3451622371333129
0.32845503394655073
0.34176768739373564
0.34707355922879607
0.3377723314838653
0.3368128324236964
0.3505272078657135
0.3474473346583242
0.33376791892974067
0.3285837102749759
0.3396113830296227
0.3331775927128497
0.33162944585821935
0.327315025737019
0.33461690467959926
0.34028684990411884
0.33425612669681004
0.3410074344481642
0.3357688826809005
0.3292488889381786
0.3357174858629746
0.3359300361133041
0.3387043704304293
0.34061939095579497
0.3566464251071546
0.36346905258636714
0.34831602376970267
0.33349212816857543
0.32501215460366517
0.342461867550766
0.33248900044677887
0.3265387796698196
0.36479498966531576
0.3440612998110281
0.3565352089108624
0.3452188525050198
0.3455952990399772
0.3520853561403663
0.34118979790487935
0.35239110916569183
0.35555643006276405
0.3446310763926612
0.34866841093837964
0.33570070287753295
0.3433429408898937
0.34573424926119223
0.3387601054485654
0.3653001887323962
0.3539961505698692
0.35128610082040124
0.3676728326607887
0.34043391696041975
0.33927815869196914
0.32933982925502037
0.3395628590142631
0.35258176416960774
0.3398985691984899
0.33826635413271067
0.3405208307334341
0.34479151305221245
0.3205753835093158
0.3376614915009471
0.3495168390934883
0.3632937883663363
0.33844316635332533
0.33438504971691096
0.33904036992931574
0.3543785150956477
0.3407354190880132
0.34196826500835875
0.3341376372609572
0.345183435937653
0.3399556201741781
0.3201554866923028
0.33172446605214145
0.33236641659572025
0.33880672879260776
0.3536790787487194
0.36385763420929884
0.34500921802933837
0.3516700638175144
0.349233445044042
0.3373828470691983
0.33998895380732064
0.33239082799623454
0.32668783214415115
0.3329584669306196
0.34140845384688934
0.34670525818899095
0.3481094029461585
0.3526379061622462
0.3453321244145343
0.3493793888593978
0.33240458428015834
0.33136452006831046
0.32413260556987583
0.3063883484470691
0.31736996006604035
0.3336916072158762
0.331718193537338
0.3460903228410591
0.34280846597241593
0.3313391911100437
0.3272022615967821
0.3281236323893171
0.3381638223780577
0.3553974476059939
0.32297329802384256
0.3456746682631088
0.3686129031263539
0.3579898420175325
0.332278128786323
0.3241101107045609
0.3352014165678934
0.32100867210468254
0.3265943659845444
0.3304665288173283
0.3298111090907483
0.3418816426491049
0.33054908464637056
0.3262665981234724
0.319510682632923
0.3219306535249232
0.332525969703111
0.3285280448674386
0.3095345445066662
0.32570422557000644
0.3399644520763491
0.33323074126955177
0.3231602395191191
0.3293308811950873
0.3473671366995189
0.34981717066355483
0.33657780908385193
0.3493168972788302
0.34615242690024256
0.3332010051840597
0.33961404037647336
0.33187458898386346
0.3373001464430586
0.3373428562789704
0.3338466783338825
0.31750234011683665
0.3301886595657101
0.33725440863433054
0.33064438411017105
0.3518310723201087
0.3347721737484777
0.35660665998941576
0.36530315513744527
0.3330944341077995
0.3169787550741506
0.3310195095399331
0.3196552689241091
0.3197136976126875
0.3380340627814977
0.3381525593764305
0.327350127762854
0.34340054607431847
0.3299369059711889
0.32988466773551717
0.3189626012930223
0.3227269244339147
0.352854761871818
0.3547516055616033
0.3307959481342558
0.33847394330766734
0.3337586297431111
0.33504080461550884
0.31403104777301627
0.3304225879098326
0.32690575824724427
0.33190137807235076
0.31383752971477813
0.354594956239558
0.3284950155394921
0.3450869260418717
0.34022486826599796
0.3247310250020899
0.3175026506959512
0.34012918331177266
0.3343461579848216
0.34920166453194257
0.33066556230724037
0.3375606771182136
0.3237273280523827
0.3228560900382035
0.35475294669724056
0.3527799546345246
0.331707688443128
0.3243716959008831
0.3176021587594822
0.3297490892916522
0.3397000847549292
0.36213165567379196
0.34744611703811457
0.3535805597267426
0.3431202993942346
0.3297394743888042
0.3458936477509007
0.3305344067963264
0.355312820172082
0.3321177988597177
0.33210412596875954
0.3519958619289588
0.34387513749643994
0.3463419930377103
0.3408263685272326
0.34190903020019237
0.3386203626855542
0.3566203936794424
0.3541365238568899
0.3298470783376159
0.32950576793539393
0.34102929192287357
0.33719211472188054
0.3319867532605738
0.31995936181344586
0.3563369320108508
0.3375465943897832
0.3352583664399511
0.3398453228297519
0.34596249053346245
0.3549339168601384
0.3322175398739907
0.3366938260616859
0.35391147591369376
0.34480375533422847
0.34936948878993646
0.3483288259821701
0.3667044461518766
0.36936128579773553
0.35653674576916516
0.3556116959553721
0.35005542724271504
0.3284892301831812
0.3466097561562069
0.34645396871481315
0.346295714964322
0.3593730899449298
0.3469680771744907
0.3360395157440041
0.328817735103047
0.3417581998244017
0.3464833891184455
0.35626994439951276
0.3635703394222717
0.3418007481526708
0.3356559373108856
0.34385273704045216
0.31807540931834033
0.32376105273396766
0.34025723728248713
0.33538893787710944
0.3482952844798248
0.3380603364580599
0.3436143079514219
0.3355728272507871
0.32992924492863995
0.3451034975278304
0.3548940946357122
0.33138051577035404
0.34572036969644493
0.3366756275579082
0.3246302480672738
0.32516069298679706
0.33504033852131876
0.34598415910624525
0.343421554154603
0.3406318580397356
0.34019558727805077
0.35309932766640606
0.3382115506738832
0.34567878876700897
0.360113593527709
0.34024546772794273
0.3222954055171486
0.3367376547950056
0.3330435581941459
0.34181993171880226
0.3374866194890749
0.3337018759729523
0.32897841071770056
0.313833879908622
0.3252814591671608
0.33246173696824977
0.3379479309968325
0.3246082463600719
0.31498887680893944
0.32826309295176404
0.34044937055334124
0.3237137333084094
0.35345543208694863
0.34091819725455763
0.3439060792659322
0.3266695187532072
0.34023150287148507
0.35245844999712084
0.3525551377988646
0.36501913093015104
0.33470223552636114
0.3349895193011245
0.3390080357715016
0.32796512905146136
0.31313439023612777
0.34505524202789883
0.3397810893637236
0.3503080186952853
0.33679351520249756
0.33426886661831645
0.33121277744103617
0.3393698543207258
0.34259281510930467
0.3290252797137244
0.33405493742448594
0.338435292360012
0.341297123629434
0.34054969380096556
0.3438519622634997
0.35127735488201617
0.33597065619995314
0.35056871212605956
0.3324263601891913
0.3553795553597239
0.3221468409330311
0.3298631139475213
0.3428862184731104
0.3561449471712479
0.3273866357213733
0.3165587369855683
0.3409378694634775
0.33113806963893155
0.3226572348641441
0.3150712686032778
0.32761502511132545
0.3343335198419885
0.3230326361932817
0.33683121119334913
0.3159438621225894
0.32574732449142774
0.32513020459849074
0.3371864536595178
0.35196891820095344
0.3690496911513346
0.34431771406946104
0.3336798887033684
0.328695195951331
0.3296525418191829
0.3442394332065779
0.3460461542676173
0.35297903071094117
0.3627563351041244
0.3475647754089308
0.36090614588455894
0.3502680107603787
0.3563406396492047
0.34693083428092164
0.3261338141686839
0.33512914948140404
0.34917592853843915
0.3397640514714346
0.33171837205968424
0.3478049058737295
0.3516536985986304
0.3597436823819301
0.3497555439804861
0.3337831103091186
0.3375683043241161
0.34497668685775207
0.3532246629252011
0.324525001130024
0.329197231270305
0.32492838045082895
0.33726366503739785
0.33840070392293886
0.3201278164281973
0.32780014990561424
0.338004719968493
0.34264238755280685
0.34370576263667574
0.3346016714076999
0.3205123521878275
0.3287670551064032
0.33332290223649486
0.3221517050075845
0.3292394577585199
0.3302719288015434
0.35519265179793996
0.3334664306198477
0.3516541270340932
0.327057161171374
0.33934180162784233
0.3385258377989671
0.3350068482141935
0.33980843673771444
0.32420832691283624
0.3402502861430672
0.3308078793827846
0.3480601179496855
0.3327256767599219
0.3313118626475859
0.3335336998487351
0.35409778566174277
0.3265280972779162
0.34305093895549005
0.3355566905572424
0.3390430939467031
0.3518270078031085
0.32501478775836423
0.3471815925034556
0.3236280316742168
0.32808797016716185
0.3165556181957645
0.33169137879385
0.33760923275309906
0.34424650221260544
0.35398217258783277
0.3410976048433564
0.3372712184103611
0.3219931285441072
0.34005292584870783
0.3231164708790636
0.3386700197115153
0.3478689159034756
0.3422585599880055
0.335067998524481
0.3444759056892941
0.3318755924481956
0.3477203722821506
0.346534510979683
0.35025719709565434
0.32457932325435757
0.3359313130344981
0.3519812800516252
0.34323591064809444
0.3420504118591463
0.3524089916116867
0.34365765528353964
0.33687279252236535
0.32502338690101124
0.32086692099146513
0.3518006436390072
0.3424012476891114
0.3296743685685286
0.3427927340847059
0.32176255843948354
0.33775436839760525
0.34498725365124383
0.333475426044604
0.340636053694222
0.336401487958492
0.3432705698397219
0.3418999529558262
0.3333371089147147
0.3414466835243223
0.3373284779773721
0.32876764255665475
0.34128922889255286
0.33601877922520174
0.349835040767952
0.3725649026164243
0.33125923944452773
0.33663489752803977
0.3274357407751379
0.3101964494399679
0.3395605540158515
0.34778609779949804
0.3200301805761846
0.33200252642112954
0.3510166529873403
0.3500049322194819
0.35526374527352256
0.3521397951851128
0.3515389166608811
0.3599222392000179
0.3459389818812657
0.3285838753351275
0.34467808936238575
0.3460764462165621
0.3515180177540057
0.34079493056741006
0.34760594392214117
0.3506643010797086
0.33436160740565285
0.3369845411134963
0.31957116985746603
0.33820453998087185
0.34163139368174433
0.32362845729573847
0.356260410323471
0.34401013724446006
0.3411711013702694
0.3294287701483691
0.3185564698847738
0.33161918506247107
0.3309031729754337
0.35905490741543544
0.357893493829785
0.3493507291030489
0.3534959952529067
0.3469493796371931
0.3264597044713361
0.33143608715867323
0.34372567625044603
0.3503906313583671
0.3474871753899035
0.33557477845769723
0.3332878612929836
0.3327012410787319
0.31760964774590694
0.3225112393106101
0.334906979093032
0.3444255343951833
0.36194328134199083
0.35349100294986713
0.34837319237848247
0.32798902156947307
0.32211527002498674
0.34165835343571577
0.35838413312983114
0.34467890919294525
0.35113562985063473
0.3394003625452039
0.34854478909692094
0.35039490780992
0.3344416631929027
0.34466542253401256
0.32615494803619927
0.31416581100277996
0.32325159061148545
0.337242108983551
0.3068774386573479
0.3314930358204795
0.33778620986861646
0.3421719750870944
0.3352119237522794
0.33601199651207947
0.3231675981533334
0.34232434789564004
0.33715241524309253
0.3341324860100563
0.32864167377080217
0.32118198856126834
0.32259052427099555
0.34064260570393684
0.33248754739878955
0.34893924823132294
0.3353395541951376
0.3399194512465492
0.3393543376594006
0.32436790068121185
0.33932978463516744
0.3311478452347817
0.3208954489528615
0.3145430272476141
0.35318170229983525
0.3195945157783857
0.34609648150255856
0.33416006731748527
0.3249963167952094
0.3431414373214118
0.33146849256060246
0.30848456590205986
0.32679295973840583
0.3282158627947556
0.33444164403535537
0.3329595123866196
0.3211024034729605
0.34428493880336286
0.3503783921343592
0.35352877889125944
0.35339812307866414
0.3595490282146676
0.3153390585254716
0.33777716923651263
0.31115076868317837
0.3353633330541119
0.3181290769655797
0.3346422589187168
0.3447787568707831
0.3539472860247621
0.3575023527512489
0.3284195119065044
0.31471720633667655
0.34357721143120556
0.33536003323961505
0.3326762338592195
0.3197397446861764
0.3512579429960818
0.33037412087294754
0.34748741149576423
0.3481552854002813
0.35183151616361286
0.3732322982217522
0.3464583999677495
0.34152413437925
0.34947385041894624
0.35814291256036496
0.34441736967018827
0.3425945773124496
0.3365812593168989
0.33822223873740975
0.3402468825132308
0.3526489416175986
0.35633964636463866
0.35059165968517264
0.342017133401852
0.355809814451572
0.35814612369046994
0.3445971401081225
0.35247479423215355
0.3318365245047046
0.3351231574970689
0.3350550160004963
0.35451339162472706
0.3260540698830279
0.34121539186654537
0.3280713708356189
0.3267226025751865
0.33251668992137806
0.32491185004194856
0.3172307635876833
0.315771044657952
0.3531102886689808
0.3510348163525224
0.31397967386242365
0.34246285276665367
0.3258772112762121
0.3436057926512576
0.3473889587492257
0.3246996624582397
0.34733829485752965
0.327475485027494
0.33394717698620935
0.3228250527994714
0.3342302625477583
0.34578900961469927
0.34144615371445375
0.3422980498624765
0.32467059623224614
0.35340464927116444
0.33736257616787335
0.340682577042836
0.30934083009717106
0.34593741363238373
0.3279485299623313
0.35311679669488727
0.3333686019081572
0.31130262334701697
0.32229640676919546
0.3145273145693002
0.3357080822940721
0.3125264000941627
0.3324320985722957
0.33203879986053153
0.32290960361713283
0.3490860006610321
0.3538426388380862
0.3325737232615278
0.320471307362004
0.3056995111941927
0.3331821699002011
0.33482049148314785
0.3432340340098504
0.34621476815954677
0.3406057130893303
0.3539398805559084
0.3423075550368852
0.35034731936796604
0.3361910382931073
0.3444484965071393
0.32544676140898643
0.3388894229417636
0.33071496929763144
0.34419628171893846
0.3447759096361289
0.34139527199514974
0.3464828564999678
0.3591132783693649
0.3471934901735971
0.34291483777613374
0.3516802492494418
0.36005251841387076
0.3572294270782417
0.34753359305337583
0.37738815032436
0.3360201761956899
0.33438799484299897
0.3313206298266728
0.33584444650531986
0.34041955988134853
0.33771816994968745
0.336337032538339
0.33991110789827605
0.33130826636288147
0.354850940917397
0.3463103279750387
0.3390924817836285
0.35529714711126137
0.34170575269284553
0.3347399851649764
0.3409745792968504
0.3413526368162577
0.3423646602052287
0.3426486834360779
0.3441954194986725
0.3291889604602203
0.33936784491666727
0.3237762756185195
0.3263284614320442
0.33201843072892445
0.3394046380087804
0.3354058830118838
0.3354093296519258
0.3396821268128767
0.3473475375672144
0.35287367175264994
0.35959024118654176
0.35605744026029407
0.3445270193577379
0.32649443480488183
0.3480158208123803
0.3464475140822201
0.31672920644401004
0.3415319117297163
0.32346967089522227
0.3344830629999962
0.35496493219659975
0.3382040619554243
0.34613025263260777
0.3374727549298464
0.32340017504677715
0.34291352018824284
0.3556083712022996
0.34973423363383205
0.3459819119854227
0.32982397080122594
0.33435836340249914
0.3231346389992684
0.3247091915397724
0.31700670455949714
0.35233938121361275
0.3376933732179666
0.3287158906489047
0.33381761438369917
0.3491291857484243
0.3534070720038458
0.34352051710428044
0.34812406019260467
0.3589275435801711
0.3516196858081052
0.333573912078005
0.3360719280529889
0.3420677942006507
0.334697528768348
0.34302657585818763
0.3381720629738959
0.357059746149902
0.32859624768676776
0.3553962281492331
0.34867021928846553
0.3547752792662914
0.36809877011722625
0.3514704924168893
0.34305795919255516
0.35983974546943476
0.34840754174456623
0.35369581287440244
0.3663240274694405
0.33259502437998356
0.33534623085247944
0.34144049500924345
0.3460505484977555
0.32773238299312646
0.3330558211370148
0.32836283664173466
0.3419106835668424
0.33423144020880524
0.32075474297766615
0.29873316123663396
0.32912617905688984
0.3498888003675725
0.36450686900074813
0.3358881437079184
0.3345917705194179
0.3380608182473762
0.33018537600879094
0.3396263659140016
0.34910060350230765
0.34844595776236387
0.34116024840756815
0.33881253736965433
0.3583311456926722
0.34475072880530366
0.3384857449225014
0.3446768631454487
0.35528214113379036
0.35238800092938266
0.352862087405142
0.3571884826994689
0.3625134121826436
0.33979514128144883
0.33698461073637814
0.34740967996436156
0.3403104993790479
0.34346529520841296
0.35552856125578614
0.3237686837733885
0.33303364401850527
0.32991786714110133
0.33133469495049933
0.33602458351425823
0.34847106955989876
0.3494993500485005
0.3390099030663569
0.31275361360438364
0.3401789275068592
0.33569560306567187
0.3472834936096906
0.35132487612322744
0.3281325684423775
0.32404370835619184
0.31847909705205146
0.3322380023877548
0.3318367864494328
0.33508165926355327
0.3484833763309858
0.3501452483444315
0.34049977116155494
0.35304294183798823
0.3358430027186956
0.3498663050488696
0.34454808759121763
0.3570327710687804
0.3486375642788123
0.3453538071714417
0.3437644171145697
0.3592256238772077
0.35092623974427073
0.35242602023421554
0.3312069414474977
0.3452721123444372
0.32402242929335323
0.35151876219571176
0.336400482037568
0.34859129186339033
0.34003178625044905
0.33892265098598606
0.32738035471020965
0.3466192683765882
0.3366050063908965
0.33109756878852437
0.33368485595363645
0.3441517596222992
0.33464956551260294
0.333479560289502
0.32721787405683483
0.33033598397201436
0.33755864040360684
0.33235729599305275
0.31810947564010084
0.3376656893827661
0.31973420114231155
0.33591787345537294
0.32846509998727247
0.3416799062192768
0.3520271544924429
0.32944197634730066
0.3318824003276084
0.3645824470760625
0.3344411789601668
0.3345143570015152
0.3341339766813908
0.33743827359128564
0.35181978086859805
0.3444459202640341
0.35057725774276866
0.3355747882296538
0.3293199680892632
0.3123467831237251
0.3221928699804403
0.3343227803067119
0.33023869712597637
0.33605569294973275
0.3377295364930605
0.3603074413127817
0.3166600907969015
0.30981452085864913
0.3329257719580596
0.323880556952469
0.35217951388084057
0.33977096237725385
0.32640664597033364
0.3289065609872718
0.32540434129431206
0.3117976995116212
0.33114624726556563
0.3412766444941437
0.3503057988519333
0.33917147816161153
0.33853413096764334
0.36158326880642716
0.3317826108852735
0.3483271176459465
0.32856794657439664
0.31613736130351
0.32703571172917023
0.3262184062090969
0.31054999476404505
0.3368708586332859
0.35998874955564175
0.32287571085721756
0.3288302270104011
0.35185591442045727
0.339891129496687
0.33920030123015066
0.3416855337971585
0.35005591434117755
0.3455550725689748
0.31819356553897266
0.32546163963493924
0.3391829091881853
0.3343026230642155
0.3380531576834212
0.32585283568097856
0.34040131072387675
0.3418793064683234
0.34870189058316015
0.33856898134070174
0.32553841451732674
0.32391692260455246
0.33776040403095836
0.3633858718329279
0.34613748177191395
0.3550811764423101
0.35276342428665297
0.3463640141909421
0.3569983390068079
0.34875210074577706
0.3312033673168686
0.32525326952544664
0.3283840560858998
0.32863177398131194
0.3382696960330304
0.3305352045378921
0.3278944108915675
0.3246154761091782
0.33797869338952913
0.34782396678862326
0.3233111983412569
0.3217813379182678
0.3185690043726239
0.34087281087232346
0.31268632384421924
0.3455699193705395
0.33997633806205796
0.3464411660340819
0.3459656259596056
0.3395941922896763
0.3155000005624673
0.3507983182739599
0.34804870595654613
0.31700340158539175
0.3402383418741386
0.3449895407796708
0.3497249890134756
0.33009049761309817
0.3375640896934745
0.3571254264253829
0.336286014488144
0.3417423896289321
0.32538278657262476
0.34143598173453354
0.35963361568343766
0.32685822350975335
0.3379335504483344
0.32120167099228947
0.32147782981631473
0.3275754783178685
0.36246656317105613
0.34211929851486456
0.34824748859882715
0.33989670633323943
0.32682165530432117
0.3539180286540667
0.34589652397244314
0.3271047417947006
0.31696129351775026
0.3353209753965266
0.3345630375419065
0.33349539708810116
0.33803989323532657
0.3249945050484314
0.33374452069724536
0.3212496972210991
0.3311431189849471
0.33086452239150144
0.3517652225530058
0.35095643341567595
0.3601762702294333
0.3329558857073053
0.32197715981975555
0.32389419589808977
0.3179543148603018
0.34500760632766236
0.33999885258601326
0.3376478168590985
0.3411906937284579
0.33930933207547503
0.3183162404299965
0.3328510512053506
0.3293677160561804
0.33427138066471973
0.32213753693325464
0.33290909678436825
0.32098735086056995
0.33402980697699064
0.35805420214790273
0.34661952772194676
0.3479531867033584
0.33542634141082656
0.3476723787852839
0.34872949175574464
0.31835003842759735
0.33516028861188507
0.3315792877030477
0.3279305092577427
0.34503000137403017
0.3336820318723932
0.34657906216879236
0.34562039246453574
0.3282824573804976
0.31825702744145956
0.333737698040914
0.3406151249502605
0.33307766585581
0.34458892372323535
0.3369330888965206
0.32173917127498647
0.33417931250906574
0.33699002419284874
0.3297690156679949
0.3344701913257053
0.31832580737834915
0.3391067877594749
0.33773344131446026
0.34849961001418395
0.3429643682526327
0.3596975302688828
0.34474280509771194
0.34513502932407997
0.32654610160981523
0.33660261519850665
0.3352989858692834
0.31110455452147184
0.33747313406754514
0.32954380647551473
0.32508156189722115
0.3313350577107434
0.3546129158094602
0.3531222951323138
0.3370963812179988
0.35980740681549106
0.3295445412983157
0.3389559543659088
0.34424092946704377
0.33644324652583346
0.3573925374572889
0.35049188475921156
0.3584211166276796
0.3611086216200229
0.34540808566316744
0.33643208469432134
0.34458294448362714
0.3362159678691201
0.33663774789847845
0.35971415845409827
0.3383232212415239
0.33245200305489453
0.34416221575434275
0.33444059522044
0.33256089918219756
0.3271901558580771
0.3358454521006652
0.34345571467804975
0.3443155642181772
0.34320570214693247
0.34542363454660807
0.3546846761714987
0.3419302152378033
0.34878839166637077
0.31480426560334573
0.3385075168697864
0.33203324742216894
0.35418844017809414
0.3240532095568417
0.3407577716772859
0.3455688023235942
0.31921035540825227
0.334097126283103
0.31623212806679346
0.33791521514027745
0.34872238652704685
0.337940163527798
0.3440898821273455
0.34390296182184876
0.3589529201114048
0.362913797351492
0.3469595053693806
0.3381423067411119
0.327849389821658
0.3548512644715621
0.3395369203977121
0.34486000217945995
0.3567146206001335
0.3627885586983135
0.3487398113631732
0.333565873161986
0.350158427910928
0.33542533199764946
0.3374090609436823
0.3265818090941862
0.34477387301349244
0.3395906713283616
0.3370990570601424
0.3199075481719205
0.3156734085723704
0.3409133861628478
0.33968653744039834
0.3547591321887037
0.3238138313569978
0.35404987520173004
0.3467424789243244
0.3543769927643167
0.34590592113268415
0.3319635398526709
0.33552198184963106
0.3547850765511825
0.3470903203722402
0.31631275946343784
0.31089730510576624
0.36103395028737273
0.33926380871790623
0.3428918870635182
0.3469589026570579
0.33257767584666253
0.3436603759262927
0.33060219727008555
0.3402351879501057
0.32571335970900095
0.35115238005962723
0.35478436073612224
0.3634338130260458
0.3415722085248859
0.3577970983637273
0.3366661911499873
0.3320679127627869
0.3448801608243226
0.34343868471992556
0.35010049486253236
0.3329456322537559
0.343320930033139
0.3448282197690117
0.34354321829047574
0.3479349527297996
0.3621667148558718
0.3385103948311002
0.3513748876449519
0.34582593280509455
0.3288160959834403
0.3567242240547481
0.32784096147268477
0.332489448688708
0.3308599564324435
0.3463669229540325
0.3207708398089833
0.3473902424002982
0.3280008154758126
0.35840828518191614
0.3277756555820499
0.3459780033491956
0.3171002197571693
0.3459213770834069
0.3337357007425859
0.321422874570336
0.33236598806031803
0.33709851460649465
0.34563054056777986
0.3200728208578716
0.3155131797497057
0.33445341867445577
0.34614660967703537
0.3442031601786677
0.32952614803473523
0.3434341627452286
0.34561387058665166
0.3356263686562938
0.3388960557008047
0.3446042511876568
0.3521529318614893
0.3516388599623795
0.34576855746430096
0.35172913119473415
0.3230317783659087
0.3463217203252875
0.333732697230455
0.3355518979655181
0.33556724656929027
0.3369127180526835
0.34073933133407563
0.34484206934603717
0.33035918802406095
0.3231859563572434
0.33422550579731325
0.33584191902355426
0.3454352075201359
0.3405857495720417
0.35071302498161444
0.3532919988901831
0.34970336706322935
0.3266576486080456
0.3342084053752576
0.33241963235345906
0.32310491043500245
0.3266462882502872
0.3450397708716143
0.3205830794272091
0.34541951460432074
0.32537086710657726
0.33479108142357156
0.3324087529940133
0.3436316009341097
0.32613477425578874
0.3293794898543045
0.3416469998183036
0.3529052298482336
0.3394890731318179
0.32409058596212675
0.34667486921725543
0.33987864489922315
0.33856793332897217
0.31016716044764403
0.32983793193529626
0.35432721285708635
0.3406537380984205
0.3446769604252692
0.34518163309390343
0.33509370367626884
0.3315478765596659
0.34024955111497046
0.3366508129637172
0.3308540781006807
0.34226400316224515
0.34011882916720704
0.3193310348606883
0.33853923071397507
0.3265015428064835
0.3391519709025903
0.3413318662197955
0.33747154953148906
0.3427420772785333
0.3441752049307928
0.34005692936569437
0.33942107761004403
0.3480036324358107
0.35358186146318216
0.3457153914518827
0.3435711766392676
0.35195455229673245
0.33475636488720806
0.33644379711122163
0.3480522943731137
0.35576680544349504
0.3528139545299255
0.34629141982867195
0.33097423712732593
0.3466977688533265
0.3479335165605523
0.3445933581471625
0.3305592513219975
0.33248574415234083
0.3473778779672793
0.3339665669091764
0.3416892676641649
0.33365866614727835
0.3336727123357315
0.31870416320082817
0.3466697934816016
0.34672171469683705
0.34506860534497785
0.32918886179721535
0.33483936146813664
0.3425019079489464
0.33364062051825283
0.349147716371768
0.3510064368423238
0.3545619748648131
0.36428309611022014
0.3458541073065377
0.32992533504069677
0.3351710455274247
0.3458402183644033
0.3368700157137919
0.35875993158386876
0.34001697149690174
0.32363484258408076
0.32233306145061547
0.3360698082815659
0.3303440709935106
0.33732931336712135
0.3336424990768745
0.33110973839163227
0.33347347238420033
0.34354885715439337
0.34160501259091075
0.31965202117841485
0.3502490434895111
0.35784196722830863
0.3323356443612062
0.35741726931778883
0.3386165403074979
0.321839185604045
0.32178884880441927
0.32952020388185094
0.3458895452556147
0.33814217492133525
0.3228957662359093
0.3385852164398937
0.34928253600880194
0.3419539856337427
0.33022367492345167
0.31254249577177595
0.33020890596286445
0.3396527047287843
0.3368486473577822
0.3248282113249886
0.33682125573004146
0.33041446023125887
0.3483984811226035
0.3289916325901524
0.34342484102038606
0.3539559827589004
0.3479255743207502
0.3587261567567005
0.34243905098929184
0.33320477152028805
0.337117818515145
0.3256485337938646
0.3356373534603675
0.3471010314550267
0.36129646700491647
0.36596811362780635
0.35920962602012463
0.35187844983882455
0.3450034775929954
0.3300988079969359
0.3339692622633261
0.3311744144918439
0.35217162100470695
0.35583096924861174
0.3576458902759423
0.35270782755675684
0.3434689408055758
0.3477372522713293
0.3463433396004426
0.349488429292596
0.36212172034758416
0.33523900381932215
0.335215607507348
0.3450680531211764
0.34829336256335564
0.33104244719379883
0.3356226799524906
0.3577319172565593
0.3285323313778705
0.3334522514551006
0.33130940301145717
0.3184947145538152
0.34449513279975186
0.33918256335671493
0.3546897487996309
0.3476433428942487
0.32298043249533703
0.3286616434536442
0.3395286932613758
0.34007432505055163
0.330816132957329
0.34577108176183524
0.34860733651117004
0.3359775638299817
0.3366504727674904
0.3360122480142821
0.32968368834559525
0.32944808428082206
0.3252982813082248
0.33913300194426543
0.34038929772827664
0.32782951060304794
0.34093088212828493
0.3261436545136688
0.32693603800702026
0.3328579564477495
0.3545374622922355
0.35008179859667155
0.36838414942081077
0.3350715024782683
0.353544119889732
0.3348601237486566
0.36666281334766865
0.34204338786171673
0.36223235623239947
0.35194772149550324
0.3381151393915003
0.34555882433614493
0.3182964356949216
0.33210247699826456
0.3239329099457116
0.34059543037026674
0.32967617667643745
0.32723904582529667
0.3475565935153738
0.34658151002684845
0.3453847605435145
0.33922805808001777
0.3376975834140534
0.32923298247805954
0.3523973012476886
0.3459283416702753
0.3412995376805597
0.3237818669251313
0.32196642705604955
0.3273926347867735
0.3328460815924456
0.33914775920418744
0.34004771928455396
0.33869824780148006
0.32680418935810546
0.3311869206838902
0.32305771360664665
0.3332109435710229
0.3398822900022869
0.3332124654209636
0.3389614788319407
0.33371340694188045
0.32125376067352085
0.3225116135368402
0.32719392123642665
0.34126216522247343
0.34820003364106045
0.3502967845708618
0.3435025189160186
0.35252229260343937
0.3582271762650022
0.33411701445567565
0.35705461027336394
0.3467200000469923
0.3229322187768075
0.34078912128969396
0.3190069743797377
0.336339572871791
0.2997763750919403
0.32118106264554547
0.3311921679832298
0.3381089588720104
0.33339688646979054
0.32700893647975304
0.3540221305042972
0.33106383239537
0.34987841842583367
0.3534232230332326
0.33784383636503756
0.337952368869197
0.33241596051845224
0.34035203786649265
0.3250819978308953
0.3302512291167912
0.3355799891641353
0.34274035896926924
0.35132522176356207
0.34349587902693224
0.36276720090804637
0.3658984859458534
0.3460960974521743
0.33401829801814886
0.34145198787123054
0.3447244636273463
0.3562227531546852
0.34383893346670213
0.3412801051075346
0.3374322140319966
0.34769764971693423
0.3451213428814954
0.3417088416846247
0.3479482345732243
0.3466736324497685
0.3301737091474892
0.3540952000268133
0.3485211203996792
0.340815804594076
0.3215695833741171
0.3231420367246251
0.3301302550154944
0.3400941438440221
0.3471093562626202
0.3345348760323358
0.3408024563958916
0.3418757086455069
0.3169871853951533
0.3350552041640229
0.3443244303581196
0.34591260444523364
0.3461798015767985
0.33480277259213787
0.329977681083779
0.3347219198638201
0.3589260048478975
0.3198253781995634
0.3385145211182301
0.3386486792343444
0.330701632045002
0.3298165188155824
0.33082219812375935
0.33383500882991873
0.3432016333544401
0.3516610713695445
0.3341590199850523
0.33108748488560863
0.3356056056433215
0.3489094013599576
0.3347643196378382
0.3123794893916202
0.33531180249744863
0.3301703774017385
0.32699085721990817
0.34928075543696324
0.32777235395830395
0.33070713454167133
0.3476193649899729
0.32350697366172043
0.35474623397424454
0.347069874103779
0.34463550119003267
0.33037368895629693
0.32789448239003316
0.336761428734736
0.3224514963507102
0.3281995089844687
0.31990848711689274
0.33655723348847844
0.3313573592907321
0.3364914101245572
0.35299200440236583
0.3425465860064163
0.330507068376189
0.3370134705393941
0.3509859303672677
0.3222842079064365
0.3344341476788802
0.3320663260726856
0.33806260078555245
0.3402924435677221
0.34090917880480753
0.34600409958708567
0.34982898387882344
0.3474476801199484
0.36091193815665096
0.3678280716053297
0.34547121000547537
0.3672537443416961
0.3454402178492734
0.3451932566771356
0.33764699089602956
0.3369822519515091
0.34711554284328716
0.3407751902602877
0.3579353626619588
0.3530579532066369
0.32442352219027615
0.3314293571693841
0.3262672303246521
0.34533415742580975
0.3538922217236558
0.3276980075032571
0.313828055871216
0.33497050620730795
0.32388402115155374
0.3095986713939263
0.31618163378157677
0.35287707801453994
0.33326073652214283
0.34721174642292896
0.3384578792573869
0.34186399469688333
0.3349345807543672
0.35372683532141797
0.32669390986143754
0.328372116677101
0.33588192561654895
0.337318881239138
0.33801366261926435
0.35447123408897774
0.32152822728150765
0.3287720023689369
0.32919916215765554
0.32402207936634947
0.3134199805891609
0.320696897057307
0.3090176292359419
0.30958337654880647
0.34336702016973936
0.3486035229389707
0.3547848186267543
0.3436941587836348
0.3364820265598084
0.34827965417073037
0.33173783987850053
0.3370903617863115
0.3387930099337645
0.3166375654934686
0.33249854670864926
0.3339263296838897
0.3493117632785914
0.3445909075738479
0.34176583805468286
0.34792223862972926
0.349991728232071
0.3362835477328194
0.34588919134981744
0.32259284284364304
0.31786760821015514
0.321290431391659
0.33875642063764233
0.3646936954070948
0.3527078212867194
0.3446460565522557
0.33046867513905337
0.3232830013218298
0.3315529908941077
0.334546370588352
0.3257180601882675
0.3365770772555519
0.3398348235351851
0.33078540734294487
0.34054132785456526
0.34192732585083224
0.34083320648955
0.34453040958191483
0.33777146977647743
0.3632741807247932
0.3326603339997088
0.3362459122142747
0.33750316986240503
0.3441847814875507
0.3155892438900957
0.3428800238289882
0.3476682017164721
0.3409852028613497
0.32772299802774596
0.32373772864185935
0.3366182663007664
0.3291306383995013
0.3362104292275434
0.345449459666428
0.329201011953159
0.3440657155259109
0.32377667270991994
0.3123602779878082
0.33590094561962736
0.33368757380647174
0.3320439885216019
0.3245600488042554
0.33545210449587226
0.34206787580462994
0.31893989150347396
0.3313898091286404
0.3302672491204791
0.3299164438380675
0.34258583693740663
0.34167643322479224
0.3152906331993818
0.3052968838665979
0.3360863212858174
0.3330496640890327
0.3297005762349037
0.33534204384024313
0.32558179693245887
0.33404919467163485
0.33765064510002385
0.33036538040113905
0.3034563576087521
0.33645571322044454
0.32899024794425435
0.3288030609569669
0.3525769034736695
0.3241067083097542
0.34145811587692554
0.340100242934936
0.3310074223979602
0.3390547822465666
0.3230072775436367
0.3216341615214544
0.33182294876545426
0.3561338956970742
0.3050208969622794
0.3205115482548291
0.3248070534616405
0.3464128724323277
0.33776525216663333
0.35919949258719597
0.34277331654398047
0.3439414202266924
0.3550560592653277
0.3454435372546071
0.3337394892708023
0.33334963067586887
0.3452156405382623
0.33652167008861694
0.35482937769848744
0.33171996026109374
0.3668657566717086
0.3502274394994042
0.3273239549899626
0.32209702066161705
0.3302132270769832
0.3199743274868386
0.3442143258256774
0.36494070242092347
0.33803725580863336
0.33082921036661694
0.3344911393734467
0.3163321087399851
0.33851929212255893
0.3328165794442669
0.32208768315249287
0.33691999996487787
0.3235251846920003
0.3251394648203838
0.34158611817959794
0.3324070012176017
0.34460117350671904
0.34007436295552124
0.3410054508900965
0.33243709486204964
0.32608933215942093
0.3562178334472379
0.32554594098945006
0.3267826468713949
0.3423797178487882
0.3377339765419608
0.3518748501380546
0.3530643744189636
0.3543988578903569
0.36182315633408824
0.34987593256451593
0.34649340732695344
0.34526995664009263
0.3455905256982651
0.32695867287851255
0.33142097859726516
0.3158552438730791
0.3480774020670573
0.3404582258496806
0.32492105819380895
0.3376612545368466
0.3313012961598152
0.3268789444674576
0.34252976286869746
0.3357937864517635
0.31262217683882104
0.3324318037836572
0.300905132130322
0.2999901384321101
0.3062381544465399
0.32397257490579334
0.33487243295171953
0.33164718802994375
0.3455490338573438
0.33106605351254886
0.33374583411515946
0.3183677685568097
0.3198879587870774
0.3282952655417856
0.34168183800076113
0.3404064699698668
0.34921658868797545
0.34874271432205795
0.3475257374471943
0.3408293281455105
0.33062955520973974
0.33702188959593316
0.32453283783637066
0.3311830015083883
0.362658427275409
0.34020453684623325
0.3443235515557691
0.33563735619508706
0.32814240272122414
0.3204303230776821
0.34142786408531933
0.36306011453070086
0.35151060230027587
0.33076673512178245
0.3452424653728883
0.34437116468838264
0.34113672113292876
0.3370545052764582
0.3374133468608908
0.3475148448244302
0.34597001960859536
0.33735534067885437
0.3365361504930264
0.3301689673437294
0.3392577361073854
0.3262436389885982
0.3238393894784956
0.34615590423112536
0.34179974853849865
0.34706001467029746
0.348315598918151
0.33925044109402486
0.3297043084448635
0.3237989003043398
0.33451685009300547
0.3227230140455881
0.33989034639515847
0.3479542165570247
0.31862206781385194
0.31393012547208166
0.3301245003983253
0.3328849199566743
0.33070946451897165
0.31805466210922806
0.3150733949950403
0.3204969636417119
0.3423078575513556
0.34057954697305814
0.3394089614199275
0.337935794415551
0.3175861350404525
0.3159706736847214
0.35417823097038637
0.348500842962467
0.33478944395488897
0.3370205527574571
0.33935719107989726
0.3434798032892522
0.3395972775284913
0.33876636517895364
0.34197546548124047
0.34977437638072206
0.34002895038494263
0.3331574293288173
0.32730576361734043
0.3349780172716289
0.3452565539508109
0.3429343030751716
0.351803973171291
0.3624714163314591
0.3373763933966053
0.34659438441874263
0.3412878642424523
0.3314090289795394
0.32473734079947786
0.3259415095374112
0.35978185320616207
0.329439962258365
0.35548209638705286
0.34012354084283697
0.3552540199428972
0.34436091305366545
0.33668212473427983
0.343617122669595
0.3501907491507539
0.35812153832455423
0.34650840464165444
0.33889374151968576
0.3398257932363868
0.3233045712454101
0.3278260614350956
0.3682069712863724
0.3467885050043624
0.3282666125531093
0.35065821905720884
0.3576895494993898
0.354032373024474
0.3450818379783978
0.3471130368692619
0.32667585985935943
0.328102057315425
0.3140883910279104
0.33116365025013034
0.3254351500592103
0.3366261938985609
0.3506763335093375
0.3394274463077869
0.34401263609380395
0.3445713261889328
0.36930375116937986
0.34197817179230544
0.35759153677810024
0.341972572013177
0.33289590451219303
0.3428478736834333
0.35860080585590504
0.3501823653094328
0.3294506132050441
0.34108575011581344
0.3437444040090344
0.32784540455314004
0.33778125818984334
0.31100355700254567
0.33890562049341644
0.3094935099658273
0.33260850161406863
0.3586561111554842
0.3353503970357497
0.34325842104287874
0.332187324416074
0.33576015761111005
0.3362994111781914
0.3299935061347566
0.344676760491593
0.3250069998745749
0.32956171732093875
0.32773075959116493
0.33323594558628966
0.3495020631000467
0.3341908809961581
0.3302069892042233
0.35004100996805004
0.3284116366115716
0.324971704065537
0.33750907190711227
0.3271892698716388
0.3500099386101567
0.3453681432068647
0.34787835161714165
0.3538910068241334
0.34142852375004024
0.3615012652813763
0.35464552942078476
0.351691924027258
0.35762700373502315
0.3548378507116926
0.351185343909347
0.35215291055001785
0.33782287933165256
0.33491513137278095
0.33453413438522134
0.32896384046674204
0.3500540607181571
0.33779884450961273
0.3581870758940786
0.33558774510302636
0.3629368154618816
0.3363806481138991
0.33915699167406155
0.3503456335401189
0.3379214929044436
0.35611237509506694
0.3356281059995135
0.33631851829567394
0.3385525511016575
0.34134571070458886
0.3488515102538331
0.3348779409694925
0.33273357656191294
0.34062791629437306
0.32030686580987966
0.32600723913162233
0.3344110546249641
0.3230908797087848
0.3384726709530787
0.34495753148446995
0.3505404397493165
0.3340162942231836
0.3166020546521894
0.3431363796564283
0.34926472445428525
0.3531030855666827
0.31914031716613767
0.3283735200399155
0.3327240853850496
0.3356047505435514
0.33369492262531375
0.3454628756880026
0.33411814800196576
0.3473397450067418
0.3338503941614487
0.336278258211122
0.32382524754442155
0.33908831059088435
0.3306779380126126
0.31241577499467554
0.3357131584524655
0.3560782201847166
0.31983406000030234
0.34114282250558386
0.3426751849484125
0.3594029346108179
0.3495537545377996
0.3441972838620877
0.354314916770157
0.3408949249451269
0.32299367664545564
0.3326022753905673
0.32194801940328255
0.3269277153354725
0.33473635140820734
0.32760011133917566
0.33675033131283627
0.3392333756396412
0.34762245079397125
0.3445658484926567
0.33672286259087625
0.34253861050782153
0.3444659595975589
0.34139906516392016
0.3374909932817215
0.3327907262114178
0.32425413596042507
0.335232508623614
0.3526928375173295
0.3354706023753491
0.33727493427968847
0.3541555583373688
0.3442596277983587
0.32625797237070414
0.3221934575078428
0.31988101789174
0.32334325237457484
0.3417832636866515
0.3511365575723061
0.3634099430779563
0.3504825667735776
0.3477156803952549
0.348850312851135
0.3433626654910331
0.3371826399128584
0.33455938846094313
0.3300372654514383
0.3321486931678267
0.3489595539715257
0.3498622090908525
0.33601258507275716
0.3240437197379289
0.34112177315458925
0.35992369575587935
0.3329476245613271
0.3380696247724355
0.3430624641080835
0.3461123922031629
0.3398531595639272
0.32790465711065375
0.3509903040108656
0.32618533771690206
0.3537126352012874
0.33333001745110596
0.32842874901971253
0.3403171255074898
0.3333532242991573
0.3276195837834979
0.3503619810541515
0.3345383135318038
0.3376732033949007
0.32888962057880705
0.3351126229568161
0.3318667654356895
0.3343797019059477
0.3244185492659787
0.34910512591460585
0.35242810439138367
0.3290150162605694
0.3574947561145504
0.32214761413910503
0.3485434219031259
0.3665786778762278
0.35446169721843757
0.3573770968325144
0.3454695532452619
0.3297038179270968
0.345258045196833
0.35196598376165633
0.34699315792288
0.3633227858986009
0.3265083704285387
0.3439396029502646
0.36747976150063577
0.343638419135327
0.3541711122977569
0.35294838735578793
0.3582575580561751
0.3284526677607559
0.3524490683929929
0.3546537029131462
0.3498535213467068
0.33109669506958594
0.3173070549124274
0.33641664962834916
0.343663123245453
0.3364042278856602
0.34677361681727537
0.3449506887066669
0.3509894018236737
0.347517930650591
0.3588347905904238
0.34606976773617704
0.3471790678479944
0.3429899177751319
0.3402760576714121
0.35363162225213907
0.3498392026867083
0.35208630700266086
0.3436503569994977
0.35516596419389745
0.3345566692520356
0.3369232567595831
0.33964328265489574
0.3527734467721524
0.34461137031910394
0.3441305163557883
0.3418691212906779
0.32411860440364926
0.32269509505689287
0.3562220317959956
0.3368902332834791
0.310839459024747
0.3184615348720752
0.3369563059560726
0.33308986091757803
0.3340296615032686
0.3207299594209868
0.3252698309965659
0.3339422458323412
0.3555900224896338
0.33858665719854675
0.33364902733405044
0.34214403703709095
0.35088301701925784
0.3242020779167416
0.33032354907579115
0.33909816646894375
0.3294433573714842
0.332130458110042
0.3398534003532705
0.33139125091278165
0.32807858198820056
0.31475953020920533
0.3353979029828538
0.31755295947012
0.32675454083303673
0.33463935106706855
0.3416205153634254
0.34052354305871735
0.3511345110559686
0.33628080175426367
0.33393344782026957
0.31646432538002445
0.3329752732427803
0.33421341760092405
0.34011462924761426
0.34070065959416773
0.3355348608662305
0.32506663985891104
0.33607643595703396
0.3379657055092053
0.3434463064475157
0.3575111976824019
0.3436349861473579
0.3471877053133102
0.33837225136337046
0.36908849336376703
0.3421563976090579
0.3343759166260185
0.33700979320046687
0.3391244670127672
0.3280453984257019
0.34148280433991884
0.3348126938756463
0.35156421722922804
0.34318008806523764
0.35017749046122465
0.34719020776901655
0.33514213734462517
0.343420998805291
0.3326270545149962
0.3259146752791091
0.3238581294413786
0.33157505750509064
0.3491319921256202
0.3417634416694637
0.32774315551092137
0.3268470607894707
0.3331723329284174
0.3388272940564798
0.32982297465485566
0.34245337697476474
0.3220159535322461
0.31869238218832296
0.33508244844774887
0.36820269772452074
0.3676203437111163
0.3538573132809232
0.32982994624627415
0.34819393930237463
0.361954448527089
0.3600450051205939
0.34947479385473146
0.3454017874676728
0.34263092817211765
0.3541303326640204
0.32666176576148226
0.3385306299301263
0.3378518345385891
0.33396361830760585
0.3446825875179333
0.3250295257446247
0.31864120212413943
0.3239588483724222
0.31633306259406646
0.32533805211027683
0.31209111228470154
0.3311654428227859
0.3341520760541826
0.3408774645645093
0.347048198529119
0.3446404963583225
0.3225985580891918
0.3254798818693784
0.34885684039058706
0.35743573561214925
0.33793232578532406
0.33511010180566164
0.3388181445278645
0.3232144027752941
0.32601564070308164
0.33258317042659974
0.3240952731239702
0.33069141248636086
0.3237711734308999
0.3377205445277543
0.33229349803990643
0.3517488902432845
0.3606347064808135
0.3459813891007981
0.32802107427679744
0.318560597142654
0.3555523838809783
0.33501593608230634
0.34688306503099325
0.35008016742746667
0.3388328453363648
0.3373950305041742
0.34197821586953575
0.3432095232000887
0.3380933977011331
0.34238822473891894
0.3126856135220792
0.32679029325089126
0.32438093379089
0.3424075738214091
0.33206236721140736
0.3278349410597149
0.3250528137543308
0.33205003975677666
0.33055810558293375
0.3354189678404488
0.3324612256963671
0.33933706702739336
0.3426478265770371
0.3522328606833442
0.3354556006647187
0.3388308754507271
0.3297907513443451
0.3336328198277514
0.3328701326137967
0.32921045617354394
0.33664590763903746
0.3416079046625593
0.33538797706091306
0.3514264539471705
0.3455117989710016
0.33581553269745956
0.34788903479805805
0.32914602548214156
0.3454514105422749
0.3427189115424937
0.3536931024286404
0.32800095364435744
0.3343252774740817
0.33880947482626567
0.3170601897411424
0.3269935536876847
0.3260164197722058
0.35029752721331797
0.33673200519235286
0.3618225835440553
0.3599020847683378
0.3371800424230794
0.3497738225704543
0.33355220931056584
0.3438746950435049
0.3276817127371381
0.3143028280549517
0.34131776342470876
0.33332524772904487
0.33397872313912536
0.3264450374209876
0.3290306943208806
0.33602084280053346
0.34797775651664
0.34479481869997863
0.3303994731186241
0.33187321027599515
0.33358410774622016
0.3325855418401598
0.31788637714484336
0.33765367522308315
0.3550463839288671
0.3165365715076922
0.34294139932712986
0.3552405572224533
0.35630472310388844
0.3163670454690236
0.3219616270653606
0.336653905690374
0.33323672558718276
0.3578472612408674
0.3451480866579769
0.361950684566513
0.3680213573477872
0.3411599875191437
0.3621585780336525
0.3382047993583068
0.3317793316104025
0.31195061278277275
0.3416495150150112
0.32823364456851184
0.3321365903124712
0.35069478119452535
0.338090741034189
0.34423091651978577
0.3550008735549284
0.33889405154515
0.34384360916634643
0.3378603564198141
0.3576417334677423
0.36195778597003425
0.3628305670511658
0.33199294149001213
0.34106455529253943
0.3335222783457049
0.3472165465910874
0.33445601828547955
0.35088586722673715
0.33935846516289725
0.3335084159165515
0.3325150396624581
0.3435319299484294
0.34488966981391
0.3451610568931279
0.35029293755249347
0.38201093975043054
0.3457933735934616
0.3637191276022972
0.35379357526380584
0.3630952560886377
0.3424648909265352
0.32732185584804
0.33041634677551635
0.3388852702369516
0.33574110607542185
0.3697410477810742
0.34679678983476847
0.3211696859110547
0.3440967747554185
0.3458430085562385
0.341468941332016
0.3378598445323837
0.34196005372863214
0.32797546659806065
0.32945372741225687
0.35637056646742654
0.35873455734163595
0.35269766711391304
0.33362353226632546
0.33837261734514745
0.3192640076161686
0.30089964675441194
0.3217909437985671
0.3321900962079435
0.34612560752623667
0.35243505759223903
0.3393905495651541
0.31396414284230656
0.33382587266244435
0.3305257099277226
0.33351849420268087
0.3377971523220256
0.35087327185180384
0.3502078547552233
0.3500800389204744
0.3632238596617585
0.33782124417580556
0.3385452259827164
0.341826359540337
0.3320783553221358
0.33942402209972017
0.34354831649378736
0.34460005965354723
0.3340322307516759
0.34819114900456105
0.3316066802519274
0.32974766678296163
0.3121109979768102
0.320203628812183
0.31316520052531227
0.3251694564151399
0.3380800767429213
0.34729020391362403
0.3530159293137911
0.35487909643375704
0.3549739955317528
0.34524000543307276
0.34920979498998317
0.34934069318000543
0.32864634759244593
0.3591923838918534
0.3472239715955676
0.350533413076001
0.32980431726950155
0.3382979606925912
0.3447282241993748
0.3316010249464826
0.34510899950175034
0.32953753483099246
0.34205909676658053
0.31082791162558143
0.32173481846840657
0.3391640727669803
0.3587304415422157
0.35937213397767515
0.34864780807825063
0.34765132274899013
0.32101021331869695
0.34008440809568585
0.34529753806462565
0.33965595212775834
0.3518065258175294
0.33832861445076357
0.3343214613498914
0.34143550260479577
0.3712042208620159
0.34991653933735894
0.3660318675096803
0.3688345357826562
0.36364719555632286
0.3518074702841144
0.3457111737451363
0.3395493218319464
0.33829626195860973
0.3490572353313237
0.30801796133875203
0.3231588034819614
0.3352549506143393
0.3296522225913568
0.3360870859952924
0.3463131846928896
0.3553920352369833
0.345693258717992
0.3528758486904526
0.3557071834060913
0.3752438995722186
0.3333330386541218
0.3511238401702487
0.3438243143527365
0.35045121019987635
0.347167977315439
0.34105384860642207
0.33825297953900435
0.3476165188299156
0.3449852917328208
0.34917794743959196
0.3235140224199933
0.33031849323980145
0.34821236108247855
0.35510639828089424
0.3496204662117226
0.3408948108614405
0.3323241136007128
0.3279154347096016
0.34894288183978034
0.3376435798447385
0.3616742936488773
0.33304884189011225
0.3467385065877471
0.3536470299932751
0.33467844720990114
0.34804428586180564
0.3261473626210969
0.34216957031544193
0.35660389246830704
0.33775815406928683
0.32753670493195614
0.3387653983091271
0.3264151139715852
0.33661119694764524
0.3369229824458563
0.3476385754027568
0.33689547607201153
0.3309862090403334
0.3198200065222741
0.319447264610371
0.3094221318818192
0.3283768225261012
0.3457495664521424
0.3161699081310857
0.3296242683176489
0.34637107151138014
0.34098146868825185
0.3286364535382963
0.35572757788194764
0.3380457261526262
0.35076291094548706
0.33486007801981876
0.32669341562685644
0.3425624317317699
0.3304488980196377
0.34184657527584567
0.3268240001505892
0.3484369392924062
0.35903117282170716
0.3362314639926963
0.34815527950197755
0.31621599985192883
0.34587459878555904
0.33242010730078947
0.3507753972897256
0.33887913600952996
0.331519193169296
0.33866834262037304
0.3445271056737014
0.35068719129905035
0.3515775751013441
0.33625927375093445
0.343104865118516
0.3636780544454684
0.3566406428560776
0.3642806829071724
0.3473428815707133
0.3423363918791818
0.35222623985213297
0.32936339743014487
0.3331945456413229
0.3476391320706771
0.36602835820008434
0.34413775688349
