83637
167443
251027
334603
418087
501770
585354
668991
752398
835988
919492
1003041
1086698
1170503
1254161
1337989
1421613
1505104
1588436
1672003
1755624
1839091
1922466
2005826
2089268
2172717
2256403
2339969
2423471
2507057
2590480
2674172
2757814
2841499
2924949
3008462
3091931
3175545
3259066
3342735
3426438
3509997
3593670
3677048
3760434
3844015
3927540
4011269
4094593
4177918
4261439
4345116
4428563
4511930
4595446
4678818
4762429
4846004
4929625
5013168
5096869
5180507
5263967
5347526
5431144
5514648
5598189
5681878
5765357
5848964
5932380
6015913
6099484
6183164
6266845
6350301
6433867
6517418
6600718
6684218
6767722
6851280
6934761
7018302
7101776
7185466
7268952
7352617
7436155
7519813
7603348
7686713
7770284
7853612
7937150
8020698
8104472
8187940
8271348
8354922
8438461
8522145
8605625
8689305
8772817
8856233
8939977
9023506
9107058
9190612
9274241
9357908
9441593
9525023
9608682
9692131
9775545
9859182
9942734
10026420
10110249
10193755
10277292
10360812
10444250
10527723
10611165
10694673
10778170
10861721
10945295
11028769
11112390
11196091
11279694
11363103
11446614
11530243
11613730
11697362
11780959
11864579
11948230
12031731
12115401
12198778
12282220
12365799
12449252
12532832
12616249
12699814
12783477
12867047
12950667
13034186
13117772
13201381
13284999
13368696
13452471
13535984
13619525
13703163
13786785
13870254
13953827
14037565
14121131
14204713
14288441
14371991
14455532
14538885
14622398
14705926
14789518
14873110
14956791
15040226
15123800
15207393
15290776
15374364
15457919
15541449
15624759
15708342
15791991
15875482
15959169
16042728
16126264
16209820
16293316
16376782
16460445
16544221
16627987
16711796
16795316
16878984
16962532
17046189
17129767
17213350
17297081
17380714
17464300
17547822
17631382
17714980
17798496
17882060
17965672
18049201
18132745
18216261
18299903
18383575
18467230
18550796
18634255
18717865
18801676
18885196
18968703
19052182
19135632
19219105
19302670
19386231
19469989
19553693
19637008
19720679
19804267
19888087
19971909
20055574
20139243
20222773
20306324
20389921
20473400
20557064
20640583
20724082
20807710
20891365
20974943
21058494
21141994
21225411
21308799
21392327
21476102
21559668
21643173
21726679
21810323
21893999
21977659
22061146
22144706
22228355
22311994
22395606
22479243
22562876
22646595
22730146
22813461
22896890
22980449
23063893
23147497
23231106
23314698
23398207
23481802
23565509
23648961
23732389
23816072
23899499
23982998
24066621
24150319
24233840
24317392
24400946
24484467
24568095
24651701
24735457
24819046
24902550
24985955
25069414
25152929
25236467
25320048
25403578
25487097
25570592
25654290
25737858
25821329
25904888
25988421
26071937
26155632
26239450
26322947
26406499
26490086
26573535
26657092
26740726
26824407
26908026
26991752
27075270
27158721
27242140
27325457
27409030
27492583
27576178
27659705
27743223
27826804
27910215
27993740
28077250
28160621
28244240
28328107
28411796
28495225
28578837
28662341
28745961
28829562
28913138
28996790
29080259
29163693
29247210
29330735
29414420
29498184
29581729
29665422
29748865
29832429
29916002
29999456
30082995
30166413
30250010
30333625
30417065
30500764
30584498
30668195
30751735
30835375
30918872
31002547
31086068
31169500
31253020
31336487
31420261
31503885
31587343
31670876
31754712
31838274
31921711
32005289
32088923
32172636
32256360
32340032
32423657
32507203
32590729
32674253
32757796
32841376
32924923
33008575
33092366
33176024
33259485
33343098
33426765
33510467
33593959
33677611
33761208
33844650
33928253
34011990
34095562
34179113
34262586
34346231
34429798
34513353
34596911
34680582
34764000
34847487
34931152
35014476
35098032
35181464
35264989
35348641
35432215
35515762
35599212
35682965
35766616
35850247
35933815
36017298
36100955
36184578
36268094
36351717
36435229
36518935
36602567
36686275
36769836
36853327
36936930
37020428
37103808
37187374
37271146
37354669
37438031
37521706
37605242
37688840
37772464
37856220
37939920
38023474
38106889
38190334
38273999
38357635
38441463
38524967
38608544
38692013
38775632
38859170
38942656
39026318
39109985
39193586
39277142
39360771
39444500
39528017
39611505
39695041
39778563
39862000
39945541
40029216
40112815
40196432
40280030
40363603
40447255
40530607
40614068
40697630
40781118
40864675
40948214
41031619
41115092
41198564
41282172
41365687
41449297
41532699
41616182
41699541
41783200
41866781
41950305
42033808
42117281
42200777
42284302
42367710
42451236
42534935
42618590
42702208
42785749
42869389
42952901
43036517
43120048
43203637
43287414
43370922
43454700
43538235
43621904
43705359
43789064
43872795
43956113
44039686
44123097
44206622
44290147
44373750
44457170
44540809
44624286
44707768
44791377
44874946
44958671
45042119
45125627
45209127
45292762
45376403
45459913
45543492
45627033
45710649
45794120
45877685
45961242
46044695
46128285
46211760
46295283
46378668
46462314
46545906
46629440
46713076
46796556
46880216
46963707
47047340
47130913
47214332
47297783
47381438
47464898
47548411
47631899
47715276
47798720
47882303
47965681
48049234
48132983
48216532
48300112
48383544
48467195
48550746
48634351
48718220
48801496
48885035
48968599
49051931
49135492
49218916
49302490
49385953
49469639
49553293
49636841
49720526
49804249
49887787
49971344
50055006
50138731
50222238
50305837
50389529
50473112
50556848
50640433
50724143
50807694
50891316
50974783
51058191
51141749
51225701
51309192
51392914
51476555
51560234
51643557
51727188
51810532
51894177
51977657
52061270
52144806
52228119
52311676
52395154
52478768
52562439
52646186
52729599
52813193
52896838
52980501
53064022
53147638
53231307
53314838
53398332
53481762
53565237
53649020
53732533
53816040
53899504
53983143
54066755
54150045
54233442
54316905
54400495
54484184
54567758
54651385
54735055
54818582
54902158
54985823
55069519
55153268
55236668
55320234
55403796
55487128
55570791
55654208
55737844
55821475
55905141
55988809
56072450
56156005
56239586
56323118
56406670
56490302
56573843
56657306
56740869
56824490
56907993
56991607
57075000
57158603
57241995
57325703
57409344
57492879
57576432
57659855
57743512
57827070
57910831
57994329
58078079
58161679
58245376
58328810
58412312
58495837
58579535
58663350
58746868
58830357
58913898
58997264
59080784
59164270
59247893
59331515
59415045
59498623
59582115
59665848
59749570
59833235
59916819
60000342
60083669
60167243
60250911
60334591
60418242
60501714
60585387
60669068
60752390
60835979
60919673
61003324
61086832
61170355
61253970
61337533
61421092
61504762
61588469
61672032
61755300
61838914
61922591
62006184
62089907
62173528
62257055
62340580
62424086
62507482
62591135
62674839
62758688
62842225
62925759
63009359
63093157
63176645
63260032
63343562
63427163
63510719
63594417
63677968
63761486
63845137
63928559
64012034
64095879
64179457
64263137
64346797
64430318
64513961
64597542
64681331
64764834
64848360
64932161
65015582
65099158
65182862
65266293
65350018
65433724
65517263
65600621
65684107
65767863
65851419
65935183
66018663
66102230
66185922
66269488
66353056
66436607
66520167
66603835
66687505
66771335
66854836
66938331
67021892
67105385
67188876
67272520
67356027
67439682
67523384
67606949
67690358
67774092
67857845
67941479
68025138
68108849
68192405
68276047
68359593
68443029
68526477
68610073
68693564
68777151
68860896
68944579
69028063
69111648
69195258
69278756
69362315
69445837
69529212
69612752
69696237
69780001
69863687
69947126
70030582
70114258
70197938
70281422
70365022
70448658
70532467
70616081
70699550
70783182
70866805
70950389
71034105
