0.18674698498881964
0.19167428712693366
0.18552000435653493
0.17967860602757707
0.18773876326747305
0.1901413503203817
0.1985948181258208
0.19175149315637646
0.181322173692273
0.18500774347489496
0.19687989741653616
0.18971861732580064
0.19508121478970547
0.18643385930654094
0.19557577680935878
0.18331648381996768
0.17921003580213724
0.1886984290418461
0.19417117484622068
0.18485028549048813
0.18458686985531497
0.17931445611671812
0.18731612527575148
0.19299932474419373
0.19399241034540937
0.17541295669433077
0.19510822560023877
0.1883891087487557
0.18290196788921242
0.18422785700894695
0.1800097177607614
0.17196058287113686
0.18671982583528107
0.1829467222206731
0.1846053951476159
0.18362314471027436
0.19169288172385046
0.1797479539557234
0.19034506576542726
0.19119058756080992
0.1969681942191309
0.19155895828172248
0.19146068250987272
0.18847010147502932
0.17559740177876865
0.18377430062301886
0.17794224795625155
0.17633978373636033
0.19480530381547173
0.18169680863946402
0.18752736183773086
0.19763907487639176
0.18026864253834607
0.18433481559591786
0.18595766639236083
0.17634218603343998
0.18585003303561448
0.18875744810240724
0.19395283062067242
0.20057515493744502
0.18768743765544665
0.19267621292653866
0.1804458433257145
0.17893185831718086
0.18126914710877762
0.18874586765303808
0.19701944656132278
0.1852527706736965
0.18772227117796458
0.18939784285144273
0.18290448648248364
0.19056728520313831
0.1814975911610457
0.19014123969033841
0.18939450745254074
0.19120156469694727
0.18393722268878807
0.18668048713602475
0.19473910761506388
0.1971182160880462
0.1880361007916984
0.19826144314567526
0.19828976478170535
0.19645731234426655
0.19094890210079174
0.1890713698954461
0.19137711615147032
0.20167727755947318
0.18772346688883085
0.19768778043312527
0.18429707656431074
0.17882458650131494
0.19144241788978833
0.18741763266385772
0.19249831504929177
0.17807573289576578
0.18406342918481633
0.2041455165089338
0.1850188926436008
0.19192173119207195
0.17891163514271863
0.17534769998868144
0.18597173968078262
0.18696772694873082
0.17751803003979605
0.189157374289454
0.1879439646260576
0.19524365521978937
0.18137282972981048
0.17756149609960942
0.1912655996642817
0.19208494065403914
0.19487082632470915
0.18817563753226862
0.18084108548276767
0.19619267544936644
0.20128346126681307
0.18316579007304834
0.19605795199291953
0.18616513122907963
0.1865099526628075
0.18647354156500798
0.18471797012803118
0.1876557872424019
0.18999848556721408
0.1915879099629007
0.1927431618616384
0.18421419580180587
0.1907536113175081
0.19026825237536277
0.18466630987874647
0.1874847192245288
0.1874798526361024
0.19491492184102313
0.17992478316588373
0.1776349546032594
0.17860807883703494
0.18886982366722035
0.18918449277758775
0.18586469182314258
0.18317112287318182
0.18638388221260305
0.18948776457162284
0.18829969598022567
0.18780023532911366
0.19242713097133823
0.18832016740937735
0.19203779174449392
0.18920892338332113
0.18624265901894146
0.19115124848799542
0.1791686763161663
0.1879673599817812
0.1870825761786915
0.18183310619429877
0.19446607089096835
0.193224432773519
0.18423144650522855
0.1966348478825894
0.18751217160061318
0.19130942920545244
0.18595803494151553
0.18198783360419515
0.19171402942197363
0.1801222847500179
0.184362628350835
0.19513488514012367
0.19964312087776004
0.19792441017955958
0.18888461367001358
0.18794610049161603
0.20518051657247316
0.18678353876501802
0.1887439992556952
0.1987415574008654
0.19823429835302286
0.19460355871436086
0.18955035364350697
0.1966918103287327
0.18352687648660343
0.18289940655063547
0.1837278651968675
0.18634710735496204
0.1837697070782971
0.17597206174132235
0.20113110070227558
0.1825251592746882
0.18908854602732506
0.2000658785698658
0.17632763232082582
0.20909667829048234
0.19724046955023816
0.1954339071372046
0.18312048323043761
0.17543778105979102
0.18381213348330172
0.18582199068281127
0.1861531739318179
0.18665551696056065
0.18745828455278568
0.18980480355045137
0.2014074478952051
0.18422026055669824
0.19229784503778824
0.20537381712158895
0.20105445037061548
0.2004715996332364
0.18225098397779935
0.18909085599811698
0.18391845619852143
0.19053629549155562
0.184716054158179
0.197241092813779
0.18260442474059588
0.19618757173153484
0.18220690133561362
0.20414311467154192
0.18545307239650444
0.17828590372352504
0.1892042867603433
0.19021408320020736
0.1921667620571907
0.1885129877324634
0.18650957099415333
0.18493674988853587
0.18150731670810627
0.18188829038397195
0.18772334643491298
0.1802191530094141
0.1866159181077113
0.19184127297722173
0.19548101439646404
0.1829344933096733
0.18924153425625748
0.18027707403058912
0.18749647280491832
0.18709359599893954
0.1851906598684526
0.19045155006885917
0.18678724261311952
0.18327992636314933
0.18276556976883526
0.18893844918694386
0.18960130481693827
0.1826967380345369
0.18781204015760233
0.1857317062158241
0.18973995887368927
0.18411471850550443
0.19075539720926318
0.19344504044387845
0.18611133055517687
0.19024246351053065
0.1962291849949898
0.18528328557567558
0.18844984331896775
0.18670648094211809
0.19044710340804238
0.1920336209652476
0.19065831023325125
0.18276013662855856
0.18274649168441354
0.18188492654310157
0.18659971868355169
0.1953910645981716
0.19015099766671711
0.18233301145832617
0.1844600462706335
0.18818715029101216
0.17625735645359086
0.18440789197320215
0.18471300951720376
0.19138054653026942
0.205159188256155
0.1857910425542383
0.18839078514890759
0.19008645309081484
0.18520011029492536
0.1907809383251916
0.18542139180114908
0.19515102463607625
0.18196769336481733
0.1890195680472257
0.1900950602669939
0.19385000708602784
0.19245546453548756
0.19528593608156586
0.18311070345392233
0.19173044432405892
0.18846150938596187
0.1880444048838691
0.18743164949060048
0.1876681457410601
0.1901152914917393
0.19422495634219
0.1955228923167895
0.1893255581213289
0.17563318052994797
0.18953025607083773
0.19016981311873044
0.18355798485825234
0.19140724787516658
0.18390160975290187
0.1919126135111356
0.1851100993643064
0.194402357934657
0.18716107785853328
0.18253173081848287
0.17846469521805375
0.18065287626516435
0.18349346908291847
0.18804903255085847
0.18416379273530198
0.19340624829234293
0.18305947901868555
0.18008740336126372
0.18883042303556996
0.18801627820173292
0.18691962976507376
0.18792224598380466
0.19019077674710655
0.18908857248727828
0.18724339835638046
0.17260097144392272
0.1825208549373452
0.18805174223739549
0.18986862039224756
0.1861117521082648
0.18971659719636916
0.1916449130999374
0.1978782059709276
0.19220938314553193
0.18500815783455044
0.17660151088867096
0.1927882098943668
0.18185776745638996
0.19728591252000738
0.18336077716315957
0.18501326548148841
0.195138382729419
0.20232570268225467
0.1878178126119523
0.18574055749251905
0.18891271828258938
0.1850825969163316
0.19290663194788704
0.18914046200362775
0.1885141152121402
0.18823768170609487
0.17765608523874266
0.19200167019581343
0.18617712106882073
0.17991622892181913
0.18988125389173502
0.18822325346959715
0.19554121881918546
0.18847981340015296
0.18241942082657409
0.1894676568147097
0.18086938921912116
0.18378174335883282
0.19438019056787104
0.1940594306345558
0.1945358396257504
0.18654734931240835
0.19079340835277675
0.18491657910080908
0.18995212353541346
0.19163104247464335
0.18609201754855215
0.18755441101009668
0.186132975547475
0.18797432878316694
0.1706583403184525
0.18734439427779515
0.1878049290351118
0.18965172150258894
0.17561701821979592
0.18178122185439194
0.18829275184754046
0.18568392840541015
0.19322989787883005
0.17818786071863227
0.1844250079782604
0.19675899355741308
0.18944478181667204
0.19119332894901475
0.19279577261291236
0.18561399183915556
0.178764605743708
0.1825328195467849
0.18415334671796493
0.20107998029865098
0.19129274123911655
0.19452516524193847
0.19388843662080316
0.19589914161300132
0.18503454443786277
0.19797895742823524
0.16949960274378847
0.18307548749802682
0.18888410812571646
0.19620923814237134
0.18534740612660985
0.18830330289646635
0.18659022602183425
0.18739466739413543
0.1721865101252008
0.18651249028751732
0.19395069211432958
0.18442343357503796
0.20010245736166632
0.18648920863121035
0.1866185475383704
0.1829235688049624
0.18362697796235192
0.18298054475207115
0.18931843582256264
0.18254089874769322
0.1851520386543775
0.18184572522919623
0.18196516885448522
0.1813366305960291
0.1930309692029419
0.186141923296605
0.1926300980459186
0.191874875105621
0.18554080924121535
0.17866740064686515
0.20227914524427426
0.1959102759066318
0.17915941213306635
0.18003776854230813
0.18478668215968028
0.18736959548743123
0.19514926963545148
0.19490095086012416
0.18831149283564508
0.18676982598540054
0.19034869241196706
0.1893535372553011
0.18688999309433785
0.18884165667908123
0.18937484669769378
0.19443689351956142
0.1951379907577748
0.19247037330708594
0.17896039321531504
0.1790921004854431
0.18530056082862623
0.1891664434862783
0.1898184217973331
0.18028019151886243
0.191004345793065
0.18991743650198697
0.18625513287058698
0.18592131663325698
0.18309767272041474
0.18438838479941605
0.17877767443938788
0.1905672679798049
0.1952097532161869
0.19413599714773705
0.18790018329645092
0.194725668354006
0.18391420727773305
0.17861747341348427
0.17991566565333544
0.1794736098821053
0.1754817704884529
0.18061423500326534
0.1924890396343405
0.17057900818648886
0.185125376775014
0.19088927830072452
0.18613871567284274
0.18924687659112965
0.19220394975719274
0.19161667912173075
0.19020734955357235
0.196821066490135
0.18540134216469414
0.18861383682723187
0.1870266422543947
0.18470333271593636
0.18863941688808544
0.19235717551345685
0.18677836909242984
0.18595878799286286
0.19619774120026007
0.18898059969603823
0.1832182036214098
0.19705639532609603
0.1898851670055631
0.18607765019735484
0.17831396259009474
0.1847365222653633
0.17871065530980118
0.19057261138099704
0.1712581768461715
0.17662791927858632
0.18638755085308045
0.19101475395398335
0.18647433173907613
0.1929162921728293
0.18827118651390387
0.18215459720441662
0.19074824138253396
0.1905438086159884
0.18773155913166603
0.17730825986634208
0.1915745571758138
0.18022699430112027
0.19783745205524675
0.2009119211605767
0.19541233294694205
0.18491954208110228
0.19803658622279394
0.19335654203133035
0.1968463497572399
0.19209181434998057
0.18072997457141365
0.18947245314483754
0.18833922499165606
0.19249815708636756
0.19319203508211497
0.18314717630152838
0.2038020958326106
0.19051960508141969
0.20070088767890218
0.1936068489327544
0.18443355766958305
0.18591880686536216
0.18805897679152878
0.1963931061724319
0.19102200690654114
0.19410137362482954
0.18517178656497474
0.18719114630103662
0.18000196564401885
0.19107234526216632
0.18629142462901302
0.1876325358918503
0.18297896364736596
0.1859552967738008
0.19485977305820013
0.1837585464437584
0.1920919896224464
0.19009710193258458
0.1830354434404896
0.1891732056458913
0.1826157826006963
0.18477461584639243
0.19071202198796466
0.18520300532685535
0.18504730793531482
0.19074570491421144
0.1810120398284062
0.18386686853263978
0.1819408745601109
0.1807161100596234
0.1888039201268281
0.19248969810139605
0.1831778722886533
0.1919784543828229
0.17954092592312915
0.18073856290184323
0.1862002244070514
0.19635374814251036
0.19791309099449758
0.19546738842458944
0.19374618889985656
0.18476259790559332
0.19823405320064594
0.1954664367869843
0.18591358548042713
0.19605186252340395
0.1941024813540672
0.19483172845924251
0.1942984641457811
0.18712909495903526
0.18763585022620952
0.19370268887354855
0.17633743498073656
0.1832725856769263
0.18363487155028257
0.1782203304615304
0.18415755784609833
0.18604359845724738
0.18472547770186393
0.18049146055532214
0.1826710914533724
0.19400568855899114
0.19131349651803142
0.18218167689150266
0.1837561118135244
0.19081076604031533
0.18772841405708887
0.1790797272332118
0.1795607055223142
0.17949603142250337
0.1870977036390778
0.18753837751709185
0.18817740094621074
0.17836409509222462
0.1885435821300907
0.18993121795358509
0.1878237362067502
0.17240091417079628
0.18247641030443634
0.1860215287374793
0.18087972607394445
0.18774375123597895
0.1947339345016508
0.19184526900168236
0.18957310129010582
0.19382088603845032
0.18770184257147327
0.1890881417279051
0.1803951010139787
0.17783059859969405
0.19295553156622974
0.18743210638249358
0.19058344153289722
0.18278670781015782
0.19551935533095138
0.19065293964261384
0.17878571574034544
0.17678623628722254
0.1932944026401328
0.18530241403055164
0.17868021519201027
0.18396595326418555
0.1912868263561292
0.19052234740241483
0.1872229605047679
0.18944799904165455
0.18371674435008717
0.19437899006184362
0.18956223386596002
0.19441670361696473
0.18416360398222517
0.18079731563040036
0.18359098526701664
0.17608951041196766
0.1887830236549511
0.1924634054360621
0.186976430049418
0.19387323858434027
0.19631993987963317
0.18552200458161935
0.19072703623306875
0.19462532701134158
0.18813393399037293
0.19253653200980034
0.19132443005518213
0.1854527012599239
0.19474858502307296
0.18664187779480135
0.18427404896325794
0.17673655824499093
0.18029910701747134
0.18314979718151844
0.181355991226199
0.18992211814712184
0.19578290381392033
0.19308183852740188
0.19141495793638974
0.1931633329377239
0.1852132150028997
0.18613309747014184
0.17883640944282145
0.18169270611255212
0.18388485616016054
0.17744743297865398
0.1974341486721189
0.18750325078253427
0.17889263198386934
0.17856189255422486
0.18483313648078803
0.1877176496383999
0.19185158729605373
0.17520739759253898
0.17387146103478457
0.1856984481232739
0.19148732594065954
0.19096836480954082
0.19320050211283404
0.18900931668704504
0.1977589940102193
0.18544375333108215
0.19473089339155264
0.18485776725097863
0.1782389737630965
0.18934653778283334
0.19075899536842372
0.19605503319442497
0.19402077817379226
0.1794478204611947
0.17910423003100598
0.1800706917941267
0.1876703784339252
0.1852692980995806
0.18802175314962602
0.19526169721838899
0.1866399534051879
0.18613301916614622
0.18595397507132547
0.19242721393797105
0.17955866224930475
0.18412685304014806
0.19902294977314114
0.1973259528183009
0.18909459266065193
0.18833009269854423
0.19255525875623758
0.19517178074209762
0.19539291799191966
0.19916711423945346
0.1874965179889523
0.1928870372340752
0.18830000094464264
0.20544428975705722
0.17810288042283573
0.1929788381094874
0.1914232474834246
0.19823000877370217
0.19263497673630678
0.17759357466796882
0.18456568203803972
0.18336449278728417
0.17867159351145
0.18441214831641933
0.19078776137624961
0.18000903437053928
0.1783417408280159
0.19845992046356342
0.19143357507884057
0.18479685954628772
0.18635460590038333
0.18530022966643717
0.18890409269937625
0.18609626675367757
0.18737707254068373
0.18472085351362172
0.18057372329284885
0.19357496233112895
0.17917428294928234
0.17286591277419272
0.19515156584001714
0.18068170297480063
0.18894914042109356
0.18363024449228332
0.18352443725602136
0.18333851392958228
0.18825876246694406
0.1900174113642575
0.19198955249574007
0.20241101130423556
0.19568981386454126
0.1946810551314474
0.18231447788069313
0.18112019848177335
0.19166032444695563
0.1909806924820908
0.183663604542311
0.1889439293496028
0.18826338114686697
0.1909862463769364
0.1904279812177346
0.19637901513140363
0.18614678181840283
0.1803022884702155
0.1898816603846028
0.19349845310548852
0.1934872104444038
0.1841835983621795
0.17777531171215627
0.17989032393138382
0.19513829877644598
0.19217025424696055
0.1847966970369903
0.197164873781965
0.1845005470279982
0.1797464355694345
0.17252108576493985
0.1806345408483208
0.18189725219166802
0.18549321754024672
0.17999101125760902
0.18980361672043006
0.1812740268145464
0.20167785920229714
0.201465987555485
0.18938698798779
0.1867956921644756
0.1942712112987385
0.186239953325737
0.1976916317910023
0.1947755244749439
