0.010147400931657849
0.011250134042997068
-0.0018577452578002035
-0.0010744406244368957
0.021729255547846188
0.003536960137244108
-0.014567209015264548
0.0001056989291024987
-0.007974725969128446
-0.011097315778865493
0.004922989897296114
0.0011862516985912184
-0.01153889005304409
0.011203435619567586
-0.004548045000892539
-0.002939099191679017
-0.002000577416966715
0.007046147552062159
0.0002797824775365035
-0.00031983062674135186
-0.00334005003618789
-0.0010275466537781087
0.007279196779930147
-0.008219661248173556
-0.005546641298553997
-0.002197717947286718
0.006286854718175092
-0.012384217819789756
-0.005680658085133027
-0.001791479591854809
0.0008370335428768921
0.0005529394719619284
-0.007018702507205821
0.001456191743469113
0.010447306692994738
0.0068669658335493815
0.013102346559686697
-0.0008121123971156741
-0.0030259645233352023
-0.011331343844411507
0.007970074798985122
-0.018896599671113623
0.0044509465280390525
0.00386669227259103
0.013312804914318015
6.172573365263723e-5
0.006418389798543707
0.014799818075077017
0.010086827509568123
-0.00488997830801054
-0.010180178242544892
0.004473167650420187
0.0030329111245296597
0.002019509912949527
0.0016885274426780028
-0.0002353175895355407
-0.0009302394972333303
-0.001324250141907782
0.008583825534439524
0.003911064567279083
-0.00041175520858058117
0.0175252835717149
0.013131714234821054
-0.006431510464016736
0.0005631632527899125
0.005952299381941452
0.011124331692189843
-0.008202442756527442
-0.012997186610558487
0.00014656920018334
-0.002075816921103632
0.006991521628074273
0.004494661947144112
-0.012658394104241336
-0.0072755798879223866
-0.0068736161067323165
-0.00217284337897766
-0.00481899094646009
-0.0006968088880079078
0.008803722458423615
-0.0042653714359921465
0.02237429202780448
-0.012070838089772745
0.00036117357761406206
-0.00757230492612877
0.0024336329636267043
0.0018149571452656104
0.0010039695128081297
-0.00032600787481066673
0.011709917480523293
-0.013463641196922555
0.0015314660101602958
-0.001733921799359734
0.009182891890417337
-0.004511037088627316
0.0015436968470125606
0.008816154743732714
0.0034181634611367964
-0.004409414031950085
-0.003488788540878688
0.003848275797181317
0.0038099414054099633
-0.0033564416435461863
0.003767406390346941
0.003826525590465963
-0.0028265121128270283
0.009341187158447829
0.0018368155108341748
0.004209524607993135
-0.0020646305780908586
-0.0029834077028939687
0.002896882992967213
-0.0020762001732920984
0.01561452945738875
-0.009972796031150746
-0.010582159156117075
0.0018314225204317403
0.017059244809082687
0.015022341451533531
0.008936947096804645
0.004585569840527542
0.001112069009957481
0.000827326497433748
-0.0018006413316513977
0.004556489661105171
0.006586847792312228
-0.010826763978148569
-0.01690474904375111
0.0078043609511099805
-0.00783179637748447
0.008383546927150296
0.0038208340983511844
0.0016922464581020213
-0.009668506605176274
0.005683264407883168
0.0007901311691033085
0.011531150888417177
0.00477788886441379
0.012922253154834975
0.016326130140555138
-0.009638099150773691
0.002449182803515114
0.010075025684508162
0.0009608333113906822
0.00412711754957666
-0.0007631853825522052
-0.0014267167808479746
0.0016839143727154409
0.0018615172862293736
0.013126361402838639
-0.008327844689826471
0.0002241992973923317
0.002944449925721875
0.017092073548913348
-0.003968379593426496
-0.006856897431826301
0.005066870331989836
-0.010051461965365436
-0.003055075403422882
0.008595460673743772
0.015531246417583007
-0.001779143955069122
-0.006098274035551472
0.012798530046703307
0.0027553434966879017
0.006863539698016815
0.014836303425825217
0.00039684577369005717
0.00273496603124144
0.011816374058100154
-0.0009397596577271784
-0.005973513011788192
0.010461741137000316
0.0003309536964028279
-0.004428542438626966
-0.002645977508113289
0.004319689883808799
0.001538854749866693
0.0032859358958427327
-0.005969422021347303
0.0015814504197644965
-0.0009663892650991057
0.0012684381101641575
0.01524970333096491
0.0035772801218746705
-0.011106720270400976
-0.002109049253912596
-0.002279268567736774
0.008091730027698302
0.012870478444554374
-0.0006307384173574156
0.002882203928862687
0.00552251735071135
-0.004700336296579203
0.010508576688408438
-0.008704467229443368
0.0030778193191232373
-0.008796941234181543
-0.007733077726382964
0.0020030644740379735
0.00721394365758188
-0.005598763096725169
0.004897976528542344
-3.3347196686053706e-5
0.006483011421578263
-0.0002983611175888081
-0.0077321070766956275
0.004356387348387792
0.008394599978819951
0.002511510819012332
0.009311569802688139
0.0009797957013849756
-0.012975824899448754
0.00839811911483727
0.005156044270825845
0.0056175970413121015
-0.006999411535188552
0.0025495470151979567
0.005602042140384992
-0.015932301764513535
-0.012517087104249626
-0.006646868941177491
-0.004703270599101901
-0.007567916725172338
0.0004979770715107233
-0.002119610677475934
-0.01110210093830159
-0.003631533127264663
0.003060801172640025
-0.002326436263358278
0.0076222831803781175
0.004575464401942074
0.007914897659571048
0.0019231088527910086
-0.011392576159008674
0.003523215839976035
-0.0243015893638378
-0.01366622858301675
0.0021279129256372934
0.004611984887408358
-0.006411196782581228
0.00022537637489193716
-0.00028644830064300606
-0.0004793268289330306
-0.003333404263892491
-0.004612238251213582
0.016991479234216476
-0.004168949655559792
0.014554654465942105
0.003320920584209725
0.001005443077546785
0.006911226862959143
0.00903151834680689
-0.003827317915474316
-0.007780416841963436
0.0008952421379527374
0.0025324225229701154
-0.00026033032429715794
-0.0038707530103899513
0.006160994053648037
-0.004696466732518667
-0.006348123091136685
0.004725284685013648
-0.003944422573738192
-0.0009142669785040017
0.001577605721756332
0.003947000786972103
0.009652191522106782
-0.00594894068519865
-0.010627118630904361
-0.000751525739148883
-0.001578304274494202
-0.010856910392509654
0.004181525653428818
-0.004793018505121
0.0064973613328468465
-0.0006410066701078731
-0.00047701277236275076
-0.006367959787516631
0.005264766130092758
0.0020144350457485666
-0.006028589916793264
0.004629631210764265
0.00818254647406019
-0.0004788796368279417
-0.003613907338261153
0.01604339436435462
-0.010508634146942347
0.012862205248741203
0.011698123657194972
-0.004810378622975163
0.0022486051659388008
-0.009709978308711308
-0.0021477653824121014
-0.0028876730073022798
0.009761029793695319
0.010200978572364194
-0.005350234289571091
-0.002872193739235044
0.010041533347918349
-0.008673961298969387
-0.012435511975054448
0.009122303506675918
0.010600368720603305
-0.00245365004905673
-0.0011463029350342329
0.01362700508875242
0.01978034076276773
0.0059831870591777764
-0.0037629973021869223
-0.0018998849913293941
-0.01049065500684996
0.002273212455270796
0.00948775889713402
-0.006188066621254703
-0.019697726300906923
-0.013316975774191395
0.0022697101765741627
-0.009742900014120303
0.01754294173860256
-0.0056642828150525884
-0.003568630139540678
0.0034842214217059328
-0.0029729437721402628
-0.003001225751502513
0.004116109527392735
-0.015760225572742023
0.01003379733278366
-0.003739326320278997
-0.007432013297150662
-0.0031649687516829713
0.004638944497352818
-0.011902190930845075
-0.006297592487222186
-0.013060119523669122
0.003503893290492348
-0.008006057212703834
0.0010297887512328123
-0.005266096120952638
0.010487879114378262
0.0028799858476310333
-0.009012597421033806
0.0015730982016385463
0.006557390309524886
-0.00023887806833408458
-0.0014518328113324991
0.00042452012416752073
0.013125335979521244
-0.004675603353634687
-0.0016872488111970832
-0.010869981657417604
-0.004063241089781677
0.001414645467873578
0.006865899328528862
0.016148224299480225
-0.007690334964459308
0.004723713377098601
0.0004980353687182668
0.0034300873847617225
0.0024015448896695475
-0.004033954508683796
0.00604167991776779
-0.006026172665027427
-0.0036447802416312795
-0.005420153319450716
0.0020781559627549118
-0.015083694931627114
0.010765296695020623
-0.00020159737824020823
0.010290225174611693
-0.0029157043018825067
0.01611143493889797
0.010462636972918733
0.017579947826004527
-0.004370081939338359
0.0037260317226345836
-0.0025292788735660266
0.00207372761641091
0.014129798950007176
-0.010579017622570127
-0.01442755115782059
0.005355634201491575
-0.001899773297182242
-0.0053430288957399315
-0.011889551356858204
0.014409110814649918
-0.017650206106410025
0.004648143073279919
0.005418521867596277
-0.007268821236020538
0.005734555226275334
-0.009462682589247519
0.0027114091713413033
0.00047916923454866586
-0.0020295687828726355
0.002104677280621474
0.00215968132870989
0.0022132105887198573
0.0007785612475079921
0.009972851570548964
-0.0016850857665874474
-0.002819955573049793
0.001352393610445641
-0.01080981451070101
0.007207752900766307
-0.0029024393039474815
-0.0015014568689218962
-0.012230889363492483
0.013669677039287828
-0.007736690307832622
-0.007811836943170466
0.007146535420079967
0.0005456415075496502
-0.00360662428977897
-0.007273999218546344
-0.012371565766192277
0.00420942856178978
0.008207436119822175
-0.0005717994799391171
6.523936488554943e-5
0.022290460095975677
-0.00547717176906337
5.939545685633863e-5
-0.008563907135858282
0.012119466740400802
0.0005093740185687485
0.012774086871933415
-3.407741116389761e-5
0.009660441954581975
0.018005151279023208
-0.004726860220472849
-0.009480709574523712
0.003587017402790593
-0.0007749527569859004
0.00829011586242609
0.00567236710104787
-0.012381948408833852
-0.011683443980170759
0.0038289085958159276
0.018785403562738577
0.0018478694853071177
0.004264674951924485
0.007369030649097703
0.008262971991178793
-0.004339794572287795
-0.002790344319378869
0.0024351251126252505
0.0010981988480562675
-0.0026182079454575755
0.007806498316344376
-0.008172154824821053
0.002807372669088063
0.018590342629651098
0.008392745087844992
0.005148223946562138
0.004355239742617919
-0.007768707127676776
0.0021138243673731664
-0.010567175184967699
-0.006918957722716694
-0.013490205168991303
-0.008487206579121514
-0.005829898321193589
-0.007596658574664619
-0.005307941475468235
-0.0010223349097275092
0.014832213953586249
0.0006798983174145538
-0.01098207799502489
0.0045937513395012996
-0.004265417217151976
-0.0013929126353992149
0.004244442326016903
-0.006947004375507869
0.0036703206195450224
0.006455036812500446
-0.008660879091496775
0.002352480062723791
0.0065282055272020065
-0.004882337224463974
0.014974215325389516
0.003860034808229865
-0.009295586323519785
0.010775495950823978
0.009311999077671987
-0.011320867125434026
-0.008459765364588732
0.008450264795419318
-0.003897284490772616
0.0025134959698625333
0.009079234033907316
0.007507643843830272
0.00409490279725871
0.0032505899121264264
0.0077447804675513455
0.0026412442191775486
0.0033538241782647814
-0.0038782118208552357
-0.0030134205220565405
0.0005902988686066472
-0.006944215485931716
-0.0045038409764654695
0.004147262450539883
-0.007197124259594476
-0.004116071542330827
0.012667757202155707
-0.00293610997163161
0.006161580842931062
-0.0005595542708022247
0.007999882119866363
0.0044627261890496355
0.009947346354128634
0.009845228667351921
0.009769605568998276
0.0015053093434324143
0.0155004100595505
0.006973089710617396
-0.01673252964131773
0.000603109846940131
-0.0016878321157898588
-0.0016475012399533816
-0.00015434458573712487
-0.01575703817768074
0.010123630601491369
-0.0016236126100615204
0.00891644707522683
-0.006836637063881661
-0.00947858806777621
-0.0031373460456591857
0.007804790295635059
-0.001981452847981216
0.012085749880466123
-0.0029293585513808446
-0.0035446813080547276
-0.011257476578815095
0.002959044978485476
-0.0009096201842112269
0.011130963400394616
-0.0011847119960034748
0.00865995520221763
0.003476184515726317
0.004351235742865785
-0.009247085582838285
-0.004253557157768312
0.00040065965424333235
-0.004084478696645156
-0.0040366849181964785
-0.0007555798341988378
-0.006705555047452813
0.0010238565290242824
-0.001251365455469636
0.0002022844624421814
0.010365981548886748
-0.005346010469590954
0.004941933301732569
0.009635431094660106
-0.0016188348573914092
-0.004720013630412875
-0.005685457723621406
0.012077210183954072
-0.0029435883304200685
-0.0020126975590677356
-0.009126477630758491
-0.010740568653178144
0.022135896936640403
0.007727006439463058
-0.0025258865285083393
-0.0007601748992060206
0.005448429905765977
-0.004526487842978365
0.005453708763674366
0.005951966059503146
0.00625051315173563
-0.005523051526867232
0.000598066933433897
0.003123376973801261
0.0007965439365888827
0.007936440725775977
0.0055850769122692805
-0.004388207432317772
0.005117975552294839
0.011272711581592269
0.0017995371314052351
0.007649643453977259
-0.0075686783673829215
-0.0018544338153222524
-0.0013093654439306534
0.0019409679265845838
0.004056137287723359
-0.00044811434869882665
-0.0027205746775917044
-0.0018642769969704673
-0.009058313889073546
-0.0038958143106749468
0.004796879497760372
-0.01873478166791893
-0.004254733150565735
0.006740810411007276
-0.0021641082279734982
0.004055842689844907
-0.0037762308209578392
0.0028186121801391127
-0.01491795046393041
0.008019107270944001
0.0022685432405484536
0.005442752817094128
-0.012567489776837224
0.006509943174497663
-0.007929096587017844
-0.005696909348433471
-0.009736646882349521
-0.0025140657953321207
0.0019181618429628452
-0.003223257345199772
-0.008325707054778645
-0.0018176219633218279
-0.0010832037255625092
-0.005062426299818278
0.006010542114274058
0.007837012975693369
-0.013430060839897475
-0.0062130720322658515
-0.002520909055956257
-0.0029106500888919406
0.010298879104057617
-0.008582371430968952
-0.004248443321102155
0.0015665024034601928
0.01894099961567357
0.005453018510977223
-0.006000199923292567
-0.009679371521565273
-0.006104712672353994
-0.0037427761212170136
-0.02657349160207616
0.012531367925587886
0.007174605996828347
-0.005488835560722908
-0.002393925917338383
-0.00406935891520812
0.005334275783330693
0.007581516250207166
0.00693539161760497
0.008862564667972358
-0.012529881682955574
0.004276679454720815
0.001269242454301875
0.004061025752768911
-0.010271133666705248
-0.011255560318891827
-0.008568781264827015
0.0007627396457737024
0.004742682361186276
-0.0007014536556302065
-0.0015122569245391401
0.001564729976859015
0.01640020690926897
-0.007856112231865144
-0.005720401416567851
-0.005795006814679873
0.01165146283079055
0.010110266670001177
-0.005428157755657038
-1.2278321828931458e-5
-0.0008275003295949734
0.00023905538114196278
-0.008965948689825289
0.009154829158513697
-0.005648066170773454
-0.003029525578166022
-0.0017655855578990643
0.007859220782639873
-0.0020387743450278844
-0.0051771038039824125
0.00491466159569805
-0.002475245330493812
0.010537878644557668
0.003813836261438122
-0.0003220493687539497
0.0011529884980426494
-0.006347221865207837
-0.0013806960841809346
0.019823148211151456
-0.0007189571657445007
0.02350896827131211
0.00035977725619432957
0.008262322300247205
0.006157144972389139
0.0038753996315167615
0.0015931375205114526
-0.00400235344401687
-0.007455283349833886
-0.012173454939183337
0.010064188251467487
-0.017394970297478978
-0.004672602288724883
-0.006038965449920736
-0.006469892364509587
-0.007822099008917168
0.00018798578372059786
-0.0008116575199678252
-0.018051358570521932
0.00334788633581673
-0.005602249903776385
-0.0053616721037504245
-0.001023500963178602
-0.0052196455463439685
-0.004432168383773882
0.0011924629327739477
0.003437123796706132
0.005031212697384165
0.007027045278925111
0.019028082999490027
-0.0019311861350546776
0.007265373846977436
-0.002466775100424959
0.0027373295485347265
-0.010887769895506853
-0.004468428740593288
-0.017326947964382514
0.0010203802563931962
0.01046921430070774
-0.0004709121261334782
-0.005064652015846117
0.011430073905492465
0.002804774121118164
0.020193144299715034
0.0026345846448757784
-0.0032490082457001784
0.014680587544527827
-0.0034449805618868255
0.0004428536044137118
-0.00831184103660931
-0.004635762544689022
-0.001164493120289838
0.0030975392506880214
0.0033565525319442444
0.007304358799169245
0.005226758605529958
0.001035921603017697
0.004029971878318056
0.006004335531087007
-0.009539625442705844
0.005607563148796529
-0.01595655523403788
-0.005667319504590476
-0.0027586485651895512
-0.0032874913136972063
0.01069495565369274
-0.0021446043532234926
0.010501512962046815
0.01205664448644599
-0.0013776694117812907
-0.012916498742606943
0.008414061792684247
-0.007093517645219471
-0.011007022220743722
-0.0047542904129647375
0.0015256572972266868
-0.005349554533055383
-0.006905966018112048
0.002728402116823989
-0.009542691852178601
-0.016477998505048472
0.008895909503059993
0.0011780096510494529
0.0014947771788827971
-0.003631751333982041
0.00609032978956993
0.00247398785022991
-5.07403611884141e-6
0.008148780452717464
-0.013029211278316764
-0.0040857454623010915
-0.013555847617727232
0.004082568504759204
0.006205715537762259
0.005907690734409745
0.002414463642880536
0.0012388291594183842
0.007863981897487703
0.01581173662784797
-0.002254606272379802
0.0029888568482257507
-0.0018776641466137565
0.0021678720851984103
0.0035254565781093253
0.0027210044126373114
0.0027880040732058396
0.009061197310684692
-0.0018637109991798623
0.015000893929672831
-0.004527569360449239
-0.014518262438176275
0.0011695266139145725
-0.010613332401051535
0.007349238341572979
0.0034132821619617553
-0.006451180001963529
-0.013281011592883269
