0.33780974114197915
0.35128381218114524
0.3586689383376519
0.33617741716975286
0.3506178896517149
0.34894838609032425
0.3253369467198943
0.32401530036392323
0.340869283972693
0.3411370395274501
0.32905338040936727
0.3411704397297215
0.3457838480054139
0.3513961714450212
0.33852151755173576
0.3434778000519443
0.35288055014684155
0.333481475505281
0.33870079232214484
0.3281244143280483
0.34915551035422154
0.33352227817761776
0.3448470039261423
0.3409207826164875
0.3381293706612769
0.3232981034668677
0.32900513652201446
0.3311498533278918
0.32435311557613333
0.3501341989597989
0.3427372141251649
0.34226434271901734
0.3451567364120413
0.34421152791104104
0.34040301880758916
0.33122964277246475
0.34382627108690506
0.352532316265309
0.3318863924985545
0.34713603835520096
0.35577544244939285
0.33187389946019896
0.34463481242011607
0.33634750774904215
0.33562437717089855
0.3363314857602095
0.33306541611827145
0.33512642399890963
0.34066687060680084
0.35003412541837464
0.33503267621668087
0.34103432926194005
0.32761025577491293
0.34472825479498476
0.315652851430083
0.32871560055432014
0.3374957585539156
0.35378283577385894
0.3339442614495679
0.3341982275373401
0.3492583649294337
0.3447040666964569
0.3467984626497407
0.34332796129341314
0.3408813317031937
0.3343091989208211
0.318026098573853
0.32851822828828575
0.3492502105017246
0.33594012545906415
0.3552021326645435
0.3510703876399369
0.35151925204823997
0.3462521830446543
0.3429674942861356
0.3464299771999712
0.3308785993038973
0.331968089238721
0.3223591496193874
0.3273774192236759
0.3347878419991478
0.34008155802256873
0.33422318839845205
0.328535483048013
0.33559007374122585
0.347533489170882
0.3352923671844764
0.3244741542507563
0.3342632093682523
0.3451641775047418
0.3395174314624243
0.3375469469495308
0.3269305945241215
0.32267687344594376
0.354049857583534
0.3409913759348318
0.3592659048657443
0.3278590412758402
0.33540465994803825
0.3273796727845594
0.3303216361294205
0.330071127290169
0.33453981027324114
0.3372238408783601
0.3396380312342393
0.3356437020942536
0.3289925056481638
0.3198175700386764
0.3279096459318607
0.3224138804645482
0.35258785045368213
0.3333493948440581
0.34291224447248647
0.34402604658831165
0.33585927837500934
0.3413737934132579
0.34515274223772785
0.3465721683390455
0.3529261608395749
0.344560001577512
0.34673293801533545
0.346010859983497
0.34770218588851015
0.33608990982285647
0.3410802794473242
0.3408606002427029
0.33395890132477846
0.3162902442252299
0.3282546760919731
0.32782008241423644
0.3404771803467145
0.34404581696853
0.33546780444237717
0.3319281074175693
0.3398762445815191
0.325858714178788
0.3434504073235075
0.3521346595915736
0.3315512473032835
0.33820607382075657
0.3266156672267634
0.34386716206716594
0.33039398984228296
0.3299757658310932
0.32884494299476486
0.3401818150562108
0.34598794858301685
0.3458818214308891
0.3517581157482359
0.3494988192496298
0.3431301165325662
0.33364904621989494
0.3318599847984882
0.3413172563354778
0.3595782668210231
0.34221985487928686
0.33319020799761684
0.34007961387921093
0.33781296816531503
0.33380417004223106
0.34451651881041023
0.35275678433853264
0.33078795808422123
0.3424990361496025
0.3306905388690276
0.33841398717049764
0.33408317667344634
0.331275176122768
0.33785408234546743
0.34384915277097516
0.3336793748094697
0.3399601572555553
0.35960171891498344
0.36012565299903143
0.3441500994092481
0.3379844363014313
0.3394345877317431
0.32818280337403527
0.3367789481871869
0.3303417179918995
0.3423896765244947
0.31614657154586223
0.33009741752778027
0.33981687391151394
0.33822288571227666
0.3563513817544611
0.34180623509173774
0.3473855848611054
0.3494997989210773
0.3377912987496018
0.3469216301485771
0.3253054343610647
0.35181390383647543
0.3377952271042176
0.3454270050224448
0.33998894489554515
0.3609469135876645
0.3381901779797745
0.3233667281683641
0.33315087172708957
0.3317276180383867
0.3338811218639571
0.3525059770541464
0.33639838996058014
0.328237677518306
0.3298869951067158
0.3432822279801425
0.343872630897236
0.3503080002175427
0.33865087759343027
0.34019988051066685
0.35328035237189137
0.3508704615555921
0.33636492328982803
0.345900649393562
0.3534053061063278
0.3611512109800702
0.34939363197698386
0.35465424387541405
0.3448547410987561
0.3316902202946864
0.334908226681954
0.3317672794351391
0.34174650561820075
0.3401398649630861
0.3382675756145375
0.33460481170226397
0.32847873030467123
0.33048007823503434
0.33666824647249727
0.33839946045660557
0.3422836096102757
0.34150716756996125
0.3406805318240014
0.3455383232934705
0.33179553484353663
0.34689120680305335
0.3311577942985521
0.34200982043621886
0.3430063009891535
0.31846124098576745
0.34199391520673245
0.3496861459092887
0.33521421544559926
0.3304841352746397
0.33686835534165116
0.33146126083599153
0.33199916371071964
0.32922498231386743
0.3375580026430723
0.33022801889280384
0.3332466869080844
0.3311000765899833
0.3481039634885671
0.33410916289706616
0.3417097746453297
0.34917361490705046
0.3447435315188228
0.33772616961967905
0.33621214752292616
0.32881570314050057
0.3391911096104936
0.3350655625267054
0.3440510207070847
0.31666384591376456
0.3418100654318332
0.34336105842502046
0.34029051548852096
0.33601653046618024
0.363438414119486
0.3448354515978764
0.34709165564874456
0.33807993531293534
0.31961145679399466
0.31568743056521303
0.32450190224683306
0.32084624988879884
0.32466979268183366
0.3391156659202914
0.3379562269936535
0.33132551571896784
0.34608262408254065
0.3406064668237771
0.3332048797572747
0.3412992512321774
0.3471987377128257
0.35425584283186196
0.3450638146321519
0.32752756343835787
0.3400807013752729
0.3388701751778838
0.3432371070190884
0.32945708897644066
0.33463127372582313
0.3315856015321535
0.32872343340561594
0.34026798825815624
0.3394106635701319
0.3392587147661409
0.3398855650576687
0.3345111365535079
0.3325349861498383
0.32600346989187656
0.33293493877244174
0.32502913475980577
0.334276406189405
0.34194461502384016
0.33321509522357284
0.3310566122138054
0.32763232832100325
0.3331170887068071
0.33221629342617714
0.3385937148665167
0.33735456144721915
0.3476239179552415
0.33542845523172593
0.3320575765457999
0.32751843891402815
0.3259447088701587
0.33284065836889465
0.3265519233534272
0.3333876093953434
0.35055356182837494
0.34325066168118973
0.3252300490241323
0.3320503966965174
0.3349650771267494
0.33851389395923204
0.34111678248660593
0.33072758178857464
0.34728439993900495
0.3507844745870886
0.3339486133004178
0.3435058112391282
0.3336871675705433
0.3475318910039389
0.3386381524148429
0.3400306246936474
0.34591776524700124
0.34060835111219384
0.33699176952341475
0.3567540923697819
0.3380507151231965
0.33853754469092845
0.3419845565556807
0.3470032109881279
0.3361921753258432
0.34254801068002727
0.33711647159375396
0.3387302934813411
0.33790769639320245
0.32649868222438616
0.331281565653357
0.33405328097858844
0.3306635571432985
0.34262108342296343
0.3347871528133125
0.33441253936466386
0.3441708642029217
0.33584336396686915
0.3439404002777791
0.35525970026270765
0.3519648637100439
0.3553395271135623
0.3457254437598586
0.33786370095349627
0.3326216050013814
0.33306285603607466
0.3333506296499308
0.3419511607027584
0.3427536174406326
0.338405954600223
0.3436488402016059
0.3317183987221328
0.3310440036916709
0.3354970348591908
0.33789485600331726
0.32545312704821816
0.34143383728105087
0.35459240665256064
0.33262987516493553
0.340004421582338
0.33349215140058164
0.33050201058858064
0.34589821972902424
0.3378294100332078
0.32465231668614064
0.33273088192021183
0.34064646952158584
0.34679985276546665
0.33774248457331174
0.3202987029626991
0.33342569116265075
0.3344816274446454
0.3520190807565159
0.33463767472964534
0.3243440337404238
0.32541214759976134
0.3292884803215119
0.3352348798834896
0.3387777674482789
0.3447870471879876
0.3400066329859965
0.3340098020271206
0.332678948610151
0.3314713040210774
0.3246789513955145
0.34720872538753517
0.3295523057063478
0.32497885514685365
0.3362969179127946
0.32786879886682796
0.3348860897363317
0.3275202638978252
0.3394112855810058
0.34335948543073425
0.3497280253170703
0.34003062864708683
0.3439302174721029
0.3415542046799522
0.33452513324515537
0.34802260305944416
0.34845788245327153
0.34179172675175457
0.32485209851501873
0.3299032568483371
0.3508308544302008
0.3489737849833918
0.34655623524705814
0.3479163332091303
0.32338676652936765
0.3375811006601789
0.324398054193175
0.33154449855964696
0.3416647981304594
0.34839708374008593
0.339555221875816
0.33782916583774414
0.32749897009510837
0.331475186555926
0.33682859307222746
0.32896354633576314
0.3612691695170156
0.36107520100213747
0.3480624052095222
0.3491644588483829
0.34720880162178447
0.35404903706993435
0.3424356452810693
0.3375041515617109
0.3406505111878498
0.3459632499755012
0.33203621161012054
0.3314569581558289
0.32817811896284615
0.3283241140212375
0.3407718339111195
0.34193518817452656
0.3401189909199819
0.3404243708179321
0.3392228890628872
0.3305424358548095
0.3411702767001229
0.35219112716866885
0.3320320994287945
0.3320219647716035
0.3350227566519814
0.3480135336114002
0.34971871894866113
0.3421228682562899
0.3441153057667251
0.3341146111679687
0.34077473871228064
0.3404544716732576
0.33427742068443805
0.33313724494723096
0.33643067551551337
0.3386973298497082
0.32788196224672156
0.32640997875186073
0.3412598837191155
0.3310343705726092
0.3275646271539545
0.33823702728506444
0.34682079561478607
0.36109991468597585
0.3497625822710886
0.3392341361976603
0.35244685132711845
0.3409277422324062
0.34190958906918933
0.3440048287288954
0.3471429556014167
0.3277574023438977
0.3420726662924501
0.3239102984643771
0.33218528483255405
0.3392123131736585
0.3429962221213445
0.34336974470117443
0.34028521967929126
0.3446432875229931
0.3434001584011731
0.34323546239509595
0.3438182715806888
0.349605375604088
0.33486315151334417
0.3238004958610807
0.34045681858857185
0.3292792137943098
0.33109126421222385
0.3355819854502284
0.3283867250735516
0.33251159924311546
0.3447149690076693
0.3355134545820815
0.33166627197628096
0.3372686023512906
0.33312909551534525
0.3329794465715029
0.34276907626046466
0.3338186000479475
0.3266436312999692
0.34697449728931434
0.33821989488962395
0.34471936880365744
0.3451162053271374
0.33882088850780573
0.33201852818956157
0.3350157585340978
0.343679557783154
0.3524698334885673
0.34407895003649075
0.34417424479082936
0.3231277445335209
0.3511353237395559
0.35462645481847344
0.3451643610938122
0.35494976202237805
0.3333277281447047
0.34773253318884567
0.3484396348497337
0.3428297009692042
0.3349383649062452
0.34260047861371834
0.3549234302246981
0.3543526646201724
0.331053555462525
0.34286262775555976
0.3481290855584015
0.3389373975765737
0.33549161615255796
0.3375525880101924
0.3410773028775347
0.3466434749307701
0.342155819775115
0.3473838947710055
0.3330188925002835
0.3339612195880458
0.33766704372255596
0.3346958364502412
0.3554216623580845
0.3354392234777742
0.3493759352342856
0.33804823407228335
0.34696555389214545
0.34144906439158745
0.34073489290835857
0.33136188437450914
0.3317944643021169
0.3380721863583773
0.34010563488424617
0.3286415044373175
0.3476814910953303
0.34666366054807485
0.33298897249462045
0.3461148363825918
0.3412456837388022
0.3274378813630693
0.3242352332349319
0.3414941599271619
0.3229868873748023
0.3476917711982677
0.34012335322904713
0.32863468659153405
0.34684823107361196
0.3329668307889857
0.33027577155133325
0.3418385516322835
0.3223469992815032
0.3359033650139345
0.34052700890507026
0.3350018631111482
0.3298209361354403
0.3280925735725907
0.3424814889930561
0.3378645889880181
0.32967012576448196
0.33890841322976095
0.3376745474632948
0.3459737524200354
0.350932248734239
0.35128626477775854
0.34449305284583975
0.3376566397179097
0.33559187794445056
0.34486183876659493
0.33557807691554276
0.3509299411358359
0.33075100956591785
0.3417810283780043
0.33799177747523623
0.33151557339163557
0.3441641853426294
0.33748294121194056
0.3321158589878156
0.3411736789531466
0.32656514614600185
0.340178343641098
0.33480577524911054
0.338606615941321
0.32888682426330706
0.34074664214579775
0.3562680480393905
0.34762159622425237
0.36309816355378655
0.327610261900771
0.33058025525341483
0.33854593524380705
0.33020293261356076
0.3515568628159496
0.35627759853912033
0.3553314991233676
0.3461218073254848
0.3572812888227231
0.3511911512041138
0.35747437744052313
0.3388957112644496
0.345997990153611
0.34720577154656385
0.3380829037571437
0.32761228453070823
0.3449151698262368
0.34904189796761287
0.34949125625281563
0.3353403235553627
0.35578813367202544
0.327419085791839
0.3209094913624009
0.3400623569674921
0.33687645079640866
0.33594032029949805
0.33130111422246716
0.34393622214328967
0.3404152422694247
0.32485960215179677
0.32960980945184515
0.3235967158976663
0.31541885897805244
0.34622039597701815
0.33541490429973514
0.3207334497326111
0.3351574464432344
0.3450872973670742
0.34362469900486403
0.34655817762727825
0.33817775307597553
0.34764604075630345
0.34759282722107937
0.3576728703229302
0.3389567913952252
0.3476915867172236
0.34502886512028746
0.34376979139761943
0.3503593594918969
0.3444794708177379
0.34150601111849066
0.3459264384039437
0.35018717036627217
0.3550859275677575
0.3346396929643744
0.34365461953445964
0.3447797733753358
0.3480447107572986
0.3330081193300485
0.33011812644689625
0.35807138950025863
0.34178680237383235
0.3301099654892605
0.33834413801490515
0.34909077213561823
0.3286784868400282
0.331625547707237
0.3358516895427237
0.33626481870685776
0.3409871647011848
0.3549475281131917
0.34202618248695116
0.3313036390358632
0.3399734651283717
0.34367851307259545
0.33548759027697417
0.35037117764332154
0.34700842649131114
0.34064443583357645
0.3455174673398352
0.33085339131481933
0.3252188602639126
0.33433236597388843
0.33027714402470026
0.32379596452680337
0.3367063819863561
0.3156961206934152
0.3296089367619629
0.33612761121217544
0.3424281922213562
0.346892045134067
0.33278906774593553
0.325854085215876
0.3374419207486145
0.34613019826824265
0.33631717576337794
0.3571691092010043
0.34518425587484025
0.32847274998070103
0.349113276921745
0.3365637539952049
0.33918789678349004
0.33517482581105934
0.3415458049130231
0.33162708510155275
0.34840510542401015
0.34059762259837134
0.3397308776625769
0.3290022078955289
0.33188336431819804
0.3340621436620203
0.3295891995242265
0.33684560614955944
0.3375758423840077
0.33620707036050346
0.34058680315012724
0.3414926698762668
0.34658849685325654
0.3461369616163612
0.3340516600798282
0.34284894121081133
0.33927385491476797
0.3404295434447604
0.3387363107032108
0.32955673664767154
0.3420083444030083
0.3340844673493386
0.33882397728277625
0.330112185481688
0.3389397352912547
0.3436297742253756
0.33229237760779184
0.36253579375323014
0.3383328750450724
0.33360488372148256
0.33050625657339877
0.32761653213874864
0.30702539767361403
0.3208710505057969
0.3383205740460317
0.3276485538832359
0.3281902675797498
0.33884459726533306
0.3450524022697232
0.34911579897778044
0.35528435628384675
0.3525422345757704
0.3396765284130351
0.33083534885975197
0.3254385455921884
0.33166137707591203
0.32770312565039567
0.3421933466237133
0.3358089096269302
0.33756336231458645
0.34314865872127714
0.32077712728170715
0.32145360910896525
0.32892657855156326
0.3302181737666879
0.3434968788035142
0.3278302124346602
0.33822994196841494
0.3323917300991867
0.33070286602388455
0.3404515577736704
0.3295892197650755
0.3498670041871722
0.3422170809831373
0.33880172963275784
0.33750503322353964
0.3360417338037588
0.34293230393552177
0.3460947751895103
