-0.002588446371708304
-0.014962644520857167
-0.010781623523785063
-0.005474248413359141
-0.009466699463719624
0.006100290931184997
0.003436159769892169
0.0011445485334416897
-0.0028521449926336116
-0.014559769009248356
-0.014755980270663074
-0.0032974466747335163
0.007001492056057831
0.0051752348188680245
-0.0006021504083690158
0.0028026610225987633
-0.004731956799338614
0.00523242671183941
0.004861170320283496
0.015958410689135952
-0.0029336013529587617
-0.005695645162908258
0.0032388443426775897
-0.010964478321147757
0.0037063896328079415
0.012497967807896236
0.010255559416302172
-0.006223768932777796
-0.003278160125867367
0.008602403850020115
0.006533073428317384
0.0029685305241102366
-0.0002054349849611786
-0.004233408673774228
-0.009187908073445324
8.125327397462802e-5
-0.006807818503693391
0.0024170931271409943
-0.0067007782864049485
0.0019418911824125441
0.015499550142366486
-0.0042890779719434325
0.011805745431458497
-0.008061790371817333
-0.005506603928387754
-0.0027071033947458608
-0.0051721639697230645
-0.010368214583582464
-0.0030343675501066517
0.004268275939145342
0.007603517043501153
0.01285436108056072
-0.005697621357608474
-0.00906726814092799
0.007580455352266998
-0.0036306777208226513
-0.004326184584905145
-0.009200612221103728
0.0017098668097549788
0.0007808462276405552
0.005914681667508606
0.008102205361318858
0.008550205366248797
-0.003551716613243043
-0.012777992263665947
-0.013128795538951356
-0.00558297308317114
0.011026680432459522
-0.00884814853090165
-0.0008734234107305458
1.4704738289037476e-5
-0.010266863240054335
0.013615940246723213
0.005557207619484171
-0.0009781852380363327
-0.007948394340573393
0.0016398008946668652
1.6256315792296475e-5
0.0060378304746904424
-7.01310281067246e-5
0.012497745122927137
0.0013873565671748225
-0.01651882739907883
0.005681085044873528
-0.00013517235247504245
0.003306667604459516
-0.012055925034976638
0.01730910448548639
0.008029970199350384
-0.00862991078977029
-0.006446178899438963
-0.010715390934027347
-0.005173960533567619
0.002660907574934675
-0.006777282794237536
-0.002324103992028479
-0.003072089468119029
0.005853024056369512
0.009901834881473049
0.0011277511113583932
-0.005468884343037546
0.006328778538985733
0.0016593904165282235
-0.0037077451319150094
0.0021539290441976435
-0.007216809307844085
0.0051692486240957425
8.470811791988237e-6
-0.004597573856294484
0.005955770764830927
0.007667748707108531
-0.006935074890114866
0.0011226199572932252
0.003191752012083177
0.00033722334591926653
-0.01764241114071196
0.001958314670447899
0.010679316101885574
0.004362327801060021
-0.004961127948718863
0.006340998472222583
-7.55896305111468e-5
-0.00915525179480072
0.008692637369430089
-0.005919256402972286
-0.000476225685908503
-0.012135790836954197
-0.0014162462890330628
0.0028444029940385804
-0.0029233368930164936
0.006901981578098355
-0.0014522065084271252
-0.003586629499721934
-0.009050923222514037
-0.007252675291789674
0.005063921150135248
-0.004352052994218942
0.0007815039216256901
0.00333895530538701
-0.002804541794049887
0.005419419840360584
0.0015904834617914668
0.0063952197351892755
0.002771568282580284
-0.0036248600419513076
0.0016399627129158934
-0.0023429978118170262
0.012091872638422043
-0.008046718816742848
0.005043872956733478
0.013343061401863535
0.006843107518558554
-0.017141096978582217
0.009375122867143225
-0.015736333625696305
0.011728148091216755
0.01652242392368914
0.009472142475582642
-0.004184876567929919
0.0059912807050998
0.005489317472037469
0.011048214961361805
0.011241190026897073
0.004922223313252297
-0.001956554170171235
-0.0019251559906562931
0.00404305606772992
-0.004820182281917234
0.0025210310270299603
-0.004189507084090751
-0.014053859879448547
0.011652052920253553
0.0023710852380091478
0.013874731930431539
-0.0035264559993205195
-0.009215591293484777
-0.009930889334478048
-0.0009203778069123026
-0.007885807108178433
0.00603057274833816
-0.015056286483192214
0.00016031849656649604
-0.0020539155229019014
-0.002306774738666071
-0.002877988767593419
0.0013969063820769134
-0.008731189277160722
0.0014552612089755385
0.004555130073873242
-0.002114658210570316
-0.007278052814198053
0.009429418640404818
-0.007101084294765235
-0.00197829076958214
0.005943105024409406
0.009920178778576608
-0.004003054941272253
0.0018757928539685819
-0.008980834647681969
-0.01132791716164636
-0.0003327461139463082
-0.0035270441443291008
-0.0032938498594814545
0.0047675234409504455
-0.006516173222167333
-0.0016256577853723825
-0.0015034349633740712
-0.006656105261802426
0.004042718652196299
-0.014051062015668962
-0.010056347349316413
-0.005664359008333371
-0.005997366748203984
0.0011699455125273605
-0.009959778128343776
-0.003464086421040163
0.008523433327879004
-0.0007664355542410361
0.0021189514377922746
0.013478195099418697
0.014016992188645338
-0.004814126088656151
0.0033102412569140822
-0.01026491333720189
0.0003846703588744932
-0.007923571010200619
0.0029346952037018125
-0.004602461623063506
0.005134935089300383
0.010310700448415443
-0.010094677101447477
0.0028413019137249937
0.01146329316631473
0.008474074337317223
-0.009608147356934528
0.006625657434107208
0.00540688388564951
0.01175181219056922
-0.007758785392250716
-0.0028103530501101645
-0.0053723856166083585
3.8123444495610607e-6
-0.00678527342310169
0.0039178231953084855
0.005833070785190035
0.006709432045790713
-0.013250938612531436
0.008335965285712482
-0.0012000987712617892
-0.007665837633762559
-0.0039936353406445635
-0.0016420347562136365
-0.010021873357883614
-0.009243004897629109
0.012398831516096602
-0.00924476140696088
-2.7804845531293615e-6
0.007686720265310273
0.007707021192227003
-0.018369158050109233
0.0003248357505102597
-0.0007205719714017999
0.0047268535778573146
0.004053119376073546
0.016615299231245863
-0.002794192153982455
0.008130065008138692
0.012883960582926856
-0.005121781591286288
-0.0030364560666322903
-0.004502053576252569
-0.014693232273754658
-0.006061537437128335
-0.0012324383616127465
-0.013650792375335827
0.0022773174704503866
-0.01100277135913941
-0.005476354986140441
-0.004405625455151917
-0.002787742282457689
-0.00010291939523571626
-0.0019205407590935286
0.007332150818566571
0.00583752683576843
0.002925422778053256
0.004181754832322785
-0.0021272348594234764
0.0010932365475256683
-0.009726813482027979
-0.007638703373657285
-0.007828269395831707
-0.007491692243687728
0.009056022763029062
-0.006800353901701758
-0.0007905413223540736
-0.004064512182511705
-0.004272086865017537
0.0004020889345322529
0.006641305855628877
0.0013290416774452375
-0.011312492187645474
-0.003440556934483362
-0.0009180992222953442
0.0013292330782488093
-0.009521807911054798
-0.0028532974615495758
-0.007516231661014859
0.01401577545369272
-0.010429014315403747
0.005500933444790064
-0.02153013306849684
-0.01447932619235564
-0.010159005762513416
0.0004642971324008839
-0.0021783268244422245
0.0005829527200198045
-0.006416350235651819
-0.0072942733744407896
0.01340314883474072
0.0002899042203179233
-0.014099643065048118
0.0002809638428510901
0.0007343058095523485
-0.008639745074972753
-0.0032508628825703503
-0.0069737057954178255
0.0015463672428526868
0.009362465799976408
-0.0027770636566753913
-0.004362044311577884
0.005848191161061122
-0.008571106528312368
0.008564034318943665
-0.003558825983566748
0.014629115940216231
0.012867294537731487
0.0020328856878497783
-8.258800854516477e-5
-0.01520586143826131
0.002072735010448675
0.005457031039424272
0.007794727219147502
0.01122044981488142
-0.013671913432461207
-0.021158997666790226
-0.01062877703628742
0.002194239831213529
0.009207378513564214
-0.012188885729695162
-0.007307390737063629
0.011673510135684372
0.005115462312015184
0.005993945403786546
-0.0022405221660825266
-0.0035999893052740756
-0.004213648840867593
0.001441518460102605
0.0003492800920834693
0.001344728274148669
0.009459815659560687
-0.010533327172265398
-0.0033557646552941334
-0.0006654677858491545
0.006003627294702154
-0.009431321310866415
0.011401887098924621
0.004045986061992038
0.009579546920650366
-0.0012381340471184017
0.006261056226632664
0.005264612890531281
0.0016625557131047346
-0.00051332829334918
0.000696869902697083
-1.8414265556679528e-5
0.004262415399337109
-0.006768401330528371
-0.0007219987936648558
-0.0018695384448657445
-0.008028876708805288
0.008866823054233246
-0.005621599302808014
0.02035571313128247
0.0035339441067265146
-0.005598667838600265
0.000322354932951764
-0.008071387981400977
0.0016489459024445347
-0.008739608320253583
-0.010018513917080397
-0.00023051717930671202
-0.010283529727255328
0.006674994132969849
-0.005387013185628999
-0.0017736776528338863
-0.00045048186572936707
-0.0037510693227206524
0.007299568505352117
0.005846727718177413
0.009580664569951585
-0.01929198946005828
0.0036382545461662893
0.002822194448939658
-0.0061485160977912835
0.001791479911092836
-0.0053725030213859866
-0.012105709004522264
0.008988886956255143
-0.0234263843425816
0.00937065189434513
0.0062006724051749795
-0.003518810939720305
-0.004416976000424499
0.0053082769632956245
-0.00293939729981895
0.007625065970796515
-0.0052049375754857526
0.001999771232477059
0.004375676361984141
-0.010030066209300692
-0.0011129583069201601
-0.003657171468545291
3.8836318659660825e-5
-0.0004839862112712566
0.005410772853128417
-0.013510860031492891
-0.011631956507966446
0.0018670880673141155
-0.0021904035120109736
0.008238383012668438
-0.00702331009871166
0.013417655436221788
-0.011084637850936267
0.005646382693677123
0.007205097833433085
-0.007318697984606983
-0.006713483307566508
-0.005550260777847343
-0.008736002607337045
0.012243080316483641
0.001412692488159909
0.0068611821424039866
0.00977468271359802
0.009600714828202697
-0.00991350719245735
-0.007685419081026023
-0.01405959928329414
0.00691176121611415
0.013123513466833901
-0.0035836750746378056
-0.00011981640451449744
-0.012009837320695878
0.004881995586294175
-0.0053524414744620715
-0.0019135980349981804
0.015046188510925266
0.01746279950455208
0.004990194455869931
-0.009239901967132598
0.004428616318823724
-0.0007419793626006407
-0.0047781308080507255
0.0032855420518983682
-0.021231617769220938
-0.001741722922785256
0.0044484556314785635
0.0022889103027907897
0.011269662405228883
-0.0033831892658044344
-0.0021192437628939752
0.004560062549877059
-0.003666318680987892
0.015324255150680349
0.006447109696332143
0.00645525982217331
-0.0049794642920748654
-0.00037852812673799157
0.002480994568355925
0.004684483430051256
-0.0020057997388692353
0.003304715577798033
-0.009711084796406247
-0.011268041438215715
-0.0039284518344767545
0.00047321777998103696
-0.00433196264435441
-0.017410476458000305
-0.0026006299325546023
-0.005106238700984617
-0.006280650787014518
-0.008422904575747101
0.007481143978221793
-0.009901540457057883
-0.0036602082030243437
-0.015043608102181933
-0.01687811899196845
-0.007008650858363238
-0.0049262127992863005
0.011988473313051808
1.0944555570570162e-5
0.009774457410076992
-0.00916210107589088
-0.008399426459205626
-0.011031795761494923
-0.0035981142816233665
0.013455927022365331
-0.017155853014437172
-0.017780346760670772
0.004689181296491639
0.006584201113584938
-0.0025041820547567232
-0.013304852433088155
0.00040549111463216835
-0.010261705668346057
0.010314102619883064
0.01214303217098878
0.00029572746368984257
0.007466726736785897
-0.004288255991349962
0.007367911181556773
-0.011970192941460758
-0.004100298283399615
0.0003398052040196226
0.006429360458755255
-0.005422177982477523
0.011448552478169258
-0.0026682821588776685
-0.0018093504643438185
0.011346277413984324
-0.018232695743431726
0.013215431407198282
-0.0003475910175771476
-0.006532752744244653
-0.006519859265527511
0.012188979540701514
0.012174722389864239
0.005469109545635377
-0.011311752684438662
0.004291781928030175
0.004991653243726102
-0.009732721327694292
0.0037916879572888755
0.013435858020366793
-0.003782953818735937
0.006431400038026006
-0.00871037294963191
0.000689085358701822
-0.015304698686433253
0.0012829784852278424
-0.0056987793812183895
-0.010853761819451092
0.012735128020302182
-0.005057172815948696
0.004419363027910839
-0.014441406944916437
0.0032266895433862826
-0.01035250393407037
0.0010074833409148406
0.005781455525582376
0.0028535282401013495
-0.008061048844213544
-3.671705553417049e-5
0.005396854963623045
0.00646430576160851
-0.009979743927226706
0.008936217343767372
-0.018764839863849095
-0.013678414752851822
0.003717010548389878
0.0014566996059344715
-0.006230939703548332
-0.0072261292813770635
0.008315541274157862
0.010161809244895627
0.0007510547167238642
-0.0035718624152321875
-0.0026836224316763653
0.003694793863931525
-0.011352997943441558
-0.009429982285036241
0.005735743774683784
0.009043317102346467
0.0066368794961423495
-0.009163257024024785
0.001384051928317196
0.007145375910686882
0.006769088285002188
-0.002051098891334773
0.005141881572284844
-0.007363646346634001
-0.006582119917484084
-5.2928758131402104e-5
-0.01263677470768182
-0.006603997417797207
-0.008649754027385138
0.00321548793127087
0.0014330858332319066
-0.008368166353153862
0.004494148026399299
-0.0067049928602448605
-0.005708795399312841
-0.009154541141812014
-0.007087969223959589
0.002267777728814379
-0.0002547345296958249
0.0026176957266382398
0.006127347169759109
-0.007051739713869098
-0.009888461515131638
0.012978484620523676
-0.007856609858383169
-0.0018563495972559714
0.008751655876771534
0.0007063382456700912
-0.010611669999357273
-0.008743885535096065
-0.0044120718643278645
-0.013506704145013062
-0.010865532313828414
0.01610294617509748
0.0072834712753942
0.003841336918542093
0.013260334343565158
0.0074138341400311345
0.010367389383576085
0.011775249309414978
-0.006567527452493489
-0.005327697087935537
-0.0030527362234464553
-0.011185550594775166
-0.004404873164465462
0.003953355783265059
0.010725688711482186
0.0027186753206007172
0.008302622505015317
-0.0013754156542458223
0.009497649346635259
-0.020034761650168133
0.004369799626001876
1.4282844587313291e-5
-0.004475335045170699
-0.0016263280262387332
0.0019162672225007237
0.003966966567498426
0.0009971098512526876
-0.0029709787758435977
-0.004964546276038141
-0.0004417271877485266
0.0051183661676477065
-3.1844531852388575e-5
0.007128907126809853
-0.008209737453426758
0.010253402561563863
0.01983267265830091
-0.007953007425273207
0.00040563367622261574
-0.008042548646815209
-0.002001766733759367
-0.009602897612267475
0.016232020882828116
-0.002519595029519239
-0.007985173316965908
0.003969606393231621
-0.017217799990997713
0.0038460875368017426
-0.006290144993434913
0.004758416069389926
-0.0027494508678409446
0.006680945630207877
-0.00032021590540348027
0.00789578051998435
0.011220658974575085
-0.012359377314820352
-0.001762479424782882
-0.014633366023817972
0.00029133037663240866
-0.009393574089273011
-0.004619636573649902
0.006449332341106194
0.005943224889511172
-0.0045218816975756155
-0.003237622783838571
-0.005285054133100419
0.015170844966585943
0.004918547790156592
0.009946183388351616
0.0015834836881465815
0.004711334223102893
0.014196797343641182
-0.002247324885845925
-0.002350035979150757
0.009235628015718235
-0.0010297831241358282
0.007586245308573337
0.006119352691936931
0.0031266772974618997
0.004238367363667296
0.012979803027438308
0.00071534813162488
0.011823286061082398
0.003105014640197064
0.007059846556624141
0.0009438913787552756
0.0024776300189689672
0.008858908019477947
0.010735730748475884
0.013154488141844289
-0.004377030426578613
0.012791526412241919
0.0015352524916419023
-0.009709470691044017
-0.013545854347952326
-0.0008385083492852522
0.008205944385251362
-0.005144617404253669
-0.0026229070432714366
0.0039012338796770296
-0.00146842165251503
0.013929758025608793
0.009436553303027303
-0.0012910222818332583
-0.0019606266259917966
-0.002669190066960153
-0.009335838418169661
-0.012110427303576447
0.0017278068684170804
0.0020338743396004686
-0.0025507114652313597
0.004216957578051012
0.0025118308492780538
-0.0035809303382001766
0.006652070069151255
-0.008951506300047549
0.0009233669851388359
-0.0034864430834167445
0.000952038809260649
0.0017161049371073513
-0.004448365683912116
0.0011623520683428895
0.008925256028774694
0.011176597556691743
-0.007385421674497896
-0.007148598392537662
-0.01336514335894733
0.004743127809648684
-0.0014626510398806141
-0.008280816537729899
0.004167028114556617
-0.005150892230792354
-0.008042530428289774
0.004788294990987892
-0.012945827084321468
0.0021446762281642356
0.006676030692335391
0.0009327588957449453
0.0029621847175020028
-0.0015515437916881645
-0.007041885034794709
0.004083111651260955
0.003031502600437618
0.005113915731917926
0.007763242265709893
-0.0015316948766415693
0.008254972132083616
0.00838251640424029
-0.009422716822834597
-0.0024928610925115495
-0.00991963578206265
0.0010021858027315315
-0.0028997603162162836
-0.0001705684613056294
-0.009087297104650232
0.007722540771572273
-0.002857991352465049
-0.00296574397552443
-0.010435974710054103
0.0026673152287989927
0.005325843733165437
-0.004237211822836012
-0.005152685506909062
-0.00024233489401567082
0.018532605079206045
0.0036212937876110712
-0.015866144471808
0.000552683491424075
0.0016019231947006817
-0.012027433045167409
-0.003426605381709141
-0.0031336023004677363
-0.004998544367356382
0.0008443668240919124
0.00480364591156148
-0.0004511421662726666
-0.005188685135731271
-0.01169027050359871
-0.0039307849207988
0.01341288288703471
-0.0021691882113271553
0.0019328283259200168
-0.008809057617024035
