0.34376808840518636
0.3420156759047788
0.34197995432972955
0.340062964423665
0.3455799440363447
0.3525617733750359
0.3336415123408607
0.33846655567440104
0.33310912132026244
0.33424678226826376
0.3444428341738155
0.33136838461734885
0.3372789661128976
0.33342087488823213
0.3400136748373506
0.3304179063631921
0.33212804029574744
0.3342611075038839
0.3383337264026789
0.34150902031494046
0.3490025577135834
0.3346400069498172
0.33901444919895635
0.34227516897310334
0.3389250159726141
0.3344033072405917
0.3352225478135065
0.3342380413688218
0.33484335309479696
0.33956263951076865
0.3323744674598609
0.3498835608542041
0.3465779330110226
0.3450096219478192
0.3376357644122931
0.3469964373220736
0.33915629986617457
0.34194685822328214
0.3428262187354724
0.34358036248751617
0.34810999800855363
0.34927836483511676
0.341995499977448
0.34226951845938175
0.3435378733131981
0.3440883679402696
0.34189847539830026
0.3410659688353628
0.3355765230976286
0.33719861389546796
0.3448841722374742
0.3430283802883806
0.33908094306221964
0.341259327440344
0.3353127403341935
0.3336507306828182
0.34083003824533664
0.3455311258949952
0.34640610981156095
0.3467079736297711
0.3394235240341013
0.3395018001997793
0.3477358734379545
0.3408206243275755
0.3404516276311398
0.3478944373328052
0.34810456909586157
0.3386535460846242
0.3305187566266537
0.34661062979601037
0.3369636941633037
0.34393077748744605
0.3483507137505184
0.3382526260530035
0.329408045149236
0.3302996009662559
0.339908846049297
0.33943592887737933
0.3407857641120438
0.34608222231885605
0.33476294076651286
0.3464745294922387
0.34075514737801615
0.34322820379866664
0.3385879688466173
0.34221064634575177
0.35079711977477146
0.34739020942810767
0.3394522635056764
0.335535492416152
0.3273517639420867
0.3348862517144904
0.33465397642397904
0.34076545535322117
0.328860187845018
0.32863863666412063
0.3302052065125027
0.3326331666321359
0.33526617467200076
0.3370531353415247
0.33857772132523056
0.3476815089020684
0.35555346931598947
0.3496325094218968
0.35061714877825384
0.33644295394028956
0.3300949743670779
0.34152792463459986
0.3378151551070656
0.3462276295710025
0.3473596161481105
0.3440792870424417
0.34633729775507377
0.3414216819670152
0.3480316897697197
0.34867798599658745
0.3398545462827986
0.3521923909152805
0.3331990965363282
0.3400568159753785
0.3265897230848526
0.3353666275726514
0.3379811754933757
0.3308652881998649
0.33355875647420913
0.34538795048967597
0.34166118705187215
0.3334953463163118
0.3383278859129734
0.35034578447042025
0.3445058100069081
0.33143026418953064
0.3426486054958668
0.3346522995217172
0.33582549459211347
0.35159229523311725
0.33859622156129504
0.3536586721867598
0.3385139564994861
0.3395528313965835
0.34229811816251493
0.33317486985402806
0.338984251309258
0.3360957199296685
0.3369513098927348
0.3317986507988279
0.3302053596195182
0.3383714884202622
0.3348591713907912
0.33712937865771514
0.33168760141059167
0.33654919573475567
0.34362803932620345
0.3431049481807606
0.33403038720860834
0.3410636675136302
0.3400209700641636
0.3341872836280712
0.33790868112917843
0.33712096291935123
0.32746802980278716
0.3294873567233303
0.3360047505610157
0.33540136511156676
0.34215681800611103
0.3329581532109094
0.3367240858783535
0.3420650900601076
0.32882225962315087
0.3338304342943161
0.3327155499588829
0.3327031554691286
0.33229049914048214
0.3403185986285999
0.32981992835406243
0.3409055164735552
0.3392520045410054
0.33378290966887736
0.34592840452300505
0.33993516837807086
0.3386233681933695
0.3373192001707508
0.339014526824761
0.3391941933856745
0.3215527742636655
0.33861158702940924
0.3315601463615313
0.3396547980335261
0.34586760454751864
0.33824589580122355
0.34219999197656237
0.3433607707452868
0.3375933548417361
0.3423445415715882
0.34031758155035524
0.3366636015291691
0.3348877679652346
0.3468427268523134
0.3322660553532509
0.3411910220207299
0.33475984558210486
0.33585499440140515
0.33471388094300175
0.339638270209931
0.3342961592319365
0.3457372316302976
0.33525823613300876
0.3355169289935269
0.3449778993961971
0.3342804034772815
0.3353392793659808
0.3385686456409808
0.33266907645633054
0.3370181783401167
0.3437664190707454
0.3416522645966405
0.33916004918056547
0.3307795700938205
0.34552165269581453
0.3364136070234735
0.3342519417415033
0.3294420360479528
0.33885990172751246
0.34331087804671684
0.340844169258467
0.33785550739686054
0.32836463523290843
0.3451626973950424
0.33877858064279115
0.3390271824644801
0.3393013459410605
0.3297277050104261
0.33575045017085015
0.3415617846042076
0.3372279515119622
0.3514188410767385
0.3399266993323727
0.3430012599824586
0.3400643082127362
0.3446930737707041
0.34257895033696045
0.34217761987664574
0.3376516676339087
0.3412067484132018
0.33450775942061584
0.34125649358686155
0.3450011479997768
0.33269728520001324
0.3323328679116749
0.3419437264395666
0.3355739568300151
0.3314883069118127
0.34324041402639094
0.3388947840043921
0.3410964480117773
0.3473900701569763
0.3391917610191893
0.3432099122228068
0.3374438677353923
0.33834680246416465
0.34875953050018915
0.33707623770164585
0.3508684264859489
0.34414103409388547
0.34579983972887884
0.3381801177502226
0.3407627663338249
0.35407284909282005
0.33804721280958355
0.34164216136668174
0.347489038282824
0.34114548235163444
0.3367999638053378
0.3460886154038152
0.3422923879395239
0.33820375657987994
0.3379852149964829
0.3402995319068904
0.329578452004104
0.32673666467016027
0.34096673352895396
0.332036273765596
0.3345498344237679
0.33204275117868925
0.3368535845498131
0.3405242304683394
0.32461502047319407
0.3291202287964192
0.3345459088954538
0.33673806797852596
0.3333738703851938
0.34053529619923856
0.347784560509166
0.3435907547256949
0.3164391141927429
0.32821124507588084
0.3467488985464564
0.3363208508500098
0.3346765591852697
0.3355159906598671
0.34078632770831746
0.3398862020458424
0.33403421411055034
0.3391219504439811
0.33864345339916263
0.32975754575201044
0.3395368092196722
0.33879527676778426
0.3350162266815771
0.33452749162326917
0.3385620197996855
0.33150359067866014
0.3358504327350928
0.3415146527666269
0.33830339401438053
0.34426437723717296
0.3445059474927747
0.3392935012221787
0.3408146751579088
0.3504595310218352
0.3356612197638462
0.3396657403683822
0.342951836743393
0.34777350079201735
0.3476909413610436
0.32938448903208634
0.32665376080557124
0.3369434053201177
0.34473079768969944
0.3454034653003581
0.33575662687908375
0.33040050464448595
0.3319472338329557
0.3339118403783148
0.33761180964550813
0.33850079796289934
0.34181683382562816
0.3407454347022268
0.3472527341343595
0.33592443564997637
0.3330648994971853
0.33710053869225326
0.3429905405941586
0.3398301532028611
0.3415952913353563
0.33121148934840455
0.3337251092318953
0.33744983733341855
0.3479471697213776
0.3377959251411616
0.34135266682813487
0.33414147081233314
0.334970653179167
0.33571820647877154
0.34135199380257664
0.3398856937706807
0.33775853100766445
0.34616803477764213
0.33889583678525675
0.33595194861406963
0.3376958220266133
0.33876229409915654
0.3442268563148548
0.34194956853741226
0.3491386501625114
0.33643511544633586
0.3416252555896567
0.34276345039188644
0.34040998147864765
0.3377838959324108
0.3336597575659781
0.3362285602465472
0.3449481700713504
0.33098159887227957
0.3349950264586494
0.34078907240953527
0.33954786806203
0.3483872031108031
0.34159879550167416
0.3355449818613972
0.34387452434664095
0.34302439538526525
0.338925748619377
0.3396610817670021
0.3396135141539709
0.34748427159151235
0.34306090176490756
0.3434422951225203
0.33571426610996596
0.3357678099915298
0.33891613100591605
0.3414741694536621
0.3442996364597449
0.3444663906298888
0.34116119091138714
0.34904737484743126
0.3450899410644048
0.33295375242420056
0.3477290820094629
0.33447950536428833
