0.5730580560724887
0.5785080990832042
0.6057749037051832
0.5942449295191835
0.5874779249618577
0.577139146018769
0.5732720365335162
0.6093482533409469
0.5624482068436033
0.5738296091094075
0.5480483444990705
0.5656543481727909
0.5645935194201841
0.5783012024003346
0.549603304212492
0.5437881690989197
0.5644311702349093
0.5674813036197768
0.5589175168966712
0.5304648955695971
0.5776842934700696
0.5830984088391522
0.5453467537994413
0.567837827840853
0.5623729438047846
0.5685987300406876
0.5450193107502361
0.5753326029989569
0.5695696349569432
0.5997797908303819
0.5540911427642841
0.6021499222192598
0.5589746051637511
0.5703715988760397
0.5985422836722099
0.6094834547367911
0.5541386564930442
0.5727783514299032
0.5777072898063665
0.5624436405312063
0.5828547325458828
0.5980790544202254
0.5998547808292949
0.5564752352109836
0.5635300717641201
0.5733004516056667
0.5679783039613423
0.5633784082972165
0.5538631251488149
0.5492311099287058
0.5496814870151581
0.5713431596707219
0.576972980193064
0.5527600555482691
0.553577718731384
0.5606806135643738
0.5461072453662983
0.5637141072561602
0.5651359205196032
0.5531178514102428
0.5508712348356112
0.5586326683402933
0.5663453733491715
0.5622937023261543
0.5525573231201173
0.5582896898296791
0.5606423933084168
0.5430958984547575
0.5543156445004053
0.5706402141281086
0.5673902562431428
0.5590426369134034
0.5626941146183996
0.5859284418858318
0.5711230009438477
0.5635789174430568
0.5625001778718864
0.5792531012684679
0.5570158861628564
0.5818031016598092
0.5727433133875948
0.5723237574706339
0.5823948045160421
0.5803470359713534
0.582438673542144
0.591086996632965
0.6046653062792728
0.5707364716551016
0.5788759359745383
0.5450319108182092
0.5484367858776862
0.550912653371428
0.5659224240970996
0.5527200851104941
0.5526364928943529
0.5714095023983632
0.5805367272101495
0.5344354014761538
0.5713533892961041
0.5854546456263379
0.5765375301090018
0.5768560745767328
0.5858906392592309
0.5997127575920475
0.5871293662231003
0.5851937934108402
0.5421965075870543
0.5628378913778672
0.5303451299722246
0.5474087891813137
0.5638961255535413
0.5686691478105722
0.5671684442819753
0.5644645681594368
0.5781446763310758
0.5712934487170287
0.5777185562619344
0.6046451292640729
0.6018473562878559
0.6058378728893516
0.5735550692373441
0.5690076553382659
0.5365342536069638
0.5722599215464538
0.5844627809426239
0.5848078833072009
0.5795983585554986
0.5754361416673996
0.5699414232368982
0.5667002631591463
0.5605745002237315
0.563806338126122
0.5267035590875253
0.5496528331910905
0.5500290167372583
0.5642789892709184
0.5951595938260272
0.5615111276878733
0.5712140395661368
0.5622970693946732
0.5726394668214438
0.5523282287016733
0.5372170144523305
0.5838799764783589
0.5529635766228126
0.5645725022204098
0.5883633257442216
0.553157062424324
0.5702359603417703
0.5564943311235708
0.5472998270990616
0.5650052439208662
0.561531674168487
0.5704230263039072
0.5442021250690323
0.5652765473833119
0.572000868483237
0.5342223210586877
0.5763038393472908
0.576386645627603
0.5373809295381624
0.5552748329811951
0.555668408170468
0.586582715431903
0.5769848019215851
0.5538430945099564
0.5906477454645078
0.5936116464412916
0.5722864237028247
0.5693507116280243
0.5844024443578062
0.5468388685878458
0.5761863853732585
0.5689217858304989
0.5522321559003569
0.5502332277581938
0.5442462306644504
0.5675229389294888
0.5515290870036176
0.5639171353025033
0.5728551499011494
0.5725886846774004
0.5774891663140749
0.5823730847456099
0.5933902031074192
0.5871981540334369
0.5808530612164432
0.5787896880743553
0.5764774412707887
0.5595477593113842
0.5654373325497573
0.5642465057519717
0.5625225097490442
0.5718335256291855
0.5713452268119608
0.5671229855451725
0.5815358823928081
0.5719591934837798
0.5924909598109382
0.5776219678951813
0.5649437356253
0.5649829774989117
0.5961058607774095
0.5900134614582444
0.5950147196257002
0.568134023322061
0.5713093825018852
0.596229028806965
0.5620118610936242
0.5687718482855963
0.5704486641575985
0.5638599651174496
0.5764442431505734
0.5591373523172232
0.5856078662772048
0.5639853455848431
0.5619899619065551
0.5474687980362252
0.569013772267697
0.548655904066639
0.5733731253138759
0.5730340975412176
0.5886215314832367
0.5811856650624325
0.5703053679789012
0.5439791043929372
0.5505737008063949
0.5777696567643377
0.5891526521429511
0.5675126254399914
0.5711468214073623
0.5834638430808116
0.5724897799539872
0.5820999376189468
0.5707584611898991
0.5851197204270622
0.5958751052756188
0.5691763294129775
0.5963341429315124
0.6067631939147975
0.6087505790371208
0.6197767983469001
0.5997090602948307
0.5924486436311274
0.5905264620089344
0.5722569368786942
0.5778323354133519
0.5626313105989758
0.5766460569171263
0.5771003987773798
0.5808588414506967
0.5906579508640727
0.5897511790481029
0.5879416632329548
0.5928842627186142
0.6124325403705533
0.5833212489706735
0.5932300865756277
0.5838934633142712
0.5932860115216952
0.5839495443090987
0.5987856771446308
0.5877369623323305
0.5718614726361826
0.5773074164376895
0.547046945332139
0.5490551342989907
0.5491263930114304
0.5555432020853593
0.5554482987886104
0.5472043191313295
0.5711756706451722
0.556184407264453
0.5518329059204816
0.5760570201750919
0.5618150287298003
0.5433365637426293
0.5528268862378557
0.5510243203673624
0.5868980139805814
0.5720906146054177
0.5588939836723597
0.566494235265357
0.5723394478443103
0.573868488913175
0.5721130159681894
0.5653193305569599
0.5663296205103239
0.5718315552637672
0.5878026867917733
0.5462432528462516
0.5829517933807337
0.5666085700179246
0.5521072044673001
0.5386249697255361
0.553788808219508
0.5614221862998194
0.56482440193607
0.5807514064347326
0.561398151021805
0.5775120061909518
0.5688537287127988
0.5691338844215403
0.5840679269711336
0.5641422950372261
0.5939905075727764
0.6019722797244106
0.597899974350012
0.5803655985113358
0.6061693384963065
0.5933953480701761
0.5593145724151776
0.5808077925319233
0.5586316989637949
0.5158084692605239
0.5615896184140678
0.5357456607779443
0.5699148282951073
0.5809450623401547
0.5748294168923316
0.5724979385820002
0.5927831600504838
0.5681151352769738
0.5919046768737608
0.5870213936110298
0.5681781554547305
0.5932356272832321
0.5736591270833118
0.5504109221626873
0.5350905469149685
0.5514035297842859
0.574604975116158
0.5694636252173738
0.5625100474429359
0.5738162080877871
0.5831529510123692
0.574012274538946
0.5660133115218561
0.5481292984120735
0.5646017858950314
0.5748079131138968
0.5863356437324387
0.5753346844608174
0.5788168228970478
0.5580566949216459
0.5593858513195802
0.5368119371517307
0.5532368340754344
0.553246894208961
0.5602261185529211
0.5740081419711723
0.5537332485277896
0.538934956903807
0.5499777199415502
0.5564693058126284
0.5416918162788823
0.5568456270550145
0.5563409513781491
0.5211836673554777
0.5506175669704163
0.5695746922478988
0.5798175019689977
0.558299288018318
0.5880169731380013
0.5564642960284458
0.5654182900708777
0.5820675178973773
0.5494834433759265
0.5677755941459639
0.587803162617666
0.5390512592305224
0.5679018560721252
0.564795637706691
0.5623955959005402
0.5571677023807966
0.5579839849126993
0.5623235224986475
0.5861201222371764
0.5694618108936391
0.5730403282614911
0.5714152345126537
0.5585539327840093
0.5875692874117828
0.5890289171721476
0.5636909141774011
0.5651718861746893
0.5874242134030351
0.5700587889056606
0.5587894440071788
0.5725234777385165
0.5747068373078934
0.5929285730624074
0.5734005157568073
0.5829985181435092
0.5778571278038466
0.5867274113633032
0.5601693354510608
0.5577672850774092
0.5724120267768285
0.5497607235337376
0.552971366062089
0.5552484370189315
0.5626132441243551
0.5650770992350778
0.584655532159055
0.576717145517241
0.5748168379173708
0.5871883922940571
0.599388218275112
0.5972362967247048
0.5758348398766429
0.5921581913963919
0.5748102718209995
0.6028112889896311
0.5803066078628704
0.5671476458853902
0.5873032891432495
0.5654952081927985
0.5654033752929358
0.5892029314131086
0.596933562260989
0.5798569116549775
0.5632659167642847
0.5647310447488973
0.5628624781537906
0.5462839598472221
0.5523937707423727
0.5666686014906418
0.5684617384534298
0.5370222461647828
0.5356859576265536
0.5463921032929908
0.5492077818130058
0.5692820678142811
0.5605657525931848
0.5604851553697854
0.5633184779065787
0.5606158200844114
0.559257785561726
0.5482540715192767
0.576419564188785
0.5673406402948817
0.561824263726442
0.5296085776589173
0.5660685785492529
0.5828339336172679
0.5597772250370417
0.5411756153469174
0.5376648490262477
0.5567914090660606
0.5841495435033897
0.5448070377873613
0.5482566826771645
0.5754178665446421
0.5503178574966212
0.5443536751147218
0.5405691080654073
0.5455251553270843
0.5417763577739669
0.55443515427254
0.5497490006333778
0.5406011018682368
0.5288292657801286
0.5453348021778451
0.5318601914141278
0.545134971965648
0.5595601374036768
0.5518934615664974
0.5497318427657272
0.5657888998582767
0.5506098835887416
0.5713899622772416
0.5601630008106293
0.5588827666900577
0.547654274267614
0.5409690192127394
0.545629687691306
0.5571862606146764
0.5647737801207122
0.5711067062938433
0.5632447238320368
0.5652191417925896
0.5831914622754445
0.558643707114372
0.5585921371633538
0.5839031542617203
0.5643774559741568
0.5519652688567422
0.5568884041296412
0.5593223901678771
0.5597379566059
0.6050532511277511
0.5908790433707637
0.5647902613528626
0.5658469394341338
0.5658623766434729
0.5626029465566422
0.5854920123461141
0.5351072923153117
0.5520166420652692
0.5739171619845982
0.5634580848777002
0.558457273019243
0.5619823097145566
0.548756396573972
0.5708351100376452
0.5534516637431911
0.560357542785043
0.5406577473166152
0.5545574118893257
0.5477295239181212
0.5376718805031884
0.5469868522529528
0.5411295850058866
0.5620870502595343
0.5551926715137832
0.5429861864322406
0.5849462543028132
0.5490544973724572
0.5564985275690719
0.5658045750173579
0.5840201379107746
0.5824708178586325
0.555463127029734
0.5796649346932286
0.5768930289961203
0.5750106090714839
0.5847559768079194
0.6024580089528093
0.5857010589537229
0.6026109036013293
0.6088794271297253
0.5733798441677037
0.5840722630503856
0.6027629656929687
0.5814738867952769
0.573123456992661
0.5864726607931288
0.5913537446879061
0.5726098555476349
0.5966106979845913
0.5566984761871148
0.5765518684524693
0.573830058528939
0.5569548826526548
0.5761402297653158
0.5663680461186912
0.5755702214205717
0.585553063763659
0.5793834287809755
0.5786631250226943
0.5766462926491017
0.5717359893705012
0.5762088296366821
0.5919328459137037
0.5796001169029096
0.5731633061984842
0.5581455924794242
0.5719037387282935
0.599831670447487
0.5713759199182747
0.5707687597825122
0.5713887412928654
0.5784109357405195
0.5870378581928841
0.5868488511556695
0.5614732297540501
0.5518774468608388
0.5639105812473535
0.5723530824870493
0.5559609726505085
0.5634840583645807
0.5631602745671814
0.568217195920951
0.5548711264224435
0.5670130127959265
0.588861627568597
0.5703238278225726
0.5682491628009433
0.5605973673914274
0.5818681557780956
0.5726777251257145
0.5798037807524428
0.56444622150901
0.5708757747776515
0.5501233540960536
0.5769936906319855
0.578876426469976
0.5589109234906436
0.5493073533831894
0.5746289580198047
0.5656112167273863
0.5780551683569792
0.5635830192847578
0.5866106354058676
0.5525689115077239
0.5674410009138681
0.5690200811439206
0.5901334117597989
0.572527619713217
0.5842310454480073
0.5704221406083065
0.5666637883415822
0.5654745217363346
0.5491633455535956
0.5413711179756034
0.5623312666511915
0.5413546002114734
0.5416219871302121
0.5544952329134192
0.5654006382294419
0.5920032165836784
0.5831907762652366
0.5793034313294951
0.5948429180101533
0.6068490290471642
0.6006048601243223
0.5888411126379789
0.5652548711672248
0.5598258680829928
0.5643450829970591
0.5502071356401845
0.5618630112117714
0.5578483324908398
0.5899499091781428
0.5882286181714844
0.5345696311147701
0.5672266587106571
0.5893770939199621
0.5744330396046737
0.5480760229636241
0.555872120315635
0.5885063503656938
0.5555840887563739
0.5513233726324378
0.5467661279196154
0.5389497016043627
0.5990827037244092
0.5474509880562145
0.5854917544402676
0.5796341538693455
0.5983435522526626
0.5832494428502999
0.5668641058157196
0.5731035473515669
0.5744390324088497
0.5743205435371023
0.5858017294116784
0.5791778666136318
0.5781191546584197
0.5581449464659808
0.5883689994927195
0.572921132668865
0.563975305012201
0.5808459473950471
0.5770842511534731
0.5655129617704311
0.5668178153874031
0.5619641905614836
0.5441300970237704
0.593384807577718
0.553771902491341
0.5683181282121175
0.5699850544140764
0.5919829207613266
0.555674802627685
0.5744381134909493
0.5795593284209377
0.5555563815214238
0.5777634798548623
0.5680060712006633
0.5794322531421461
0.5610396021645977
0.577775840547428
0.5811397479325582
0.558725951416615
0.5735069101630288
0.5768653964192872
0.5904891949652835
0.5835294001889104
0.5563979645325915
0.5773798748884834
0.5579954072166609
0.5602484119533454
0.5653368622641022
0.5620854277921696
0.5481873362273884
0.5390573117422706
0.55258133469553
0.5478285286572071
0.5680932214781693
0.5967570219156941
0.5659605519999027
0.5698232232627269
0.5675555671793422
0.5538258024869933
0.5958307149394559
0.5643582192915919
0.5714465763438801
0.5659475303778299
0.5573508484196799
0.5771379874220632
0.5749297855766917
0.5511106935660691
0.5276938047901616
0.5412973192013238
0.5509642138068853
0.5640078298286779
0.5531354829448015
0.5739141014662115
0.576881787108809
0.5603399667161297
0.5656149135941955
0.5658644685800426
0.5713870587664689
0.5728886352343691
0.5749671861187365
0.585920740954307
0.5819279863223322
0.5982257512772471
0.5994778364719602
0.573703848304632
0.5963119776900027
0.5739443839504439
0.5719688098624859
0.5940635610060148
0.5627021118472566
0.5731223516908235
0.5512371197027526
0.5738476044790668
0.551570585380684
0.5691481559098917
0.5289262267786858
0.5494055380195941
0.5452781016641851
0.5549786561126389
0.5659849248990779
0.5584394033824587
0.5561399948946567
0.5388014900328051
0.5578663448601153
0.5759313263940422
0.5571754504339712
0.5659029836479899
0.5582460574681883
0.586881004809817
0.5683901559371076
0.5653121876295744
0.5519347584349544
0.5810144844222267
0.5834074569954016
0.5484839900610762
0.5754569928002384
0.5785363261255696
0.5740677706951294
0.5643579258218481
0.5754902294779555
0.5617458828067359
0.5790169920850636
0.5486687442511919
0.5592912441203297
0.5948079698341971
0.5867317159062471
0.5771315897198233
0.598263184213718
0.5947671872777629
0.6088681611003315
0.5807632401382476
0.5686456573960113
0.5636377174436029
0.560628542402331
0.5807967748360008
0.5534367541039438
0.5582787596066562
0.5956981673289437
0.5923733087484644
0.6145141450494237
0.5900383617951674
0.5516668842106948
0.5884372954808271
0.5749414166186801
0.572098022066537
0.590925827182285
0.5883857070823157
0.5685434179682594
0.5513326540180363
0.5858591063512858
0.5585647400403296
0.5616031200605561
0.5710546454865437
0.589288111839228
0.5995955497150559
0.5564039988081932
0.5672363215933467
0.5810217942625683
0.5728031923156771
0.6061126673152248
0.5889542398009529
0.6064662845862584
0.6043239979062096
0.6073607233870568
0.5907126802530202
0.5672138786327042
0.596849557371332
0.5907952275508845
0.5547157200088093
0.5872651401287838
0.5790605118698381
0.5620806426614973
0.5695814950109401
0.5799950370026435
0.5933390059983955
0.5822574665152621
0.5709402878854358
0.5846944904572888
0.569774090309032
0.5621833158882446
0.5912760195604232
0.6068936535766303
0.6052278138879141
0.6071287766560319
0.6176644515959668
0.6212732014280548
0.5911523494167128
0.6043495610417557
0.5743698304674594
0.5585377426397161
0.5753205677516835
0.5823653633699564
0.5865555123987157
0.5668560222476466
0.5829715733071317
0.5629228244008698
0.5562947600545404
0.5720819493016406
0.5728397003314709
0.5839260357713562
0.5734305744976641
0.5676173805920568
0.5689810148055152
0.545244675669829
0.5834305261734947
0.5697662370303178
0.5785719111310494
0.5468893234281935
0.5790302611215044
0.5713803592638901
0.5485489312627138
0.5813571775368528
0.5666655866211244
0.5596885812051091
0.5596374097007448
0.5735408789300642
0.5753057237903487
0.5793664764795807
0.5716537013233973
0.5686005085227644
0.5321886831800574
0.5539899701773696
0.5527577486351344
0.5750885283755724
0.5452205609906661
0.5423737436046703
0.5736046025438701
0.5757044881474939
0.5729133950392847
0.5719521128405726
0.5868840889204207
0.551565529417335
0.5718339821779765
0.5876438489997333
0.5576893769329523
0.5777751984866009
0.5934326369780679
0.5938830185539267
0.5734536665375825
0.545626043156892
0.5566709708022965
0.5609037614492758
0.5714886620371956
0.5660111804036352
0.5401841182222902
0.5682071207313704
0.5564532371873114
0.5859386657407479
0.5774523729798556
0.5793670928877693
0.5806961287169526
0.5643977940634588
0.5853247779687591
0.540399000936326
0.5574030897486628
0.5494622045393844
0.5776399781683356
0.5733319828304935
0.6092172311152048
0.5821996249760297
0.5442555206400984
0.5789931575888377
0.5613397072185558
0.5467036488821027
0.5722428946938639
0.5485857031279905
0.5627989546033336
0.5830103423866791
0.5684255830133799
0.570679261321859
0.5944474493474527
0.5894817819592807
0.5885373462347536
0.5842276102488873
0.5741724156814523
0.5870569497638335
0.579530756829234
0.5980466328916179
0.5986176257404439
0.5784713826300316
0.5782406965232656
0.5859813998339655
0.6014475652106832
0.5797454179379378
0.579446516210605
0.5655144271187753
0.5524684270935636
0.5582355345343679
0.5673397224807153
0.5577448420669707
0.5551114008383113
0.5424473011854715
0.5622337517576612
0.537480998511952
0.5793402893788046
0.5920246106418147
0.5730588487675295
0.5647185733823098
0.551044338249153
0.5514296234249139
0.553539691051665
0.5416340179126027
0.5763756979730099
0.5520034163249745
0.5574874201757951
0.5685992736557576
0.5460223022318285
0.5454412024555971
0.5706411311210591
0.569616606228182
0.5865218965622001
0.5821642223539432
0.5634703070907904
0.5450452241121349
0.5499370043422968
0.5812457178704487
0.559426970583893
0.5674892726615843
0.5974683972136194
0.576164780583587
0.5794716525406702
0.6015351662391241
0.5746435117880078
0.5717135749919223
0.570803050996209
0.5822960510308969
0.5727350593748266
0.5803467364646502
0.5622478636577734
0.5974907183333393
0.6146070204468396
0.5729677877754302
0.5913310848184873
0.5744340841521414
0.5813987409778874
0.5828643060231464
0.5952993515709983
0.5923334179143469
0.5783482499668724
0.5879164331212808
0.5745353058584983
0.5735849167203486
0.5808443247430959
0.5736823548754848
0.5925336508317591
0.5704219432562275
0.5644681217541574
0.545833826905796
0.5695817902619025
0.5479254125099184
0.5553579691588582
0.5326636024299963
0.5494549074259321
0.603080135101367
0.570838971202973
0.5776067508929721
0.5829565114500068
0.5924754061236196
0.5799551416920374
0.5705924234705178
0.5683902043302129
0.5607498464146444
0.5935172805995395
0.5784003872245159
0.5724725461563075
0.5523500307221931
0.555574849995218
0.5511479388472167
0.5692089095511407
0.5584876096255824
0.5833507477187544
0.5863153455736045
0.5612858644375629
0.5611808429872938
0.5704168078248075
0.5782703537968039
0.574460822828872
0.5701334654099816
0.583885377103727
0.547354456649414
0.5597938323378376
0.5689556950928065
0.5682093419830851
0.5689928810220106
0.5771729935081533
0.5737942279612716
0.5844940792287179
0.6013189037588054
0.5766698208994371
0.5755914174502053
0.5647436779995593
0.5724228489940759
0.5703839598596302
0.5895179909646353
0.58136504872931
0.5521415805852863
0.5738753563335739
0.5750015949786488
0.5626184716354079
0.5503395324494241
0.5670922781479459
0.5587151584908187
0.5582311557914535
0.5142523532563955
0.5489154909784929
0.5422032199046279
0.5448794238145771
0.5800068570569074
0.5455203976417529
0.5809967889428299
0.5744219374476686
0.5897021133905799
0.5453052297428596
0.5609591349876616
0.5568618926498988
0.5706057072541804
0.5581730689435835
0.549800032179137
0.5720093848765367
0.5659873539544766
0.5739767795118709
0.5717061982547267
0.5480063059342206
0.5564246727256282
0.5447748080739365
0.5704233431542505
0.5757480679512783
0.5618941482151918
0.5726535962585975
0.5732429764697591
0.5573629707398239
0.5606184330662299
0.5654873622925013
0.5612933315301485
0.5623575077462033
0.5765024634921347
0.577059205942712
0.594898418215938
0.5827835274035276
0.5681194793574973
0.5673539292055823
0.5528169876674948
0.5521788762643256
0.54919594241512
0.5572372302337019
0.5632349031258559
0.5559959295682458
0.5475237510085766
0.5351453096255954
0.5481761449548126
0.5421863385260178
0.5739940597048991
0.5453613839553733
0.5573810330138314
0.5876022564201006
0.5652581401641895
0.5553931940690936
0.5633996482685963
0.5618928630237245
0.544395223231757
0.5606788033925534
0.5739676047056784
0.5414563500325056
0.563547398225994
0.5598641801846074
0.5641675213887505
0.5952863034609115
0.5803358808570668
0.5720366872426826
0.5789815771839923
0.5846992120233081
0.5998463695599048
0.5867909738510642
0.5909066305815106
0.5715960989747229
0.5727680753046905
0.5877777999851057
0.5709780762497505
0.5663898945045382
0.55760330659771
0.5567178567232358
0.5414503836848363
0.5528425465025728
0.5732725997717669
0.5581306962056657
0.578426676732379
0.5642840073027132
0.5911410808830375
0.5672425397878441
0.5837172247010056
0.5682660221715136
0.5914384790027245
0.5791301534937798
0.5778179500790401
0.5650583665739937
0.5611966270053074
0.5526045975012952
0.5807764968533005
0.5885673308124637
0.5856381334181908
0.5977715141156544
0.6023160746819034
0.5703707473801689
0.5705414133241963
0.5734427328485256
0.576623920725615
0.5707782126099221
0.5797598687704623
0.5705017180892872
0.6029485312612929
0.5889662504724519
0.5788011160183907
0.6057396111091993
0.6083148004789567
0.5902793565403102
0.5936979588030951
0.574784051869073
0.5825369487048
0.5721156862312858
0.5753964036331138
0.5622492365634085
0.5633116690700527
0.5579118934724648
0.5537328659500749
0.56002029275377
0.596577828495551
0.5887844928342916
0.5958884459567937
0.5667069142285022
0.5839312289002013
0.5786100850606097
0.5759942274681031
0.5529490774216648
0.5698965847424469
0.5620627993593403
0.5566310220025468
0.5662508198201905
0.5939196526880073
0.5985179403647664
0.5782559044864259
0.5842601673076717
0.5952864639338262
0.5606246771531864
0.5879076916866639
0.5874487854473179
0.598410273381426
0.570160852267561
0.5855243652465766
0.5478665424084457
0.5760504473080301
0.5527570405880955
0.5682615419792696
0.5852954125821883
0.5817079967928416
0.5811205634484078
0.5797284497537858
0.5894522051956368
0.5882623274117074
0.5987605380396694
0.6212087564255413
0.5826189064284063
0.5911376966675077
0.5905922783401463
0.5830512700511697
0.5755751286360127
0.5637447715054663
0.5686210433989374
0.5382641925343292
0.5414408050545516
0.5231119751667799
0.5693984565022521
0.5579218411892907
0.5679884021339048
0.5554972365820711
0.5817227001114051
0.5895602185682535
0.5403231469716949
0.5828424510706277
0.5792996894942235
0.5771282337578634
0.5801671917028925
0.585472443088056
0.6096763276908865
0.569697241833687
0.5608144244055949
0.5964468234612391
0.5888552922704477
0.5974325344132976
0.5714967032304746
0.576784699913818
0.5733172929519698
0.5698060315099941
0.5577827202165542
0.5604481476657044
0.5896450410532474
0.5835138547383718
0.5893184981917116
0.5621129600226172
0.5515277268642327
0.5590132152103158
0.5541168136137242
0.5494913168990863
0.5614033952739264
0.5445691334147429
0.5256167947265427
0.5459893669895476
0.5287918239227676
0.5407966848746565
0.5604779574789464
0.5597399980514783
0.5588738568703058
0.5655803686672812
0.5495437109084457
0.5672426888629387
0.5548678784690712
0.5635028158586746
0.5696015664511098
0.5787626587235586
0.5690995329692509
0.5613432250275754
0.5869283611719851
0.587244650286515
0.5759161941415766
0.5724202596063551
0.5630741058014146
0.5608155477542403
0.5725788429231878
0.5480412503863541
0.5667255205663817
0.5748062549905204
0.5950471947334263
0.594687157373603
0.562860394966705
0.6016073107195195
0.5809244290591905
0.5788393831775975
0.552106475832931
0.5709809368876733
0.5720164570492823
0.5596545621117232
0.5796046486313793
0.5635541205853589
0.5690918568859991
0.5715757215491055
0.5650779116759193
0.5735828121872142
0.5500886706631289
0.5503955701739796
0.5431256102952327
0.5681660406708475
0.5660446826751971
0.5489407255440754
0.5605276149579924
0.5634369101990258
0.5935746584603305
0.5710946649088613
0.5720571211480397
0.5866767150894217
0.5948485688614608
0.5890080289133643
0.5952375599845079
0.5731655721171934
0.5993428856589851
0.576339348964702
0.5734399167281563
0.5523804204129312
0.584307655606126
0.5852406097224487
0.5590021168943544
0.5746799334076778
0.5563601381692433
0.5692340528965892
0.5720960673298757
0.5689787849702327
0.5795224263582281
0.5749667558810931
0.5457039993477206
0.6003318717894246
0.608586419723534
0.578472677460773
0.548516857089001
0.5865578633361384
0.586813002189623
0.5955226672761862
0.5910607633859448
0.5744035521107759
0.5751907377097036
0.5718975692394432
0.5583166279459711
0.5533792524268297
0.5661536435089219
0.5700639457600641
0.5519099240012255
0.5341667236549134
0.5297549221649276
0.5665810147047607
0.5896616166067816
0.5769319000823093
0.5617109560740463
0.5652936365540706
0.5650220990527106
0.5532415068546368
0.579626435028198
0.5800772960709297
0.5582998490175803
0.5614692187201837
0.5671763925703108
0.5597492430419546
0.5779870411769215
0.5536883769569583
0.5643104735408304
0.5738485112506327
0.5802129589739107
0.5747673109390657
0.5615568930146402
0.5426593624301166
0.5908022327030449
0.5756247231082534
0.5610306656922412
0.5863658609719994
0.5658933780396983
0.5611263962894739
0.5632249749266407
0.5848140764196776
0.6025730926592658
0.5728065642146047
0.5899944767833156
0.5475721565925284
0.5545437540066981
0.5257420614753157
0.5467892080168427
0.5599342763298603
0.5594520189035339
0.5433716758475065
0.5825257336351573
0.5738834183382528
0.5584354974800236
0.5506869500162559
0.5447671944640137
0.5797511712906884
0.5613601658369152
0.5328316061003302
0.5704238794988278
0.5600838630420191
0.5667913633084684
0.5409212230577418
0.5555331144017197
0.5837486458617777
0.5698249224820892
0.5806575546705773
0.5920677068318574
0.5305994959527965
0.5749351261406216
0.5563571184212109
0.5575209488697087
0.5620849164553139
0.5830797051159649
0.5465366466313346
0.5692553374744024
0.5592994834985641
0.5800184957353924
0.5809735646821675
0.5584955194706444
0.5573991453409943
0.5714076322171802
0.5510646284751811
0.5815495112517943
0.5906443701306263
0.5812156001258495
0.5676267335055987
0.5755534709616617
0.6096193177292091
0.5607921116276429
0.5629216652923843
0.5845602838608353
0.5927219550722109
0.5545530018113076
0.5819353551876273
0.5817838491535265
0.5700682657337046
0.5750285786541689
0.584764677305661
0.580097614373443
0.5652908532512573
0.5506758698855543
0.5468527012025481
0.5556532832109107
0.5619846925562182
0.5451573111217237
0.5661040563900095
0.569428407379131
0.5541717767404257
0.5653284508262245
0.5516408852978962
0.5477890175758753
0.5623622739069785
0.5699115931001857
0.5882003416831373
0.6036560720559884
0.5938892510373892
0.5774832063079125
0.5799001516968266
0.5791138843372987
0.5768710241617889
0.5469462527252831
0.5625194692588615
0.5854660799384037
0.5625477201549484
0.5714751726089322
0.5678537057777684
0.572564943728175
0.5607452558468036
0.5774056009091767
0.5483478232392976
0.558587090823943
0.5604338706043832
0.5835898189419833
0.5988555090625527
0.5918528356713155
0.5607092303358762
0.5564748456900246
0.5629064149150984
0.5703747174877691
0.5793685311825116
0.5884162511012243
0.5880445544105476
0.5980009257288643
0.5696794662378943
0.5502451113431803
0.5440700876702476
0.554608436853406
0.5639683019711207
0.5681216880598774
0.5561577369729627
0.553764200274064
0.5767009644261022
0.5884370405948225
0.574658744973267
0.5922401679567142
0.5698882997714042
0.5513003647615784
0.5626227759559066
0.5767316161838208
0.583980312622675
0.588259846517099
0.5756752676473647
0.556413047677086
0.5766193288417674
0.5719017965590634
0.5888576202903434
0.5878402382848723
0.5836680714734968
0.5934686031536927
0.5850871352827871
0.595353020250936
0.6050387929078109
0.6122895157212613
0.5874793400971396
0.5877383094525956
0.588678861201964
0.570339493749508
0.5855351316442209
0.5759906749546622
0.578063013044441
0.5654341027155698
0.5521599836604123
0.5516262195536404
0.5717524570653407
0.5956058517895625
0.5741874373595178
0.5877580458776412
0.5576348042702521
0.5731709049775631
0.59462284184674
0.5744330219366784
0.5903548750655475
0.5775146530486657
0.5522005931722268
0.5705154022803591
0.5867542541246245
0.5946897510223718
0.5554980483923277
0.5572047874305103
0.5505949526009408
0.5889197875292975
0.5882995172383548
0.5649478036605189
0.5634441461823585
0.6040872289245647
0.5935829417128702
0.5692517237707666
0.6032899362889776
0.5717744910859011
0.5525421583196557
0.5822053571597454
0.5623541137867396
0.561205343977216
0.5885436744588651
0.5847307722235047
0.575817585710503
0.5722970206182272
0.576283452603728
0.5740082949672063
0.5643434450250694
0.560550934093981
0.5812437638672183
0.5649252382406074
0.5732806783292261
0.5809930693012094
0.5771408466636696
0.593841153455074
0.5789910607370581
0.5775782040586612
0.5864396285772462
0.5584645878399017
0.5806020223622839
0.5478967867600055
0.5843542488860277
0.5915624737362859
0.5476006913406017
0.5732083467374038
0.5557051914889498
0.5917378898366112
0.5761677544004224
0.5862088094471357
0.5559811839721212
0.5507770699420613
0.5656571303738782
0.5724793592350852
0.5553755254166289
0.5762886563788552
0.5470527638888395
0.5830949080600912
0.5651986866796246
0.5908112349207522
0.5403846264630033
0.568261894967153
0.5517608411322747
0.5527221313472555
0.5618151834744329
0.5483584552742056
0.576359000725355
0.5724824402967507
0.5499343882881119
0.5595867601652027
0.5825732589044039
0.5886528132667295
0.5946493495577778
0.5619507001359203
0.5617276485338122
0.5533093066815598
0.5642627409822958
0.590747272051994
0.5436983583118238
0.5920959169926217
0.5594281901911775
0.5705826848694124
0.5735651533824346
0.5638042111970086
0.5274422167657316
0.5456660282395085
0.5580837779895576
0.5796184763430089
